dX,dY,WHEN,SYLLABLE,X,Y,cX,cY
-1,1,0.0125098,Yield,0,0,-1,-1
-1,1,0.0125272,Yield,0,0,-2,-2
-2,1,0.0125504,Yield,0,0,-4,-3
-2,1,0.0125852,Yield,0,0,-6,-4
-3,1,0.0126142,Yield,0,0,-9,-5
-3,1,0.0126259,Yield,0,0,-12,-6
-3,1,0.0126781,Yield,0,0,-15,-7
-3,1,0.0127129,Yield,0,0,-18,-8
-3,1,0.0127361,Yield,0,0,-21,-9
-3,1,0.0127652,Yield,0,0,-24,-10
-2,1,0.0127768,Yield,0,0,-26,-11
-3,1,0.0128,Yield,0,0,-29,-12
-3,1,0.012829,Yield,0,0,-32,-13
-3,1,0.0128639,Yield,0,0,-35,-14
-3,1,0.0128755,Yield,0,0,-38,-15
-3,1,0.0129045,Yield,0,0,-41,-16
-2,1,0.0129335,Yield,0,0,-43,-17
-1,1,0.0270803,FRAY 1,258,143,-44,-18
-1,1,0.0271093,FRAY 1,258,143,-45,-19
1,1,0.0271383,FRAY 1,258,143,-44,-20
1,1,0.0271615,FRAY 1,258,143,-43,-21
1,1,0.0272138,FRAY 1,258,143,-42,-22
1,1,0.027237,FRAY 1,258,143,-41,-23
2,1,0.0272718,FRAY 1,258,143,-39,-24
2,1,0.0273009,FRAY 1,258,143,-37,-25
2,1,0.0273183,FRAY 1,258,143,-35,-26
1,1,0.0273473,FRAY 1,258,143,-34,-27
2,1,0.0273647,FRAY 1,258,143,-32,-28
2,1,0.0273879,FRAY 1,258,143,-30,-29
2,1,0.0274112,FRAY 1,258,143,-28,-30
2,1,0.027446,FRAY 1,258,143,-26,-31
2,2,0.0274692,FRAY 1,258,143,-24,-33
2,1,0.0274982,FRAY 1,258,143,-22,-34
3,2,0.0275156,FRAY 1,258,143,-19,-36
2,2,0.0275389,FRAY 1,258,143,-17,-38
3,2,0.0275621,FRAY 1,258,143,-14,-40
3,2,0.0275969,FRAY 1,258,143,-11,-42
3,2,0.0276376,FRAY 1,258,143,-8,-44
3,2,0.0276434,FRAY 1,258,143,-5,-46
2,2,0.0276724,FRAY 1,258,143,-3,-48
3,1,0.0276956,FRAY 1,258,143,0,-49
3,2,0.0277246,FRAY 1,258,143,3,-51
3,2,0.0277478,FRAY 1,258,143,6,-53
3,2,0.0277595,FRAY 1,258,143,9,-55
2,2,0.0277943,FRAY 1,258,143,11,-57
3,2,0.0278233,FRAY 1,258,143,14,-59
3,2,0.0278581,FRAY 1,258,143,17,-61
3,2,0.0278872,FRAY 1,258,143,20,-63
3,1,0.0278988,FRAY 1,258,143,23,-64
3,2,0.0279162,FRAY 1,258,143,26,-66
2,2,0.027951,FRAY 1,258,143,28,-68
3,2,0.0279742,FRAY 1,258,143,31,-70
3,2,0.0280033,FRAY 1,258,143,34,-72
3,2,0.0280265,FRAY 1,258,143,37,-74
3,2,0.0280439,FRAY 1,258,143,40,-76
2,2,0.0280671,FRAY 1,258,143,42,-78
3,1,0.028102,FRAY 1,258,143,45,-79
3,2,0.0281254,FRAY 1,258,143,48,-81
3,2,0.0281576,FRAY 1,258,143,51,-83
3,2,0.0281832,FRAY 1,258,143,54,-85
2,2,0.0282004,FRAY 1,258,143,56,-87
3,2,0.0282221,FRAY 1,258,143,59,-89
3,2,0.0282529,FRAY 1,258,143,62,-91
3,2,0.0282877,FRAY 1,258,143,65,-93
3,1,0.0282993,FRAY 1,258,143,68,-94
2,2,0.0283341,FRAY 1,258,143,70,-96
3,2,0.0283516,FRAY 1,258,143,73,-98
3,2,0.0283748,FRAY 1,258,143,76,-100
3,2,0.0283922,FRAY 1,258,143,79,-102
3,2,0.0284212,FRAY 1,258,143,82,-104
3,2,0.0284502,FRAY 1,258,143,85,-106
2,2,0.0284619,FRAY 1,258,143,87,-108
3,1,0.0284793,FRAY 1,258,143,90,-109
3,2,0.0285025,FRAY 1,258,143,93,-111
3,2,0.0285257,FRAY 1,258,143,96,-113
3,2,0.0285605,FRAY 1,258,143,99,-115
2,2,0.0285896,FRAY 1,258,143,101,-117
3,2,0.028607,FRAY 1,258,143,104,-119
3,2,0.028636,FRAY 1,258,143,107,-121
3,2,0.028665,FRAY 1,258,143,110,-123
3,1,0.0286766,FRAY 1,258,143,113,-124
2,2,0.0287115,FRAY 1,258,143,115,-126
3,2,0.0287427,FRAY 1,258,143,118,-128
3,2,0.0287579,FRAY 1,258,143,121,-130
3,2,0.0287842,FRAY 1,258,143,124,-132
3,2,0.0288102,FRAY 1,258,143,127,-134
3,2,0.0288334,FRAY 1,258,143,130,-136
2,2,0.0288624,FRAY 1,258,143,132,-138
3,1,0.0288798,FRAY 1,258,143,135,-139
3,2,0.0289088,FRAY 1,258,143,138,-141
3,2,0.0289379,FRAY 1,258,143,141,-143
3,2,0.0289611,FRAY 1,258,143,144,-145
2,2,0.0289959,FRAY 1,258,143,146,-147
3,2,0.0290249,FRAY 1,258,143,149,-149
3,2,0.0290307,FRAY 1,258,143,152,-151
3,2,0.0290656,FRAY 1,258,143,155,-153
3,1,0.0290888,FRAY 1,258,143,158,-154
2,2,0.029112,FRAY 1,258,143,160,-156
3,2,0.0291468,FRAY 1,258,143,163,-158
3,2,0.0291759,FRAY 1,258,143,166,-160
3,2,0.0291817,FRAY 1,258,143,169,-162
3,2,0.0292107,FRAY 1,258,143,172,-164
2,2,0.0292397,FRAY 1,258,143,174,-166
3,2,0.0292629,FRAY 1,258,143,177,-168
3,1,0.0292978,FRAY 1,258,143,180,-169
3,2,0.0293094,FRAY 1,258,143,183,-171
3,2,0.0293371,FRAY 1,258,143,186,-173
3,2,0.0293616,FRAY 1,258,143,189,-175
2,2,0.0293907,FRAY 1,258,143,191,-177
3,2,0.0294255,FRAY 1,258,143,194,-179
3,2,0.0294545,FRAY 1,258,143,197,-181
3,2,0.0294661,FRAY 1,258,143,200,-183
3,1,0.0294893,FRAY 1,258,143,203,-184
2,2,0.0295126,FRAY 1,258,143,205,-186
3,2,0.0295449,FRAY 1,258,143,208,-188
3,2,0.0295764,FRAY 1,258,143,211,-190
3,2,0.0296112,FRAY 1,258,143,214,-192
3,2,0.0296171,FRAY 1,258,143,217,-194
2,2,0.0296403,FRAY 1,258,143,219,-196
3,2,0.0296635,FRAY 1,258,143,222,-198
3,1,0.0296983,FRAY 1,258,143,225,-199
3,2,0.0297273,FRAY 1,258,143,228,-201
3,2,0.0297448,FRAY 1,258,143,231,-203
3,2,0.029768,FRAY 1,258,143,234,-205
2,2,0.029797,FRAY 1,258,143,236,-207
3,2,0.0298318,FRAY 1,258,143,239,-209
3,2,0.0298493,FRAY 1,258,143,242,-211
3,2,0.0298783,FRAY 1,258,143,245,-213
3,1,0.0298957,FRAY 1,258,143,248,-214
2,2,0.0299247,FRAY 1,258,143,250,-216
3,2,0.0299479,FRAY 1,258,143,253,-218
3,2,0.029977,FRAY 1,258,143,256,-220
3,4,0.0300176,FRAY 1,258,143,259,-224
5,2,0.0300466,FRAY 1,258,143,264,-226
3,2,0.0300756,FRAY 1,258,143,267,-228
3,1,0.0300979,FRAY 1,258,143,270,-229
3,2,0.0301279,FRAY 1,258,143,273,-231
3,2,0.0301627,FRAY 1,258,143,276,-233
3,2,0.0301743,FRAY 1,258,143,279,-235
2,2,0.0302034,FRAY 1,258,143,281,-237
3,2,0.0302266,FRAY 1,258,143,284,-239
3,2,0.0302406,FRAY 1,258,143,287,-241
3,2,0.030273,FRAY 1,258,143,290,-243
3,1,0.0302962,FRAY 1,258,143,293,-244
2,2,0.0303137,FRAY 1,258,143,295,-246
3,2,0.0303427,FRAY 1,258,143,298,-248
3,2,0.0303775,FRAY 1,258,143,301,-250
3,2,0.0304007,FRAY 1,258,143,304,-252
3,2,0.0304239,FRAY 1,258,143,307,-254
2,2,0.030453,FRAY 1,258,143,309,-256
3,2,0.0304738,FRAY 1,258,143,312,-258
3,1,0.0304936,FRAY 1,258,143,315,-259
3,2,0.0305226,FRAY 1,258,143,318,-261
3,2,0.0305459,FRAY 1,258,143,321,-263
2,2,0.0305865,FRAY 1,258,143,323,-265
3,2,0.0306039,FRAY 1,258,143,326,-267
3,2,0.0306155,FRAY 1,258,143,329,-269
3,2,0.0306329,FRAY 1,258,143,332,-271
3,2,0.0306736,FRAY 1,258,143,335,-273
3,1,0.0307084,FRAY 1,258,143,338,-274
2,2,0.0307231,FRAY 1,258,143,340,-276
3,2,0.030749,FRAY 1,258,143,343,-278
3,2,0.0307722,FRAY 1,258,143,346,-280
3,2,0.0307955,FRAY 1,258,143,349,-282
3,2,0.0308245,FRAY 1,258,143,352,-284
2,2,0.0308535,FRAY 1,258,143,354,-286
3,1,0.0308825,FRAY 1,258,143,357,-287
2,1,0.0309,FRAY 1,258,143,359,-288
1,1,0.0309464,FRAY 1,258,143,360,-289
1,1,0.0309696,FRAY 1,258,143,361,-290
1,1,0.0423822,SAN- 2,237,469,362,-291
1,1,0.0424054,SAN- 2,237,469,363,-292
-1,1,0.0424397,SAN- 2,237,469,362,-293
-1,2,0.0424635,SAN- 2,237,469,361,-295
-1,2,0.0424867,SAN- 2,237,469,360,-297
-1,3,0.0425099,SAN- 2,237,469,359,-300
-1,3,0.0425332,SAN- 2,237,469,358,-303
-1,3,0.042568,SAN- 2,237,469,357,-306
-1,2,0.042597,SAN- 2,237,469,356,-308
-1,3,0.0426318,SAN- 2,237,469,355,-311
-1,3,0.0426376,SAN- 2,237,469,354,-314
-1,3,0.0426667,SAN- 2,237,469,353,-317
-1,3,0.0426899,SAN- 2,237,469,352,-320
-1,2,0.0426957,SAN- 2,237,469,351,-322
-1,4,0.0427363,SAN- 2,237,469,350,-326
-1,4,0.0427446,SAN- 2,237,469,349,-330
-1,4,0.042777,SAN- 2,237,469,348,-334
-1,3,0.042806,SAN- 2,237,469,347,-337
-1,4,0.0428292,SAN- 2,237,469,346,-341
-1,4,0.0428466,SAN- 2,237,469,345,-345
-1,4,0.0428815,SAN- 2,237,469,344,-349
-1,3,0.0428989,SAN- 2,237,469,343,-352
-1,4,0.0429279,SAN- 2,237,469,342,-356
-1,4,0.0429569,SAN- 2,237,469,341,-360
-1,4,0.0429859,SAN- 2,237,469,340,-364
-1,3,0.0429976,SAN- 2,237,469,339,-367
-1,4,0.0430324,SAN- 2,237,469,338,-371
-1,4,0.0430498,SAN- 2,237,469,337,-375
-1,4,0.043073,SAN- 2,237,469,336,-379
-1,3,0.0431078,SAN- 2,237,469,335,-382
-1,4,0.0431287,SAN- 2,237,469,334,-386
-1,4,0.0431601,SAN- 2,237,469,333,-390
-1,4,0.0431833,SAN- 2,237,469,332,-394
-1,3,0.0432007,SAN- 2,237,469,331,-397
-1,4,0.0432239,SAN- 2,237,469,330,-401
-1,4,0.0432588,SAN- 2,237,469,329,-405
-1,4,0.043282,SAN- 2,237,469,328,-409
-1,3,0.043311,SAN- 2,237,469,327,-412
-1,4,0.0433284,SAN- 2,237,469,326,-416
-1,4,0.0433575,SAN- 2,237,469,325,-420
-1,4,0.0433807,SAN- 2,237,469,324,-424
-1,3,0.0434097,SAN- 2,237,469,323,-427
-1,4,0.0434329,SAN- 2,237,469,322,-431
-1,4,0.0434657,SAN- 2,237,469,321,-435
-1,4,0.043491,SAN- 2,237,469,320,-439
-1,3,0.0435026,SAN- 2,237,469,319,-442
-1,4,0.04352,SAN- 2,237,469,318,-446
-1,4,0.0435432,SAN- 2,237,469,317,-450
-1,4,0.043578,SAN- 2,237,469,316,-454
-1,3,0.0436013,SAN- 2,237,469,315,-457
-1,4,0.0436303,SAN- 2,237,469,314,-461
-1,4,0.0436593,SAN- 2,237,469,313,-465
-1,4,0.0436709,SAN- 2,237,469,312,-469
-1,3,0.0436993,SAN- 2,237,469,311,-472
-1,4,0.043729,SAN- 2,237,469,310,-476
-1,4,0.0437522,SAN- 2,237,469,309,-480
-1,4,0.0437851,SAN- 2,237,469,308,-484
-1,3,0.0438102,SAN- 2,237,469,307,-487
-1,4,0.0438277,SAN- 2,237,469,306,-491
-1,4,0.0438509,SAN- 2,237,469,305,-495
-1,4,0.0438741,SAN- 2,237,469,304,-499
-1,3,0.0439031,SAN- 2,237,469,303,-502
-1,4,0.043938,SAN- 2,237,469,302,-506
-1,2,0.0439612,SAN- 2,237,469,301,-508
-1,4,0.0439786,SAN- 2,237,469,300,-512
-1,4,0.0440018,SAN- 2,237,469,299,-516
-1,3,0.0440192,SAN- 2,237,469,298,-519
-1,4,0.0440483,SAN- 2,237,469,297,-523
-1,4,0.0440715,SAN- 2,237,469,296,-527
-1,4,0.0441121,SAN- 2,237,469,295,-531
-1,3,0.0441237,SAN- 2,237,469,294,-534
-1,4,0.0441469,SAN- 2,237,469,293,-538
-1,4,0.0441702,SAN- 2,237,469,292,-542
-1,4,0.0441934,SAN- 2,237,469,291,-546
-1,3,0.0442224,SAN- 2,237,469,290,-549
-1,4,0.044263,SAN- 2,237,469,289,-553
-1,4,0.0442746,SAN- 2,237,469,288,-557
-1,4,0.0442979,SAN- 2,237,469,287,-561
-1,3,0.0443211,SAN- 2,237,469,286,-564
-1,4,0.0443443,SAN- 2,237,469,285,-568
-1,4,0.0443755,SAN- 2,237,469,284,-572
-1,4,0.0444082,SAN- 2,237,469,283,-576
-1,3,0.0444256,SAN- 2,237,469,282,-579
-1,4,0.0444488,SAN- 2,237,469,281,-583
-1,4,0.044472,SAN- 2,237,469,280,-587
-1,4,0.0444952,SAN- 2,237,469,279,-591
-1,3,0.0445185,SAN- 2,237,469,278,-594
-1,4,0.0445591,SAN- 2,237,469,277,-598
-1,4,0.0445765,SAN- 2,237,469,276,-602
-1,4,0.0445997,SAN- 2,237,469,275,-606
-1,3,0.0446346,SAN- 2,237,469,274,-609
-1,4,0.0446694,SAN- 2,237,469,273,-613
-1,4,0.0446752,SAN- 2,237,469,272,-617
-1,4,0.04471,SAN- 2,237,469,271,-621
-1,3,0.0447274,SAN- 2,237,469,270,-624
-1,4,0.0447507,SAN- 2,237,469,269,-628
-1,4,0.0447739,SAN- 2,237,469,268,-632
-1,4,0.0448203,SAN- 2,237,469,267,-636
-1,3,0.0448261,SAN- 2,237,469,266,-639
-1,4,0.0448668,SAN- 2,237,469,265,-643
-1,4,0.0448842,SAN- 2,237,469,264,-647
-1,4,0.0449059,SAN- 2,237,469,263,-651
-1,3,0.0449306,SAN- 2,237,469,262,-654
-1,4,0.0449596,SAN- 2,237,469,261,-658
-1,4,0.0449829,SAN- 2,237,469,260,-662
-1,4,0.0450003,SAN- 2,237,469,259,-666
-1,3,0.0450293,SAN- 2,237,469,258,-669
-1,4,0.0450467,SAN- 2,237,469,257,-673
-1,4,0.0450699,SAN- 2,237,469,256,-677
-1,4,0.0450932,SAN- 2,237,469,255,-681
-1,3,0.0451106,SAN- 2,237,469,254,-684
-1,4,0.0451396,SAN- 2,237,469,253,-688
-1,4,0.0451631,SAN- 2,237,469,252,-692
-1,4,0.0451918,SAN- 2,237,469,251,-696
-1,4,0.0452209,SAN- 2,237,469,250,-700
-1,4,0.0452557,SAN- 2,237,469,249,-704
-1,3,0.0452673,SAN- 2,237,469,248,-707
-1,4,0.0452847,SAN- 2,237,469,247,-711
-1,4,0.0453158,SAN- 2,237,469,246,-715
-1,4,0.0453486,SAN- 2,237,469,245,-719
-1,3,0.045366,SAN- 2,237,469,244,-722
-1,4,0.045395,SAN- 2,237,469,243,-726
-1,4,0.0454182,SAN- 2,237,469,242,-730
-1,4,0.0454356,SAN- 2,237,469,241,-734
-1,2,0.0454589,SAN- 2,237,469,240,-736
-1,3,0.0454937,SAN- 2,237,469,239,-739
-1,3,0.0455169,SAN- 2,237,469,238,-742
-1,3,0.0455401,SAN- 2,237,469,237,-745
-1,3,0.0455679,SAN- 2,237,469,236,-748
-1,2,0.0455808,SAN- 2,237,469,235,-750
-1,3,0.045604,SAN- 2,237,469,234,-753
-1,3,0.0456388,SAN- 2,237,469,233,-756
-1,3,0.0457665,SAN- 2,237,469,232,-759
-1,9,0.0457723,SAN- 2,237,469,231,-768
-1,1,0.0457839,SAN- 2,237,469,230,-769
-1,1,0.0458072,SAN- 2,237,469,229,-770
-1,1,0.045871,SAN- 2,237,469,228,-771
-1,-1,0.0575332,-TIA- 3,218,224,227,-770
-1,-1,0.0575565,-TIA- 3,218,224,226,-769
-1,-1,0.0576087,-TIA- 3,218,224,225,-768
-1,-2,0.0576319,-TIA- 3,218,224,224,-766
-1,-1,0.0576668,-TIA- 3,218,224,223,-765
-1,-2,0.05769,-TIA- 3,218,224,222,-763
-1,-2,0.0577074,-TIA- 3,218,224,221,-761
-1,-2,0.0577364,-TIA- 3,218,224,220,-759
-1,-2,0.0577654,-TIA- 3,218,224,219,-757
-1,-2,0.0577887,-TIA- 3,218,224,218,-755
-1,-2,0.0578177,-TIA- 3,218,224,217,-753
-1,-2,0.0578525,-TIA- 3,218,224,216,-751
-1,-1,0.0578583,-TIA- 3,218,224,215,-750
-1,-2,0.0578815,-TIA- 3,218,224,214,-748
-1,-2,0.0579164,-TIA- 3,218,224,213,-746
-1,-2,0.0579396,-TIA- 3,218,224,212,-744
-1,-3,0.0579686,-TIA- 3,218,224,211,-741
-1,-3,0.0580034,-TIA- 3,218,224,210,-738
-1,-2,0.0580093,-TIA- 3,218,224,209,-736
-1,-3,0.0580344,-TIA- 3,218,224,208,-733
-1,-3,0.0580673,-TIA- 3,218,224,207,-730
-1,-3,0.0580905,-TIA- 3,218,224,206,-727
-1,-3,0.0581254,-TIA- 3,218,224,205,-724
-1,-2,0.0581486,-TIA- 3,218,224,204,-722
-1,-3,0.0581609,-TIA- 3,218,224,203,-719
-1,-3,0.0581892,-TIA- 3,218,224,202,-716
-1,-3,0.0582182,-TIA- 3,218,224,201,-713
-1,-3,0.0582415,-TIA- 3,218,224,200,-710
-1,-3,0.0582763,-TIA- 3,218,224,199,-707
-1,-2,0.0582995,-TIA- 3,218,224,198,-705
-1,-3,0.0583169,-TIA- 3,218,224,197,-702
-1,-3,0.0583401,-TIA- 3,218,224,196,-699
-1,-3,0.0583692,-TIA- 3,218,224,195,-696
-1,-3,0.058404,-TIA- 3,218,224,194,-693
-1,-2,0.0584272,-TIA- 3,218,224,193,-691
-1,-3,0.0584504,-TIA- 3,218,224,192,-688
-1,-3,0.0584678,-TIA- 3,218,224,191,-685
-1,-3,0.0584911,-TIA- 3,218,224,190,-682
-1,-3,0.058521,-TIA- 3,218,224,189,-679
-1,-2,0.0585549,-TIA- 3,218,224,188,-677
-1,-3,0.0585898,-TIA- 3,218,224,187,-674
-1,-3,0.0586014,-TIA- 3,218,224,186,-671
-1,-3,0.0586188,-TIA- 3,218,224,185,-668
-1,-3,0.058642,-TIA- 3,218,224,184,-665
-1,-3,0.0586652,-TIA- 3,218,224,183,-662
-1,-2,0.0586884,-TIA- 3,218,224,182,-660
-1,-3,0.0587117,-TIA- 3,218,224,181,-657
-1,-3,0.0587407,-TIA- 3,218,224,180,-654
-1,-3,0.0587639,-TIA- 3,218,224,179,-651
-1,-3,0.0587871,-TIA- 3,218,224,178,-648
-1,-2,0.0588103,-TIA- 3,218,224,177,-646
-1,-3,0.058851,-TIA- 3,218,224,176,-643
-1,-3,0.058851,-TIA- 3,218,224,175,-640
-1,-6,0.058909,-TIA- 3,218,224,174,-634
-1,-2,0.0589322,-TIA- 3,218,224,173,-632
-1,-3,0.0589555,-TIA- 3,218,224,172,-629
-1,-3,0.0589903,-TIA- 3,218,224,171,-626
-1,-3,0.0590019,-TIA- 3,218,224,170,-623
-1,-3,0.0590541,-TIA- 3,218,224,169,-620
-1,-3,0.05906,-TIA- 3,218,224,168,-617
-1,-2,0.0590832,-TIA- 3,218,224,167,-615
-1,-3,0.0591064,-TIA- 3,218,224,166,-612
-1,-3,0.0591296,-TIA- 3,218,224,165,-609
-1,-3,0.0591761,-TIA- 3,218,224,164,-606
-1,-3,0.0592051,-TIA- 3,218,224,163,-603
-1,-2,0.0592109,-TIA- 3,218,224,162,-601
-1,-3,0.0592399,-TIA- 3,218,224,161,-598
-1,-3,0.0592573,-TIA- 3,218,224,160,-595
-1,-3,0.0592863,-TIA- 3,218,224,159,-592
-1,-3,0.0593223,-TIA- 3,218,224,158,-589
-1,-2,0.0593328,-TIA- 3,218,224,157,-587
-1,-3,0.0593734,-TIA- 3,218,224,156,-584
-1,-3,0.059385,-TIA- 3,218,224,155,-581
-1,-3,0.0594199,-TIA- 3,218,224,154,-578
-1,-3,0.0594431,-TIA- 3,218,224,153,-575
-1,-3,0.0594663,-TIA- 3,218,224,152,-572
-1,-2,0.0594837,-TIA- 3,218,224,151,-570
-1,-3,0.0595185,-TIA- 3,218,224,150,-567
-1,-3,0.0595418,-TIA- 3,218,224,149,-564
-1,-3,0.0595708,-TIA- 3,218,224,148,-561
-1,-3,0.0595882,-TIA- 3,218,224,147,-558
-1,-2,0.059623,-TIA- 3,218,224,146,-556
-1,-3,0.0596405,-TIA- 3,218,224,145,-553
-1,-3,0.0596627,-TIA- 3,218,224,144,-550
-1,-3,0.0596927,-TIA- 3,218,224,143,-547
-1,-3,0.0597275,-TIA- 3,218,224,142,-544
-1,-2,0.0597566,-TIA- 3,218,224,141,-542
-1,-3,0.059774,-TIA- 3,218,224,140,-539
-1,-3,0.0597861,-TIA- 3,218,224,139,-536
-1,-3,0.0598146,-TIA- 3,218,224,138,-533
-1,-3,0.0598436,-TIA- 3,218,224,137,-530
-1,-3,0.0598668,-TIA- 3,218,224,136,-527
-1,-2,0.0599017,-TIA- 3,218,224,135,-525
-1,-3,0.0599249,-TIA- 3,218,224,134,-522
-1,-3,0.0599423,-TIA- 3,218,224,133,-519
-1,-3,0.0599655,-TIA- 3,218,224,132,-516
-1,-3,0.0599888,-TIA- 3,218,224,131,-513
-1,-2,0.0600236,-TIA- 3,218,224,130,-511
-1,-3,0.0600526,-TIA- 3,218,224,129,-508
-1,-3,0.0600758,-TIA- 3,218,224,128,-505
-1,-3,0.0600932,-TIA- 3,218,224,127,-502
-1,-3,0.0601165,-TIA- 3,218,224,126,-499
-1,-2,0.0601397,-TIA- 3,218,224,125,-497
-1,-3,0.0601745,-TIA- 3,218,224,124,-494
-1,-3,0.0602035,-TIA- 3,218,224,123,-491
-1,-3,0.0602384,-TIA- 3,218,224,122,-488
-1,-3,0.06025,-TIA- 3,218,224,121,-485
-1,-3,0.0602674,-TIA- 3,218,224,120,-482
-1,-2,0.0602906,-TIA- 3,218,224,119,-480
-1,-3,0.0603138,-TIA- 3,218,224,118,-477
-1,-3,0.060348,-TIA- 3,218,224,117,-474
-1,-3,0.0603777,-TIA- 3,218,224,116,-471
-1,-3,0.0603835,-TIA- 3,218,224,115,-468
-1,-2,0.0604125,-TIA- 3,218,224,114,-466
-1,-3,0.0604357,-TIA- 3,218,224,113,-463
-1,-3,0.060459,-TIA- 3,218,224,112,-460
-1,-3,0.0604996,-TIA- 3,218,224,111,-457
-1,-3,0.0605228,-TIA- 3,218,224,110,-454
-1,-2,0.0605402,-TIA- 3,218,224,109,-452
-1,-3,0.0605634,-TIA- 3,218,224,108,-449
-1,-3,0.0605925,-TIA- 3,218,224,107,-446
-1,-3,0.0606099,-TIA- 3,218,224,106,-443
-1,-3,0.0606505,-TIA- 3,218,224,105,-440
-1,-3,0.0606737,-TIA- 3,218,224,104,-437
-1,-2,0.0606912,-TIA- 3,218,224,103,-435
-1,-3,0.0607144,-TIA- 3,218,224,102,-432
-1,-3,0.0607376,-TIA- 3,218,224,101,-429
-1,-3,0.0607608,-TIA- 3,218,224,100,-426
-1,-3,0.0608015,-TIA- 3,218,224,99,-423
-1,-2,0.0608189,-TIA- 3,218,224,98,-421
-1,-3,0.0608421,-TIA- 3,218,224,97,-418
-1,-3,0.0608653,-TIA- 3,218,224,96,-415
-1,-3,0.0608885,-TIA- 3,218,224,95,-412
-1,-3,0.0609117,-TIA- 3,218,224,94,-409
-1,-2,0.0609524,-TIA- 3,218,224,93,-407
-1,-3,0.0609698,-TIA- 3,218,224,92,-404
-1,-3,0.060993,-TIA- 3,218,224,91,-401
-1,-3,0.0610162,-TIA- 3,218,224,90,-398
-1,-3,0.0610395,-TIA- 3,218,224,89,-395
-1,-3,0.0610801,-TIA- 3,218,224,88,-392
-1,-2,0.0610975,-TIA- 3,218,224,87,-390
-1,-3,0.0611091,-TIA- 3,218,224,86,-387
-1,-3,0.0611381,-TIA- 3,218,224,85,-384
-1,-3,0.0611614,-TIA- 3,218,224,84,-381
-1,-3,0.0611857,-TIA- 3,218,224,83,-378
-1,-2,0.0612194,-TIA- 3,218,224,82,-376
-1,-3,0.0612368,-TIA- 3,218,224,81,-373
-1,-3,0.06126,-TIA- 3,218,224,80,-370
-1,-2,0.0612891,-TIA- 3,218,224,79,-368
-1,-2,0.0613123,-TIA- 3,218,224,78,-366
-1,-1,0.0613413,-TIA- 3,218,224,77,-365
-1,1,0.0724056,GO 4,293,299,76,-366
1,1,0.0724288,GO 4,293,299,77,-367
1,1,0.0724869,GO 4,293,299,78,-368
1,1,0.0725101,GO 4,293,299,79,-369
2,1,0.0725507,GO 4,293,299,81,-370
2,1,0.0725682,GO 4,293,299,83,-371
2,1,0.0725856,GO 4,293,299,85,-372
2,1,0.0726079,GO 4,293,299,87,-373
2,1,0.0726378,GO 4,293,299,89,-374
2,1,0.0726668,GO 4,293,299,91,-375
2,1,0.0726959,GO 4,293,299,93,-376
1,1,0.0727191,GO 4,293,299,94,-377
2,1,0.0727365,GO 4,293,299,96,-378
2,1,0.0727597,GO 4,293,299,98,-379
2,1,0.0727829,GO 4,293,299,100,-380
2,1,0.0728178,GO 4,293,299,102,-381
2,1,0.0728526,GO 4,293,299,104,-382
2,1,0.0728816,GO 4,293,299,106,-383
2,2,0.0728874,GO 4,293,299,108,-385
1,2,0.0729107,GO 4,293,299,109,-387
2,2,0.0729339,GO 4,293,299,111,-389
2,2,0.0729745,GO 4,293,299,113,-391
2,2,0.0729977,GO 4,293,299,115,-393
2,2,0.073021,GO 4,293,299,117,-395
2,2,0.0730384,GO 4,293,299,119,-397
2,1,0.0730558,GO 4,293,299,121,-398
2,2,0.073079,GO 4,293,299,123,-400
1,2,0.073108,GO 4,293,299,124,-402
2,2,0.0731429,GO 4,293,299,126,-404
2,2,0.0731719,GO 4,293,299,128,-406
2,2,0.0731835,GO 4,293,299,130,-408
2,2,0.0732067,GO 4,293,299,132,-410
2,2,0.0732299,GO 4,293,299,134,-412
2,1,0.0732648,GO 4,293,299,136,-413
2,2,0.0732938,GO 4,293,299,138,-415
1,2,0.0733286,GO 4,293,299,139,-417
2,2,0.0733344,GO 4,293,299,141,-419
2,2,0.0733576,GO 4,293,299,143,-421
2,2,0.0733809,GO 4,293,299,145,-423
2,2,0.0734157,GO 4,293,299,147,-425
2,2,0.0734389,GO 4,293,299,149,-427
2,1,0.0734563,GO 4,293,299,151,-428
2,4,0.0735086,GO 4,293,299,153,-432
3,2,0.0735318,GO 4,293,299,156,-434
2,2,0.0735573,GO 4,293,299,158,-436
2,2,0.0735898,GO 4,293,299,160,-438
2,2,0.0736073,GO 4,293,299,162,-440
2,3,0.0736653,GO 4,293,299,164,-443
4,2,0.0736943,GO 4,293,299,168,-445
1,2,0.0737117,GO 4,293,299,169,-447
2,2,0.0737408,GO 4,293,299,171,-449
2,2,0.0737582,GO 4,293,299,173,-451
2,2,0.0737814,GO 4,293,299,175,-453
2,2,0.0738162,GO 4,293,299,177,-455
2,2,0.0738453,GO 4,293,299,179,-457
2,1,0.0738627,GO 4,293,299,181,-458
2,2,0.0738975,GO 4,293,299,183,-460
1,2,0.0739091,GO 4,293,299,184,-462
2,2,0.0739365,GO 4,293,299,186,-464
2,2,0.0739672,GO 4,293,299,188,-466
2,2,0.0739904,GO 4,293,299,190,-468
2,2,0.074031,GO 4,293,299,192,-470
2,2,0.0740484,GO 4,293,299,194,-472
2,1,0.0740659,GO 4,293,299,196,-473
2,2,0.0740891,GO 4,293,299,198,-475
1,2,0.0741181,GO 4,293,299,199,-477
2,1,0.0741413,GO 4,293,299,201,-478
2,1,0.0741761,GO 4,293,299,203,-479
2,1,0.0741994,GO 4,293,299,205,-480
2,1,0.0742342,GO 4,293,299,207,-481
2,1,0.07424,GO 4,293,299,209,-482
2,1,0.0742632,GO 4,293,299,211,-483
2,1,0.0742977,GO 4,293,299,213,-484
1,1,0.0743619,GO 4,293,299,214,-485
1,1,0.0743677,GO 4,293,299,215,-486
1,1,0.0743909,GO 4,293,299,216,-487
1,1,0.0744141,GO 4,293,299,217,-488
-3,-1,0.0893446,FRAY 5,77,291,214,-487
-3,-1,0.0893713,FRAY 5,77,291,211,-486
-3,-1,0.0894026,FRAY 5,77,291,208,-485
-3,-1,0.0894259,FRAY 5,77,291,205,-484
-3,-1,0.0894433,FRAY 5,77,291,202,-483
-2,-1,0.0894665,FRAY 5,77,291,200,-482
-3,-1,0.0895013,FRAY 5,77,291,197,-481
-3,-1,0.0895245,FRAY 5,77,291,194,-480
-3,-1,0.0895536,FRAY 5,77,291,191,-479
-3,-1,0.0895884,FRAY 5,77,291,188,-478
-2,-1,0.0895942,FRAY 5,77,291,186,-477
-3,-1,0.0896174,FRAY 5,77,291,183,-476
-3,-1,0.0896406,FRAY 5,77,291,180,-475
-3,-1,0.0896755,FRAY 5,77,291,177,-474
-3,-1,0.0897045,FRAY 5,77,291,174,-473
-3,-1,0.0897451,FRAY 5,77,291,171,-472
-3,-1,0.0897683,FRAY 5,77,291,168,-471
-3,-1,0.0897974,FRAY 5,77,291,165,-470
-3,-1,0.0898264,FRAY 5,77,291,162,-469
-3,-1,0.0898496,FRAY 5,77,291,159,-468
-2,-1,0.0898844,FRAY 5,77,291,157,-467
-3,-1,0.0898961,FRAY 5,77,291,154,-466
-3,-1,0.0899251,FRAY 5,77,291,151,-465
-3,-1,0.0899483,FRAY 5,77,291,148,-464
-3,-1,0.0899773,FRAY 5,77,291,145,-463
-2,-1,0.0900063,FRAY 5,77,291,143,-462
-3,-1,0.0900354,FRAY 5,77,291,140,-461
-3,-1,0.0900528,FRAY 5,77,291,137,-460
-3,-1,0.090076,FRAY 5,77,291,134,-459
-3,-1,0.0900992,FRAY 5,77,291,131,-458
-3,-1,0.0901573,FRAY 5,77,291,128,-457
-3,-1,0.0901863,FRAY 5,77,291,125,-456
-3,-1,0.0902037,FRAY 5,77,291,122,-455
-3,-1,0.0902269,FRAY 5,77,291,119,-454
-2,-1,0.0902502,FRAY 5,77,291,117,-453
-3,-1,0.0902734,FRAY 5,77,291,114,-452
-3,-1,0.0903082,FRAY 5,77,291,111,-451
-3,-1,0.0903372,FRAY 5,77,291,108,-450
-3,-1,0.0903546,FRAY 5,77,291,105,-449
-3,-1,0.0903837,FRAY 5,77,291,102,-448
-2,-1,0.0904011,FRAY 5,77,291,100,-447
-3,-1,0.0904359,FRAY 5,77,291,97,-446
-3,-1,0.0904591,FRAY 5,77,291,94,-445
-3,-1,0.090494,FRAY 5,77,291,91,-444
-3,-1,0.0905056,FRAY 5,77,291,88,-443
-3,-1,0.0905578,FRAY 5,77,291,85,-442
-3,-1,0.0905868,FRAY 5,77,291,82,-441
-3,-1,0.0906101,FRAY 5,77,291,79,-440
-3,-1,0.0906449,FRAY 5,77,291,76,-439
-2,-1,0.0906681,FRAY 5,77,291,74,-438
-3,-1,0.0906855,FRAY 5,77,291,71,-437
-3,-1,0.0907088,FRAY 5,77,291,68,-436
-3,-1,0.0907378,FRAY 5,77,291,65,-435
-3,-1,0.0907726,FRAY 5,77,291,62,-434
-1,1,0.102098,SAN- 6,131,431,61,-435
-1,1,0.10215,SAN- 6,131,431,60,-436
-1,1,0.102203,SAN- 6,131,431,59,-437
-1,2,0.102243,SAN- 6,131,431,58,-439
-1,1,0.102261,SAN- 6,131,431,57,-440
-1,2,0.102268,SAN- 6,131,431,56,-442
-1,2,0.10229,SAN- 6,131,431,55,-444
-1,2,0.10233,SAN- 6,131,431,54,-446
-1,2,0.102365,SAN- 6,131,431,53,-448
-1,2,0.102394,SAN- 6,131,431,52,-450
-1,2,0.102412,SAN- 6,131,431,51,-452
-1,2,0.102429,SAN- 6,131,431,50,-454
-1,1,0.102452,SAN- 6,131,431,49,-455
-1,2,0.102475,SAN- 6,131,431,48,-457
1,2,0.10251,SAN- 6,131,431,49,-459
1,2,0.102539,SAN- 6,131,431,50,-461
1,2,0.102568,SAN- 6,131,431,51,-463
1,2,0.102574,SAN- 6,131,431,52,-465
1,2,0.102603,SAN- 6,131,431,53,-467
1,2,0.102626,SAN- 6,131,431,54,-469
1,1,0.102661,SAN- 6,131,431,55,-470
1,2,0.10269,SAN- 6,131,431,56,-472
1,2,0.102708,SAN- 6,131,431,57,-474
1,2,0.102725,SAN- 6,131,431,58,-476
1,2,0.102748,SAN- 6,131,431,59,-478
1,2,0.102783,SAN- 6,131,431,60,-480
1,2,0.102812,SAN- 6,131,431,61,-482
1,2,0.10283,SAN- 6,131,431,62,-484
1,1,0.102859,SAN- 6,131,431,63,-485
1,2,0.102888,SAN- 6,131,431,64,-487
1,2,0.102911,SAN- 6,131,431,65,-489
1,2,0.102934,SAN- 6,131,431,66,-491
1,2,0.102963,SAN- 6,131,431,67,-493
1,2,0.102975,SAN- 6,131,431,68,-495
1,2,0.103004,SAN- 6,131,431,69,-497
1,2,0.103039,SAN- 6,131,431,70,-499
1,1,0.103062,SAN- 6,131,431,71,-500
1,2,0.103085,SAN- 6,131,431,72,-502
1,2,0.103108,SAN- 6,131,431,73,-504
1,2,0.103126,SAN- 6,131,431,74,-506
1,2,0.103149,SAN- 6,131,431,75,-508
1,2,0.103189,SAN- 6,131,431,76,-510
1,2,0.103213,SAN- 6,131,431,77,-512
1,2,0.103224,SAN- 6,131,431,78,-514
1,1,0.103259,SAN- 6,131,431,79,-515
1,2,0.103277,SAN- 6,131,431,80,-517
1,2,0.103306,SAN- 6,131,431,81,-519
1,2,0.103329,SAN- 6,131,431,82,-521
1,2,0.103358,SAN- 6,131,431,83,-523
1,2,0.103393,SAN- 6,131,431,84,-525
1,2,0.103416,SAN- 6,131,431,85,-527
1,2,0.103433,SAN- 6,131,431,86,-529
1,1,0.103445,SAN- 6,131,431,87,-530
1,2,0.10348,SAN- 6,131,431,88,-532
1,2,0.103509,SAN- 6,131,431,89,-534
1,2,0.103544,SAN- 6,131,431,90,-536
1,2,0.103578,SAN- 6,131,431,91,-538
1,2,0.103584,SAN- 6,131,431,92,-540
1,2,0.103607,SAN- 6,131,431,93,-542
1,2,0.103625,SAN- 6,131,431,94,-544
1,1,0.10366,SAN- 6,131,431,95,-545
1,2,0.103689,SAN- 6,131,431,96,-547
1,2,0.103712,SAN- 6,131,431,97,-549
1,2,0.103735,SAN- 6,131,431,98,-551
1,2,0.103758,SAN- 6,131,431,99,-553
1,2,0.103776,SAN- 6,131,431,100,-555
1,2,0.103805,SAN- 6,131,431,101,-557
1,2,0.10384,SAN- 6,131,431,102,-559
1,1,0.10388,SAN- 6,131,431,103,-560
1,2,0.103886,SAN- 6,131,431,104,-562
1,2,0.103903,SAN- 6,131,431,105,-564
1,2,0.103944,SAN- 6,131,431,106,-566
1,2,0.103962,SAN- 6,131,431,107,-568
1,2,0.103991,SAN- 6,131,431,108,-570
1,2,0.104025,SAN- 6,131,431,109,-572
1,2,0.104037,SAN- 6,131,431,110,-574
1,1,0.104054,SAN- 6,131,431,111,-575
1,2,0.104078,SAN- 6,131,431,112,-577
1,2,0.104112,SAN- 6,131,431,113,-579
1,2,0.104136,SAN- 6,131,431,114,-581
1,2,0.104171,SAN- 6,131,431,115,-583
1,2,0.104194,SAN- 6,131,431,116,-585
1,2,0.104205,SAN- 6,131,431,117,-587
1,2,0.10424,SAN- 6,131,431,118,-589
1,1,0.104269,SAN- 6,131,431,119,-590
1,2,0.104298,SAN- 6,131,431,120,-592
1,2,0.104321,SAN- 6,131,431,121,-594
1,2,0.104345,SAN- 6,131,431,122,-596
1,2,0.104362,SAN- 6,131,431,123,-598
1,2,0.104391,SAN- 6,131,431,124,-600
1,2,0.104426,SAN- 6,131,431,125,-602
1,2,0.104449,SAN- 6,131,431,126,-604
1,1,0.104472,SAN- 6,131,431,127,-605
1,2,0.104496,SAN- 6,131,431,128,-607
1,2,0.104513,SAN- 6,131,431,129,-609
1,2,0.104536,SAN- 6,131,431,130,-611
1,2,0.104559,SAN- 6,131,431,131,-613
1,4,0.104606,SAN- 6,131,431,132,-617
2,2,0.104647,SAN- 6,131,431,134,-619
1,1,0.104664,SAN- 6,131,431,135,-620
1,3,0.104687,SAN- 6,131,431,136,-623
1,3,0.104722,SAN- 6,131,431,137,-626
1,3,0.104751,SAN- 6,131,431,138,-629
1,3,0.104751,SAN- 6,131,431,139,-632
1,2,0.104792,SAN- 6,131,431,140,-634
1,3,0.104809,SAN- 6,131,431,141,-637
1,3,0.104832,SAN- 6,131,431,142,-640
1,3,0.104867,SAN- 6,131,431,143,-643
1,3,0.104896,SAN- 6,131,431,144,-646
1,3,0.104908,SAN- 6,131,431,145,-649
1,2,0.104948,SAN- 6,131,431,146,-651
1,3,0.104972,SAN- 6,131,431,147,-654
1,3,0.104983,SAN- 6,131,431,148,-657
1,3,0.105018,SAN- 6,131,431,149,-660
1,3,0.105047,SAN- 6,131,431,150,-663
1,2,0.105059,SAN- 6,131,431,151,-665
1,3,0.105082,SAN- 6,131,431,152,-668
1,3,0.105111,SAN- 6,131,431,153,-671
1,3,0.10514,SAN- 6,131,431,154,-674
1,3,0.105169,SAN- 6,131,431,155,-677
1,2,0.105204,SAN- 6,131,431,156,-679
1,3,0.105215,SAN- 6,131,431,157,-682
1,3,0.105244,SAN- 6,131,431,158,-685
1,3,0.105268,SAN- 6,131,431,159,-688
1,3,0.105297,SAN- 6,131,431,160,-691
1,3,0.105314,SAN- 6,131,431,161,-694
1,2,0.105345,SAN- 6,131,431,162,-696
1,3,0.10537,SAN- 6,131,431,163,-699
1,3,0.105384,SAN- 6,131,431,164,-702
1,3,0.105419,SAN- 6,131,431,165,-705
1,3,0.105448,SAN- 6,131,431,166,-708
1,2,0.105472,SAN- 6,131,431,167,-710
1,3,0.1055,SAN- 6,131,431,168,-713
1,3,0.105517,SAN- 6,131,431,169,-716
1,3,0.105538,SAN- 6,131,431,170,-719
1,3,0.10557,SAN- 6,131,431,171,-722
1,2,0.105604,SAN- 6,131,431,172,-724
1,3,0.105633,SAN- 6,131,431,173,-727
1,3,0.105651,SAN- 6,131,431,174,-730
1,3,0.105668,SAN- 6,131,431,175,-733
1,3,0.105697,SAN- 6,131,431,176,-736
1,3,0.10572,SAN- 6,131,431,177,-739
1,2,0.105744,SAN- 6,131,431,178,-741
1,3,0.105779,SAN- 6,131,431,179,-744
1,3,0.105796,SAN- 6,131,431,180,-747
1,2,0.105818,SAN- 6,131,431,181,-749
1,2,0.105831,SAN- 6,131,431,182,-751
1,2,0.105854,SAN- 6,131,431,183,-753
1,1,0.105889,SAN- 6,131,431,184,-754
1,2,0.105912,SAN- 6,131,431,185,-756
1,1,0.105953,SAN- 6,131,431,186,-757
1,1,0.10597,SAN- 6,131,431,187,-758
1,1,0.106011,SAN- 6,131,431,188,-759
-1,-1,0.117081,-TIA- 7,60,174,187,-758
-1,-1,0.117127,-TIA- 7,60,174,186,-757
-1,-1,0.117162,-TIA- 7,60,174,185,-756
-1,-2,0.117185,-TIA- 7,60,174,184,-754
-1,-2,0.117214,-TIA- 7,60,174,183,-752
-1,-2,0.117226,-TIA- 7,60,174,182,-750
-1,-1,0.117249,-TIA- 7,60,174,181,-749
-1,-2,0.117272,-TIA- 7,60,174,180,-747
-1,-3,0.117307,-TIA- 7,60,174,179,-744
-1,-3,0.117336,-TIA- 7,60,174,178,-741
-1,-3,0.117359,-TIA- 7,60,174,177,-738
-1,-3,0.117377,-TIA- 7,60,174,176,-735
-1,-2,0.1174,-TIA- 7,60,174,175,-733
-1,-3,0.117435,-TIA- 7,60,174,174,-730
-1,-3,0.117447,-TIA- 7,60,174,173,-727
-1,-3,0.117487,-TIA- 7,60,174,172,-724
-1,-3,0.11751,-TIA- 7,60,174,171,-721
-1,-2,0.117545,-TIA- 7,60,174,170,-719
-1,-3,0.117551,-TIA- 7,60,174,169,-716
-1,-3,0.117586,-TIA- 7,60,174,168,-713
-1,-3,0.117621,-TIA- 7,60,174,167,-710
-1,-3,0.117632,-TIA- 7,60,174,166,-707
-1,-3,0.117667,-TIA- 7,60,174,165,-704
-1,-2,0.117696,-TIA- 7,60,174,164,-702
-1,-3,0.117702,-TIA- 7,60,174,163,-699
-1,-3,0.117731,-TIA- 7,60,174,162,-696
-1,-3,0.11776,-TIA- 7,60,174,161,-693
-1,-3,0.117783,-TIA- 7,60,174,160,-690
-1,-2,0.117818,-TIA- 7,60,174,159,-688
-1,-3,0.117847,-TIA- 7,60,174,158,-685
-1,-3,0.117859,-TIA- 7,60,174,157,-682
-1,-3,0.117882,-TIA- 7,60,174,156,-679
-1,-3,0.117917,-TIA- 7,60,174,155,-676
-1,-2,0.11794,-TIA- 7,60,174,154,-674
-1,-3,0.117969,-TIA- 7,60,174,153,-671
-1,-3,0.117998,-TIA- 7,60,174,152,-668
-1,-3,0.11801,-TIA- 7,60,174,151,-665
-1,-3,0.118033,-TIA- 7,60,174,150,-662
-1,-3,0.118068,-TIA- 7,60,174,149,-659
-1,-2,0.118091,-TIA- 7,60,174,148,-657
-1,-3,0.118114,-TIA- 7,60,174,147,-654
-1,-3,0.118143,-TIA- 7,60,174,146,-651
-1,-3,0.118161,-TIA- 7,60,174,145,-648
-1,-3,0.118184,-TIA- 7,60,174,144,-645
-2,-2,0.118207,-TIA- 7,60,174,142,-643
-2,-3,0.118248,-TIA- 7,60,174,140,-640
-2,-3,0.118271,-TIA- 7,60,174,138,-637
-2,-3,0.118306,-TIA- 7,60,174,136,-634
-2,-3,0.118311,-TIA- 7,60,174,134,-631
-2,-2,0.118339,-TIA- 7,60,174,132,-629
-2,-3,0.118364,-TIA- 7,60,174,130,-626
-2,-3,0.118393,-TIA- 7,60,174,128,-623
-1,-3,0.118427,-TIA- 7,60,174,127,-620
-2,-3,0.118451,-TIA- 7,60,174,125,-617
-2,-3,0.118468,-TIA- 7,60,174,123,-614
-2,-2,0.118488,-TIA- 7,60,174,121,-612
-2,-3,0.118515,-TIA- 7,60,174,119,-609
-2,-3,0.118544,-TIA- 7,60,174,117,-606
-1,-3,0.118579,-TIA- 7,60,174,116,-603
-1,-3,0.118584,-TIA- 7,60,174,115,-600
-1,-2,0.118619,-TIA- 7,60,174,114,-598
-1,-3,0.118642,-TIA- 7,60,174,113,-595
-1,-3,0.118666,-TIA- 7,60,174,112,-592
-1,-3,0.118695,-TIA- 7,60,174,111,-589
-1,-5,0.118735,-TIA- 7,60,174,110,-584
-2,-3,0.11877,-TIA- 7,60,174,108,-581
-1,-3,0.118793,-TIA- 7,60,174,107,-578
-1,-3,0.118817,-TIA- 7,60,174,106,-575
-1,-3,0.118851,-TIA- 7,60,174,105,-572
-1,-3,0.11888,-TIA- 7,60,174,104,-569
-1,-2,0.118892,-TIA- 7,60,174,103,-567
-1,-3,0.118938,-TIA- 7,60,174,102,-564
-1,-3,0.118944,-TIA- 7,60,174,101,-561
-1,-3,0.118967,-TIA- 7,60,174,100,-558
-1,-3,0.119008,-TIA- 7,60,174,99,-555
-1,-2,0.119017,-TIA- 7,60,174,98,-553
-1,-3,0.119043,-TIA- 7,60,174,97,-550
-1,-3,0.11906,-TIA- 7,60,174,96,-547
-1,-3,0.119089,-TIA- 7,60,174,95,-544
-1,-3,0.119118,-TIA- 7,60,174,94,-541
-1,-2,0.119153,-TIA- 7,60,174,93,-539
-1,-3,0.119159,-TIA- 7,60,174,92,-536
-1,-3,0.119182,-TIA- 7,60,174,91,-533
-1,-3,0.119205,-TIA- 7,60,174,90,-530
-1,-3,0.11924,-TIA- 7,60,174,89,-527
-1,-3,0.119269,-TIA- 7,60,174,88,-524
-1,-2,0.119287,-TIA- 7,60,174,87,-522
-1,-3,0.119316,-TIA- 7,60,174,86,-519
-1,-3,0.119345,-TIA- 7,60,174,85,-516
-1,-3,0.119356,-TIA- 7,60,174,84,-513
-1,-3,0.119391,-TIA- 7,60,174,83,-510
-1,-2,0.11942,-TIA- 7,60,174,82,-508
-1,-3,0.119455,-TIA- 7,60,174,81,-505
-1,-3,0.119461,-TIA- 7,60,174,80,-502
-1,-3,0.11949,-TIA- 7,60,174,79,-499
-1,-3,0.119519,-TIA- 7,60,174,78,-496
-1,-2,0.119542,-TIA- 7,60,174,77,-494
-1,-3,0.119577,-TIA- 7,60,174,76,-491
-1,-3,0.119606,-TIA- 7,60,174,75,-488
-1,-3,0.119612,-TIA- 7,60,174,74,-485
-1,-3,0.119636,-TIA- 7,60,174,73,-482
-1,-3,0.11967,-TIA- 7,60,174,72,-479
-1,-2,0.119705,-TIA- 7,60,174,71,-477
-1,-3,0.11971,-TIA- 7,60,174,70,-474
-1,-3,0.11974,-TIA- 7,60,174,69,-471
-1,-3,0.119757,-TIA- 7,60,174,68,-468
-1,-3,0.119774,-TIA- 7,60,174,67,-465
-1,-2,0.119803,-TIA- 7,60,174,66,-463
-1,-3,0.119821,-TIA- 7,60,174,65,-460
-1,-3,0.119844,-TIA- 7,60,174,64,-457
-1,-3,0.11989,-TIA- 7,60,174,63,-454
-1,-3,0.119902,-TIA- 7,60,174,62,-451
-1,-2,0.119925,-TIA- 7,60,174,61,-449
-1,-3,0.119954,-TIA- 7,60,174,60,-446
-1,-3,0.119989,-TIA- 7,60,174,59,-443
-1,-3,0.119995,-TIA- 7,60,174,58,-440
-1,-3,0.120018,-TIA- 7,60,174,57,-437
-1,-3,0.120053,-TIA- 7,60,174,56,-434
-1,-2,0.120076,-TIA- 7,60,174,55,-432
-1,-3,0.120105,-TIA- 7,60,174,54,-429
-1,-3,0.12014,-TIA- 7,60,174,53,-426
-1,-3,0.120157,-TIA- 7,60,174,52,-423
-1,-3,0.120175,-TIA- 7,60,174,51,-420
-1,-2,0.120204,-TIA- 7,60,174,50,-418
-1,-3,0.120239,-TIA- 7,60,174,49,-415
-1,-3,0.120262,-TIA- 7,60,174,48,-412
-1,-3,0.120285,-TIA- 7,60,174,47,-409
-1,-3,0.120303,-TIA- 7,60,174,46,-406
-1,-2,0.120326,-TIA- 7,60,174,45,-404
-1,-3,0.120355,-TIA- 7,60,174,44,-401
-1,-3,0.12039,-TIA- 7,60,174,43,-398
-1,-3,0.120413,-TIA- 7,60,174,42,-395
-1,-3,0.120436,-TIA- 7,60,174,41,-392
-1,-3,0.120454,-TIA- 7,60,174,40,-389
-1,-2,0.120477,-TIA- 7,60,174,39,-387
-1,-3,0.120488,-TIA- 7,60,174,38,-384
-1,-3,0.120529,-TIA- 7,60,174,37,-381
-1,-3,0.120552,-TIA- 7,60,174,36,-378
-1,-3,0.120575,-TIA- 7,60,174,35,-375
-1,-2,0.120593,-TIA- 7,60,174,34,-373
-1,-3,0.120616,-TIA- 7,60,174,33,-370
-1,-3,0.120639,-TIA- 7,60,174,32,-367
-1,-3,0.120668,-TIA- 7,60,174,31,-364
-1,-3,0.120703,-TIA- 7,60,174,30,-361
-1,-2,0.120726,-TIA- 7,60,174,29,-359
-1,-3,0.120755,-TIA- 7,60,174,28,-356
-1,-3,0.120767,-TIA- 7,60,174,27,-353
-1,-3,0.12079,-TIA- 7,60,174,26,-350
-1,-3,0.120825,-TIA- 7,60,174,25,-347
-1,-3,0.120848,-TIA- 7,60,174,24,-344
-1,-2,0.120889,-TIA- 7,60,174,23,-342
-1,-3,0.1209,-TIA- 7,60,174,22,-339
-1,-3,0.120918,-TIA- 7,60,174,21,-336
-1,-3,0.120941,-TIA- 7,60,174,20,-333
-1,-3,0.120976,-TIA- 7,60,174,19,-330
-1,-2,0.121005,-TIA- 7,60,174,18,-328
-1,-3,0.12104,-TIA- 7,60,174,17,-325
-1,-3,0.121057,-TIA- 7,60,174,16,-322
-1,-3,0.121075,-TIA- 7,60,174,15,-319
-1,-3,0.121098,-TIA- 7,60,174,14,-316
-1,-2,0.121127,-TIA- 7,60,174,13,-314
-1,-1,0.121162,-TIA- 7,60,174,12,-313
-1,-2,0.121191,-TIA- 7,60,174,11,-311
-1,-1,0.121202,-TIA- 7,60,174,10,-310
-1,-1,0.121226,-TIA- 7,60,174,9,-309
-1,1,0.132725,GO 8,355,498,8,-310
-1,1,0.132778,GO 8,355,498,7,-311
-1,1,0.132801,GO 8,355,498,6,-312
1,1,0.132824,GO 8,355,498,7,-313
1,1,0.132882,GO 8,355,498,8,-314
1,1,0.132905,GO 8,355,498,9,-315
1,1,0.132946,GO 8,355,498,10,-316
1,1,0.132952,GO 8,355,498,11,-317
2,1,0.132975,GO 8,355,498,13,-318
2,2,0.13301,GO 8,355,498,15,-320
2,1,0.133021,GO 8,355,498,17,-321
2,2,0.133062,GO 8,355,498,19,-323
1,2,0.133074,GO 8,355,498,20,-325
2,2,0.133103,GO 8,355,498,22,-327
2,2,0.133137,GO 8,355,498,24,-329
2,2,0.133161,GO 8,355,498,26,-331
2,2,0.133184,GO 8,355,498,28,-333
2,2,0.133207,GO 8,355,498,30,-335
2,1,0.133224,GO 8,355,498,32,-336
2,2,0.133257,GO 8,355,498,34,-338
2,2,0.13328,GO 8,355,498,36,-340
3,2,0.133306,GO 8,355,498,39,-342
3,2,0.133329,GO 8,355,498,42,-344
3,2,0.133352,GO 8,355,498,45,-346
3,2,0.13337,GO 8,355,498,48,-348
2,2,0.133399,GO 8,355,498,50,-350
3,1,0.133422,GO 8,355,498,53,-351
3,2,0.133445,GO 8,355,498,56,-353
3,2,0.13348,GO 8,355,498,59,-355
3,2,0.133509,GO 8,355,498,62,-357
2,2,0.133521,GO 8,355,498,64,-359
3,2,0.133544,GO 8,355,498,67,-361
3,2,0.133579,GO 8,355,498,70,-363
3,2,0.133602,GO 8,355,498,73,-365
3,1,0.133631,GO 8,355,498,76,-366
3,2,0.133648,GO 8,355,498,79,-368
2,2,0.133671,GO 8,355,498,81,-370
3,2,0.133695,GO 8,355,498,84,-372
3,2,0.133718,GO 8,355,498,87,-374
3,2,0.133753,GO 8,355,498,90,-376
3,2,0.133776,GO 8,355,498,93,-378
2,2,0.133811,GO 8,355,498,95,-380
3,1,0.133828,GO 8,355,498,98,-381
3,2,0.133846,GO 8,355,498,101,-383
3,2,0.133869,GO 8,355,498,104,-385
3,2,0.133904,GO 8,355,498,107,-387
2,2,0.133927,GO 8,355,498,109,-389
3,2,0.133962,GO 8,355,498,112,-391
3,2,0.133979,GO 8,355,498,115,-393
3,2,0.134,GO 8,355,498,118,-395
3,1,0.134026,GO 8,355,498,121,-396
3,2,0.134055,GO 8,355,498,124,-398
2,2,0.134078,GO 8,355,498,126,-400
3,2,0.134113,GO 8,355,498,129,-402
3,2,0.134142,GO 8,355,498,132,-404
3,2,0.134153,GO 8,355,498,135,-406
3,2,0.134182,GO 8,355,498,138,-408
2,2,0.134206,GO 8,355,498,140,-410
3,1,0.134229,GO 8,355,498,143,-411
3,2,0.134264,GO 8,355,498,146,-413
3,2,0.134297,GO 8,355,498,149,-415
3,2,0.134304,GO 8,355,498,152,-417
2,2,0.134339,GO 8,355,498,154,-419
3,2,0.134351,GO 8,355,498,157,-421
3,2,0.134385,GO 8,355,498,160,-423
3,2,0.134415,GO 8,355,498,163,-425
3,1,0.134449,GO 8,355,498,166,-426
2,2,0.134455,GO 8,355,498,168,-428
3,2,0.134478,GO 8,355,498,171,-430
3,2,0.134513,GO 8,355,498,174,-432
3,2,0.134536,GO 8,355,498,177,-434
3,2,0.13456,GO 8,355,498,180,-436
3,2,0.1346,GO 8,355,498,183,-438
2,2,0.134606,GO 8,355,498,185,-440
3,1,0.134629,GO 8,355,498,188,-441
3,2,0.134664,GO 8,355,498,191,-443
3,2,0.134693,GO 8,355,498,194,-445
3,2,0.134722,GO 8,355,498,197,-447
2,2,0.134745,GO 8,355,498,199,-449
3,2,0.134763,GO 8,355,498,202,-451
3,2,0.134786,GO 8,355,498,205,-453
3,2,0.134815,GO 8,355,498,208,-455
3,1,0.13485,GO 8,355,498,211,-456
2,2,0.134873,GO 8,355,498,213,-458
3,2,0.134896,GO 8,355,498,216,-460
3,2,0.134914,GO 8,355,498,219,-462
3,2,0.134937,GO 8,355,498,222,-464
3,2,0.13496,GO 8,355,498,225,-466
3,2,0.134983,GO 8,355,498,228,-468
2,2,0.13503,GO 8,355,498,230,-470
3,1,0.135041,GO 8,355,498,233,-471
3,2,0.135065,GO 8,355,498,236,-473
3,2,0.135088,GO 8,355,498,239,-475
3,2,0.135111,GO 8,355,498,242,-477
2,3,0.135146,GO 8,355,498,244,-480
3,3,0.135175,GO 8,355,498,247,-483
3,2,0.135182,GO 8,355,498,250,-485
3,3,0.135216,GO 8,355,498,253,-488
3,3,0.135239,GO 8,355,498,256,-491
2,3,0.135262,GO 8,355,498,258,-494
3,3,0.135297,GO 8,355,498,261,-497
2,3,0.135326,GO 8,355,498,263,-500
2,2,0.135338,GO 8,355,498,265,-502
2,3,0.135378,GO 8,355,498,267,-505
2,3,0.13539,GO 8,355,498,269,-508
2,3,0.135413,GO 8,355,498,271,-511
1,3,0.135448,GO 8,355,498,272,-514
2,2,0.135483,GO 8,355,498,274,-516
2,3,0.135488,GO 8,355,498,276,-519
2,3,0.135522,GO 8,355,498,278,-522
2,3,0.135546,GO 8,355,498,280,-525
2,3,0.135558,GO 8,355,498,282,-528
2,2,0.135593,GO 8,355,498,284,-530
2,3,0.135622,GO 8,355,498,286,-533
1,3,0.135634,GO 8,355,498,287,-536
2,3,0.135657,GO 8,355,498,289,-539
2,3,0.135686,GO 8,355,498,291,-542
2,3,0.135713,GO 8,355,498,293,-545
2,2,0.135738,GO 8,355,498,295,-547
2,3,0.135767,GO 8,355,498,297,-550
2,3,0.135784,GO 8,355,498,299,-553
2,3,0.135808,GO 8,355,498,301,-556
1,3,0.135843,GO 8,355,498,302,-559
3,2,0.135866,GO 8,355,498,305,-561
3,3,0.135895,GO 8,355,498,308,-564
3,3,0.135918,GO 8,355,498,311,-567
3,2,0.135935,GO 8,355,498,314,-569
3,2,0.13597,GO 8,355,498,317,-571
2,2,0.135993,GO 8,355,498,319,-573
3,2,0.136022,GO 8,355,498,322,-575
3,1,0.136052,GO 8,355,498,325,-576
3,2,0.136081,GO 8,355,498,328,-578
3,2,0.136086,GO 8,355,498,331,-580
2,2,0.136111,GO 8,355,498,333,-582
3,2,0.136139,GO 8,355,498,336,-584
3,2,0.136173,GO 8,355,498,339,-586
3,2,0.136191,GO 8,355,498,342,-588
3,2,0.136226,GO 8,355,498,345,-590
2,1,0.136243,GO 8,355,498,347,-591
3,2,0.136266,GO 8,355,498,350,-593
3,2,0.13629,GO 8,355,498,353,-595
3,2,0.136319,GO 8,355,498,356,-597
3,2,0.136365,GO 8,355,498,359,-599
3,3,0.136377,GO 8,355,498,362,-602
2,3,0.136394,GO 8,355,498,364,-605
3,2,0.136417,GO 8,355,498,367,-607
3,3,0.13644,GO 8,355,498,370,-610
3,3,0.136475,GO 8,355,498,373,-613
3,3,0.136504,GO 8,355,498,376,-616
2,3,0.136528,GO 8,355,498,378,-619
3,2,0.136545,GO 8,355,498,381,-621
3,3,0.136568,GO 8,355,498,384,-624
3,3,0.136591,GO 8,355,498,387,-627
3,3,0.136626,GO 8,355,498,390,-630
2,3,0.136655,GO 8,355,498,392,-633
3,2,0.13669,GO 8,355,498,395,-635
3,3,0.136696,GO 8,355,498,398,-638
3,3,0.136719,GO 8,355,498,401,-641
3,3,0.136742,GO 8,355,498,404,-644
2,3,0.136777,GO 8,355,498,406,-647
3,3,0.136806,GO 8,355,498,409,-650
3,2,0.136841,GO 8,355,498,412,-652
3,3,0.136864,GO 8,355,498,415,-655
3,3,0.13687,GO 8,355,498,418,-658
3,3,0.136897,GO 8,355,498,421,-661
2,3,0.136922,GO 8,355,498,423,-664
3,2,0.136963,GO 8,355,498,426,-666
3,3,0.136992,GO 8,355,498,429,-669
3,6,0.137027,GO 8,355,498,432,-675
5,3,0.13705,GO 8,355,498,437,-678
3,2,0.137079,GO 8,355,498,440,-680
3,3,0.137102,GO 8,355,498,443,-683
3,3,0.13712,GO 8,355,498,446,-686
3,3,0.137166,GO 8,355,498,449,-689
2,3,0.137178,GO 8,355,498,451,-692
3,3,0.137201,GO 8,355,498,454,-695
3,2,0.13723,GO 8,355,498,457,-697
3,3,0.137259,GO 8,355,498,460,-700
3,3,0.137276,GO 8,355,498,463,-703
3,3,0.137305,GO 8,355,498,466,-706
2,3,0.137329,GO 8,355,498,468,-709
3,2,0.137341,GO 8,355,498,471,-711
3,3,0.137375,GO 8,355,498,474,-714
3,3,0.137398,GO 8,355,498,477,-717
3,3,0.137416,GO 8,355,498,480,-720
2,3,0.137439,GO 8,355,498,482,-723
3,2,0.137468,GO 8,355,498,485,-725
3,3,0.137497,GO 8,355,498,488,-728
3,3,0.137526,GO 8,355,498,491,-731
3,3,0.137549,GO 8,355,498,494,-734
2,3,0.137572,GO 8,355,498,496,-737
3,3,0.13759,GO 8,355,498,499,-740
3,2,0.137625,GO 8,355,498,502,-742
3,3,0.137645,GO 8,355,498,505,-745
3,3,0.137677,GO 8,355,498,508,-748
2,3,0.137712,GO 8,355,498,510,-751
3,3,0.137718,GO 8,355,498,513,-754
3,2,0.137741,GO 8,355,498,516,-756
3,3,0.137764,GO 8,355,498,519,-759
3,3,0.137799,GO 8,355,498,522,-762
3,3,0.137833,GO 8,355,498,525,-765
2,3,0.137863,GO 8,355,498,527,-768
3,2,0.137868,GO 8,355,498,530,-770
3,3,0.137898,GO 8,355,498,533,-773
2,3,0.137921,GO 8,355,498,535,-776
2,3,0.13795,GO 8,355,498,537,-779
2,3,0.137985,GO 8,355,498,539,-782
1,3,0.138014,GO 8,355,498,540,-785
2,2,0.138025,GO 8,355,498,542,-787
2,3,0.138048,GO 8,355,498,544,-790
2,3,0.138077,GO 8,355,498,546,-793
2,3,0.138101,GO 8,355,498,548,-796
2,3,0.138136,GO 8,355,498,550,-799
2,2,0.138165,GO 8,355,498,552,-801
2,3,0.138176,GO 8,355,498,554,-804
1,2,0.138199,GO 8,355,498,555,-806
2,2,0.138228,GO 8,355,498,557,-808
2,2,0.138269,GO 8,355,498,559,-810
2,2,0.138296,GO 8,355,498,561,-812
2,2,0.138304,GO 8,355,498,563,-814
2,1,0.138327,GO 8,355,498,565,-815
2,2,0.13835,GO 8,355,498,567,-817
2,2,0.138374,GO 8,355,498,569,-819
1,2,0.138397,GO 8,355,498,570,-821
2,2,0.138449,GO 8,355,498,572,-823
1,2,0.138455,GO 8,355,498,573,-825
1,2,0.138478,GO 8,355,498,574,-827
1,1,0.138501,GO 8,355,498,575,-828
1,1,0.138551,GO 8,355,498,576,-829
1,1,0.138577,GO 8,355,498,577,-830
