dX,dY,WHEN,SYLLABLE,X,Y,cX,cY
-1,-1,0.372286,Yield,0,0,-1,1
-1,-1,0.372326,Yield,0,0,-2,2
-1,-1,0.372338,Yield,0,0,-3,3
-1,-1,0.37239,Yield,0,0,-4,4
-1,-1,0.372419,Yield,0,0,-5,5
-1,-1,0.372477,Yield,0,0,-6,6
-1,-1,0.372506,Yield,0,0,-7,7
-1,-2,0.372542,Yield,0,0,-8,9
-2,-1,0.372582,Yield,0,0,-10,10
-2,-1,0.372622,Yield,0,0,-12,11
-3,1,0.372727,Yield,0,0,-15,10
-2,1,0.372738,Yield,0,0,-17,9
-2,1,0.372802,Yield,0,0,-19,8
-2,1,0.372814,Yield,0,0,-21,7
-2,2,0.372843,Yield,0,0,-23,5
-2,2,0.372866,Yield,0,0,-25,3
-1,2,0.372901,Yield,0,0,-26,1
-2,2,0.37293,Yield,0,0,-28,-1
-2,4,0.372964,Yield,0,0,-30,-5
-4,1,0.372994,Yield,0,0,-34,-6
-2,1,0.373034,Yield,0,0,-36,-7
-2,1,0.373063,Yield,0,0,-38,-8
-1,1,0.373087,Yield,0,0,-39,-9
-3,1,0.373098,Yield,0,0,-42,-10
-3,1,0.373127,Yield,0,0,-45,-11
-3,1,0.37315,Yield,0,0,-48,-12
-3,1,0.373185,Yield,0,0,-51,-13
-2,1,0.373214,Yield,0,0,-53,-14
-3,4,0.373249,Yield,0,0,-56,-18
-6,2,0.373272,Yield,0,0,-62,-20
-3,1,0.373307,Yield,0,0,-65,-21
-3,2,0.373336,Yield,0,0,-68,-23
-4,2,0.373371,Yield,0,0,-72,-25
-4,2,0.373377,Yield,0,0,-76,-27
-4,2,0.3734,Yield,0,0,-80,-29
-3,2,0.373435,Yield,0,0,-83,-31
-4,2,0.373458,Yield,0,0,-87,-33
-4,2,0.373481,Yield,0,0,-91,-35
-4,1,0.373522,Yield,0,0,-95,-36
-4,-1,0.373615,Yield,0,0,-99,-35
-3,-2,0.373632,Yield,0,0,-102,-33
-4,-2,0.373667,Yield,0,0,-106,-31
-4,-3,0.37369,Yield,0,0,-110,-28
-4,-3,0.373708,Yield,0,0,-114,-25
-3,-3,0.373737,Yield,0,0,-117,-22
-4,-2,0.373772,Yield,0,0,-121,-20
-4,-3,0.373783,Yield,0,0,-125,-17
-4,-3,0.373818,Yield,0,0,-129,-14
-3,-2,0.373841,Yield,0,0,-132,-12
-2,-2,0.373859,Yield,0,0,-134,-10
-3,-2,0.373888,Yield,0,0,-137,-8
-3,-1,0.373911,Yield,0,0,-140,-7
-2,-1,0.373946,Yield,0,0,-142,-6
-2,-1,0.373981,Yield,0,0,-144,-5
-2,-1,0.37401,Yield,0,0,-146,-4
2,1,0.388371,FRAY 1,87,416,-144,-5
1,1,0.388418,FRAY 1,87,416,-143,-6
2,2,0.388418,FRAY 1,87,416,-141,-8
2,1,0.388423,FRAY 1,87,416,-139,-9
2,3,0.388465,FRAY 1,87,416,-137,-12
2,3,0.388481,FRAY 1,87,416,-135,-15
2,3,0.388505,FRAY 1,87,416,-133,-18
2,4,0.38854,FRAY 1,87,416,-131,-22
2,7,0.388569,FRAY 1,87,416,-129,-29
3,4,0.388603,FRAY 1,87,416,-126,-33
2,4,0.388632,FRAY 1,87,416,-124,-37
2,3,0.388656,FRAY 1,87,416,-122,-40
2,4,0.388679,FRAY 1,87,416,-120,-44
2,4,0.388714,FRAY 1,87,416,-118,-48
2,4,0.388719,FRAY 1,87,416,-116,-52
2,3,0.388743,FRAY 1,87,416,-114,-55
1,4,0.388778,FRAY 1,87,416,-113,-59
2,4,0.388801,FRAY 1,87,416,-111,-63
2,4,0.388833,FRAY 1,87,416,-109,-67
2,3,0.388865,FRAY 1,87,416,-107,-70
2,4,0.388876,FRAY 1,87,416,-105,-74
2,4,0.388899,FRAY 1,87,416,-103,-78
2,4,0.388928,FRAY 1,87,416,-101,-82
2,3,0.388952,FRAY 1,87,416,-99,-85
1,4,0.388986,FRAY 1,87,416,-98,-89
2,4,0.389016,FRAY 1,87,416,-96,-93
2,4,0.389033,FRAY 1,87,416,-94,-97
1,3,0.389056,FRAY 1,87,416,-93,-100
1,4,0.389079,FRAY 1,87,416,-92,-104
1,4,0.38912,FRAY 1,87,416,-91,-108
1,4,0.389137,FRAY 1,87,416,-90,-112
1,3,0.389166,FRAY 1,87,416,-89,-115
1,4,0.389178,FRAY 1,87,416,-88,-119
1,4,0.389201,FRAY 1,87,416,-87,-123
-1,4,0.38923,FRAY 1,87,416,-88,-127
-1,3,0.389265,FRAY 1,87,416,-89,-130
-1,4,0.389283,FRAY 1,87,416,-90,-134
-1,8,0.389329,FRAY 1,87,416,-91,-142
-1,3,0.389352,FRAY 1,87,416,-92,-145
-1,4,0.389387,FRAY 1,87,416,-93,-149
-1,4,0.389416,FRAY 1,87,416,-94,-153
-1,4,0.389451,FRAY 1,87,416,-95,-157
-1,3,0.389468,FRAY 1,87,416,-96,-160
-1,4,0.38948,FRAY 1,87,416,-97,-164
-1,4,0.389503,FRAY 1,87,416,-98,-168
-1,4,0.389538,FRAY 1,87,416,-99,-172
-1,3,0.389559,FRAY 1,87,416,-100,-175
-1,4,0.389596,FRAY 1,87,416,-101,-179
-1,4,0.389613,FRAY 1,87,416,-102,-183
-1,4,0.389636,FRAY 1,87,416,-103,-187
-1,3,0.389666,FRAY 1,87,416,-104,-190
-1,4,0.389689,FRAY 1,87,416,-105,-194
-1,4,0.389724,FRAY 1,87,416,-106,-198
-1,4,0.389753,FRAY 1,87,416,-107,-202
-1,3,0.389764,FRAY 1,87,416,-108,-205
-1,4,0.389788,FRAY 1,87,416,-109,-209
-1,4,0.389817,FRAY 1,87,416,-110,-213
-1,4,0.389846,FRAY 1,87,416,-111,-217
-1,3,0.389869,FRAY 1,87,416,-112,-220
-1,4,0.389875,FRAY 1,87,416,-113,-224
-1,4,0.389909,FRAY 1,87,416,-114,-228
-1,4,0.389933,FRAY 1,87,416,-115,-232
-1,3,0.389962,FRAY 1,87,416,-116,-235
-1,4,0.389997,FRAY 1,87,416,-117,-239
-1,4,0.390014,FRAY 1,87,416,-118,-243
-1,4,0.390037,FRAY 1,87,416,-119,-247
-1,3,0.39006,FRAY 1,87,416,-120,-250
-1,4,0.390084,FRAY 1,87,416,-121,-254
-1,4,0.390107,FRAY 1,87,416,-122,-258
-1,4,0.390147,FRAY 1,87,416,-123,-262
-1,3,0.390153,FRAY 1,87,416,-124,-265
-1,4,0.390182,FRAY 1,87,416,-125,-269
-1,4,0.390206,FRAY 1,87,416,-126,-273
-2,4,0.390235,FRAY 1,87,416,-128,-277
-1,3,0.390258,FRAY 1,87,416,-129,-280
-2,4,0.390298,FRAY 1,87,416,-131,-284
-3,4,0.390305,FRAY 1,87,416,-134,-288
-3,4,0.390339,FRAY 1,87,416,-137,-292
-3,2,0.390356,FRAY 1,87,416,-140,-294
-2,2,0.390385,FRAY 1,87,416,-142,-296
-1,2,0.390409,FRAY 1,87,416,-143,-298
-1,1,0.390444,FRAY 1,87,416,-144,-299
-1,1,0.390461,FRAY 1,87,416,-145,-300
-1,2,0.390507,FRAY 1,87,416,-146,-302
1,1,0.391041,FRAY 1,87,416,-145,-303
1,1,0.391076,FRAY 1,87,416,-144,-304
1,1,0.391082,FRAY 1,87,416,-143,-305
1,1,0.39114,FRAY 1,87,416,-142,-306
1,1,0.391169,FRAY 1,87,416,-141,-307
1,1,0.391198,FRAY 1,87,416,-140,-308
1,2,0.391233,FRAY 1,87,416,-139,-310
1,1,0.391291,FRAY 1,87,416,-138,-311
1,1,0.391326,FRAY 1,87,416,-137,-312
1,1,0.391349,FRAY 1,87,416,-136,-313
1,1,0.39139,FRAY 1,87,416,-135,-314
1,1,0.391419,FRAY 1,87,416,-134,-315
1,1,0.391477,FRAY 1,87,416,-133,-316
1,1,0.391488,FRAY 1,87,416,-132,-317
1,1,0.391523,FRAY 1,87,416,-131,-318
1,2,0.391541,FRAY 1,87,416,-130,-320
1,2,0.391564,FRAY 1,87,416,-129,-322
1,2,0.391593,FRAY 1,87,416,-128,-324
1,3,0.391628,FRAY 1,87,416,-127,-327
1,2,0.391663,FRAY 1,87,416,-126,-329
1,3,0.391674,FRAY 1,87,416,-125,-332
1,3,0.391692,FRAY 1,87,416,-124,-335
2,4,0.391715,FRAY 1,87,416,-122,-339
2,4,0.391748,FRAY 1,87,416,-120,-343
2,3,0.391779,FRAY 1,87,416,-118,-346
2,4,0.391814,FRAY 1,87,416,-116,-350
1,4,0.391819,FRAY 1,87,416,-115,-354
2,4,0.391843,FRAY 1,87,416,-113,-358
2,3,0.391877,FRAY 1,87,416,-111,-361
2,4,0.391901,FRAY 1,87,416,-109,-365
3,4,0.391941,FRAY 1,87,416,-106,-369
3,4,0.391964,FRAY 1,87,416,-103,-373
2,3,0.39197,FRAY 1,87,416,-101,-376
3,4,0.391993,FRAY 1,87,416,-98,-380
3,4,0.392028,FRAY 1,87,416,-95,-384
3,4,0.392052,FRAY 1,87,416,-92,-388
3,3,0.392081,FRAY 1,87,416,-89,-391
3,4,0.392109,FRAY 1,87,416,-86,-395
1,4,0.392133,FRAY 1,87,416,-85,-399
2,4,0.392144,FRAY 1,87,416,-83,-403
2,3,0.392179,FRAY 1,87,416,-81,-406
2,4,0.392208,FRAY 1,87,416,-79,-410
2,4,0.392231,FRAY 1,87,416,-77,-414
2,4,0.392255,FRAY 1,87,416,-75,-418
2,3,0.392272,FRAY 1,87,416,-73,-421
1,4,0.39229,FRAY 1,87,416,-72,-425
3,4,0.392313,FRAY 1,87,416,-69,-429
3,4,0.392353,FRAY 1,87,416,-66,-433
3,3,0.392359,FRAY 1,87,416,-63,-436
3,4,0.392406,FRAY 1,87,416,-60,-440
2,4,0.392417,FRAY 1,87,416,-58,-444
2,4,0.39244,FRAY 1,87,416,-56,-448
2,3,0.392469,FRAY 1,87,416,-54,-451
2,4,0.392504,FRAY 1,87,416,-52,-455
2,4,0.392528,FRAY 1,87,416,-50,-459
2,4,0.392533,FRAY 1,87,416,-48,-463
2,3,0.392562,FRAY 1,87,416,-46,-466
2,4,0.392586,FRAY 1,87,416,-44,-470
1,4,0.392609,FRAY 1,87,416,-43,-474
2,4,0.392638,FRAY 1,87,416,-41,-478
2,3,0.392673,FRAY 1,87,416,-39,-481
2,4,0.392696,FRAY 1,87,416,-37,-485
2,4,0.392726,FRAY 1,87,416,-35,-489
2,4,0.392737,FRAY 1,87,416,-33,-493
1,3,0.392754,FRAY 1,87,416,-32,-496
1,4,0.392783,FRAY 1,87,416,-31,-500
1,4,0.392812,FRAY 1,87,416,-30,-504
1,7,0.392835,FRAY 1,87,416,-29,-511
1,4,0.392864,FRAY 1,87,416,-28,-515
1,4,0.392876,FRAY 1,87,416,-27,-519
1,3,0.392905,FRAY 1,87,416,-26,-522
1,2,0.392928,FRAY 1,87,416,-25,-524
1,2,0.392951,FRAY 1,87,416,-24,-526
1,1,0.39298,FRAY 1,87,416,-23,-527
1,1,0.393017,FRAY 1,87,416,-22,-528
1,1,0.393044,FRAY 1,87,416,-21,-529
-1,1,0.393514,FRAY 1,87,416,-22,-530
-1,1,0.393538,FRAY 1,87,416,-23,-531
-1,1,0.393578,FRAY 1,87,416,-24,-532
-2,1,0.393613,FRAY 1,87,416,-26,-533
-1,1,0.393636,FRAY 1,87,416,-27,-534
-1,2,0.39366,FRAY 1,87,416,-28,-536
-1,1,0.394475,FRAY 1,87,416,-29,-537
-1,1,0.394524,FRAY 1,87,416,-30,-538
-1,1,0.394542,FRAY 1,87,416,-31,-539
-1,1,0.395505,FRAY 1,87,416,-32,-540
-1,1,0.395552,FRAY 1,87,416,-33,-541
-1,1,0.395587,FRAY 1,87,416,-34,-542
-1,1,0.395627,FRAY 1,87,416,-35,-543
-1,1,0.395651,FRAY 1,87,416,-36,-544
-1,1,0.395709,FRAY 1,87,416,-37,-545
-1,1,0.396463,FRAY 1,87,416,-38,-546
-1,1,0.396498,FRAY 1,87,416,-39,-547
-1,1,0.396539,FRAY 1,87,416,-40,-548
-1,2,0.396562,FRAY 1,87,416,-41,-550
-1,1,0.396597,FRAY 1,87,416,-42,-551
-1,2,0.396626,FRAY 1,87,416,-43,-553
-1,2,0.396655,FRAY 1,87,416,-44,-555
-1,4,0.396696,FRAY 1,87,416,-45,-559
-2,2,0.396719,FRAY 1,87,416,-47,-561
-1,2,0.396748,FRAY 1,87,416,-48,-563
-1,2,0.396771,FRAY 1,87,416,-49,-565
-1,1,0.396806,FRAY 1,87,416,-50,-566
-1,4,0.396846,FRAY 1,87,416,-51,-570
-1,2,0.39687,FRAY 1,87,416,-52,-572
-1,2,0.396899,FRAY 1,87,416,-53,-574
-1,2,0.39691,FRAY 1,87,416,-54,-576
-1,2,0.396945,FRAY 1,87,416,-55,-578
-1,2,0.396957,FRAY 1,87,416,-56,-580
-1,1,0.396974,FRAY 1,87,416,-57,-581
-1,2,0.396986,FRAY 1,87,416,-58,-583
-1,2,0.397021,FRAY 1,87,416,-59,-585
-1,2,0.397038,FRAY 1,87,416,-60,-587
-1,2,0.397084,FRAY 1,87,416,-61,-589
-1,2,0.397096,FRAY 1,87,416,-62,-591
-1,1,0.397119,FRAY 1,87,416,-63,-592
-1,1,0.397142,FRAY 1,87,416,-64,-593
-1,1,0.397195,FRAY 1,87,416,-65,-594
-1,1,0.397241,FRAY 1,87,416,-66,-595
1,-1,0.401502,SAN- 2,387,311,-65,-594
1,-1,0.401543,SAN- 2,387,311,-64,-593
1,-1,0.401566,SAN- 2,387,311,-63,-592
1,-1,0.401589,SAN- 2,387,311,-62,-591
1,-1,0.401618,SAN- 2,387,311,-61,-590
2,-1,0.401903,SAN- 2,387,311,-59,-589
2,-1,0.401926,SAN- 2,387,311,-57,-588
2,-1,0.401949,SAN- 2,387,311,-55,-587
2,-1,0.40198,SAN- 2,387,311,-53,-586
2,-1,0.402019,SAN- 2,387,311,-51,-585
1,-1,0.402042,SAN- 2,387,311,-50,-584
2,-1,0.402071,SAN- 2,387,311,-48,-583
2,-1,0.4021,SAN- 2,387,311,-46,-582
2,-2,0.402135,SAN- 2,387,311,-44,-580
2,-2,0.402164,SAN- 2,387,311,-42,-578
2,-2,0.40217,SAN- 2,387,311,-40,-576
2,-2,0.402199,SAN- 2,387,311,-38,-574
2,-2,0.402238,SAN- 2,387,311,-36,-572
2,-2,0.402262,SAN- 2,387,311,-34,-570
1,-3,0.40228,SAN- 2,387,311,-33,-567
1,-3,0.402315,SAN- 2,387,311,-32,-564
2,-3,0.402332,SAN- 2,387,311,-30,-561
2,-3,0.40235,SAN- 2,387,311,-28,-558
2,-2,0.402379,SAN- 2,387,311,-26,-556
3,-6,0.402419,SAN- 2,387,311,-23,-550
5,-3,0.40246,SAN- 2,387,311,-18,-547
3,-3,0.402477,SAN- 2,387,311,-15,-544
3,-3,0.4025,SAN- 2,387,311,-12,-541
3,-2,0.402535,SAN- 2,387,311,-9,-539
3,-3,0.402559,SAN- 2,387,311,-6,-536
2,-3,0.402576,SAN- 2,387,311,-4,-533
3,-3,0.402605,SAN- 2,387,311,-1,-530
3,-2,0.402628,SAN- 2,387,311,2,-528
3,-2,0.402651,SAN- 2,387,311,5,-526
2,-1,0.402715,SAN- 2,387,311,7,-525
3,-1,0.402733,SAN- 2,387,311,10,-524
3,-1,0.402901,SAN- 2,387,311,13,-523
3,-1,0.40293,SAN- 2,387,311,16,-522
3,-1,0.402953,SAN- 2,387,311,19,-521
2,-2,0.402981,SAN- 2,387,311,21,-519
3,-2,0.403017,SAN- 2,387,311,24,-517
3,-2,0.403029,SAN- 2,387,311,27,-515
3,-3,0.403052,SAN- 2,387,311,30,-512
3,-2,0.403087,SAN- 2,387,311,33,-510
2,-3,0.403116,SAN- 2,387,311,35,-507
3,-3,0.403139,SAN- 2,387,311,38,-504
3,-3,0.403174,SAN- 2,387,311,41,-501
3,-3,0.40318,SAN- 2,387,311,44,-498
3,-2,0.403203,SAN- 2,387,311,47,-496
3,-3,0.403238,SAN- 2,387,311,50,-493
2,-3,0.403267,SAN- 2,387,311,52,-490
3,-3,0.403284,SAN- 2,387,311,55,-487
3,-3,0.403319,SAN- 2,387,311,58,-484
3,-3,0.403331,SAN- 2,387,311,61,-481
3,-2,0.403354,SAN- 2,387,311,64,-479
2,-3,0.403389,SAN- 2,387,311,66,-476
3,-3,0.403422,SAN- 2,387,311,69,-473
3,-3,0.403453,SAN- 2,387,311,72,-470
3,-2,0.403476,SAN- 2,387,311,75,-468
3,-2,0.403482,SAN- 2,387,311,78,-466
2,-1,0.403511,SAN- 2,387,311,80,-465
3,-2,0.403528,SAN- 2,387,311,83,-463
3,-2,0.403557,SAN- 2,387,311,86,-461
3,-2,0.403574,SAN- 2,387,311,89,-459
3,-2,0.403621,SAN- 2,387,311,92,-457
3,-2,0.403627,SAN- 2,387,311,95,-455
2,-2,0.40365,SAN- 2,387,311,97,-453
3,-2,0.403679,SAN- 2,387,311,100,-451
3,-1,0.403708,SAN- 2,387,311,103,-450
3,-2,0.403737,SAN- 2,387,311,106,-448
3,-2,0.403766,SAN- 2,387,311,109,-446
2,-2,0.403789,SAN- 2,387,311,111,-444
3,-2,0.403795,SAN- 2,387,311,114,-442
3,-2,0.403818,SAN- 2,387,311,117,-440
3,-2,0.403853,SAN- 2,387,311,120,-438
3,-2,0.403888,SAN- 2,387,311,123,-436
2,-1,0.403917,SAN- 2,387,311,125,-435
3,-2,0.40394,SAN- 2,387,311,128,-433
3,-2,0.403952,SAN- 2,387,311,131,-431
3,-1,0.403975,SAN- 2,387,311,134,-430
3,-1,0.404004,SAN- 2,387,311,137,-429
2,-1,0.404039,SAN- 2,387,311,139,-428
3,-1,0.404054,SAN- 2,387,311,142,-427
3,-1,0.404085,SAN- 2,387,311,145,-426
2,-1,0.404184,SAN- 2,387,311,147,-425
3,-1,0.404201,SAN- 2,387,311,150,-424
3,-2,0.404254,SAN- 2,387,311,153,-422
6,-1,0.404283,SAN- 2,387,311,159,-421
3,-1,0.404335,SAN- 2,387,311,162,-420
3,-1,0.404346,SAN- 2,387,311,165,-419
3,-1,0.404683,SAN- 2,387,311,168,-418
2,-1,0.404695,SAN- 2,387,311,170,-417
3,-1,0.404735,SAN- 2,387,311,173,-416
3,-1,0.404753,SAN- 2,387,311,176,-415
3,-1,0.404788,SAN- 2,387,311,179,-414
3,-1,0.404817,SAN- 2,387,311,182,-413
2,-1,0.404822,SAN- 2,387,311,184,-412
3,-1,0.404851,SAN- 2,387,311,187,-411
3,-1,0.404881,SAN- 2,387,311,190,-410
3,-1,0.404904,SAN- 2,387,311,193,-409
3,-1,0.404939,SAN- 2,387,311,196,-408
2,-1,0.404968,SAN- 2,387,311,198,-407
3,-1,0.405281,SAN- 2,387,311,201,-406
3,-1,0.405328,SAN- 2,387,311,204,-405
2,-1,0.405368,SAN- 2,387,311,206,-404
3,-1,0.405386,SAN- 2,387,311,209,-403
3,1,0.405577,SAN- 2,387,311,212,-404
3,1,0.4056,SAN- 2,387,311,215,-405
3,1,0.405607,SAN- 2,387,311,218,-406
3,1,0.405664,SAN- 2,387,311,221,-407
3,1,0.405699,SAN- 2,387,311,224,-408
3,1,0.405728,SAN- 2,387,311,227,-409
3,1,0.405755,SAN- 2,387,311,230,-410
2,1,0.405763,SAN- 2,387,311,232,-411
3,1,0.405786,SAN- 2,387,311,235,-412
3,1,0.405821,SAN- 2,387,311,238,-413
3,1,0.40585,SAN- 2,387,311,241,-414
3,1,0.405885,SAN- 2,387,311,244,-415
3,1,0.405908,SAN- 2,387,311,247,-416
2,1,0.405914,SAN- 2,387,311,249,-417
3,1,0.405937,SAN- 2,387,311,252,-418
3,1,0.40596,SAN- 2,387,311,255,-419
3,1,0.406001,SAN- 2,387,311,258,-420
3,1,0.406013,SAN- 2,387,311,261,-421
3,1,0.406065,SAN- 2,387,311,264,-422
3,1,0.406088,SAN- 2,387,311,267,-423
3,2,0.406117,SAN- 2,387,311,270,-425
3,2,0.406146,SAN- 2,387,311,273,-427
2,2,0.406187,SAN- 2,387,311,275,-429
3,4,0.406219,SAN- 2,387,311,278,-433
4,2,0.406256,SAN- 2,387,311,282,-435
1,1,0.406268,SAN- 2,387,311,283,-436
1,1,0.406314,SAN- 2,387,311,284,-437
1,1,0.406361,SAN- 2,387,311,285,-438
1,1,0.406396,SAN- 2,387,311,286,-439
1,-1,0.419486,-TIA- 3,329,115,287,-438
1,-1,0.419538,-TIA- 3,329,115,288,-437
1,-1,0.419573,-TIA- 3,329,115,289,-436
1,-1,0.419606,-TIA- 3,329,115,290,-435
1,-2,0.419631,-TIA- 3,329,115,291,-433
2,-2,0.419643,-TIA- 3,329,115,293,-431
2,-2,0.419677,-TIA- 3,329,115,295,-429
2,-2,0.419701,-TIA- 3,329,115,297,-427
2,-2,0.419724,-TIA- 3,329,115,299,-425
2,-1,0.419747,-TIA- 3,329,115,301,-424
2,-1,0.419788,-TIA- 3,329,115,303,-423
2,1,0.419852,-TIA- 3,329,115,305,-424
2,1,0.419869,-TIA- 3,329,115,307,-425
2,1,0.41991,-TIA- 3,329,115,309,-426
2,1,0.419933,-TIA- 3,329,115,311,-427
1,1,0.41995,-TIA- 3,329,115,312,-428
1,-1,0.420316,-TIA- 3,329,115,313,-427
1,-1,0.420351,-TIA- 3,329,115,314,-426
1,-1,0.420391,-TIA- 3,329,115,315,-425
1,-1,0.420415,-TIA- 3,329,115,316,-424
1,-1,0.420473,-TIA- 3,329,115,317,-423
1,-1,0.420496,-TIA- 3,329,115,318,-422
1,-1,0.420536,-TIA- 3,329,115,319,-421
1,-1,0.420566,-TIA- 3,329,115,320,-420
1,-1,0.420606,-TIA- 3,329,115,321,-419
1,-1,0.420618,-TIA- 3,329,115,322,-418
1,-1,0.420682,-TIA- 3,329,115,323,-417
1,-1,0.420693,-TIA- 3,329,115,324,-416
-1,-1,0.420746,-TIA- 3,329,115,323,-415
-1,-1,0.420757,-TIA- 3,329,115,322,-414
-1,-1,0.42078,-TIA- 3,329,115,321,-413
-1,-1,0.420821,-TIA- 3,329,115,320,-412
-1,-2,0.42085,-TIA- 3,329,115,319,-410
-1,-2,0.420885,-TIA- 3,329,115,318,-408
-1,-2,0.420908,-TIA- 3,329,115,317,-406
-1,-2,0.420931,-TIA- 3,329,115,316,-404
-1,-1,0.420949,-TIA- 3,329,115,315,-403
-1,-2,0.420978,-TIA- 3,329,115,314,-401
-1,-2,0.421007,-TIA- 3,329,115,313,-399
-1,-2,0.421036,-TIA- 3,329,115,312,-397
-1,-2,0.421071,-TIA- 3,329,115,311,-395
-1,-2,0.421082,-TIA- 3,329,115,310,-393
-1,-2,0.4211,-TIA- 3,329,115,309,-391
-1,-1,0.421135,-TIA- 3,329,115,308,-390
-1,-2,0.421164,-TIA- 3,329,115,307,-388
-1,-2,0.421187,-TIA- 3,329,115,306,-386
-1,-2,0.42121,-TIA- 3,329,115,305,-384
-1,-2,0.421227,-TIA- 3,329,115,304,-382
-1,-2,0.421251,-TIA- 3,329,115,303,-380
-1,-2,0.421285,-TIA- 3,329,115,302,-378
-1,-2,0.421309,-TIA- 3,329,115,301,-376
-1,-1,0.421332,-TIA- 3,329,115,300,-375
-1,-2,0.421367,-TIA- 3,329,115,299,-373
-1,-2,0.421384,-TIA- 3,329,115,298,-371
-1,-2,0.421407,-TIA- 3,329,115,297,-369
-1,-2,0.421436,-TIA- 3,329,115,296,-367
-2,-2,0.42146,-TIA- 3,329,115,294,-365
-2,-2,0.421483,-TIA- 3,329,115,292,-363
-2,-2,0.421506,-TIA- 3,329,115,290,-361
-1,-1,0.421541,-TIA- 3,329,115,289,-360
-2,-2,0.421552,-TIA- 3,329,115,287,-358
-2,-2,0.421576,-TIA- 3,329,115,285,-356
-2,-2,0.421605,-TIA- 3,329,115,283,-354
-1,-2,0.421628,-TIA- 3,329,115,282,-352
-1,-2,0.421657,-TIA- 3,329,115,281,-350
-1,-2,0.421692,-TIA- 3,329,115,280,-348
-1,-2,0.421709,-TIA- 3,329,115,279,-346
-1,-1,0.421721,-TIA- 3,329,115,278,-345
-1,-2,0.421761,-TIA- 3,329,115,277,-343
-1,-2,0.421785,-TIA- 3,329,115,276,-341
-1,-2,0.421808,-TIA- 3,329,115,275,-339
-1,-2,0.421843,-TIA- 3,329,115,274,-337
-1,-2,0.421849,-TIA- 3,329,115,273,-335
-1,-2,0.421872,-TIA- 3,329,115,272,-333
-1,-2,0.421907,-TIA- 3,329,115,271,-331
-1,-1,0.421941,-TIA- 3,329,115,270,-330
-1,-3,0.421965,-TIA- 3,329,115,269,-327
-1,-3,0.421994,-TIA- 3,329,115,268,-324
-1,-3,0.422005,-TIA- 3,329,115,267,-321
-1,-3,0.422028,-TIA- 3,329,115,266,-318
-1,-3,0.422063,-TIA- 3,329,115,265,-315
-1,-2,0.422075,-TIA- 3,329,115,264,-313
-1,-3,0.422127,-TIA- 3,329,115,263,-310
-1,-3,0.422133,-TIA- 3,329,115,262,-307
-1,-3,0.422156,-TIA- 3,329,115,261,-304
-1,-3,0.422179,-TIA- 3,329,115,260,-301
-1,-2,0.422214,-TIA- 3,329,115,259,-299
-1,-3,0.422243,-TIA- 3,329,115,258,-296
-1,-3,0.422278,-TIA- 3,329,115,257,-293
-1,-3,0.422301,-TIA- 3,329,115,256,-290
-1,-3,0.422319,-TIA- 3,329,115,255,-287
-1,-2,0.42233,-TIA- 3,329,115,254,-285
-1,-3,0.422365,-TIA- 3,329,115,253,-282
-1,-3,0.422394,-TIA- 3,329,115,252,-279
-1,-3,0.422412,-TIA- 3,329,115,251,-276
-1,-3,0.422446,-TIA- 3,329,115,250,-273
-1,-3,0.422458,-TIA- 3,329,115,249,-270
-1,-2,0.422487,-TIA- 3,329,115,248,-268
-1,-3,0.422516,-TIA- 3,329,115,247,-265
-1,-3,0.422539,-TIA- 3,329,115,246,-262
-1,-3,0.422557,-TIA- 3,329,115,245,-259
-1,-3,0.42258,-TIA- 3,329,115,244,-256
-1,-2,0.422615,-TIA- 3,329,115,243,-254
-1,-3,0.422644,-TIA- 3,329,115,242,-251
-1,-3,0.422667,-TIA- 3,329,115,241,-248
-1,-3,0.422693,-TIA- 3,329,115,240,-245
-1,-3,0.422731,-TIA- 3,329,115,239,-242
-1,-2,0.422742,-TIA- 3,329,115,238,-240
-2,-3,0.422766,-TIA- 3,329,115,236,-237
-1,-3,0.422795,-TIA- 3,329,115,235,-234
-2,-3,0.422812,-TIA- 3,329,115,233,-231
-2,-3,0.422847,-TIA- 3,329,115,231,-228
-2,-3,0.422876,-TIA- 3,329,115,229,-225
-2,-2,0.422882,-TIA- 3,329,115,227,-223
-2,-3,0.422917,-TIA- 3,329,115,225,-220
-2,-3,0.422951,-TIA- 3,329,115,223,-217
-2,-3,0.422963,-TIA- 3,329,115,221,-214
-1,-3,0.423004,-TIA- 3,329,115,220,-211
-2,-2,0.423021,-TIA- 3,329,115,218,-209
-2,-3,0.423044,-TIA- 3,329,115,216,-206
-2,-3,0.423062,-TIA- 3,329,115,214,-203
-2,-3,0.423091,-TIA- 3,329,115,212,-200
-2,-3,0.423114,-TIA- 3,329,115,210,-197
-2,-2,0.423149,-TIA- 3,329,115,208,-195
-2,-3,0.423178,-TIA- 3,329,115,206,-192
-1,-3,0.423189,-TIA- 3,329,115,205,-189
-2,-3,0.423213,-TIA- 3,329,115,203,-186
-2,-3,0.423253,-TIA- 3,329,115,201,-183
-2,-3,0.423277,-TIA- 3,329,115,199,-180
-2,-2,0.4233,-TIA- 3,329,115,197,-178
-2,-3,0.423335,-TIA- 3,329,115,195,-175
-2,-3,0.42334,-TIA- 3,329,115,193,-172
-2,-3,0.423364,-TIA- 3,329,115,191,-169
-1,-3,0.423404,-TIA- 3,329,115,190,-166
-2,-2,0.423427,-TIA- 3,329,115,188,-164
-2,-3,0.423451,-TIA- 3,329,115,186,-161
-2,-3,0.423486,-TIA- 3,329,115,184,-158
-2,-3,0.423491,-TIA- 3,329,115,182,-155
-2,-3,0.423515,-TIA- 3,329,115,180,-152
-2,-2,0.423549,-TIA- 3,329,115,178,-150
-2,-3,0.423584,-TIA- 3,329,115,176,-147
-1,-3,0.423613,-TIA- 3,329,115,175,-144
-2,-3,0.423636,-TIA- 3,329,115,173,-141
-1,-2,0.423648,-TIA- 3,329,115,172,-139
-1,-2,0.423671,-TIA- 3,329,115,171,-137
-1,-2,0.423683,-TIA- 3,329,115,170,-135
-1,-1,0.423712,-TIA- 3,329,115,169,-134
-1,-2,0.423747,-TIA- 3,329,115,168,-132
-1,-1,0.423764,-TIA- 3,329,115,167,-131
-1,-1,0.423787,-TIA- 3,329,115,166,-130
-1,-1,0.423834,-TIA- 3,329,115,165,-129
-1,-1,0.423869,-TIA- 3,329,115,164,-128
-1,-1,0.423921,-TIA- 3,329,115,163,-127
-1,-1,0.423938,-TIA- 3,329,115,162,-126
-1,-1,0.423996,-TIA- 3,329,115,161,-125
-1,-2,0.42402,-TIA- 3,329,115,160,-123
-1,-2,0.424049,-TIA- 3,329,115,159,-121
-1,-1,0.424078,-TIA- 3,329,115,158,-120
-1,-2,0.424101,-TIA- 3,329,115,157,-118
-1,-2,0.424112,-TIA- 3,329,115,156,-116
-1,-2,0.424141,-TIA- 3,329,115,155,-114
-1,-2,0.424171,-TIA- 3,329,115,154,-112
-1,-2,0.424202,-TIA- 3,329,115,153,-110
-1,-1,0.424234,-TIA- 3,329,115,152,-109
-1,-1,0.424269,-TIA- 3,329,115,151,-108
-1,-1,0.424292,-TIA- 3,329,115,150,-107
-1,-1,0.424333,-TIA- 3,329,115,149,-106
-1,-1,0.424362,-TIA- 3,329,115,148,-105
-1,-1,0.424403,-TIA- 3,329,115,147,-104
-1,-2,0.424449,-TIA- 3,329,115,146,-102
-1,-2,0.42449,-TIA- 3,329,115,145,-100
-1,-2,0.424507,-TIA- 3,329,115,144,-98
-1,-2,0.424513,-TIA- 3,329,115,143,-96
-1,-1,0.424554,-TIA- 3,329,115,142,-95
-1,-2,0.424571,-TIA- 3,329,115,141,-93
-1,-2,0.424606,-TIA- 3,329,115,140,-91
-1,-2,0.424635,-TIA- 3,329,115,139,-89
-1,-2,0.42467,-TIA- 3,329,115,138,-87
-1,-2,0.424676,-TIA- 3,329,115,137,-85
-1,-2,0.424699,-TIA- 3,329,115,136,-83
-1,-1,0.424734,-TIA- 3,329,115,135,-82
-1,-2,0.424757,-TIA- 3,329,115,134,-80
-1,-2,0.424786,-TIA- 3,329,115,133,-78
1,-2,0.424803,-TIA- 3,329,115,134,-76
1,-1,0.424826,-TIA- 3,329,115,135,-75
1,-1,0.42485,-TIA- 3,329,115,136,-74
1,-1,0.424885,-TIA- 3,329,115,137,-73
-1,-1,0.431589,GO 4,282,431,136,-72
-1,1,0.431676,GO 4,282,431,135,-73
-1,1,0.431711,GO 4,282,431,134,-74
-1,2,0.431734,GO 4,282,431,133,-76
-1,2,0.431769,GO 4,282,431,132,-78
-1,2,0.431798,GO 4,282,431,131,-80
-1,3,0.431816,GO 4,282,431,130,-83
1,3,0.431839,GO 4,282,431,131,-86
1,4,0.431862,GO 4,282,431,132,-90
1,3,0.431897,GO 4,282,431,133,-93
1,4,0.431926,GO 4,282,431,134,-97
1,4,0.431943,GO 4,282,431,135,-101
1,4,0.431967,GO 4,282,431,136,-105
1,3,0.431984,GO 4,282,431,137,-108
1,4,0.432018,GO 4,282,431,138,-112
1,4,0.432048,GO 4,282,431,139,-116
1,4,0.432082,GO 4,282,431,140,-120
-1,3,0.432094,GO 4,282,431,139,-123
-1,4,0.432123,GO 4,282,431,138,-127
-1,4,0.432135,GO 4,282,431,137,-131
-1,4,0.43217,GO 4,282,431,136,-135
-1,3,0.432205,GO 4,282,431,135,-138
-1,4,0.432234,GO 4,282,431,134,-142
-1,4,0.432245,GO 4,282,431,133,-146
-1,4,0.432274,GO 4,282,431,132,-150
-1,3,0.432303,GO 4,282,431,131,-153
-1,4,0.432321,GO 4,282,431,130,-157
1,4,0.43235,GO 4,282,431,131,-161
1,4,0.432385,GO 4,282,431,132,-165
1,3,0.432396,GO 4,282,431,133,-168
1,4,0.432414,GO 4,282,431,134,-172
1,4,0.432448,GO 4,282,431,135,-176
1,4,0.432477,GO 4,282,431,136,-180
-1,3,0.432501,GO 4,282,431,135,-183
-1,4,0.432536,GO 4,282,431,134,-187
-2,4,0.432541,GO 4,282,431,132,-191
-2,4,0.432565,GO 4,282,431,130,-195
-2,3,0.432599,GO 4,282,431,128,-198
-3,4,0.432628,GO 4,282,431,125,-202
-3,4,0.432657,GO 4,282,431,122,-206
-3,4,0.432686,GO 4,282,431,119,-210
-3,3,0.43271,GO 4,282,431,116,-213
-2,4,0.432721,GO 4,282,431,114,-217
-3,4,0.432744,GO 4,282,431,111,-221
-4,4,0.432785,GO 4,282,431,107,-225
-4,3,0.432808,GO 4,282,431,103,-228
-3,4,0.432814,GO 4,282,431,100,-232
-4,4,0.432855,GO 4,282,431,96,-236
-4,4,0.432878,GO 4,282,431,92,-240
-4,3,0.432901,GO 4,282,431,88,-243
-3,4,0.432936,GO 4,282,431,85,-247
-4,4,0.432953,GO 4,282,431,81,-251
-4,4,0.432965,GO 4,282,431,77,-255
-3,3,0.433,GO 4,282,431,74,-258
-3,4,0.433023,GO 4,282,431,71,-262
-2,4,0.433058,GO 4,282,431,69,-266
-3,4,0.433087,GO 4,282,431,66,-270
-3,3,0.43311,GO 4,282,431,63,-273
-3,4,0.433121,GO 4,282,431,60,-277
-3,4,0.433145,GO 4,282,431,57,-281
-2,4,0.433174,GO 4,282,431,55,-285
-3,3,0.433197,GO 4,282,431,52,-288
-3,4,0.433232,GO 4,282,431,49,-292
-3,4,0.43325,GO 4,282,431,46,-296
-3,4,0.433279,GO 4,282,431,43,-300
-3,3,0.433308,GO 4,282,431,40,-303
-4,4,0.433337,GO 4,282,431,36,-307
-4,4,0.433351,GO 4,282,431,32,-311
-4,4,0.433383,GO 4,282,431,28,-315
-3,3,0.433418,GO 4,282,431,25,-318
-4,4,0.433429,GO 4,282,431,21,-322
-3,4,0.433453,GO 4,282,431,18,-326
-3,4,0.43347,GO 4,282,431,15,-330
-3,3,0.433505,GO 4,282,431,12,-333
-1,4,0.433534,GO 4,282,431,11,-337
-2,4,0.433569,GO 4,282,431,9,-341
-1,4,0.433586,GO 4,282,431,8,-345
-1,3,0.433609,GO 4,282,431,7,-348
-1,4,0.433633,GO 4,282,431,6,-352
1,4,0.43365,GO 4,282,431,7,-356
1,4,0.433673,GO 4,282,431,8,-360
1,3,0.433702,GO 4,282,431,9,-363
1,4,0.433726,GO 4,282,431,10,-367
1,4,0.433743,GO 4,282,431,11,-371
1,4,0.433778,GO 4,282,431,12,-375
1,3,0.433801,GO 4,282,431,13,-378
1,4,0.433824,GO 4,282,431,14,-382
1,4,0.433853,GO 4,282,431,15,-386
1,4,0.433893,GO 4,282,431,16,-390
1,3,0.433905,GO 4,282,431,17,-393
-1,4,0.433917,GO 4,282,431,16,-397
-1,4,0.433952,GO 4,282,431,15,-401
-2,4,0.433975,GO 4,282,431,13,-405
-1,3,0.43401,GO 4,282,431,12,-408
-3,3,0.434039,GO 4,282,431,9,-411
-3,3,0.434056,GO 4,282,431,6,-414
-3,2,0.43408,GO 4,282,431,3,-416
-3,1,0.434103,GO 4,282,431,0,-417
-1,1,0.434161,GO 4,282,431,-1,-418
-2,1,0.43419,GO 4,282,431,-3,-419
-1,1,0.434254,GO 4,282,431,-4,-420
1,1,0.434887,GO 4,282,431,-3,-421
1,1,0.434921,GO 4,282,431,-2,-422
1,1,0.434939,GO 4,282,431,-1,-423
1,1,0.434978,GO 4,282,431,0,-424
1,1,0.435008,GO 4,282,431,1,-425
1,1,0.435066,GO 4,282,431,2,-426
1,1,0.43509,GO 4,282,431,3,-427
1,1,0.435136,GO 4,282,431,4,-428
1,1,0.435159,GO 4,282,431,5,-429
1,1,0.435223,GO 4,282,431,6,-430
1,1,0.435241,GO 4,282,431,7,-431
1,1,0.435287,GO 4,282,431,8,-432
1,1,0.437673,GO 4,282,431,9,-433
1,1,0.437725,GO 4,282,431,10,-434
1,1,0.437748,GO 4,282,431,11,-435
1,1,0.437777,GO 4,282,431,12,-436
1,1,0.437812,GO 4,282,431,13,-437
2,1,0.437853,GO 4,282,431,15,-438
1,1,0.43787,GO 4,282,431,16,-439
2,1,0.437905,GO 4,282,431,18,-440
2,1,0.437928,GO 4,282,431,20,-441
2,1,0.437957,GO 4,282,431,22,-442
1,1,0.438718,GO 4,282,431,23,-443
1,1,0.438751,GO 4,282,431,24,-444
1,1,0.438776,GO 4,282,431,25,-445
1,2,0.43884,GO 4,282,431,26,-447
1,2,0.438857,GO 4,282,431,27,-449
1,2,0.438898,GO 4,282,431,28,-451
1,2,0.438904,GO 4,282,431,29,-453
1,2,0.438927,GO 4,282,431,30,-455
1,2,0.43895,GO 4,282,431,31,-457
1,1,0.438991,GO 4,282,431,32,-458
1,2,0.43902,GO 4,282,431,33,-460
1,4,0.43906,GO 4,282,431,34,-464
2,2,0.439084,GO 4,282,431,36,-466
1,2,0.439107,GO 4,282,431,37,-468
1,2,0.439142,GO 4,282,431,38,-470
1,2,0.439159,GO 4,282,431,39,-472
1,1,0.439188,GO 4,282,431,40,-473
1,2,0.439217,GO 4,282,431,41,-475
1,2,0.43924,GO 4,282,431,42,-477
1,2,0.439252,GO 4,282,431,43,-479
1,2,0.439287,GO 4,282,431,44,-481
1,2,0.43931,GO 4,282,431,45,-483
1,2,0.439339,GO 4,282,431,46,-485
1,2,0.439351,GO 4,282,431,47,-487
1,2,0.43938,GO 4,282,431,48,-489
1,3,0.439409,GO 4,282,431,49,-492
1,3,0.439432,GO 4,282,431,50,-495
1,3,0.439455,GO 4,282,431,51,-498
1,3,0.439472,GO 4,282,431,52,-501
1,2,0.439501,GO 4,282,431,53,-503
1,2,0.439525,GO 4,282,431,54,-505
1,2,0.439565,GO 4,282,431,55,-507
1,2,0.439583,GO 4,282,431,56,-509
1,2,0.439606,GO 4,282,431,57,-511
1,2,0.439623,GO 4,282,431,58,-513
2,2,0.439664,GO 4,282,431,60,-515
1,2,0.439676,GO 4,282,431,61,-517
2,1,0.43971,GO 4,282,431,63,-518
2,2,0.43974,GO 4,282,431,65,-520
2,2,0.439757,GO 4,282,431,67,-522
2,2,0.439774,GO 4,282,431,69,-524
2,2,0.439798,GO 4,282,431,71,-526
2,2,0.439838,GO 4,282,431,73,-528
2,2,0.439861,GO 4,282,431,75,-530
1,2,0.439896,GO 4,282,431,76,-532
2,1,0.439908,GO 4,282,431,78,-533
2,1,0.439937,GO 4,282,431,80,-534
2,1,0.439948,GO 4,282,431,82,-535
2,1,0.439983,GO 4,282,431,84,-536
2,1,0.440012,GO 4,282,431,86,-537
2,1,0.44003,GO 4,282,431,88,-538
2,1,0.44007,GO 4,282,431,90,-539
1,1,0.440088,GO 4,282,431,91,-540
2,1,0.440102,GO 4,282,431,93,-541
2,1,0.440146,GO 4,282,431,95,-542
2,1,0.440167,GO 4,282,431,97,-543
2,1,0.440198,GO 4,282,431,99,-544
2,3,0.440231,GO 4,282,431,101,-547
4,2,0.440256,GO 4,282,431,105,-549
1,2,0.440285,GO 4,282,431,106,-551
2,2,0.44032,GO 4,282,431,108,-553
2,2,0.440349,GO 4,282,431,110,-555
2,2,0.440372,GO 4,282,431,112,-557
1,3,0.44039,GO 4,282,431,113,-560
1,2,0.440413,GO 4,282,431,114,-562
1,1,0.440436,GO 4,282,431,115,-563
1,2,0.440465,GO 4,282,431,116,-565
1,1,0.440494,GO 4,282,431,117,-566
1,1,0.440529,GO 4,282,431,118,-567
1,1,0.44057,GO 4,282,431,119,-568
1,1,0.440593,GO 4,282,431,120,-569
1,-1,0.446729,FRAY 5,338,307,121,-568
1,-1,0.446775,FRAY 5,338,307,122,-567
1,-1,0.446793,FRAY 5,338,307,123,-566
1,-1,0.446827,FRAY 5,338,307,124,-565
1,-2,0.446862,FRAY 5,338,307,125,-563
1,-2,0.44688,FRAY 5,338,307,126,-561
1,-3,0.446903,FRAY 5,338,307,127,-558
1,-3,0.446932,FRAY 5,338,307,128,-555
1,-2,0.446955,FRAY 5,338,307,129,-553
1,-3,0.446978,FRAY 5,338,307,130,-550
1,-3,0.447007,FRAY 5,338,307,131,-547
1,-3,0.447042,FRAY 5,338,307,132,-544
1,-3,0.447065,FRAY 5,338,307,133,-541
1,-2,0.447071,FRAY 5,338,307,134,-539
2,-3,0.447094,FRAY 5,338,307,136,-536
1,-3,0.447129,FRAY 5,338,307,137,-533
2,-3,0.447158,FRAY 5,338,307,139,-530
2,-3,0.447193,FRAY 5,338,307,141,-527
2,-3,0.447211,FRAY 5,338,307,143,-524
2,-2,0.447228,FRAY 5,338,307,145,-522
2,-3,0.447251,FRAY 5,338,307,147,-519
2,-3,0.44728,FRAY 5,338,307,149,-516
2,-3,0.447315,FRAY 5,338,307,151,-513
1,-3,0.447344,FRAY 5,338,307,152,-510
2,-2,0.447361,FRAY 5,338,307,154,-508
3,-3,0.447385,FRAY 5,338,307,157,-505
3,-3,0.447408,FRAY 5,338,307,160,-502
3,-3,0.447425,FRAY 5,338,307,163,-499
3,-3,0.447454,FRAY 5,338,307,166,-496
2,-2,0.447489,FRAY 5,338,307,168,-494
3,-3,0.447501,FRAY 5,338,307,171,-491
3,-3,0.447545,FRAY 5,338,307,174,-488
3,-3,0.447559,FRAY 5,338,307,177,-485
3,-3,0.447588,FRAY 5,338,307,180,-482
1,-3,0.447611,FRAY 5,338,307,181,-479
2,-2,0.44764,FRAY 5,338,307,183,-477
2,-3,0.447658,FRAY 5,338,307,185,-474
2,-6,0.447704,FRAY 5,338,307,187,-468
2,-3,0.447727,FRAY 5,338,307,189,-465
1,-2,0.447762,FRAY 5,338,307,190,-463
1,-3,0.447791,FRAY 5,338,307,191,-460
1,-3,0.447808,FRAY 5,338,307,192,-457
1,-3,0.447832,FRAY 5,338,307,193,-454
1,-3,0.447866,FRAY 5,338,307,194,-451
1,-2,0.447878,FRAY 5,338,307,195,-449
1,-3,0.447913,FRAY 5,338,307,196,-446
1,-3,0.447936,FRAY 5,338,307,197,-443
1,-3,0.447959,FRAY 5,338,307,198,-440
1,-3,0.447983,FRAY 5,338,307,199,-437
1,-3,0.448017,FRAY 5,338,307,200,-434
1,-2,0.448046,FRAY 5,338,307,201,-432
1,-3,0.448064,FRAY 5,338,307,202,-429
1,-3,0.448087,FRAY 5,338,307,203,-426
1,-3,0.448104,FRAY 5,338,307,204,-423
1,-3,0.448128,FRAY 5,338,307,205,-420
1,-2,0.448163,FRAY 5,338,307,206,-418
1,-3,0.448192,FRAY 5,338,307,207,-415
1,-3,0.448226,FRAY 5,338,307,208,-412
1,-3,0.448238,FRAY 5,338,307,209,-409
1,-3,0.448263,FRAY 5,338,307,210,-406
1,-2,0.44829,FRAY 5,338,307,211,-404
1,-3,0.448313,FRAY 5,338,307,212,-401
1,-3,0.448342,FRAY 5,338,307,213,-398
1,-3,0.448368,FRAY 5,338,307,214,-395
1,-3,0.448395,FRAY 5,338,307,215,-392
1,-3,0.448418,FRAY 5,338,307,216,-389
1,-2,0.448435,FRAY 5,338,307,217,-387
1,-3,0.448464,FRAY 5,338,307,218,-384
1,-3,0.448497,FRAY 5,338,307,219,-381
1,-3,0.448522,FRAY 5,338,307,220,-378
2,-2,0.448551,FRAY 5,338,307,222,-376
2,-2,0.448563,FRAY 5,338,307,224,-374
2,-1,0.448592,FRAY 5,338,307,226,-373
2,-2,0.44861,FRAY 5,338,307,228,-371
2,-2,0.448639,FRAY 5,338,307,230,-369
2,-2,0.448673,FRAY 5,338,307,232,-367
2,-2,0.448702,FRAY 5,338,307,234,-365
2,-2,0.44872,FRAY 5,338,307,236,-363
1,-2,0.448743,FRAY 5,338,307,237,-361
1,-2,0.44876,FRAY 5,338,307,238,-359
1,-1,0.448794,FRAY 5,338,307,239,-358
1,-2,0.448824,FRAY 5,338,307,240,-356
1,-2,0.448848,FRAY 5,338,307,241,-354
1,-2,0.448871,FRAY 5,338,307,242,-352
1,-1,0.448894,FRAY 5,338,307,243,-351
1,-1,0.448911,FRAY 5,338,307,244,-350
1,1,0.46347,SAN- 6,134,342,245,-351
-1,1,0.463505,SAN- 6,134,342,244,-352
-1,2,0.463557,SAN- 6,134,342,243,-354
-1,2,0.463575,SAN- 6,134,342,242,-356
-1,2,0.463598,SAN- 6,134,342,241,-358
-2,2,0.463621,SAN- 6,134,342,239,-360
-2,3,0.46365,SAN- 6,134,342,237,-363
-2,2,0.463685,SAN- 6,134,342,235,-365
-2,3,0.463702,SAN- 6,134,342,233,-368
-2,3,0.46372,SAN- 6,134,342,231,-371
-2,3,0.463743,SAN- 6,134,342,229,-374
-1,3,0.463778,SAN- 6,134,342,228,-377
-3,2,0.463807,SAN- 6,134,342,225,-379
-3,3,0.46383,SAN- 6,134,342,222,-382
-3,3,0.463853,SAN- 6,134,342,219,-385
-3,3,0.463871,SAN- 6,134,342,216,-388
-2,3,0.463894,SAN- 6,134,342,214,-391
-3,3,0.463917,SAN- 6,134,342,211,-394
-3,3,0.463946,SAN- 6,134,342,208,-397
-3,4,0.463981,SAN- 6,134,342,205,-401
-3,4,0.464016,SAN- 6,134,342,202,-405
-3,4,0.464016,SAN- 6,134,342,199,-409
-2,2,0.464045,SAN- 6,134,342,197,-411
-3,3,0.464068,SAN- 6,134,342,194,-414
-3,3,0.464097,SAN- 6,134,342,191,-417
-3,3,0.464132,SAN- 6,134,342,188,-420
-3,3,0.464155,SAN- 6,134,342,185,-423
-3,1,0.464173,SAN- 6,134,342,182,-424
-4,2,0.46419,SAN- 6,134,342,178,-426
-4,1,0.464219,SAN- 6,134,342,174,-427
-4,1,0.464242,SAN- 6,134,342,170,-428
-3,1,0.464277,SAN- 6,134,342,167,-429
-4,1,0.464289,SAN- 6,134,342,163,-430
-4,1,0.46462,SAN- 6,134,342,159,-431
-4,1,0.464655,SAN- 6,134,342,155,-432
-3,1,0.464678,SAN- 6,134,342,152,-433
-4,1,0.464689,SAN- 6,134,342,148,-434
-4,1,0.46473,SAN- 6,134,342,144,-435
-4,1,0.464747,SAN- 6,134,342,140,-436
-3,1,0.464771,SAN- 6,134,342,137,-437
-4,1,0.464805,SAN- 6,134,342,133,-438
-4,1,0.464829,SAN- 6,134,342,129,-439
-3,1,0.464881,SAN- 6,134,342,126,-440
-4,2,0.464916,SAN- 6,134,342,122,-442
-8,1,0.464948,SAN- 6,134,342,114,-443
-4,-1,0.465119,SAN- 6,134,342,110,-442
-4,-1,0.465148,SAN- 6,134,342,106,-441
-3,-1,0.465177,SAN- 6,134,342,103,-440
-4,-1,0.465206,SAN- 6,134,342,99,-439
-3,-1,0.465247,SAN- 6,134,342,96,-438
-2,-1,0.465281,SAN- 6,134,342,94,-437
-3,-1,0.465299,SAN- 6,134,342,91,-436
-3,-1,0.465328,SAN- 6,134,342,88,-435
-3,-1,0.465357,SAN- 6,134,342,85,-434
-3,-1,0.465369,SAN- 6,134,342,82,-433
-1,-1,0.465392,SAN- 6,134,342,81,-432
-2,-1,0.465421,SAN- 6,134,342,79,-431
-2,-1,0.465447,SAN- 6,134,342,77,-430
-2,-1,0.465479,SAN- 6,134,342,75,-429
-2,-1,0.465502,SAN- 6,134,342,73,-428
-2,-1,0.465519,SAN- 6,134,342,71,-427
-2,-1,0.465543,SAN- 6,134,342,69,-426
-2,-1,0.465566,SAN- 6,134,342,67,-425
-2,1,0.465763,SAN- 6,134,342,65,-426
-1,1,0.465816,SAN- 6,134,342,64,-427
-1,-1,0.478447,-TIA- 7,9,200,63,-426
-1,-2,0.478499,-TIA- 7,9,200,62,-424
-1,-2,0.478534,-TIA- 7,9,200,61,-422
-1,-2,0.478552,-TIA- 7,9,200,60,-420
-1,-2,0.478569,-TIA- 7,9,200,59,-418
-2,-1,0.478598,-TIA- 7,9,200,57,-417
-1,-2,0.478633,-TIA- 7,9,200,56,-415
-2,-2,0.478656,-TIA- 7,9,200,54,-413
-2,-2,0.478679,-TIA- 7,9,200,52,-411
-2,-1,0.478703,-TIA- 7,9,200,50,-410
-1,-1,0.478732,-TIA- 7,9,200,49,-409
-1,-1,0.478749,-TIA- 7,9,200,48,-408
-1,-1,0.479184,-TIA- 7,9,200,47,-407
-1,-1,0.479196,-TIA- 7,9,200,46,-406
-1,-1,0.479231,-TIA- 7,9,200,45,-405
-2,-2,0.47926,-TIA- 7,9,200,43,-403
-1,-2,0.479306,-TIA- 7,9,200,42,-401
-2,-2,0.479312,-TIA- 7,9,200,40,-399
-2,-1,0.479335,-TIA- 7,9,200,38,-398
-2,-3,0.479353,-TIA- 7,9,200,36,-395
-2,-3,0.479382,-TIA- 7,9,200,34,-392
-2,-3,0.479417,-TIA- 7,9,200,32,-389
-2,-3,0.479428,-TIA- 7,9,200,30,-386
-2,-3,0.479463,-TIA- 7,9,200,28,-383
-2,-2,0.479486,-TIA- 7,9,200,26,-381
-1,-3,0.479509,-TIA- 7,9,200,25,-378
-1,-3,0.479533,-TIA- 7,9,200,24,-375
-1,-3,0.479568,-TIA- 7,9,200,23,-372
-1,-3,0.479585,-TIA- 7,9,200,22,-369
-2,-2,0.479614,-TIA- 7,9,200,20,-367
-2,-3,0.479631,-TIA- 7,9,200,18,-364
-2,-3,0.479655,-TIA- 7,9,200,16,-361
-2,-3,0.479684,-TIA- 7,9,200,14,-358
-2,-3,0.479718,-TIA- 7,9,200,12,-355
-1,-2,0.479736,-TIA- 7,9,200,11,-353
-2,-3,0.479749,-TIA- 7,9,200,9,-350
-2,-3,0.479788,-TIA- 7,9,200,7,-347
-2,-3,0.479817,-TIA- 7,9,200,5,-344
-2,-2,0.47984,-TIA- 7,9,200,3,-342
-2,-2,0.479869,-TIA- 7,9,200,1,-340
-2,-2,0.479887,-TIA- 7,9,200,-1,-338
-2,-1,0.47991,-TIA- 7,9,200,-3,-337
-1,-2,0.479933,-TIA- 7,9,200,-4,-335
-2,-2,0.479968,-TIA- 7,9,200,-6,-333
-2,-2,0.479991,-TIA- 7,9,200,-8,-331
-2,-2,0.480015,-TIA- 7,9,200,-10,-329
-3,-2,0.480044,-TIA- 7,9,200,-13,-327
-3,-2,0.480061,-TIA- 7,9,200,-16,-325
-2,-2,0.480084,-TIA- 7,9,200,-18,-323
-3,-1,0.480119,-TIA- 7,9,200,-21,-322
-3,-2,0.480142,-TIA- 7,9,200,-24,-320
-3,-2,0.480165,-TIA- 7,9,200,-27,-318
-3,-3,0.4802,-TIA- 7,9,200,-30,-315
-3,-3,0.480212,-TIA- 7,9,200,-33,-312
-3,-3,0.480235,-TIA- 7,9,200,-36,-309
-4,-2,0.48027,-TIA- 7,9,200,-40,-307
-4,-3,0.480305,-TIA- 7,9,200,-44,-304
-3,-3,0.480316,-TIA- 7,9,200,-47,-301
-2,-3,0.48034,-TIA- 7,9,200,-49,-298
-3,-3,0.480369,-TIA- 7,9,200,-52,-295
-3,-2,0.48038,-TIA- 7,9,200,-55,-293
-2,-3,0.480415,-TIA- 7,9,200,-57,-290
-2,-3,0.480444,-TIA- 7,9,200,-59,-287
-2,-2,0.480479,-TIA- 7,9,200,-61,-285
-1,-2,0.480502,-TIA- 7,9,200,-62,-283
-1,-2,0.480514,-TIA- 7,9,200,-63,-281
-1,-2,0.480535,-TIA- 7,9,200,-64,-279
-1,-1,0.480566,-TIA- 7,9,200,-65,-278
-1,-2,0.480601,-TIA- 7,9,200,-66,-276
-1,-2,0.48063,-TIA- 7,9,200,-67,-274
-1,-2,0.480653,-TIA- 7,9,200,-68,-272
-1,-2,0.48067,-TIA- 7,9,200,-69,-270
-1,-2,0.480694,-TIA- 7,9,200,-70,-268
-1,-2,0.480717,-TIA- 7,9,200,-71,-266
-1,-3,0.480752,-TIA- 7,9,200,-72,-263
-1,-2,0.480781,-TIA- 7,9,200,-73,-261
-1,-3,0.480804,-TIA- 7,9,200,-74,-258
-1,-3,0.480821,-TIA- 7,9,200,-75,-255
-2,-3,0.480845,-TIA- 7,9,200,-77,-252
-2,-3,0.48085,-TIA- 7,9,200,-79,-249
-1,-2,0.480891,-TIA- 7,9,200,-80,-247
-2,-3,0.480914,-TIA- 7,9,200,-82,-244
-2,-3,0.480955,-TIA- 7,9,200,-84,-241
-2,-3,0.480967,-TIA- 7,9,200,-86,-238
-2,-3,0.48099,-TIA- 7,9,200,-88,-235
-2,-2,0.481013,-TIA- 7,9,200,-90,-233
-2,-3,0.481036,-TIA- 7,9,200,-92,-230
-2,-3,0.481071,-TIA- 7,9,200,-94,-227
-2,-3,0.481083,-TIA- 7,9,200,-96,-224
-1,-3,0.481117,-TIA- 7,9,200,-97,-221
-1,-3,0.481135,-TIA- 7,9,200,-98,-218
-1,-2,0.481164,-TIA- 7,9,200,-99,-216
-1,-3,0.481187,-TIA- 7,9,200,-100,-213
-1,-3,0.481222,-TIA- 7,9,200,-101,-210
-1,-3,0.481245,-TIA- 7,9,200,-102,-207
-1,-3,0.481268,-TIA- 7,9,200,-103,-204
-1,-2,0.481292,-TIA- 7,9,200,-104,-202
-1,-3,0.481315,-TIA- 7,9,200,-105,-199
-1,-3,0.481338,-TIA- 7,9,200,-106,-196
-1,-3,0.481373,-TIA- 7,9,200,-107,-193
-1,-3,0.481396,-TIA- 7,9,200,-108,-190
-1,-2,0.481425,-TIA- 7,9,200,-109,-188
-1,-3,0.481448,-TIA- 7,9,200,-110,-185
-1,-2,0.481472,-TIA- 7,9,200,-111,-183
-1,-2,0.481495,-TIA- 7,9,200,-112,-181
-1,-2,0.481518,-TIA- 7,9,200,-113,-179
-1,-2,0.481541,-TIA- 7,9,200,-114,-177
-1,-3,0.481593,-TIA- 7,9,200,-115,-174
-1,-2,0.481617,-TIA- 7,9,200,-116,-172
-1,-2,0.481646,-TIA- 7,9,200,-117,-170
-1,-2,0.481669,-TIA- 7,9,200,-118,-168
-1,-2,0.481692,-TIA- 7,9,200,-119,-166
-1,-1,0.481744,-TIA- 7,9,200,-120,-165
-1,-1,0.481773,-TIA- 7,9,200,-121,-164
-1,-1,0.481791,-TIA- 7,9,200,-122,-163
-1,-1,0.48182,-TIA- 7,9,200,-123,-162
-1,-2,0.481866,-TIA- 7,9,200,-124,-160
-1,-1,0.483254,-TIA- 7,9,200,-125,-159
-1,-1,0.483277,-TIA- 7,9,200,-126,-158
-2,-1,0.483312,-TIA- 7,9,200,-128,-157
-2,-2,0.483341,-TIA- 7,9,200,-130,-155
-4,-1,0.483381,-TIA- 7,9,200,-134,-154
-2,-1,0.483399,-TIA- 7,9,200,-136,-153
-2,-1,0.483428,-TIA- 7,9,200,-138,-152
-1,-1,0.483463,-TIA- 7,9,200,-139,-151
-2,-1,0.483498,-TIA- 7,9,200,-141,-150
-3,-1,0.483501,-TIA- 7,9,200,-144,-149
-3,-1,0.483544,-TIA- 7,9,200,-147,-148
-3,-1,0.483556,-TIA- 7,9,200,-150,-147
-2,-1,0.483602,-TIA- 7,9,200,-152,-146
-2,-1,0.483637,-TIA- 7,9,200,-154,-145
-2,-1,0.48366,-TIA- 7,9,200,-156,-144
-2,-1,0.483677,-TIA- 7,9,200,-158,-143
-2,-1,0.483701,-TIA- 7,9,200,-160,-142
-1,-1,0.483736,-TIA- 7,9,200,-161,-141
-1,-1,0.483759,-TIA- 7,9,200,-162,-140
-1,-1,0.483788,-TIA- 7,9,200,-163,-139
-1,-1,0.483823,-TIA- 7,9,200,-164,-138
-1,1,0.493232,GO 8,396,426,-165,-139
-1,2,0.493279,GO 8,396,426,-166,-141
-1,2,0.493302,GO 8,396,426,-167,-143
1,2,0.493325,GO 8,396,426,-166,-145
1,2,0.493372,GO 8,396,426,-165,-147
1,3,0.493383,GO 8,396,426,-164,-150
2,2,0.493407,GO 8,396,426,-162,-152
1,3,0.49343,GO 8,396,426,-161,-155
2,3,0.493459,GO 8,396,426,-159,-158
2,6,0.493494,GO 8,396,426,-157,-164
4,2,0.493534,GO 8,396,426,-153,-166
2,3,0.493558,GO 8,396,426,-151,-169
2,3,0.493592,GO 8,396,426,-149,-172
1,3,0.49361,GO 8,396,426,-148,-175
3,3,0.493639,GO 8,396,426,-145,-178
3,2,0.493645,GO 8,396,426,-142,-180
3,3,0.493685,GO 8,396,426,-139,-183
3,3,0.493708,GO 8,396,426,-136,-186
3,3,0.493743,GO 8,396,426,-133,-189
2,3,0.493761,GO 8,396,426,-131,-192
3,3,0.493784,GO 8,396,426,-128,-195
3,2,0.493807,GO 8,396,426,-125,-197
3,3,0.49383,GO 8,396,426,-122,-200
3,3,0.493859,GO 8,396,426,-119,-203
2,3,0.493887,GO 8,396,426,-117,-206
3,3,0.493912,GO 8,396,426,-114,-209
3,2,0.493935,GO 8,396,426,-111,-211
3,3,0.493958,GO 8,396,426,-108,-214
3,3,0.493981,GO 8,396,426,-105,-217
2,3,0.494016,GO 8,396,426,-103,-220
3,3,0.494039,GO 8,396,426,-100,-223
3,2,0.494068,GO 8,396,426,-97,-225
3,3,0.494092,GO 8,396,426,-94,-228
3,3,0.494109,GO 8,396,426,-91,-231
3,3,0.494132,GO 8,396,426,-88,-234
2,3,0.494155,GO 8,396,426,-86,-237
3,3,0.49419,GO 8,396,426,-83,-240
3,1,0.494225,GO 8,396,426,-80,-241
3,4,0.494254,GO 8,396,426,-77,-245
5,2,0.494277,GO 8,396,426,-72,-247
3,2,0.494311,GO 8,396,426,-69,-249
3,2,0.494341,GO 8,396,426,-66,-251
3,2,0.494376,GO 8,396,426,-63,-253
3,2,0.494405,GO 8,396,426,-60,-255
2,1,0.494417,GO 8,396,426,-58,-256
3,3,0.49444,GO 8,396,426,-55,-259
3,3,0.494463,GO 8,396,426,-52,-262
3,3,0.494492,GO 8,396,426,-49,-265
3,2,0.494515,GO 8,396,426,-46,-267
3,2,0.494544,GO 8,396,426,-43,-269
2,1,0.494568,GO 8,396,426,-41,-270
3,2,0.494591,GO 8,396,426,-38,-272
3,2,0.494614,GO 8,396,426,-35,-274
3,2,0.494637,GO 8,396,426,-32,-276
3,2,0.494678,GO 8,396,426,-29,-278
2,2,0.494701,GO 8,396,426,-27,-280
3,2,0.494719,GO 8,396,426,-24,-282
3,3,0.494742,GO 8,396,426,-21,-285
3,2,0.494765,GO 8,396,426,-18,-287
3,3,0.494788,GO 8,396,426,-15,-290
2,3,0.494823,GO 8,396,426,-13,-293
3,3,0.494852,GO 8,396,426,-10,-296
3,3,0.494864,GO 8,396,426,-7,-299
3,2,0.494899,GO 8,396,426,-4,-301
3,3,0.494916,GO 8,396,426,-1,-304
2,3,0.494939,GO 8,396,426,1,-307
3,3,0.494974,GO 8,396,426,4,-310
3,3,0.495003,GO 8,396,426,7,-313
3,2,0.49502,GO 8,396,426,10,-315
3,3,0.495049,GO 8,396,426,13,-318
3,3,0.495078,GO 8,396,426,16,-321
2,2,0.495096,GO 8,396,426,18,-323
3,2,0.495119,GO 8,396,426,21,-325
3,2,0.495148,GO 8,396,426,24,-327
3,1,0.495175,GO 8,396,426,27,-328
3,1,0.4952,GO 8,396,426,30,-329
2,1,0.495224,GO 8,396,426,32,-330
3,1,0.495572,GO 8,396,426,35,-331
3,1,0.4956,GO 8,396,426,38,-332
2,1,0.495624,GO 8,396,426,40,-333
3,1,0.495653,GO 8,396,426,43,-334
3,1,0.495671,GO 8,396,426,46,-335
3,1,0.495711,GO 8,396,426,49,-336
3,1,0.495723,GO 8,396,426,52,-337
2,1,0.495752,GO 8,396,426,54,-338
3,1,0.495775,GO 8,396,426,57,-339
3,1,0.495804,GO 8,396,426,60,-340
3,1,0.495827,GO 8,396,426,63,-341
3,1,0.495851,GO 8,396,426,66,-342
3,1,0.495885,GO 8,396,426,69,-343
2,1,0.495909,GO 8,396,426,71,-344
3,1,0.495926,GO 8,396,426,74,-345
3,1,0.495972,GO 8,396,426,77,-346
3,1,0.496007,GO 8,396,426,80,-347
2,1,0.496036,GO 8,396,426,82,-348
3,1,0.496071,GO 8,396,426,85,-349
3,1,0.496077,GO 8,396,426,88,-350
3,1,0.4961,GO 8,396,426,91,-351
3,2,0.496135,GO 8,396,426,94,-353
2,2,0.496158,GO 8,396,426,96,-355
3,2,0.496187,GO 8,396,426,99,-357
3,2,0.496205,GO 8,396,426,102,-359
3,1,0.496228,GO 8,396,426,105,-360
3,2,0.496245,GO 8,396,426,108,-362
2,2,0.496268,GO 8,396,426,110,-364
3,2,0.496298,GO 8,396,426,113,-366
3,2,0.496327,GO 8,396,426,116,-368
3,2,0.496361,GO 8,396,426,119,-370
3,2,0.496367,GO 8,396,426,122,-372
3,2,0.49639,GO 8,396,426,125,-374
2,1,0.496414,GO 8,396,426,127,-375
3,2,0.496448,GO 8,396,426,130,-377
3,2,0.496472,GO 8,396,426,133,-379
3,2,0.496495,GO 8,396,426,136,-381
3,2,0.496518,GO 8,396,426,139,-383
2,2,0.496541,GO 8,396,426,141,-385
3,2,0.496576,GO 8,396,426,144,-387
3,2,0.496599,GO 8,396,426,147,-389
3,1,0.496623,GO 8,396,426,150,-390
3,2,0.496652,GO 8,396,426,153,-392
2,2,0.496675,GO 8,396,426,155,-394
3,2,0.496698,GO 8,396,426,158,-396
3,2,0.496727,GO 8,396,426,161,-398
3,2,0.496762,GO 8,396,426,164,-400
3,2,0.496785,GO 8,396,426,167,-402
3,2,0.496797,GO 8,396,426,170,-404
2,1,0.496826,GO 8,396,426,172,-405
3,2,0.496849,GO 8,396,426,175,-407
3,2,0.496872,GO 8,396,426,178,-409
3,2,0.496913,GO 8,396,426,181,-411
3,2,0.496948,GO 8,396,426,184,-413
2,2,0.496953,GO 8,396,426,186,-415
3,2,0.496977,GO 8,396,426,189,-417
3,2,0.496994,GO 8,396,426,192,-419
3,1,0.497023,GO 8,396,426,195,-420
3,2,0.497058,GO 8,396,426,198,-422
2,2,0.49707,GO 8,396,426,200,-424
3,2,0.497104,GO 8,396,426,203,-426
3,2,0.497128,GO 8,396,426,206,-428
3,2,0.497151,GO 8,396,426,209,-430
3,2,0.49718,GO 8,396,426,212,-432
2,2,0.497209,GO 8,396,426,214,-434
3,1,0.497215,GO 8,396,426,217,-435
3,2,0.497255,GO 8,396,426,220,-437
3,2,0.497279,GO 8,396,426,223,-439
3,2,0.497296,GO 8,396,426,226,-441
3,2,0.497331,GO 8,396,426,229,-443
2,2,0.49736,GO 8,396,426,231,-445
3,2,0.497377,GO 8,396,426,234,-447
3,2,0.4974,GO 8,396,426,237,-449
3,1,0.497435,GO 8,396,426,240,-450
3,2,0.497459,GO 8,396,426,243,-452
2,2,0.497482,GO 8,396,426,245,-454
3,2,0.497511,GO 8,396,426,248,-456
3,2,0.497528,GO 8,396,426,251,-458
3,2,0.497551,GO 8,396,426,254,-460
3,2,0.497586,GO 8,396,426,257,-462
2,2,0.497609,GO 8,396,426,259,-464
3,1,0.497638,GO 8,396,426,262,-465
3,2,0.497662,GO 8,396,426,265,-467
3,2,0.497679,GO 8,396,426,268,-469
3,2,0.497702,GO 8,396,426,271,-471
3,2,0.497726,GO 8,396,426,274,-473
2,2,0.49776,GO 8,396,426,276,-475
3,2,0.497794,GO 8,396,426,279,-477
3,2,0.497824,GO 8,396,426,282,-479
3,1,0.49783,GO 8,396,426,285,-480
3,2,0.497847,GO 8,396,426,288,-482
2,2,0.497882,GO 8,396,426,290,-484
3,2,0.497905,GO 8,396,426,293,-486
3,2,0.497946,GO 8,396,426,296,-488
3,2,0.497975,GO 8,396,426,299,-490
3,1,0.497987,GO 8,396,426,302,-491
2,1,0.49801,GO 8,396,426,304,-492
3,1,0.498027,GO 8,396,426,307,-493
3,1,0.498056,GO 8,396,426,310,-494
3,1,0.498091,GO 8,396,426,313,-495
3,1,0.498126,GO 8,396,426,316,-496
2,1,0.498153,GO 8,396,426,318,-497
3,1,0.498178,GO 8,396,426,321,-498
3,1,0.498207,GO 8,396,426,324,-499
3,1,0.498231,GO 8,396,426,327,-500
3,1,0.49826,GO 8,396,426,330,-501
2,1,0.498289,GO 8,396,426,332,-502
3,1,0.498306,GO 8,396,426,335,-503
3,1,0.498335,GO 8,396,426,338,-504
3,1,0.49837,GO 8,396,426,341,-505
3,1,0.498381,GO 8,396,426,344,-506
2,1,0.498405,GO 8,396,426,346,-507
3,1,0.498427,GO 8,396,426,349,-508
3,1,0.498457,GO 8,396,426,352,-509
3,1,0.498486,GO 8,396,426,355,-510
2,1,0.498532,GO 8,396,426,357,-511
3,1,0.498561,GO 8,396,426,360,-512
3,1,0.498585,GO 8,396,426,363,-513
3,1,0.498608,GO 8,396,426,366,-514
3,1,0.498631,GO 8,396,426,369,-515
3,1,0.498672,GO 8,396,426,372,-516
2,1,0.498683,GO 8,396,426,374,-517
3,1,0.498718,GO 8,396,426,377,-518
3,1,0.498736,GO 8,396,426,380,-519
3,1,0.498759,GO 8,396,426,383,-520
3,1,0.498782,GO 8,396,426,386,-521
2,1,0.498817,GO 8,396,426,388,-522
2,1,0.498834,GO 8,396,426,390,-523
2,1,0.498851,GO 8,396,426,392,-524
2,1,0.498887,GO 8,396,426,394,-525
1,1,0.499008,GO 8,396,426,395,-526
1,1,0.499066,GO 8,396,426,396,-527
1,1,0.49909,GO 8,396,426,397,-528
-1,1,0.499119,GO 8,396,426,396,-529
-1,1,0.499136,GO 8,396,426,395,-530
-1,1,0.499183,GO 8,396,426,394,-531
-1,1,0.499217,GO 8,396,426,393,-532
-1,1,0.499241,GO 8,396,426,392,-533
-1,1,0.499264,GO 8,396,426,391,-534
-1,-1,0.499606,GO 8,396,426,390,-533
-1,-1,0.499649,GO 8,396,426,389,-532
-1,-1,0.499676,GO 8,396,426,388,-531
-1,-2,0.499734,GO 8,396,426,387,-529
-1,-2,0.499763,GO 8,396,426,386,-527
-1,-2,0.499792,GO 8,396,426,385,-525
-1,-1,0.499815,GO 8,396,426,384,-524
-1,-1,0.49985,GO 8,396,426,383,-523
-1,1,0.49996,GO 8,396,426,382,-524
-1,1,0.499989,GO 8,396,426,381,-525
-1,1,0.500036,GO 8,396,426,380,-526
1,-1,0.500512,GO 8,396,426,381,-525
2,-1,0.500541,GO 8,396,426,383,-524
2,-1,0.500558,GO 8,396,426,385,-523
2,-1,0.500599,GO 8,396,426,387,-522
1,-1,0.500628,GO 8,396,426,388,-521
2,-1,0.50064,GO 8,396,426,390,-520
3,-1,0.500663,GO 8,396,426,393,-519
3,-1,0.500692,GO 8,396,426,396,-518
3,-1,0.500721,GO 8,396,426,399,-517
3,1,0.500779,GO 8,396,426,402,-518
3,1,0.500813,GO 8,396,426,405,-519
3,1,0.500837,GO 8,396,426,408,-520
3,1,0.500878,GO 8,396,426,411,-521
2,1,0.500883,GO 8,396,426,413,-522
2,1,0.500907,GO 8,396,426,415,-523
2,1,0.500941,GO 8,396,426,417,-524
2,1,0.500965,GO 8,396,426,419,-525
1,1,0.501011,GO 8,396,426,420,-526
