deltaX,deltaY,WHEN,SYLLABLE,XofButton,YofButton,XofTrace,YofTrace
-1,1,0.01298,Yield,0,0,-1,-1
-1,1,0.0130032,Yield,0,0,-2,-2
-2,1,0.0130554,Yield,0,0,-4,-3
-2,1,0.0130902,Yield,0,0,-6,-4
-2,1,0.0131193,Yield,0,0,-8,-5
-3,1,0.0131309,Yield,0,0,-11,-6
-3,1,0.0131541,Yield,0,0,-14,-7
-2,1,0.0131773,Yield,0,0,-16,-8
-3,1,0.0132063,Yield,0,0,-19,-9
-1,1,0.0134168,Yield,0,0,-20,-10
-1,1,0.0134734,Yield,0,0,-21,-11
-1,1,0.0135372,Yield,0,0,-22,-12
-1,1,0.0135488,Yield,0,0,-23,-13
-1,1,0.0135953,Yield,0,0,-24,-14
-1,1,0.0136185,Yield,0,0,-25,-15
-1,1,0.0136649,Yield,0,0,-26,-16
-1,1,0.0136998,Yield,0,0,-27,-17
-1,1,0.013752,Yield,0,0,-28,-18
-1,-1,0.0139436,Yield,0,0,-29,-17
-1,-1,0.0139668,Yield,0,0,-30,-16
-1,-1,0.0139842,Yield,0,0,-31,-15
-2,-2,0.0140481,Yield,0,0,-33,-13
-1,-2,0.0140829,Yield,0,0,-34,-11
-2,-2,0.0140887,Yield,0,0,-36,-9
-2,-2,0.0141119,Yield,0,0,-38,-7
-3,-2,0.014141,Yield,0,0,-41,-5
-3,-2,0.01417,Yield,0,0,-44,-3
-3,-2,0.0142048,Yield,0,0,-47,-1
-2,-1,0.0142338,Yield,0,0,-49,0
-3,-1,0.0142396,Yield,0,0,-52,1
-3,-1,0.0142687,Yield,0,0,-55,2
-2,-1,0.0142977,Yield,0,0,-57,3
-1,-1,0.0144893,Yield,0,0,-58,4
-1,-1,0.0145241,Yield,0,0,-59,5
-2,-1,0.0145473,Yield,0,0,-61,6
-2,-1,0.0145705,Yield,0,0,-63,7
-1,-1,0.0146004,Yield,0,0,-64,8
-3,-1,0.0146344,Yield,0,0,-67,9
-3,-1,0.014646,Yield,0,0,-70,10
-3,-1,0.014675,Yield,0,0,-73,11
-3,-1,0.0147331,Yield,0,0,-76,12
-2,-1,0.0147563,Yield,0,0,-78,13
-3,-1,0.0147853,Yield,0,0,-81,14
-3,-1,0.0147969,Yield,0,0,-84,15
-3,-1,0.0148201,Yield,0,0,-87,16
-3,-1,0.0148492,Yield,0,0,-90,17
-2,-1,0.014884,Yield,0,0,-92,18
-2,1,0.0150001,Yield,0,0,-94,17
-3,1,0.0150349,Yield,0,0,-97,16
-3,2,0.0150756,Yield,0,0,-100,14
-6,1,0.0150988,Yield,0,0,-106,13
-3,1,0.0151278,Yield,0,0,-109,12
-2,1,0.0151684,Yield,0,0,-111,11
-3,1,0.0152033,Yield,0,0,-114,10
-6,1,0.0152378,Yield,0,0,-120,9
-3,1,0.0152671,Yield,0,0,-123,8
-2,2,0.015302,Yield,0,0,-125,6
-1,1,0.0245203,Yield,0,0,-126,5
-1,1,0.0245841,Yield,0,0,-127,4
1,1,0.0246132,Yield,0,0,-126,3
1,1,0.0246364,Yield,0,0,-125,2
1,2,0.0247118,Yield,0,0,-124,0
-1,1,0.0247409,Yield,0,0,-125,-1
-1,1,0.0247583,Yield,0,0,-126,-2
-1,1,0.0248279,Yield,0,0,-127,-3
-1,2,0.0248628,Yield,0,0,-128,-5
-4,1,0.0248918,Yield,0,0,-132,-6
-2,1,0.0249092,Yield,0,0,-134,-7
-2,1,0.024944,Yield,0,0,-136,-8
-1,1,0.0249731,Yield,0,0,-137,-9
-2,1,0.0250079,Yield,0,0,-139,-10
-2,1,0.0250195,Yield,0,0,-141,-11
-2,1,0.0250369,Yield,0,0,-143,-12
-2,1,0.025095,Yield,0,0,-145,-13
-1,1,0.0331465,FRAY 1,247,176,-146,-14
-1,1,0.0331987,FRAY 1,247,176,-147,-15
-1,1,0.0332278,FRAY 1,247,176,-148,-16
-1,1,0.0332742,FRAY 1,247,176,-149,-17
-1,1,0.0332974,FRAY 1,247,176,-150,-18
-1,2,0.0333671,FRAY 1,247,176,-151,-20
-1,4,0.0334019,FRAY 1,247,176,-152,-24
-1,2,0.0334309,FRAY 1,247,176,-153,-26
-1,3,0.0334658,FRAY 1,247,176,-154,-29
1,8,0.0335006,FRAY 1,247,176,-153,-37
2,4,0.0335296,FRAY 1,247,176,-151,-41
1,3,0.0335586,FRAY 1,247,176,-150,-44
1,4,0.0335819,FRAY 1,247,176,-149,-48
1,4,0.0336167,FRAY 1,247,176,-148,-52
1,4,0.0336341,FRAY 1,247,176,-147,-56
1,3,0.0336631,FRAY 1,247,176,-146,-59
-1,4,0.0336689,FRAY 1,247,176,-147,-63
-1,4,0.0337038,FRAY 1,247,176,-148,-67
-1,4,0.033727,FRAY 1,247,176,-149,-71
-1,3,0.0337502,FRAY 1,247,176,-150,-74
-1,3,0.033785,FRAY 1,247,176,-151,-77
-1,3,0.0338141,FRAY 1,247,176,-152,-80
-1,3,0.0338257,FRAY 1,247,176,-153,-83
-1,3,0.0338547,FRAY 1,247,176,-154,-86
-1,2,0.0338779,FRAY 1,247,176,-155,-88
-1,3,0.0339069,FRAY 1,247,176,-156,-91
1,3,0.0339302,FRAY 1,247,176,-155,-94
1,3,0.0339592,FRAY 1,247,176,-154,-97
1,3,0.033965,FRAY 1,247,176,-153,-100
1,2,0.0339882,FRAY 1,247,176,-152,-102
2,4,0.0340172,FRAY 1,247,176,-150,-106
2,4,0.0340521,FRAY 1,247,176,-148,-110
2,4,0.0340811,FRAY 1,247,176,-146,-114
2,3,0.0340869,FRAY 1,247,176,-144,-117
2,4,0.0341101,FRAY 1,247,176,-142,-121
2,4,0.0341391,FRAY 1,247,176,-140,-125
1,4,0.0341682,FRAY 1,247,176,-139,-129
2,3,0.034203,FRAY 1,247,176,-137,-132
2,4,0.034232,FRAY 1,247,176,-135,-136
2,4,0.0342436,FRAY 1,247,176,-133,-140
2,4,0.0342668,FRAY 1,247,176,-131,-144
2,3,0.0342959,FRAY 1,247,176,-129,-147
2,4,0.0343191,FRAY 1,247,176,-127,-151
2,4,0.0343539,FRAY 1,247,176,-125,-155
1,4,0.0343829,FRAY 1,247,176,-124,-159
1,3,0.0343946,FRAY 1,247,176,-123,-162
1,4,0.0344178,FRAY 1,247,176,-122,-166
1,4,0.0344468,FRAY 1,247,176,-121,-170
1,4,0.0344816,FRAY 1,247,176,-120,-174
1,2,0.0344932,FRAY 1,247,176,-119,-176
1,3,0.0345281,FRAY 1,247,176,-118,-179
1,3,0.0345455,FRAY 1,247,176,-117,-182
1,3,0.0345687,FRAY 1,247,176,-116,-185
1,3,0.0345919,FRAY 1,247,176,-115,-188
1,3,0.0346268,FRAY 1,247,176,-114,-191
1,2,0.0346442,FRAY 1,247,176,-113,-193
1,3,0.0346732,FRAY 1,247,176,-112,-196
1,3,0.0346906,FRAY 1,247,176,-111,-199
2,4,0.0347138,FRAY 1,247,176,-109,-203
2,3,0.0347371,FRAY 1,247,176,-107,-206
2,4,0.0347719,FRAY 1,247,176,-105,-210
2,4,0.0348009,FRAY 1,247,176,-103,-214
2,4,0.0348125,FRAY 1,247,176,-101,-218
2,3,0.0348299,FRAY 1,247,176,-99,-221
3,4,0.0348473,FRAY 1,247,176,-96,-225
3,4,0.0348764,FRAY 1,247,176,-93,-229
3,4,0.0349054,FRAY 1,247,176,-90,-233
3,7,0.034946,FRAY 1,247,176,-87,-240
5,4,0.0349693,FRAY 1,247,176,-82,-244
3,4,0.0349925,FRAY 1,247,176,-79,-248
3,3,0.0350157,FRAY 1,247,176,-76,-251
3,4,0.0350505,FRAY 1,247,176,-73,-255
2,4,0.0350854,FRAY 1,247,176,-71,-259
3,4,0.0350912,FRAY 1,247,176,-68,-263
3,3,0.035126,FRAY 1,247,176,-65,-266
3,3,0.035155,FRAY 1,247,176,-62,-269
3,3,0.0351724,FRAY 1,247,176,-59,-272
3,3,0.0352061,FRAY 1,247,176,-56,-275
2,2,0.0352363,FRAY 1,247,176,-54,-277
3,2,0.0352479,FRAY 1,247,176,-51,-279
3,2,0.0352769,FRAY 1,247,176,-48,-281
3,1,0.0353001,FRAY 1,247,176,-45,-282
3,2,0.0353234,FRAY 1,247,176,-42,-284
2,2,0.0353582,FRAY 1,247,176,-40,-286
3,3,0.0353814,FRAY 1,247,176,-37,-289
3,3,0.0353988,FRAY 1,247,176,-34,-292
3,3,0.035422,FRAY 1,247,176,-31,-295
3,2,0.0354511,FRAY 1,247,176,-28,-297
2,4,0.0354743,FRAY 1,247,176,-26,-301
3,4,0.0355091,FRAY 1,247,176,-23,-305
3,4,0.0355381,FRAY 1,247,176,-20,-309
3,3,0.0355498,FRAY 1,247,176,-17,-312
3,4,0.035573,FRAY 1,247,176,-14,-316
3,4,0.035602,FRAY 1,247,176,-11,-320
2,4,0.0356368,FRAY 1,247,176,-9,-324
3,3,0.0356426,FRAY 1,247,176,-6,-327
3,4,0.0356821,FRAY 1,247,176,-3,-331
3,4,0.0356891,FRAY 1,247,176,0,-335
3,4,0.0357123,FRAY 1,247,176,3,-339
2,2,0.0357471,FRAY 1,247,176,5,-341
3,3,0.0357703,FRAY 1,247,176,8,-344
3,3,0.0357936,FRAY 1,247,176,11,-347
3,3,0.0358284,FRAY 1,247,176,14,-350
3,2,0.03584,FRAY 1,247,176,17,-352
2,2,0.0358632,FRAY 1,247,176,19,-354
3,2,0.0358922,FRAY 1,247,176,22,-356
3,1,0.0359213,FRAY 1,247,176,25,-357
3,2,0.0359619,FRAY 1,247,176,28,-359
3,2,0.0359793,FRAY 1,247,176,31,-361
3,2,0.0359967,FRAY 1,247,176,34,-363
2,2,0.0360186,FRAY 1,247,176,36,-365
3,3,0.0360432,FRAY 1,247,176,39,-368
3,3,0.0360722,FRAY 1,247,176,42,-371
3,2,0.036107,FRAY 1,247,176,45,-373
3,3,0.0361361,FRAY 1,247,176,48,-376
2,3,0.0361477,FRAY 1,247,176,50,-379
3,3,0.0361767,FRAY 1,247,176,53,-382
3,3,0.0361941,FRAY 1,247,176,56,-385
3,2,0.0362231,FRAY 1,247,176,59,-387
3,3,0.036258,FRAY 1,247,176,62,-390
2,3,0.036287,FRAY 1,247,176,64,-393
3,3,0.0362986,FRAY 1,247,176,67,-396
3,3,0.0363218,FRAY 1,247,176,70,-399
3,2,0.0363508,FRAY 1,247,176,73,-401
3,2,0.0363683,FRAY 1,247,176,76,-403
2,2,0.0363915,FRAY 1,247,176,78,-405
3,2,0.0364263,FRAY 1,247,176,81,-407
3,2,0.0364495,FRAY 1,247,176,84,-409
3,2,0.0364727,FRAY 1,247,176,87,-411
3,2,0.0365076,FRAY 1,247,176,90,-413
3,2,0.0365366,FRAY 1,247,176,93,-415
2,1,0.0365424,FRAY 1,247,176,95,-416
3,2,0.0365772,FRAY 1,247,176,98,-418
3,2,0.0366005,FRAY 1,247,176,101,-420
3,3,0.0366237,FRAY 1,247,176,104,-423
3,3,0.0366527,FRAY 1,247,176,107,-426
2,3,0.0366875,FRAY 1,247,176,109,-429
3,2,0.0366933,FRAY 1,247,176,112,-431
3,3,0.0367282,FRAY 1,247,176,115,-434
3,3,0.0367514,FRAY 1,247,176,118,-437
3,3,0.0367746,FRAY 1,247,176,121,-440
2,3,0.0368094,FRAY 1,247,176,123,-443
3,3,0.0368385,FRAY 1,247,176,126,-446
3,2,0.0368501,FRAY 1,247,176,129,-448
3,3,0.0368733,FRAY 1,247,176,132,-451
3,3,0.0368907,FRAY 1,247,176,135,-454
3,3,0.0369139,FRAY 1,247,176,138,-457
2,3,0.0369429,FRAY 1,247,176,140,-460
3,2,0.0369778,FRAY 1,247,176,143,-462
3,3,0.0369836,FRAY 1,247,176,146,-465
3,2,0.0370068,FRAY 1,247,176,149,-467
3,2,0.0370416,FRAY 1,247,176,152,-469
2,2,0.0370707,FRAY 1,247,176,154,-471
3,2,0.0370881,FRAY 1,247,176,157,-473
3,2,0.0371229,FRAY 1,247,176,160,-475
3,1,0.0371403,FRAY 1,247,176,163,-476
2,2,0.0371926,FRAY 1,247,176,165,-478
3,2,0.0372274,FRAY 1,247,176,168,-480
3,2,0.0372506,FRAY 1,247,176,171,-482
3,2,0.0372738,FRAY 1,247,176,174,-484
3,2,0.0372912,FRAY 1,247,176,177,-486
2,2,0.0373145,FRAY 1,247,176,179,-488
3,2,0.0373459,FRAY 1,247,176,182,-490
3,2,0.0373783,FRAY 1,247,176,185,-492
3,3,0.0374073,FRAY 1,247,176,188,-495
3,3,0.0374248,FRAY 1,247,176,191,-498
3,3,0.037448,FRAY 1,247,176,194,-501
2,3,0.0374654,FRAY 1,247,176,196,-504
3,2,0.0374886,FRAY 1,247,176,199,-506
3,3,0.0375234,FRAY 1,247,176,202,-509
3,3,0.0375525,FRAY 1,247,176,205,-512
3,3,0.0375699,FRAY 1,247,176,208,-515
2,3,0.0375931,FRAY 1,247,176,210,-518
3,3,0.0376163,FRAY 1,247,176,213,-521
3,1,0.0376395,FRAY 1,247,176,216,-522
3,2,0.0376802,FRAY 1,247,176,219,-524
3,2,0.0377034,FRAY 1,247,176,222,-526
2,1,0.0377266,FRAY 1,247,176,224,-527
3,1,0.037744,FRAY 1,247,176,227,-528
3,1,0.0377673,FRAY 1,247,176,230,-529
3,-1,0.0378543,FRAY 1,247,176,233,-528
2,-1,0.0378892,FRAY 1,247,176,235,-527
3,-1,0.0379008,FRAY 1,247,176,238,-526
3,1,0.0380923,FRAY 1,247,176,241,-527
2,1,0.0381156,FRAY 1,247,176,243,-528
3,1,0.0381562,FRAY 1,247,176,246,-529
3,1,0.0381736,FRAY 1,247,176,249,-530
3,1,0.0381968,FRAY 1,247,176,252,-531
3,1,0.03822,FRAY 1,247,176,255,-532
3,1,0.0382433,FRAY 1,247,176,258,-533
2,1,0.0382665,FRAY 1,247,176,260,-534
3,1,0.0383013,FRAY 1,247,176,263,-535
3,1,0.0383187,FRAY 1,247,176,266,-536
3,1,0.038371,FRAY 1,247,176,269,-537
2,1,0.0383942,FRAY 1,247,176,271,-538
3,1,0.0384174,FRAY 1,247,176,274,-539
3,1,0.038458,FRAY 1,247,176,277,-540
3,1,0.0384697,FRAY 1,247,176,280,-541
3,1,0.0384987,FRAY 1,247,176,283,-542
2,1,0.0385219,FRAY 1,247,176,285,-543
3,1,0.0385567,FRAY 1,247,176,288,-544
3,1,0.0385741,FRAY 1,247,176,291,-545
3,1,0.0386032,FRAY 1,247,176,294,-546
3,1,0.0386206,FRAY 1,247,176,297,-547
2,1,0.0386438,FRAY 1,247,176,299,-548
3,1,0.0386728,FRAY 1,247,176,302,-549
3,1,0.0387019,FRAY 1,247,176,305,-550
3,1,0.0387251,FRAY 1,247,176,308,-551
3,1,0.0387715,FRAY 1,247,176,311,-552
2,1,0.0387947,FRAY 1,247,176,313,-553
3,1,0.0388296,FRAY 1,247,176,316,-554
3,1,0.0388528,FRAY 1,247,176,319,-555
3,1,0.0388818,FRAY 1,247,176,322,-556
3,1,0.038905,FRAY 1,247,176,325,-557
2,1,0.0389224,FRAY 1,247,176,327,-558
3,1,0.0389457,FRAY 1,247,176,330,-559
3,1,0.0389689,FRAY 1,247,176,333,-560
3,1,0.0390037,FRAY 1,247,176,336,-561
3,1,0.0390327,FRAY 1,247,176,339,-562
2,1,0.0390618,FRAY 1,247,176,341,-563
3,1,0.0390618,FRAY 1,247,176,344,-564
3,1,0.0390792,FRAY 1,247,176,347,-565
3,1,0.0391024,FRAY 1,247,176,350,-566
3,1,0.0391663,FRAY 1,247,176,353,-567
2,1,0.0392011,FRAY 1,247,176,355,-568
3,1,0.0392069,FRAY 1,247,176,358,-569
3,1,0.0392301,FRAY 1,247,176,361,-570
3,1,0.0392533,FRAY 1,247,176,364,-571
3,1,0.0392882,FRAY 1,247,176,367,-572
3,1,0.0393114,FRAY 1,247,176,370,-573
2,2,0.039352,FRAY 1,247,176,372,-575
3,2,0.0393578,FRAY 1,247,176,375,-577
3,1,0.0393868,FRAY 1,247,176,378,-578
3,2,0.0394101,FRAY 1,247,176,381,-580
3,2,0.0394333,FRAY 1,247,176,384,-582
3,2,0.0394623,FRAY 1,247,176,387,-584
2,1,0.0394971,FRAY 1,247,176,389,-585
3,1,0.0395146,FRAY 1,247,176,392,-586
3,1,0.0395378,FRAY 1,247,176,395,-587
3,1,0.039561,FRAY 1,247,176,398,-588
3,1,0.0395842,FRAY 1,247,176,401,-589
2,1,0.0396132,FRAY 1,247,176,403,-590
2,-1,0.0397351,FRAY 1,247,176,405,-589
3,-1,0.03977,FRAY 1,247,176,408,-588
3,-1,0.039799,FRAY 1,247,176,411,-587
3,-1,0.0398164,FRAY 1,247,176,414,-586
3,-2,0.0398396,FRAY 1,247,176,417,-584
2,-2,0.0398629,FRAY 1,247,176,419,-582
3,-2,0.0398977,FRAY 1,247,176,422,-580
3,-2,0.0399209,FRAY 1,247,176,425,-578
3,-1,0.0399441,FRAY 1,247,176,428,-577
3,-2,0.0399673,FRAY 1,247,176,431,-575
3,-2,0.0399732,FRAY 1,247,176,434,-573
2,-2,0.0399964,FRAY 1,247,176,436,-571
3,-2,0.0400312,FRAY 1,247,176,439,-569
3,-2,0.0400544,FRAY 1,247,176,442,-567
3,-2,0.0400718,FRAY 1,247,176,445,-565
3,-2,0.0401009,FRAY 1,247,176,448,-563
2,-1,0.0401241,FRAY 1,247,176,450,-562
3,-2,0.0401531,FRAY 1,247,176,453,-560
3,-2,0.0401821,FRAY 1,247,176,456,-558
3,-2,0.040217,FRAY 1,247,176,459,-556
3,-2,0.0402228,FRAY 1,247,176,462,-554
2,-2,0.0402634,FRAY 1,247,176,464,-552
3,-2,0.0402808,FRAY 1,247,176,467,-550
3,-2,0.040304,FRAY 1,247,176,470,-548
3,-1,0.0403331,FRAY 1,247,176,473,-547
3,-2,0.0403679,FRAY 1,247,176,476,-545
3,-2,0.0403795,FRAY 1,247,176,479,-543
2,-2,0.0403969,FRAY 1,247,176,481,-541
3,-2,0.0404317,FRAY 1,247,176,484,-539
3,-2,0.040455,FRAY 1,247,176,487,-537
3,-2,0.040484,FRAY 1,247,176,490,-535
3,-2,0.040513,FRAY 1,247,176,493,-533
2,-1,0.0405362,FRAY 1,247,176,495,-532
3,-2,0.0405478,FRAY 1,247,176,498,-530
3,-2,0.0405827,FRAY 1,247,176,501,-528
3,-1,0.0406059,FRAY 1,247,176,504,-527
3,-1,0.0406291,FRAY 1,247,176,507,-526
2,-1,0.0406639,FRAY 1,247,176,509,-525
3,-1,0.040678,FRAY 1,247,176,512,-524
3,-1,0.0407046,FRAY 1,247,176,515,-523
3,-1,0.0407278,FRAY 1,247,176,518,-522
3,-1,0.0407568,FRAY 1,247,176,521,-521
3,1,0.0408787,FRAY 1,247,176,524,-522
3,1,0.0409078,FRAY 1,247,176,527,-523
2,1,0.0409364,FRAY 1,247,176,529,-524
3,1,0.0409658,FRAY 1,247,176,532,-525
3,2,0.0409948,FRAY 1,247,176,535,-527
3,1,0.0410064,FRAY 1,247,176,538,-528
2,1,0.0410297,FRAY 1,247,176,540,-529
2,1,0.0410638,FRAY 1,247,176,542,-530
1,1,0.0410877,FRAY 1,247,176,543,-531
1,1,0.0411516,FRAY 1,247,176,544,-532
1,1,0.0411574,FRAY 1,247,176,545,-533
1,1,0.0411806,FRAY 1,247,176,546,-534
1,1,0.0412386,FRAY 1,247,176,547,-535
1,1,0.0414128,FRAY 1,247,176,548,-536
1,1,0.041465,FRAY 1,247,176,549,-537
1,1,0.0414883,FRAY 1,247,176,550,-538
1,1,0.0415521,FRAY 1,247,176,551,-539
1,1,0.0415579,FRAY 1,247,176,552,-540
1,1,0.0498242,FRAY 1,247,176,553,-541
1,1,0.0498474,FRAY 1,247,176,554,-542
1,1,0.0498707,FRAY 1,247,176,555,-543
2,1,0.0499113,FRAY 1,247,176,557,-544
2,2,0.0499171,FRAY 1,247,176,559,-546
2,2,0.0499577,FRAY 1,247,176,561,-548
2,2,0.0499751,FRAY 1,247,176,563,-550
2,1,0.0499984,FRAY 1,247,176,565,-551
2,3,0.0500332,FRAY 1,247,176,567,-554
2,3,0.0500622,FRAY 1,247,176,569,-557
1,3,0.0500738,FRAY 1,247,176,570,-560
2,3,0.0501098,FRAY 1,247,176,572,-563
2,3,0.0501261,FRAY 1,247,176,574,-566
2,2,0.0501493,FRAY 1,247,176,576,-568
2,3,0.0501841,FRAY 1,247,176,578,-571
2,3,0.0502073,FRAY 1,247,176,580,-574
2,3,0.0502248,FRAY 1,247,176,582,-577
1,3,0.050248,FRAY 1,247,176,583,-580
1,1,0.0502828,FRAY 1,247,176,584,-581
1,2,0.050306,FRAY 1,247,176,585,-583
1,1,0.0503293,FRAY 1,247,176,586,-584
1,1,0.0503583,FRAY 1,247,176,587,-585
1,1,0.0503757,FRAY 1,247,176,588,-586
1,1,0.0504337,FRAY 1,247,176,589,-587
1,1,0.0504802,FRAY 1,247,176,590,-588
1,1,0.0505034,FRAY 1,247,176,591,-589
1,1,0.0505498,FRAY 1,247,176,592,-590
1,1,0.0505758,FRAY 1,247,176,593,-591
1,1,0.0506079,FRAY 1,247,176,594,-592
1,1,0.0506311,FRAY 1,247,176,595,-593
1,1,0.0506543,FRAY 1,247,176,596,-594
1,2,0.050695,FRAY 1,247,176,597,-596
2,2,0.0507066,FRAY 1,247,176,599,-598
2,3,0.0507298,FRAY 1,247,176,601,-601
2,3,0.0507588,FRAY 1,247,176,603,-604
2,3,0.050782,FRAY 1,247,176,605,-607
2,2,0.0508053,FRAY 1,247,176,607,-609
2,3,0.0508459,FRAY 1,247,176,609,-612
2,3,0.0508575,FRAY 1,247,176,611,-615
1,2,0.0508807,FRAY 1,247,176,612,-617
2,2,0.0509098,FRAY 1,247,176,614,-619
1,2,0.0509446,FRAY 1,247,176,615,-621
1,1,0.0509736,FRAY 1,247,176,616,-622
1,1,0.0510084,FRAY 1,247,176,617,-623
1,1,0.0510317,FRAY 1,247,176,618,-624
1,1,0.0513161,FRAY 1,247,176,619,-625
1,1,0.0513625,FRAY 1,247,176,620,-626
1,1,0.0513916,FRAY 1,247,176,621,-627
1,2,0.051409,FRAY 1,247,176,622,-629
1,2,0.0514598,FRAY 1,247,176,623,-631
1,2,0.051467,FRAY 1,247,176,624,-633
1,1,0.0514902,FRAY 1,247,176,625,-634
2,2,0.0515135,FRAY 1,247,176,627,-636
2,2,0.0515367,FRAY 1,247,176,629,-638
1,2,0.0515773,FRAY 1,247,176,630,-640
1,2,0.0515889,FRAY 1,247,176,631,-642
1,2,0.051618,FRAY 1,247,176,632,-644
1,1,0.0516412,FRAY 1,247,176,633,-645
1,1,0.0516644,FRAY 1,247,176,634,-646
1,1,0.0517283,FRAY 1,247,176,635,-647
1,-1,0.0524829,SAN- 2,251,427,636,-646
1,-1,0.0525003,SAN- 2,251,427,637,-645
1,-1,0.0525235,SAN- 2,251,427,638,-644
1,-1,0.0525468,SAN- 2,251,427,639,-643
1,-1,0.0525816,SAN- 2,251,427,640,-642
1,-1,0.0526338,SAN- 2,251,427,641,-641
1,-1,0.0526512,SAN- 2,251,427,642,-640
1,-1,0.053104,SAN- 2,251,427,643,-639
1,-1,0.0531273,SAN- 2,251,427,644,-638
1,-1,0.0531737,SAN- 2,251,427,645,-637
1,-1,0.0532085,SAN- 2,251,427,646,-636
1,-1,0.0532235,SAN- 2,251,427,647,-635
1,1,0.054027,SAN- 2,251,427,648,-636
1,2,0.0540793,SAN- 2,251,427,649,-638
-1,2,0.0541199,SAN- 2,251,427,648,-640
-1,2,0.0541257,SAN- 2,251,427,647,-642
-1,2,0.0541547,SAN- 2,251,427,646,-644
-1,3,0.054178,SAN- 2,251,427,645,-647
-1,3,0.054207,SAN- 2,251,427,644,-650
-1,3,0.0542302,SAN- 2,251,427,643,-653
-1,3,0.054265,SAN- 2,251,427,642,-656
-1,3,0.0542981,SAN- 2,251,427,641,-659
-1,4,0.0543057,SAN- 2,251,427,640,-663
-1,4,0.0543289,SAN- 2,251,427,639,-667
-1,4,0.0543521,SAN- 2,251,427,638,-671
-1,3,0.0543869,SAN- 2,251,427,637,-674
-1,4,0.054416,SAN- 2,251,427,636,-678
-1,4,0.0544334,SAN- 2,251,427,635,-682
-1,4,0.0544566,SAN- 2,251,427,634,-686
-1,3,0.0544798,SAN- 2,251,427,633,-689
-1,4,0.054503,SAN- 2,251,427,632,-693
-1,4,0.0545379,SAN- 2,251,427,631,-697
-1,4,0.0545669,SAN- 2,251,427,630,-701
-1,3,0.0546017,SAN- 2,251,427,629,-704
-1,4,0.0546075,SAN- 2,251,427,628,-708
-1,4,0.0546307,SAN- 2,251,427,627,-712
-1,4,0.0546656,SAN- 2,251,427,626,-716
-1,3,0.0546946,SAN- 2,251,427,625,-719
-2,4,0.0547178,SAN- 2,251,427,623,-723
-1,4,0.0547352,SAN- 2,251,427,622,-727
-2,4,0.0547527,SAN- 2,251,427,620,-731
-2,3,0.0547759,SAN- 2,251,427,618,-734
-3,4,0.0548049,SAN- 2,251,427,615,-738
-3,8,0.0548688,SAN- 2,251,427,612,-746
-5,3,0.0548804,SAN- 2,251,427,607,-749
-2,4,0.0549036,SAN- 2,251,427,605,-753
-2,3,0.0549268,SAN- 2,251,427,603,-756
-1,4,0.0549558,SAN- 2,251,427,602,-760
-1,4,0.0549907,SAN- 2,251,427,601,-764
-1,3,0.0550139,SAN- 2,251,427,600,-767
-1,4,0.0550313,SAN- 2,251,427,599,-771
-1,4,0.0550545,SAN- 2,251,427,598,-775
-1,4,0.0550777,SAN- 2,251,427,597,-779
-1,3,0.0551126,SAN- 2,251,427,596,-782
-1,4,0.0551416,SAN- 2,251,427,595,-786
-1,4,0.0551532,SAN- 2,251,427,594,-790
-1,4,0.0551822,SAN- 2,251,427,593,-794
-2,3,0.0552054,SAN- 2,251,427,591,-797
-2,4,0.0552287,SAN- 2,251,427,589,-801
-2,4,0.0552519,SAN- 2,251,427,587,-805
-2,4,0.0552867,SAN- 2,251,427,585,-809
-3,3,0.0553041,SAN- 2,251,427,582,-812
-3,4,0.0553332,SAN- 2,251,427,579,-816
-2,4,0.0553564,SAN- 2,251,427,577,-820
-3,4,0.0553805,SAN- 2,251,427,574,-824
-4,3,0.0554064,SAN- 2,251,427,570,-827
-4,4,0.0554376,SAN- 2,251,427,566,-831
-3,4,0.0554551,SAN- 2,251,427,563,-835
-4,4,0.0554783,SAN- 2,251,427,559,-839
-4,3,0.0555131,SAN- 2,251,427,555,-842
-4,4,0.0555363,SAN- 2,251,427,551,-846
-3,4,0.0555595,SAN- 2,251,427,548,-850
-4,4,0.0555886,SAN- 2,251,427,544,-854
-4,3,0.055606,SAN- 2,251,427,540,-857
-3,4,0.0556292,SAN- 2,251,427,537,-861
-3,4,0.055664,SAN- 2,251,427,534,-865
-2,4,0.0556931,SAN- 2,251,427,532,-869
-2,3,0.0557105,SAN- 2,251,427,530,-872
-2,4,0.0557395,SAN- 2,251,427,528,-876
-2,4,0.0557569,SAN- 2,251,427,526,-880
-1,4,0.0557801,SAN- 2,251,427,525,-884
-1,3,0.0558034,SAN- 2,251,427,524,-887
-1,4,0.0558382,SAN- 2,251,427,523,-891
-1,4,0.0558614,SAN- 2,251,427,522,-895
-1,4,0.0558962,SAN- 2,251,427,521,-899
-1,3,0.0559253,SAN- 2,251,427,520,-902
-1,4,0.0559369,SAN- 2,251,427,519,-906
-1,4,0.0559601,SAN- 2,251,427,518,-910
-1,4,0.0559891,SAN- 2,251,427,517,-914
-1,3,0.0560239,SAN- 2,251,427,516,-917
-1,4,0.0560472,SAN- 2,251,427,515,-921
-1,4,0.0560704,SAN- 2,251,427,514,-925
-1,4,0.0560878,SAN- 2,251,427,513,-929
-1,3,0.056111,SAN- 2,251,427,512,-932
-1,4,0.0561459,SAN- 2,251,427,511,-936
-1,4,0.0561749,SAN- 2,251,427,510,-940
-1,4,0.0562039,SAN- 2,251,427,509,-944
-1,4,0.0562213,SAN- 2,251,427,508,-948
-1,4,0.0562387,SAN- 2,251,427,507,-952
-1,3,0.056262,SAN- 2,251,427,506,-955
-1,4,0.0562968,SAN- 2,251,427,505,-959
-1,4,0.0563258,SAN- 2,251,427,504,-963
-1,4,0.0563548,SAN- 2,251,427,503,-967
-1,3,0.0563664,SAN- 2,251,427,502,-970
-1,4,0.0563897,SAN- 2,251,427,501,-974
-1,4,0.0564129,SAN- 2,251,427,500,-978
-1,4,0.0564361,SAN- 2,251,427,499,-982
-1,3,0.0564767,SAN- 2,251,427,498,-985
-1,4,0.0565,SAN- 2,251,427,497,-989
-1,4,0.0565174,SAN- 2,251,427,496,-993
-1,4,0.0565406,SAN- 2,251,427,495,-997
-1,3,0.0565638,SAN- 2,251,427,494,-1000
-1,4,0.056587,SAN- 2,251,427,493,-1004
-1,4,0.0566219,SAN- 2,251,427,492,-1008
-1,4,0.0566567,SAN- 2,251,427,491,-1012
-1,7,0.0566915,SAN- 2,251,427,490,-1019
-1,4,0.0567182,SAN- 2,251,427,489,-1023
-1,4,0.0567438,SAN- 2,251,427,488,-1027
-1,3,0.0567728,SAN- 2,251,427,487,-1030
-1,4,0.0568134,SAN- 2,251,427,486,-1034
-1,4,0.0568366,SAN- 2,251,427,485,-1038
-2,4,0.0568483,SAN- 2,251,427,483,-1042
-2,3,0.0568773,SAN- 2,251,427,481,-1045
-2,4,0.0569121,SAN- 2,251,427,479,-1049
-2,4,0.0569295,SAN- 2,251,427,477,-1053
-3,4,0.0569411,SAN- 2,251,427,474,-1057
-2,3,0.0569876,SAN- 2,251,427,472,-1060
-3,4,0.0569992,SAN- 2,251,427,469,-1064
-3,4,0.0570224,SAN- 2,251,427,466,-1068
-3,4,0.0570572,SAN- 2,251,427,463,-1072
-3,3,0.0570805,SAN- 2,251,427,460,-1075
-1,4,0.0570921,SAN- 2,251,427,459,-1079
-2,4,0.0571269,SAN- 2,251,427,457,-1083
-2,4,0.0571501,SAN- 2,251,427,455,-1087
-2,3,0.0571733,SAN- 2,251,427,453,-1090
-2,4,0.0572082,SAN- 2,251,427,451,-1094
-2,4,0.0572256,SAN- 2,251,427,449,-1098
-2,4,0.0572604,SAN- 2,251,427,447,-1102
-2,3,0.057272,SAN- 2,251,427,445,-1105
-1,4,0.057301,SAN- 2,251,427,444,-1109
-1,4,0.0573243,SAN- 2,251,427,443,-1113
-1,4,0.0573591,SAN- 2,251,427,442,-1117
-1,3,0.0573881,SAN- 2,251,427,441,-1120
-1,4,0.0573939,SAN- 2,251,427,440,-1124
-1,4,0.0574229,SAN- 2,251,427,439,-1128
-1,4,0.057452,SAN- 2,251,427,438,-1132
-1,4,0.0574752,SAN- 2,251,427,437,-1136
-1,4,0.05751,SAN- 2,251,427,436,-1140
-1,3,0.057539,SAN- 2,251,427,435,-1143
-1,4,0.0575507,SAN- 2,251,427,434,-1147
-1,4,0.0575739,SAN- 2,251,427,433,-1151
-1,4,0.0575971,SAN- 2,251,427,432,-1155
-1,3,0.0576261,SAN- 2,251,427,431,-1158
-1,3,0.0576493,SAN- 2,251,427,430,-1161
-1,3,0.0576842,SAN- 2,251,427,429,-1164
-1,6,0.0577248,SAN- 2,251,427,428,-1170
-2,2,0.057748,SAN- 2,251,427,426,-1172
-1,3,0.0577829,SAN- 2,251,427,425,-1175
-1,3,0.0578061,SAN- 2,251,427,424,-1178
-1,3,0.0578351,SAN- 2,251,427,423,-1181
-1,3,0.0578699,SAN- 2,251,427,422,-1184
-1,3,0.0578757,SAN- 2,251,427,421,-1187
-1,4,0.057899,SAN- 2,251,427,420,-1191
-1,4,0.0579338,SAN- 2,251,427,419,-1195
-1,4,0.057957,SAN- 2,251,427,418,-1199
-1,3,0.057986,SAN- 2,251,427,417,-1202
-1,4,0.0580209,SAN- 2,251,427,416,-1206
-1,4,0.0580267,SAN- 2,251,427,415,-1210
-1,4,0.0580499,SAN- 2,251,427,414,-1214
-1,3,0.0580778,SAN- 2,251,427,413,-1217
-1,4,0.0581079,SAN- 2,251,427,412,-1221
-1,4,0.0581428,SAN- 2,251,427,411,-1225
-1,4,0.0581718,SAN- 2,251,427,410,-1229
-1,3,0.0581834,SAN- 2,251,427,409,-1232
-1,4,0.0582066,SAN- 2,251,427,408,-1236
-1,4,0.0582298,SAN- 2,251,427,407,-1240
-1,4,0.0582589,SAN- 2,251,427,406,-1244
-1,3,0.0582821,SAN- 2,251,427,405,-1247
-1,4,0.0583227,SAN- 2,251,427,404,-1251
-1,4,0.0583343,SAN- 2,251,427,403,-1255
-2,4,0.0583576,SAN- 2,251,427,401,-1259
-2,3,0.0583808,SAN- 2,251,427,399,-1262
-2,4,0.0584139,SAN- 2,251,427,397,-1266
-1,4,0.0584446,SAN- 2,251,427,396,-1270
-1,4,0.0584562,SAN- 2,251,427,395,-1274
-1,3,0.0584678,SAN- 2,251,427,394,-1277
-1,4,0.0584911,SAN- 2,251,427,393,-1281
1,4,0.0585259,SAN- 2,251,427,394,-1285
1,4,0.0585375,SAN- 2,251,427,395,-1289
2,3,0.0585781,SAN- 2,251,427,397,-1292
2,4,0.0586014,SAN- 2,251,427,399,-1296
2,4,0.0586188,SAN- 2,251,427,401,-1300
2,4,0.058642,SAN- 2,251,427,403,-1304
1,3,0.0586768,SAN- 2,251,427,404,-1307
2,4,0.0586942,SAN- 2,251,427,406,-1311
3,4,0.0587349,SAN- 2,251,427,409,-1315
3,4,0.0587581,SAN- 2,251,427,412,-1319
3,1,0.0587721,SAN- 2,251,427,415,-1320
3,4,0.0587987,SAN- 2,251,427,418,-1324
2,4,0.058822,SAN- 2,251,427,420,-1328
3,3,0.0588626,SAN- 2,251,427,423,-1331
3,4,0.05888,SAN- 2,251,427,426,-1335
3,4,0.058909,SAN- 2,251,427,429,-1339
3,4,0.0589425,SAN- 2,251,427,432,-1343
2,3,0.0589497,SAN- 2,251,427,434,-1346
3,4,0.0589729,SAN- 2,251,427,437,-1350
3,4,0.0590077,SAN- 2,251,427,440,-1354
3,4,0.0590367,SAN- 2,251,427,443,-1358
3,3,0.0590425,SAN- 2,251,427,446,-1361
2,4,0.0590774,SAN- 2,251,427,448,-1365
3,4,0.0591006,SAN- 2,251,427,451,-1369
3,4,0.0591238,SAN- 2,251,427,454,-1373
3,3,0.0591586,SAN- 2,251,427,457,-1376
3,4,0.0591877,SAN- 2,251,427,460,-1380
3,4,0.0591993,SAN- 2,251,427,463,-1384
2,4,0.0592283,SAN- 2,251,427,465,-1388
3,3,0.0592515,SAN- 2,251,427,468,-1391
3,4,0.0592747,SAN- 2,251,427,471,-1395
3,4,0.0593096,SAN- 2,251,427,474,-1399
3,4,0.0593386,SAN- 2,251,427,477,-1403
2,3,0.0593502,SAN- 2,251,427,479,-1406
3,4,0.0593734,SAN- 2,251,427,482,-1410
3,4,0.0594054,SAN- 2,251,427,485,-1414
3,4,0.0594315,SAN- 2,251,427,488,-1418
3,3,0.0594547,SAN- 2,251,427,491,-1421
2,4,0.0594953,SAN- 2,251,427,493,-1425
3,4,0.0595011,SAN- 2,251,427,496,-1429
3,4,0.0595244,SAN- 2,251,427,499,-1433
3,3,0.0595592,SAN- 2,251,427,502,-1436
3,4,0.0595882,SAN- 2,251,427,505,-1440
3,3,0.0596056,SAN- 2,251,427,508,-1443
2,3,0.0596463,SAN- 2,251,427,510,-1446
3,3,0.0596521,SAN- 2,251,427,513,-1449
3,2,0.0596753,SAN- 2,251,427,516,-1451
3,3,0.0597101,SAN- 2,251,427,519,-1454
3,3,0.0597391,SAN- 2,251,427,522,-1457
2,2,0.059774,SAN- 2,251,427,524,-1459
3,2,0.0597972,SAN- 2,251,427,527,-1461
3,2,0.059803,SAN- 2,251,427,530,-1463
3,1,0.0598262,SAN- 2,251,427,533,-1464
3,2,0.059861,SAN- 2,251,427,536,-1466
2,2,0.0598843,SAN- 2,251,427,538,-1468
3,2,0.0599249,SAN- 2,251,427,541,-1470
2,2,0.0599307,SAN- 2,251,427,543,-1472
2,2,0.0599597,SAN- 2,251,427,545,-1474
2,2,0.0599829,SAN- 2,251,427,547,-1476
2,3,0.0600062,SAN- 2,251,427,549,-1479
1,2,0.0600352,SAN- 2,251,427,550,-1481
1,2,0.0600758,SAN- 2,251,427,551,-1483
1,2,0.0600874,SAN- 2,251,427,552,-1485
1,2,0.0601107,SAN- 2,251,427,553,-1487
1,2,0.0601339,SAN- 2,251,427,554,-1489
1,2,0.0601571,SAN- 2,251,427,555,-1491
1,2,0.0601861,SAN- 2,251,427,556,-1493
1,1,0.0602442,SAN- 2,251,427,557,-1494
1,1,0.0602616,SAN- 2,251,427,558,-1495
1,1,0.0717439,SAN- 2,251,427,559,-1496
1,1,0.0717845,SAN- 2,251,427,560,-1497
1,1,0.0718077,SAN- 2,251,427,561,-1498
2,2,0.0718367,SAN- 2,251,427,563,-1500
2,2,0.07186,SAN- 2,251,427,565,-1502
2,2,0.0718948,SAN- 2,251,427,567,-1504
2,2,0.0719238,SAN- 2,251,427,569,-1506
2,2,0.0719412,SAN- 2,251,427,571,-1508
1,2,0.0719877,SAN- 2,251,427,572,-1510
1,2,0.0720167,SAN- 2,251,427,573,-1512
1,2,0.0720457,SAN- 2,251,427,574,-1514
1,1,0.0720689,SAN- 2,251,427,575,-1515
1,1,0.0721096,-TIA- 3,244,189,576,-1516
1,1,0.0721328,-TIA- 3,244,189,577,-1517
1,1,0.0721966,-TIA- 3,244,189,578,-1518
1,1,0.0737234,-TIA- 3,244,189,579,-1519
2,1,0.0737466,-TIA- 3,244,189,581,-1520
1,1,0.0737719,-TIA- 3,244,189,582,-1521
2,1,0.0738046,-TIA- 3,244,189,584,-1522
2,1,0.0738366,-TIA- 3,244,189,586,-1523
2,1,0.0738511,-TIA- 3,244,189,588,-1524
2,1,0.0738743,-TIA- 3,244,189,590,-1525
1,-1,0.0741239,-TIA- 3,244,189,591,-1524
1,-1,0.0741705,-TIA- 3,244,189,592,-1523
1,-1,0.0745419,-TIA- 3,244,189,593,-1522
-1,-2,0.074556,-TIA- 3,244,189,592,-1520
-1,-2,0.0745883,-TIA- 3,244,189,591,-1518
-2,-1,0.0746057,-TIA- 3,244,189,589,-1517
-2,-3,0.0746289,-TIA- 3,244,189,587,-1514
-1,-3,0.0746601,-TIA- 3,244,189,586,-1511
-2,-3,0.0746928,-TIA- 3,244,189,584,-1508
-2,-3,0.0747218,-TIA- 3,244,189,582,-1505
-2,-3,0.0747392,-TIA- 3,244,189,580,-1502
-2,-2,0.0747566,-TIA- 3,244,189,578,-1500
-2,-3,0.0747799,-TIA- 3,244,189,576,-1497
-1,-3,0.0748147,-TIA- 3,244,189,575,-1494
-1,-3,0.0748379,-TIA- 3,244,189,574,-1491
-1,-3,0.0748669,-TIA- 3,244,189,573,-1488
1,-2,0.0748844,-TIA- 3,244,189,574,-1486
2,-2,0.0749076,-TIA- 3,244,189,576,-1484
2,-2,0.0749308,-TIA- 3,244,189,578,-1482
2,-2,0.0749598,-TIA- 3,244,189,580,-1480
2,-1,0.0749888,-TIA- 3,244,189,582,-1479
2,-2,0.0750121,-TIA- 3,244,189,584,-1477
1,-2,0.0750469,-TIA- 3,244,189,585,-1475
1,-2,0.0750527,-TIA- 3,244,189,586,-1473
1,-1,0.0750759,-TIA- 3,244,189,587,-1472
1,-3,0.0751166,-TIA- 3,244,189,588,-1469
1,-3,0.075134,-TIA- 3,244,189,589,-1466
1,-3,0.075163,-TIA- 3,244,189,590,-1463
1,-6,0.0752094,-TIA- 3,244,189,591,-1457
2,-2,0.0752268,-TIA- 3,244,189,593,-1455
1,-3,0.0752559,-TIA- 3,244,189,594,-1452
1,-3,0.0752791,-TIA- 3,244,189,595,-1449
1,-3,0.0753158,-TIA- 3,244,189,596,-1446
1,-3,0.0753488,-TIA- 3,244,189,597,-1443
1,-2,0.0753546,-TIA- 3,244,189,598,-1441
1,-3,0.0753836,-TIA- 3,244,189,599,-1438
1,-3,0.0754068,-TIA- 3,244,189,600,-1435
1,-3,0.07543,-TIA- 3,244,189,601,-1432
1,-3,0.075459,-TIA- 3,244,189,602,-1429
-1,-2,0.0754997,-TIA- 3,244,189,601,-1427
-1,-3,0.0755113,-TIA- 3,244,189,600,-1424
-1,-3,0.0755345,-TIA- 3,244,189,599,-1421
-1,-3,0.0755635,-TIA- 3,244,189,598,-1418
-1,-3,0.075581,-TIA- 3,244,189,597,-1415
-2,-3,0.07561,-TIA- 3,244,189,595,-1412
-2,-2,0.0756448,-TIA- 3,244,189,593,-1410
-1,-3,0.0756622,-TIA- 3,244,189,592,-1407
-1,-3,0.0756854,-TIA- 3,244,189,591,-1404
-1,-3,0.075718,-TIA- 3,244,189,590,-1401
-1,-3,0.0757493,-TIA- 3,244,189,589,-1398
-1,-2,0.0757667,-TIA- 3,244,189,588,-1396
-1,-3,0.0757957,-TIA- 3,244,189,587,-1393
-1,-3,0.0758132,-TIA- 3,244,189,586,-1390
-1,-3,0.0758364,-TIA- 3,244,189,585,-1387
-1,-3,0.0758596,-TIA- 3,244,189,584,-1384
-1,-2,0.0759002,-TIA- 3,244,189,583,-1382
-1,-3,0.0759118,-TIA- 3,244,189,582,-1379
-1,-3,0.0759525,-TIA- 3,244,189,581,-1376
-1,-3,0.0759641,-TIA- 3,244,189,580,-1373
-1,-3,0.0759873,-TIA- 3,244,189,579,-1370
-1,-3,0.0760105,-TIA- 3,244,189,578,-1367
-1,-2,0.0760512,-TIA- 3,244,189,577,-1365
-1,-3,0.0760628,-TIA- 3,244,189,576,-1362
-1,-3,0.076086,-TIA- 3,244,189,575,-1359
-1,-3,0.076115,-TIA- 3,244,189,574,-1356
-2,-3,0.0761403,-TIA- 3,244,189,572,-1353
-2,-2,0.0761556,-TIA- 3,244,189,570,-1351
-2,-3,0.0761905,-TIA- 3,244,189,568,-1348
-2,-3,0.0762195,-TIA- 3,244,189,566,-1345
-1,-3,0.0762253,-TIA- 3,244,189,565,-1342
-2,-3,0.0762601,-TIA- 3,244,189,563,-1339
-2,-2,0.0762834,-TIA- 3,244,189,561,-1337
-2,-3,0.0763066,-TIA- 3,244,189,559,-1334
-2,-3,0.0763414,-TIA- 3,244,189,557,-1331
-2,-3,0.0763704,-TIA- 3,244,189,555,-1328
-2,-3,0.0763762,-TIA- 3,244,189,553,-1325
-2,-3,0.0764053,-TIA- 3,244,189,551,-1322
-1,-2,0.0764343,-TIA- 3,244,189,550,-1320
-2,-3,0.0764575,-TIA- 3,244,189,548,-1317
-2,-3,0.0764923,-TIA- 3,244,189,546,-1314
-2,-3,0.0765272,-TIA- 3,244,189,544,-1311
-2,-3,0.076533,-TIA- 3,244,189,542,-1308
-2,-2,0.0765562,-TIA- 3,244,189,540,-1306
-2,-3,0.076591,-TIA- 3,244,189,538,-1303
-1,-3,0.0766142,-TIA- 3,244,189,537,-1300
-1,-3,0.0766375,-TIA- 3,244,189,536,-1297
-1,-3,0.0766665,-TIA- 3,244,189,535,-1294
-1,-2,0.0766839,-TIA- 3,244,189,534,-1292
-1,-3,0.0767071,-TIA- 3,244,189,533,-1289
-1,-6,0.0767768,-TIA- 3,244,189,532,-1283
-1,-3,0.0767884,-TIA- 3,244,189,531,-1280
-1,-3,0.0768174,-TIA- 3,244,189,530,-1277
-1,-2,0.0768348,-TIA- 3,244,189,529,-1275
-1,-3,0.076858,-TIA- 3,244,189,528,-1272
-1,-3,0.0768929,-TIA- 3,244,189,527,-1269
-1,-3,0.0769219,-TIA- 3,244,189,526,-1266
-1,-3,0.0769393,-TIA- 3,244,189,525,-1263
-1,-2,0.0769741,-TIA- 3,244,189,524,-1261
-1,-3,0.0769916,-TIA- 3,244,189,523,-1258
-1,-3,0.0770148,-TIA- 3,244,189,522,-1255
-1,-3,0.077038,-TIA- 3,244,189,521,-1252
-1,-3,0.0770786,-TIA- 3,244,189,520,-1249
-1,-2,0.0771077,-TIA- 3,244,189,519,-1247
-1,-3,0.0771251,-TIA- 3,244,189,518,-1244
-1,-3,0.0771425,-TIA- 3,244,189,517,-1241
-1,-3,0.0771657,-TIA- 3,244,189,516,-1238
-1,-3,0.0771889,-TIA- 3,244,189,515,-1235
-1,-3,0.077218,-TIA- 3,244,189,514,-1232
-1,-2,0.0772528,-TIA- 3,244,189,513,-1230
-1,-3,0.077276,-TIA- 3,244,189,512,-1227
-1,-3,0.0772934,-TIA- 3,244,189,511,-1224
-1,-3,0.0773166,-TIA- 3,244,189,510,-1221
-1,-3,0.0773399,-TIA- 3,244,189,509,-1218
-1,-2,0.0773631,-TIA- 3,244,189,508,-1216
-1,-3,0.0773921,-TIA- 3,244,189,507,-1213
-1,-3,0.0774245,-TIA- 3,244,189,506,-1210
-1,-3,0.0774327,-TIA- 3,244,189,505,-1207
-1,-3,0.077456,-TIA- 3,244,189,504,-1204
-1,-2,0.0774792,-TIA- 3,244,189,503,-1202
-1,-3,0.077514,-TIA- 3,244,189,502,-1199
-1,-3,0.077543,-TIA- 3,244,189,501,-1196
-1,-3,0.0775779,-TIA- 3,244,189,500,-1193
-1,-3,0.0775837,-TIA- 3,244,189,499,-1190
-1,-3,0.0776069,-TIA- 3,244,189,498,-1187
-1,-2,0.0776301,-TIA- 3,244,189,497,-1185
-1,-3,0.0776566,-TIA- 3,244,189,496,-1182
-1,-3,0.0776882,-TIA- 3,244,189,495,-1179
-1,-3,0.0777288,-TIA- 3,244,189,494,-1176
-1,-3,0.0777346,-TIA- 3,244,189,493,-1173
1,-2,0.0777636,-TIA- 3,244,189,494,-1171
1,-3,0.0777868,-TIA- 3,244,189,495,-1168
1,-3,0.0778101,-TIA- 3,244,189,496,-1165
1,-3,0.0778391,-TIA- 3,244,189,497,-1162
1,-3,0.0778565,-TIA- 3,244,189,498,-1159
1,-2,0.0778913,-TIA- 3,244,189,499,-1157
1,-3,0.0779146,-TIA- 3,244,189,500,-1154
1,-3,0.0779378,-TIA- 3,244,189,501,-1151
1,-3,0.077961,-TIA- 3,244,189,502,-1148
1,-3,0.07799,-TIA- 3,244,189,503,-1145
1,-3,0.0780074,-TIA- 3,244,189,504,-1142
1,-2,0.0780423,-TIA- 3,244,189,505,-1140
1,-3,0.0780655,-TIA- 3,244,189,506,-1137
1,-3,0.0780945,-TIA- 3,244,189,507,-1134
1,-3,0.0781119,-TIA- 3,244,189,508,-1131
1,-3,0.0781468,-TIA- 3,244,189,509,-1128
1,-2,0.0781584,-TIA- 3,244,189,510,-1126
1,-3,0.0781858,-TIA- 3,244,189,511,-1123
1,-3,0.0782164,-TIA- 3,244,189,512,-1120
1,-3,0.0782396,-TIA- 3,244,189,513,-1117
1,-3,0.0782629,-TIA- 3,244,189,514,-1114
1,-2,0.0782977,-TIA- 3,244,189,515,-1112
1,-3,0.0783151,-TIA- 3,244,189,516,-1109
1,-3,0.0783383,-TIA- 3,244,189,517,-1106
1,-3,0.0783673,-TIA- 3,244,189,518,-1103
1,-3,0.0783906,-TIA- 3,244,189,519,-1100
1,-3,0.0784254,-TIA- 3,244,189,520,-1097
1,-2,0.0784486,-TIA- 3,244,189,521,-1095
1,-3,0.078466,-TIA- 3,244,189,522,-1092
1,-3,0.0784893,-TIA- 3,244,189,523,-1089
1,-3,0.0785183,-TIA- 3,244,189,524,-1086
1,-3,0.0785473,-TIA- 3,244,189,525,-1083
1,-2,0.0785763,-TIA- 3,244,189,526,-1081
1,-3,0.0785937,-TIA- 3,244,189,527,-1078
1,-3,0.078617,-TIA- 3,244,189,528,-1075
1,-3,0.0786402,-TIA- 3,244,189,529,-1072
1,-3,0.0786634,-TIA- 3,244,189,530,-1069
1,-2,0.0786982,-TIA- 3,244,189,531,-1067
1,-3,0.0787324,-TIA- 3,244,189,532,-1064
1,-3,0.0787621,-TIA- 3,244,189,533,-1061
1,-3,0.0787737,-TIA- 3,244,189,534,-1058
1,-3,0.0787911,-TIA- 3,244,189,535,-1055
1,-3,0.0788143,-TIA- 3,244,189,536,-1052
1,-2,0.0788492,-TIA- 3,244,189,537,-1050
1,-3,0.0788782,-TIA- 3,244,189,538,-1047
-1,-3,0.078913,-TIA- 3,244,189,537,-1044
-1,-3,0.0789246,-TIA- 3,244,189,536,-1041
-1,-3,0.078942,-TIA- 3,244,189,535,-1038
-1,-2,0.0789769,-TIA- 3,244,189,534,-1036
-1,-3,0.0789943,-TIA- 3,244,189,533,-1033
-1,-3,0.0790233,-TIA- 3,244,189,532,-1030
-1,-3,0.0790639,-TIA- 3,244,189,531,-1027
-1,-3,0.0790756,-TIA- 3,244,189,530,-1024
-1,-2,0.0790988,-TIA- 3,244,189,529,-1022
-1,-3,0.0791278,-TIA- 3,244,189,528,-1019
-1,-3,0.0791452,-TIA- 3,244,189,527,-1016
-1,-3,0.0791742,-TIA- 3,244,189,526,-1013
-1,-3,0.0792091,-TIA- 3,244,189,525,-1010
-1,-3,0.0792265,-TIA- 3,244,189,524,-1007
-1,-2,0.0792497,-TIA- 3,244,189,523,-1005
-1,-3,0.0792787,-TIA- 3,244,189,522,-1002
-1,-3,0.079302,-TIA- 3,244,189,521,-999
-1,-3,0.0793194,-TIA- 3,244,189,520,-996
-1,-3,0.0793542,-TIA- 3,244,189,519,-993
-1,-2,0.0793774,-TIA- 3,244,189,518,-991
-1,-3,0.0794064,-TIA- 3,244,189,517,-988
-1,-3,0.0794239,-TIA- 3,244,189,516,-985
-1,-3,0.0794645,-TIA- 3,244,189,515,-982
-1,-3,0.0794703,-TIA- 3,244,189,514,-979
-1,-2,0.0795051,-TIA- 3,244,189,513,-977
-1,-3,0.0795283,-TIA- 3,244,189,512,-974
-1,-3,0.0795516,-TIA- 3,244,189,511,-971
-1,-2,0.0795748,-TIA- 3,244,189,510,-969
-1,-3,0.0796154,-TIA- 3,244,189,509,-966
-1,-3,0.0796212,-TIA- 3,244,189,508,-963
-1,-3,0.0796561,-TIA- 3,244,189,507,-960
-1,-3,0.0796793,-TIA- 3,244,189,506,-957
-1,-2,0.0797141,-TIA- 3,244,189,505,-955
-1,-3,0.0797431,-TIA- 3,244,189,504,-952
-1,-3,0.0797489,-TIA- 3,244,189,503,-949
-1,-3,0.079778,-TIA- 3,244,189,502,-946
-1,-3,0.0798012,-TIA- 3,244,189,501,-943
-1,-3,0.0798302,-TIA- 3,244,189,500,-940
-1,-2,0.079865,-TIA- 3,244,189,499,-938
1,-3,0.0798941,-TIA- 3,244,189,500,-935
1,-3,0.0799057,-TIA- 3,244,189,501,-932
1,-3,0.0799289,-TIA- 3,244,189,502,-929
1,-3,0.0799521,-TIA- 3,244,189,503,-926
1,-2,0.0799811,-TIA- 3,244,189,504,-924
1,-3,0.080016,-TIA- 3,244,189,505,-921
1,-3,0.080045,-TIA- 3,244,189,506,-918
1,-3,0.0800566,-TIA- 3,244,189,507,-915
1,-3,0.0800798,-TIA- 3,244,189,508,-912
1,-2,0.080103,-TIA- 3,244,189,509,-910
1,-3,0.0801263,-TIA- 3,244,189,510,-907
1,-3,0.0801669,-TIA- 3,244,189,511,-904
1,-3,0.0801901,-TIA- 3,244,189,512,-901
1,-3,0.0802075,-TIA- 3,244,189,513,-898
1,-3,0.0802307,-TIA- 3,244,189,514,-895
1,-2,0.0802656,-TIA- 3,244,189,515,-893
1,-3,0.0802946,-TIA- 3,244,189,516,-890
1,-3,0.0803294,-TIA- 3,244,189,517,-887
1,-3,0.0803468,-TIA- 3,244,189,518,-884
1,-3,0.0803585,-TIA- 3,244,189,519,-881
1,-2,0.0803817,-TIA- 3,244,189,520,-879
1,-3,0.0804069,-TIA- 3,244,189,521,-876
1,-3,0.0804397,-TIA- 3,244,189,522,-873
1,-3,0.0804571,-TIA- 3,244,189,523,-870
1,-3,0.0804862,-TIA- 3,244,189,524,-867
1,-2,0.0805094,-TIA- 3,244,189,525,-865
1,-3,0.0805384,-TIA- 3,244,189,526,-862
1,-3,0.0805616,-TIA- 3,244,189,527,-859
1,-3,0.0805965,-TIA- 3,244,189,528,-856
1,-3,0.0806081,-TIA- 3,244,189,529,-853
1,-3,0.0806371,-TIA- 3,244,189,530,-850
1,-2,0.0806661,-TIA- 3,244,189,531,-848
1,-3,0.0806893,-TIA- 3,244,189,532,-845
1,-3,0.0807184,-TIA- 3,244,189,533,-842
1,-3,0.0807416,-TIA- 3,244,189,534,-839
1,-3,0.080759,-TIA- 3,244,189,535,-836
1,-2,0.0807822,-TIA- 3,244,189,536,-834
1,-3,0.0808171,-TIA- 3,244,189,537,-831
1,-3,0.0808403,-TIA- 3,244,189,538,-828
1,-3,0.0808693,-TIA- 3,244,189,539,-825
1,-3,0.0808983,-TIA- 3,244,189,540,-822
1,-2,0.0809099,-TIA- 3,244,189,541,-820
1,-3,0.0809332,-TIA- 3,244,189,542,-817
1,-3,0.0809622,-TIA- 3,244,189,543,-814
1,-3,0.0809854,-TIA- 3,244,189,544,-811
1,-3,0.0810144,-TIA- 3,244,189,545,-808
1,-3,0.0810434,-TIA- 3,244,189,546,-805
1,-2,0.0810551,-TIA- 3,244,189,547,-803
1,-3,0.0810716,-TIA- 3,244,189,548,-800
1,-3,0.0811015,-TIA- 3,244,189,549,-797
1,-3,0.0811247,-TIA- 3,244,189,550,-794
1,-3,0.0811595,-TIA- 3,244,189,551,-791
1,-1,0.0811712,-TIA- 3,244,189,552,-790
1,-3,0.0812002,-TIA- 3,244,189,553,-787
1,-3,0.0812234,-TIA- 3,244,189,554,-784
1,-2,0.0812466,-TIA- 3,244,189,555,-782
1,-3,0.0812764,-TIA- 3,244,189,556,-779
1,-3,0.0813105,-TIA- 3,244,189,557,-776
1,-3,0.0813395,-TIA- 3,244,189,558,-773
1,-3,0.0813511,-TIA- 3,244,189,559,-770
1,-2,0.0813743,-TIA- 3,244,189,560,-768
1,-3,0.0813976,-TIA- 3,244,189,561,-765
1,-3,0.0814324,-TIA- 3,244,189,562,-762
1,-3,0.0814614,-TIA- 3,244,189,563,-759
1,-3,0.0814962,-TIA- 3,244,189,564,-756
1,-3,0.081502,-TIA- 3,244,189,565,-753
1,-2,0.0815253,-TIA- 3,244,189,566,-751
1,-3,0.0815485,-TIA- 3,244,189,567,-748
1,-3,0.0815833,-TIA- 3,244,189,568,-745
1,-3,0.0816065,-TIA- 3,244,189,569,-742
1,-3,0.0816472,-TIA- 3,244,189,570,-739
1,-2,0.081653,-TIA- 3,244,189,571,-737
1,-3,0.0816762,-TIA- 3,244,189,572,-734
1,-3,0.081711,-TIA- 3,244,189,573,-731
1,-3,0.0817342,-TIA- 3,244,189,574,-728
1,-3,0.0817575,-TIA- 3,244,189,575,-725
1,-2,0.0817923,-TIA- 3,244,189,576,-723
1,-3,0.0818039,-TIA- 3,244,189,577,-720
1,-3,0.0818271,-TIA- 3,244,189,578,-717
1,-3,0.081862,-TIA- 3,244,189,579,-714
1,-3,0.0818924,-TIA- 3,244,189,580,-711
1,-3,0.0819084,-TIA- 3,244,189,581,-708
1,-2,0.0819432,-TIA- 3,244,189,582,-706
1,-3,0.081959,-TIA- 3,244,189,583,-703
1,-3,0.0819839,-TIA- 3,244,189,584,-700
1,-3,0.0820071,-TIA- 3,244,189,585,-697
1,-3,0.0820361,-TIA- 3,244,189,586,-694
1,-2,0.0820627,-TIA- 3,244,189,587,-692
1,-3,0.0820941,-TIA- 3,244,189,588,-689
1,-3,0.0821116,-TIA- 3,244,189,589,-686
1,-3,0.0821348,-TIA- 3,244,189,590,-683
1,-3,0.082158,-TIA- 3,244,189,591,-680
1,-2,0.0821928,-TIA- 3,244,189,592,-678
1,-3,0.0822161,-TIA- 3,244,189,593,-675
1,-3,0.0822335,-TIA- 3,244,189,594,-672
1,-3,0.0822625,-TIA- 3,244,189,595,-669
1,-3,0.0822857,-TIA- 3,244,189,596,-666
1,-3,0.0823089,-TIA- 3,244,189,597,-663
1,-2,0.0823438,-TIA- 3,244,189,598,-661
1,-3,0.0823728,-TIA- 3,244,189,599,-658
1,-3,0.0823844,-TIA- 3,244,189,600,-655
1,-3,0.0824134,-TIA- 3,244,189,601,-652
1,-3,0.0824483,-TIA- 3,244,189,602,-649
1,-2,0.0824657,-TIA- 3,244,189,603,-647
1,-3,0.0824947,-TIA- 3,244,189,604,-644
1,-3,0.0825295,-TIA- 3,244,189,605,-641
1,-3,0.0825353,-TIA- 3,244,189,606,-638
1,-3,0.0825585,-TIA- 3,244,189,607,-635
1,-2,0.0825876,-TIA- 3,244,189,608,-633
1,-3,0.0826166,-TIA- 3,244,189,609,-630
1,-3,0.0826456,-TIA- 3,244,189,610,-627
1,-3,0.0826805,-TIA- 3,244,189,611,-624
1,-3,0.0826863,-TIA- 3,244,189,612,-621
1,-3,0.0827095,-TIA- 3,244,189,613,-618
1,-2,0.0827443,-TIA- 3,244,189,614,-616
1,-3,0.0827675,-TIA- 3,244,189,615,-613
1,-3,0.0827907,-TIA- 3,244,189,616,-610
1,-2,0.0828198,-TIA- 3,244,189,617,-608
1,-2,0.0828372,-TIA- 3,244,189,618,-606
1,-2,0.0828604,-TIA- 3,244,189,619,-604
1,-1,0.0828952,-TIA- 3,244,189,620,-603
1,-2,0.0829185,-TIA- 3,244,189,621,-601
1,-1,0.0829417,-TIA- 3,244,189,622,-600
1,-1,0.0829881,-TIA- 3,244,189,623,-599
1,-1,0.0830171,-TIA- 3,244,189,624,-598
-1,-1,0.0830694,-TIA- 3,244,189,623,-597
-1,-1,0.0830926,-TIA- 3,244,189,622,-596
-1,1,0.0952465,GO 4,103,457,621,-597
-1,2,0.0952947,GO 4,103,457,620,-599
-1,2,0.0953237,GO 4,103,457,619,-601
-2,3,0.0953411,GO 4,103,457,617,-604
-3,2,0.0953644,GO 4,103,457,614,-606
-3,3,0.0953876,GO 4,103,457,611,-609
-4,3,0.0954282,GO 4,103,457,607,-612
-3,4,0.095463,GO 4,103,457,604,-616
-4,3,0.0954746,GO 4,103,457,600,-619
-4,4,0.0954921,GO 4,103,457,596,-623
-4,3,0.0955153,GO 4,103,457,592,-626
-3,3,0.09554,GO 4,103,457,589,-629
-4,3,0.0955733,GO 4,103,457,585,-632
-4,2,0.0956082,GO 4,103,457,581,-634
-4,3,0.0956314,GO 4,103,457,577,-637
-3,3,0.0956488,GO 4,103,457,574,-640
-4,3,0.0956778,GO 4,103,457,570,-643
-4,3,0.0956952,GO 4,103,457,566,-646
-4,3,0.0957301,GO 4,103,457,562,-649
-3,2,0.0957591,GO 4,103,457,559,-651
-4,3,0.0957881,GO 4,103,457,555,-654
-4,3,0.0957997,GO 4,103,457,551,-657
-4,3,0.0958229,GO 4,103,457,547,-660
-3,3,0.095852,GO 4,103,457,544,-663
-4,2,0.0958752,GO 4,103,457,540,-665
-4,4,0.09591,GO 4,103,457,536,-669
-4,4,0.0959449,GO 4,103,457,532,-673
-3,4,0.0959507,GO 4,103,457,529,-677
-4,3,0.0959739,GO 4,103,457,525,-680
-4,4,0.0959971,GO 4,103,457,521,-684
-4,4,0.0960203,GO 4,103,457,517,-688
-3,4,0.0960551,GO 4,103,457,514,-692
-4,3,0.0960958,GO 4,103,457,510,-695
-4,8,0.0961248,GO 4,103,457,506,-703
-7,4,0.096148,GO 4,103,457,499,-707
-4,3,0.0961712,GO 4,103,457,495,-710
-4,4,0.0962061,GO 4,103,457,491,-714
-4,4,0.0962235,GO 4,103,457,487,-718
-3,6,0.0962757,GO 4,103,457,484,-724
-8,3,0.0963048,GO 4,103,457,476,-727
-4,3,0.096328,GO 4,103,457,472,-730
-3,3,0.096357,GO 4,103,457,469,-733
-4,2,0.0963918,GO 4,103,457,465,-735
-4,2,0.0964209,GO 4,103,457,461,-737
-4,2,0.0964267,GO 4,103,457,457,-739
-3,1,0.0964557,GO 4,103,457,454,-740
-4,2,0.0964789,GO 4,103,457,450,-742
-4,2,0.0965079,GO 4,103,457,446,-744
-4,2,0.0965428,GO 4,103,457,442,-746
-3,2,0.0965486,GO 4,103,457,439,-748
-4,3,0.0965834,GO 4,103,457,435,-751
-4,3,0.0966066,GO 4,103,457,431,-754
-4,2,0.0966298,GO 4,103,457,427,-756
-3,3,0.0966531,GO 4,103,457,424,-759
-4,3,0.0966879,GO 4,103,457,420,-762
-4,3,0.0966995,GO 4,103,457,416,-765
-4,3,0.0967343,GO 4,103,457,412,-768
-3,2,0.0967576,GO 4,103,457,409,-770
-4,3,0.0967808,GO 4,103,457,405,-773
-4,4,0.096804,GO 4,103,457,401,-777
-4,4,0.0968388,GO 4,103,457,397,-781
-3,3,0.0968562,GO 4,103,457,394,-784
-4,4,0.0968853,GO 4,103,457,390,-788
-4,4,0.0969085,GO 4,103,457,386,-792
-4,4,0.0969317,GO 4,103,457,382,-796
-3,3,0.0969549,GO 4,103,457,379,-799
-4,4,0.0969898,GO 4,103,457,375,-803
-4,4,0.0970072,GO 4,103,457,371,-807
-4,4,0.0970304,GO 4,103,457,367,-811
-3,3,0.0970594,GO 4,103,457,364,-814
-4,4,0.0970942,GO 4,103,457,360,-818
-4,4,0.0971117,GO 4,103,457,356,-822
-4,4,0.0971407,GO 4,103,457,352,-826
-3,3,0.0971581,GO 4,103,457,349,-829
-4,4,0.0971813,GO 4,103,457,345,-833
-4,4,0.0972156,GO 4,103,457,341,-837
-4,4,0.0972452,GO 4,103,457,337,-841
-3,3,0.0972626,GO 4,103,457,334,-844
-4,4,0.0972916,GO 4,103,457,330,-848
-4,4,0.097309,GO 4,103,457,326,-852
-4,4,0.0973322,GO 4,103,457,322,-856
-3,3,0.0973497,GO 4,103,457,319,-859
-4,4,0.0973839,GO 4,103,457,315,-863
-4,4,0.0974135,GO 4,103,457,311,-867
-4,4,0.0974483,GO 4,103,457,307,-871
-3,3,0.0974541,GO 4,103,457,304,-874
-4,4,0.0974774,GO 4,103,457,300,-878
-4,4,0.0975006,GO 4,103,457,296,-882
-4,4,0.0975354,GO 4,103,457,292,-886
-3,3,0.0975586,GO 4,103,457,289,-889
-4,4,0.0975877,GO 4,103,457,285,-893
-4,4,0.0975935,GO 4,103,457,281,-897
-4,4,0.0976283,GO 4,103,457,277,-901
-3,3,0.0976457,GO 4,103,457,274,-904
-4,4,0.0976747,GO 4,103,457,270,-908
-4,4,0.0977096,GO 4,103,457,266,-912
-4,4,0.0977386,GO 4,103,457,262,-916
-3,3,0.0977502,GO 4,103,457,259,-919
-4,4,0.0977734,GO 4,103,457,255,-923
-4,4,0.0977966,GO 4,103,457,251,-927
-4,4,0.0978199,GO 4,103,457,247,-931
-3,3,0.0978547,GO 4,103,457,244,-934
-4,4,0.0978901,GO 4,103,457,240,-938
-4,4,0.0979011,GO 4,103,457,236,-942
-3,4,0.0979244,GO 4,103,457,233,-946
-4,3,0.0979476,GO 4,103,457,229,-949
-3,4,0.0979708,GO 4,103,457,226,-953
-3,4,0.0980056,GO 4,103,457,223,-957
-3,4,0.0980346,GO 4,103,457,220,-961
-2,3,0.0980521,GO 4,103,457,218,-964
-3,4,0.0980753,GO 4,103,457,215,-968
-3,4,0.0980985,GO 4,103,457,212,-972
-3,4,0.0981217,GO 4,103,457,209,-976
-3,3,0.0981566,GO 4,103,457,206,-979
-3,4,0.0981865,GO 4,103,457,203,-983
-2,4,0.0982204,GO 4,103,457,201,-987
-3,4,0.0982262,GO 4,103,457,198,-991
-4,3,0.098261,GO 4,103,457,194,-994
-4,4,0.0982771,GO 4,103,457,190,-998
-2,4,0.0983075,GO 4,103,457,188,-1002
-3,4,0.0983307,GO 4,103,457,185,-1006
-3,3,0.0983539,GO 4,103,457,182,-1009
-3,2,0.0983829,GO 4,103,457,179,-1011
-3,3,0.0984062,GO 4,103,457,176,-1014
-3,3,0.0984352,GO 4,103,457,173,-1017
-2,3,0.0984584,GO 4,103,457,171,-1020
-3,3,0.0984758,GO 4,103,457,168,-1023
-3,2,0.0985107,GO 4,103,457,165,-1025
-2,3,0.0985339,GO 4,103,457,163,-1028
-2,3,0.0985571,GO 4,103,457,161,-1031
-1,3,0.0985861,GO 4,103,457,160,-1034
-1,3,0.098621,GO 4,103,457,159,-1037
-1,2,0.0986268,GO 4,103,457,158,-1039
1,3,0.0986616,GO 4,103,457,159,-1042
1,3,0.0986848,GO 4,103,457,160,-1045
1,3,0.098708,GO 4,103,457,161,-1048
2,3,0.0987429,GO 4,103,457,163,-1051
2,3,0.0987719,GO 4,103,457,165,-1054
2,2,0.0987777,GO 4,103,457,167,-1056
2,3,0.098802,GO 4,103,457,169,-1059
2,3,0.0988357,GO 4,103,457,171,-1062
1,3,0.098859,GO 4,103,457,172,-1065
2,3,0.0988938,GO 4,103,457,174,-1068
1,2,0.0989228,GO 4,103,457,175,-1070
1,3,0.0989344,GO 4,103,457,176,-1073
1,3,0.098946,GO 4,103,457,177,-1076
1,3,0.0989809,GO 4,103,457,178,-1079
1,3,0.0990041,GO 4,103,457,179,-1082
1,2,0.0990378,GO 4,103,457,180,-1084
1,3,0.0990679,GO 4,103,457,181,-1087
1,3,0.0990795,GO 4,103,457,182,-1090
1,3,0.0991028,GO 4,103,457,183,-1093
1,3,0.0991318,GO 4,103,457,184,-1096
1,3,0.099155,GO 4,103,457,185,-1099
1,2,0.0991782,GO 4,103,457,186,-1101
1,3,0.0992131,GO 4,103,457,187,-1104
1,3,0.0992305,GO 4,103,457,188,-1107
1,3,0.0992537,GO 4,103,457,189,-1110
1,3,0.0992827,GO 4,103,457,190,-1113
1,2,0.0993059,GO 4,103,457,191,-1115
1,3,0.0993322,GO 4,103,457,192,-1118
1,3,0.099364,GO 4,103,457,193,-1121
1,3,0.0993814,GO 4,103,457,194,-1124
1,3,0.0994046,GO 4,103,457,195,-1127
1,2,0.0994278,GO 4,103,457,196,-1129
1,3,0.0994511,GO 4,103,457,197,-1132
1,3,0.0994859,GO 4,103,457,198,-1135
1,3,0.0995149,GO 4,103,457,199,-1138
1,3,0.0995498,GO 4,103,457,200,-1141
-1,3,0.0995556,GO 4,103,457,199,-1144
-1,2,0.0995788,GO 4,103,457,198,-1146
-1,3,0.099602,GO 4,103,457,197,-1149
-1,3,0.0996368,GO 4,103,457,196,-1152
-1,3,0.0996659,GO 4,103,457,195,-1155
-2,3,0.0997007,GO 4,103,457,193,-1158
-1,2,0.0997123,GO 4,103,457,192,-1160
-1,3,0.0997297,GO 4,103,457,191,-1163
-1,3,0.0997645,GO 4,103,457,190,-1166
-1,3,0.0997878,GO 4,103,457,189,-1169
-1,3,0.099811,GO 4,103,457,188,-1172
-1,2,0.0998516,GO 4,103,457,187,-1174
-1,3,0.0998632,GO 4,103,457,186,-1177
-1,3,0.0998864,GO 4,103,457,185,-1180
1,3,0.0999155,GO 4,103,457,186,-1183
1,3,0.0999329,GO 4,103,457,187,-1186
1,3,0.0999619,GO 4,103,457,188,-1189
1,2,0.0999967,GO 4,103,457,189,-1191
1,3,0.100014,GO 4,103,457,190,-1194
1,3,0.100037,GO 4,103,457,191,-1197
1,3,0.100066,GO 4,103,457,192,-1200
-1,3,0.100084,GO 4,103,457,191,-1203
-1,2,0.100117,GO 4,103,457,190,-1205
-1,3,0.100148,GO 4,103,457,189,-1208
-2,3,0.100171,GO 4,103,457,187,-1211
-1,3,0.100188,GO 4,103,457,186,-1214
-2,3,0.100214,GO 4,103,457,184,-1217
-2,2,0.100246,GO 4,103,457,182,-1219
-2,3,0.100281,GO 4,103,457,180,-1222
-1,3,0.100299,GO 4,103,457,179,-1225
-1,3,0.100322,GO 4,103,457,178,-1228
-1,3,0.100339,GO 4,103,457,177,-1231
-1,3,0.100362,GO 4,103,457,176,-1234
-1,2,0.100397,GO 4,103,457,175,-1236
-1,3,0.100438,GO 4,103,457,174,-1239
1,3,0.100444,GO 4,103,457,175,-1242
1,3,0.100473,GO 4,103,457,176,-1245
1,3,0.10049,GO 4,103,457,177,-1248
1,2,0.100513,GO 4,103,457,178,-1250
1,3,0.100548,GO 4,103,457,179,-1253
1,3,0.100577,GO 4,103,457,180,-1256
1,3,0.100589,GO 4,103,457,181,-1259
1,3,0.100629,GO 4,103,457,182,-1262
1,2,0.100635,GO 4,103,457,183,-1264
-1,3,0.100659,GO 4,103,457,182,-1267
-1,6,0.100717,GO 4,103,457,181,-1273
-2,3,0.10074,GO 4,103,457,179,-1276
-1,3,0.100763,GO 4,103,457,178,-1279
-1,2,0.100786,GO 4,103,457,177,-1281
-1,3,0.100809,GO 4,103,457,176,-1284
-1,3,0.100844,GO 4,103,457,175,-1287
-2,3,0.100862,GO 4,103,457,173,-1290
-1,3,0.100885,GO 4,103,457,172,-1293
-2,2,0.100908,GO 4,103,457,170,-1295
-2,3,0.100937,GO 4,103,457,168,-1298
-2,3,0.100972,GO 4,103,457,166,-1301
-2,3,0.100995,GO 4,103,457,164,-1304
-1,3,0.101013,GO 4,103,457,163,-1307
-1,2,0.101036,GO 4,103,457,162,-1309
-1,3,0.101059,GO 4,103,457,161,-1312
-1,3,0.101093,GO 4,103,457,160,-1315
-1,3,0.101123,GO 4,103,457,159,-1318
-1,2,0.101146,GO 4,103,457,158,-1320
-1,2,0.101169,GO 4,103,457,157,-1322
-1,1,0.101187,GO 4,103,457,156,-1323
-1,2,0.10121,GO 4,103,457,155,-1325
-1,2,0.101245,GO 4,103,457,154,-1327
-1,2,0.101274,GO 4,103,457,153,-1329
-1,2,0.101309,GO 4,103,457,152,-1331
-1,1,0.101326,GO 4,103,457,151,-1332
-1,2,0.101338,GO 4,103,457,150,-1334
-1,2,0.101367,GO 4,103,457,149,-1336
-1,2,0.10139,GO 4,103,457,148,-1338
-1,2,0.101419,GO 4,103,457,147,-1340
-1,2,0.10146,GO 4,103,457,146,-1342
-1,2,0.101465,GO 4,103,457,145,-1344
-1,2,0.101489,GO 4,103,457,144,-1346
-1,1,0.101518,GO 4,103,457,143,-1347
-1,2,0.101541,GO 4,103,457,142,-1349
-1,2,0.101593,GO 4,103,457,141,-1351
-1,2,0.101611,GO 4,103,457,140,-1353
-1,2,0.101628,GO 4,103,457,139,-1355
-1,89,0.102539,GO 4,103,457,138,-1444
-1,1,0.104049,GO 4,103,457,137,-1445
-1,1,0.104083,GO 4,103,457,136,-1446
-1,2,0.104107,GO 4,103,457,135,-1448
-1,2,0.104147,GO 4,103,457,134,-1450
-1,2,0.104153,GO 4,103,457,133,-1452
-1,2,0.104176,GO 4,103,457,132,-1454
-1,2,0.104211,GO 4,103,457,131,-1456
-1,3,0.104246,GO 4,103,457,130,-1459
-1,2,0.104252,GO 4,103,457,129,-1461
-1,3,0.104287,GO 4,103,457,128,-1464
-1,3,0.104298,GO 4,103,457,127,-1467
-1,3,0.104321,GO 4,103,457,126,-1470
-1,3,0.10435,GO 4,103,457,125,-1473
-1,3,0.104379,GO 4,103,457,124,-1476
-1,2,0.104414,GO 4,103,457,123,-1478
-1,3,0.104443,GO 4,103,457,122,-1481
-1,2,0.104449,GO 4,103,457,121,-1483
-1,2,0.104472,GO 4,103,457,120,-1485
-1,2,0.104496,GO 4,103,457,119,-1487
-1,2,0.104536,GO 4,103,457,118,-1489
-1,2,0.104545,GO 4,103,457,117,-1491
-1,1,0.104577,GO 4,103,457,116,-1492
-1,2,0.1046,GO 4,103,457,115,-1494
-1,2,0.104635,GO 4,103,457,114,-1496
-1,1,0.104658,GO 4,103,457,113,-1497
-1,1,0.104693,GO 4,103,457,112,-1498
-1,1,0.104728,GO 4,103,457,111,-1499
-1,1,0.104751,GO 4,103,457,110,-1500
-1,1,0.104817,GO 4,103,457,109,-1501
-1,1,0.10485,GO 4,103,457,108,-1502
1,-1,0.105001,GO 4,103,457,109,-1501
1,-1,0.105024,GO 4,103,457,110,-1500
1,-1,0.105064,GO 4,103,457,111,-1499
1,-1,0.105099,GO 4,103,457,112,-1498
1,-1,0.105105,GO 4,103,457,113,-1497
1,-2,0.105128,GO 4,103,457,114,-1495
1,-2,0.105152,GO 4,103,457,115,-1493
1,-2,0.105186,GO 4,103,457,116,-1491
1,-2,0.105215,GO 4,103,457,117,-1489
1,-2,0.10525,GO 4,103,457,118,-1487
1,-3,0.105262,GO 4,103,457,119,-1484
1,-2,0.105284,GO 4,103,457,120,-1482
1,-3,0.105314,GO 4,103,457,121,-1479
2,-3,0.105337,GO 4,103,457,123,-1476
2,-2,0.105372,GO 4,103,457,125,-1474
1,-4,0.105412,GO 4,103,457,126,-1470
4,-2,0.105436,GO 4,103,457,130,-1468
2,-1,0.1055,GO 4,103,457,132,-1467
2,-1,0.105506,GO 4,103,457,134,-1466
2,-1,0.10554,GO 4,103,457,136,-1465
2,-1,0.105564,GO 4,103,457,138,-1464
1,-1,0.105587,GO 4,103,457,139,-1463
2,-1,0.105616,GO 4,103,457,141,-1462
2,-1,0.105651,GO 4,103,457,143,-1461
2,-1,0.105662,GO 4,103,457,145,-1460
2,-1,0.10568,GO 4,103,457,147,-1459
1,-2,0.105715,GO 4,103,457,148,-1457
1,-2,0.105738,GO 4,103,457,149,-1455
1,-1,0.105773,GO 4,103,457,150,-1454
1,-3,0.105796,GO 4,103,457,151,-1451
1,-3,0.105813,GO 4,103,457,152,-1448
1,-3,0.105837,GO 4,103,457,153,-1445
1,-3,0.105866,GO 4,103,457,154,-1442
2,-2,0.105895,GO 4,103,457,156,-1440
2,-3,0.105924,GO 4,103,457,158,-1437
2,-3,0.105953,GO 4,103,457,160,-1434
2,-3,0.105964,GO 4,103,457,162,-1431
2,-3,0.105987,GO 4,103,457,164,-1428
2,-3,0.106017,GO 4,103,457,166,-1425
2,-2,0.106051,GO 4,103,457,168,-1423
1,-2,0.10608,GO 4,103,457,169,-1421
2,-2,0.106104,GO 4,103,457,171,-1419
2,-2,0.106115,GO 4,103,457,173,-1417
2,-2,0.106138,GO 4,103,457,175,-1415
2,-2,0.106162,GO 4,103,457,177,-1413
2,-2,0.106202,GO 4,103,457,179,-1411
2,-1,0.106237,GO 4,103,457,181,-1410
2,-2,0.106243,GO 4,103,457,183,-1408
1,-2,0.106266,GO 4,103,457,184,-1406
2,-2,0.106296,GO 4,103,457,186,-1404
1,-2,0.106324,GO 4,103,457,187,-1402
1,-2,0.106347,GO 4,103,457,188,-1400
1,-2,0.106388,GO 4,103,457,189,-1398
1,-2,0.106394,GO 4,103,457,190,-1396
-1,-2,0.106417,GO 4,103,457,189,-1394
-1,-3,0.106452,GO 4,103,457,188,-1391
-1,-3,0.106481,GO 4,103,457,187,-1388
-1,-3,0.106493,GO 4,103,457,186,-1385
-1,-3,0.106539,GO 4,103,457,185,-1382
-1,-2,0.106545,GO 4,103,457,184,-1380
-1,-3,0.106568,GO 4,103,457,183,-1377
-1,-3,0.106597,GO 4,103,457,182,-1374
-1,-3,0.106632,GO 4,103,457,181,-1371
-1,-3,0.106643,GO 4,103,457,180,-1368
-1,-2,0.106667,GO 4,103,457,179,-1366
-1,-1,0.106696,GO 4,103,457,178,-1365
-1,-1,0.106725,GO 4,103,457,177,-1364
-1,-1,0.106748,GO 4,103,457,176,-1363
-1,-1,0.106969,GO 4,103,457,175,-1362
-1,-2,0.107003,GO 4,103,457,174,-1360
-1,-1,0.107032,GO 4,103,457,173,-1359
-1,-2,0.107067,GO 4,103,457,172,-1357
-1,-2,0.107073,GO 4,103,457,171,-1355
-1,-3,0.107096,GO 4,103,457,170,-1352
-1,-3,0.107125,GO 4,103,457,169,-1349
-1,-3,0.107154,GO 4,103,457,168,-1346
-1,-2,0.107178,GO 4,103,457,167,-1344
-1,-3,0.107212,GO 4,103,457,166,-1341
-1,-3,0.10723,GO 4,103,457,165,-1338
-1,-3,0.107253,GO 4,103,457,164,-1335
-1,-3,0.107282,GO 4,103,457,163,-1332
-1,-2,0.107317,GO 4,103,457,162,-1330
-1,-3,0.107323,GO 4,103,457,161,-1327
-1,-3,0.107357,GO 4,103,457,160,-1324
-1,-3,0.107381,GO 4,103,457,159,-1321
-1,-3,0.107404,GO 4,103,457,158,-1318
-1,-2,0.107433,GO 4,103,457,157,-1316
-1,-3,0.107468,GO 4,103,457,156,-1313
-1,-3,0.107474,GO 4,103,457,155,-1310
-1,-3,0.107508,GO 4,103,457,154,-1307
-1,-3,0.107537,GO 4,103,457,153,-1304
-1,-3,0.107555,GO 4,103,457,152,-1301
-1,-2,0.107578,GO 4,103,457,151,-1299
-1,-2,0.107619,GO 4,103,457,150,-1297
-1,-2,0.107624,GO 4,103,457,149,-1295
-1,-2,0.107648,GO 4,103,457,148,-1293
-1,-2,0.107683,GO 4,103,457,147,-1291
-1,-2,0.107706,GO 4,103,457,146,-1289
-1,-2,0.107729,GO 4,103,457,145,-1287
-1,-1,0.107775,GO 4,103,457,144,-1286
-1,-1,0.107799,GO 4,103,457,143,-1285
-1,-1,0.108153,GO 4,103,457,142,-1284
-1,-1,0.108187,GO 4,103,457,141,-1283
-1,-2,0.108217,GO 4,103,457,140,-1281
-1,-2,0.108251,GO 4,103,457,139,-1279
-1,-2,0.108257,GO 4,103,457,138,-1277
-1,-2,0.10828,GO 4,103,457,137,-1275
-1,-2,0.108315,GO 4,103,457,136,-1273
-1,-1,0.108339,GO 4,103,457,135,-1272
-1,-3,0.108368,GO 4,103,457,134,-1269
-1,-3,0.108402,GO 4,103,457,133,-1266
-1,-3,0.108408,GO 4,103,457,132,-1263
-1,-3,0.108431,GO 4,103,457,131,-1260
-1,-3,0.108466,GO 4,103,457,130,-1257
-1,-2,0.108495,GO 4,103,457,129,-1255
-1,-3,0.108524,GO 4,103,457,128,-1252
-1,-2,0.108553,GO 4,103,457,127,-1250
1,-2,0.108559,GO 4,103,457,128,-1248
1,-2,0.108588,GO 4,103,457,129,-1246
1,-2,0.108617,GO 4,103,457,130,-1244
1,-2,0.108652,GO 4,103,457,131,-1242
1,-1,0.108681,GO 4,103,457,132,-1241
1,-2,0.108693,GO 4,103,457,133,-1239
1,-2,0.108716,GO 4,103,457,134,-1237
2,-2,0.108762,GO 4,103,457,136,-1235
3,-1,0.108803,GO 4,103,457,139,-1234
2,-1,0.108809,GO 4,103,457,141,-1233
2,-1,0.108844,GO 4,103,457,143,-1232
2,-1,0.108867,GO 4,103,457,145,-1231
2,-1,0.108896,GO 4,103,457,147,-1230
2,-1,0.108925,GO 4,103,457,149,-1229
2,-1,0.108954,GO 4,103,457,151,-1228
1,-1,0.108965,GO 4,103,457,152,-1227
2,-1,0.109018,GO 4,103,457,154,-1226
2,-1,0.109047,GO 4,103,457,156,-1225
2,-1,0.109082,GO 4,103,457,158,-1224
1,-1,0.109099,GO 4,103,457,159,-1223
1,-1,0.109116,GO 4,103,457,160,-1222
1,-1,0.109134,GO 4,103,457,161,-1221
1,-1,0.109169,GO 4,103,457,162,-1220
1,-1,0.109232,GO 4,103,457,163,-1219
1,-1,0.10925,GO 4,103,457,164,-1218
1,-1,0.109267,GO 4,103,457,165,-1217
1,-2,0.109291,GO 4,103,457,166,-1215
1,-1,0.10932,GO 4,103,457,167,-1214
1,-2,0.109343,GO 4,103,457,168,-1212
1,-2,0.109383,GO 4,103,457,169,-1210
1,-4,0.109418,GO 4,103,457,170,-1206
2,-2,0.109441,GO 4,103,457,172,-1204
1,-2,0.109465,GO 4,103,457,173,-1202
1,-2,0.109497,GO 4,103,457,174,-1200
1,-1,0.109529,GO 4,103,457,175,-1199
1,-2,0.109561,GO 4,103,457,176,-1197
1,-2,0.109569,GO 4,103,457,177,-1195
1,-1,0.109592,GO 4,103,457,178,-1194
1,-1,0.109616,GO 4,103,457,179,-1193
1,-1,0.109871,GO 4,103,457,180,-1192
1,-1,0.109917,GO 4,103,457,181,-1191
1,-2,0.109946,GO 4,103,457,182,-1189
1,-2,0.109976,GO 4,103,457,183,-1187
1,-1,0.11001,GO 4,103,457,184,-1186
1,-2,0.110028,GO 4,103,457,185,-1184
1,-2,0.110046,GO 4,103,457,186,-1182
1,-2,0.11008,GO 4,103,457,187,-1180
1,-2,0.110097,GO 4,103,457,188,-1178
1,-3,0.110126,GO 4,103,457,189,-1175
1,-3,0.110161,GO 4,103,457,190,-1172
1,-2,0.110179,GO 4,103,457,191,-1170
1,-2,0.110202,GO 4,103,457,192,-1168
1,-2,0.110231,GO 4,103,457,193,-1166
1,-2,0.110266,GO 4,103,457,194,-1164
1,-2,0.110277,GO 4,103,457,195,-1162
1,-2,0.110312,GO 4,103,457,196,-1160
1,-2,0.11033,GO 4,103,457,197,-1158
1,-2,0.110353,GO 4,103,457,198,-1156
1,-1,0.110376,GO 4,103,457,199,-1155
1,-2,0.110417,GO 4,103,457,200,-1153
1,-2,0.110422,GO 4,103,457,201,-1151
1,-2,0.110452,GO 4,103,457,202,-1149
1,-2,0.110481,GO 4,103,457,203,-1147
1,-2,0.110504,GO 4,103,457,204,-1145
1,-2,0.110527,GO 4,103,457,205,-1143
1,-2,0.110568,GO 4,103,457,206,-1141
1,-1,0.110591,GO 4,103,457,207,-1140
1,-2,0.110602,GO 4,103,457,208,-1138
1,-2,0.110631,GO 4,103,457,209,-1136
1,-2,0.110649,GO 4,103,457,210,-1134
1,-2,0.110672,GO 4,103,457,211,-1132
1,-2,0.110707,GO 4,103,457,212,-1130
1,-2,0.110724,GO 4,103,457,213,-1128
1,-1,0.110748,GO 4,103,457,214,-1127
1,-2,0.110771,GO 4,103,457,215,-1125
1,-2,0.1108,GO 4,103,457,216,-1123
1,-1,0.110824,GO 4,103,457,217,-1122
1,-1,0.110858,GO 4,103,457,218,-1121
1,1,0.110957,GO 4,103,457,219,-1122
1,1,0.111009,GO 4,103,457,220,-1123
1,1,0.111026,GO 4,103,457,221,-1124
1,-1,0.11116,GO 4,103,457,222,-1123
1,-2,0.111177,GO 4,103,457,223,-1121
1,-2,0.111206,GO 4,103,457,224,-1119
1,-2,0.111224,GO 4,103,457,225,-1117
1,-2,0.111258,GO 4,103,457,226,-1115
1,-2,0.111287,GO 4,103,457,227,-1113
1,-3,0.111316,GO 4,103,457,228,-1110
1,-3,0.11134,GO 4,103,457,229,-1107
1,-3,0.111357,GO 4,103,457,230,-1104
1,-3,0.11138,GO 4,103,457,231,-1101
1,-2,0.111409,GO 4,103,457,232,-1099
1,-3,0.111433,GO 4,103,457,233,-1096
1,-3,0.111467,GO 4,103,457,234,-1093
1,-3,0.111485,GO 4,103,457,235,-1090
1,-3,0.111496,GO 4,103,457,236,-1087
1,-2,0.11152,GO 4,103,457,237,-1085
1,-1,0.111549,GO 4,103,457,238,-1084
1,-1,0.111578,GO 4,103,457,239,-1083
1,-1,0.111613,GO 4,103,457,240,-1082
1,-1,0.111819,GO 4,103,457,241,-1081
1,-2,0.111851,GO 4,103,457,242,-1079
1,-2,0.111885,GO 4,103,457,243,-1077
1,-2,0.111891,GO 4,103,457,244,-1075
1,-1,0.11192,GO 4,103,457,245,-1074
1,-2,0.111938,GO 4,103,457,246,-1072
1,-2,0.111972,GO 4,103,457,247,-1070
1,-3,0.112001,GO 4,103,457,248,-1067
1,-3,0.112029,GO 4,103,457,249,-1064
1,-2,0.112036,GO 4,103,457,250,-1062
1,-2,0.11206,GO 4,103,457,251,-1060
1,-1,0.112094,GO 4,103,457,252,-1059
1,-2,0.112123,FRAY 5,378,366,253,-1057
1,-1,0.112147,FRAY 5,378,366,254,-1056
1,-1,0.112181,FRAY 5,378,366,255,-1055
1,-1,0.11239,FRAY 5,378,366,256,-1054
1,-1,0.112454,FRAY 5,378,366,257,-1053
1,-1,0.112489,FRAY 5,378,366,258,-1052
1,-1,0.112518,FRAY 5,378,366,259,-1051
1,-1,0.11257,FRAY 5,378,366,260,-1050
1,-1,0.112605,FRAY 5,378,366,261,-1049
1,1,0.114898,FRAY 5,378,366,262,-1050
1,1,0.114939,FRAY 5,378,366,263,-1051
2,1,0.115154,FRAY 5,378,366,265,-1052
3,1,0.115177,FRAY 5,378,366,268,-1053
3,1,0.1152,FRAY 5,378,366,271,-1054
3,1,0.115234,FRAY 5,378,366,274,-1055
3,2,0.115264,FRAY 5,378,366,277,-1057
2,2,0.115275,FRAY 5,378,366,279,-1059
3,2,0.115299,FRAY 5,378,366,282,-1061
3,2,0.115328,FRAY 5,378,366,285,-1063
3,2,0.115345,FRAY 5,378,366,288,-1065
3,1,0.115375,FRAY 5,378,366,291,-1066
2,2,0.115403,FRAY 5,378,366,293,-1068
3,2,0.115421,FRAY 5,378,366,296,-1070
3,1,0.115444,FRAY 5,378,366,299,-1071
3,1,0.115473,FRAY 5,378,366,302,-1072
3,1,0.115508,FRAY 5,378,366,305,-1073
3,-1,0.115571,FRAY 5,378,366,308,-1072
3,-1,0.115595,FRAY 5,378,366,311,-1071
3,-1,0.115624,FRAY 5,378,366,314,-1070
3,-2,0.115659,FRAY 5,378,366,317,-1068
2,-2,0.115688,FRAY 5,378,366,319,-1066
3,-1,0.115699,FRAY 5,378,366,322,-1065
3,-2,0.115722,FRAY 5,378,366,325,-1063
3,-2,0.115746,FRAY 5,378,366,328,-1061
3,-2,0.115769,FRAY 5,378,366,331,-1059
2,-1,0.115804,FRAY 5,378,366,333,-1058
3,-1,0.115839,FRAY 5,378,366,336,-1057
3,-1,0.11585,FRAY 5,378,366,339,-1056
3,-1,0.116048,FRAY 5,378,366,342,-1055
2,-1,0.116071,FRAY 5,378,366,344,-1054
3,-1,0.116106,FRAY 5,378,366,347,-1053
3,-2,0.116135,FRAY 5,378,366,350,-1051
3,-1,0.116152,FRAY 5,378,366,353,-1050
2,-2,0.116175,FRAY 5,378,366,355,-1048
2,-2,0.11621,FRAY 5,378,366,357,-1046
1,-2,0.116222,FRAY 5,378,366,358,-1044
2,-2,0.116257,FRAY 5,378,366,360,-1042
2,-2,0.116274,FRAY 5,378,366,362,-1040
1,-2,0.116303,FRAY 5,378,366,363,-1038
1,-1,0.116326,FRAY 5,378,366,364,-1037
1,-2,0.116576,FRAY 5,378,366,365,-1035
1,-1,0.116628,FRAY 5,378,366,366,-1034
1,-1,0.116651,FRAY 5,378,366,367,-1033
1,-1,0.116686,FRAY 5,378,366,368,-1032
1,-1,0.116715,FRAY 5,378,366,369,-1031
2,1,0.117528,FRAY 5,378,366,371,-1032
2,1,0.117568,FRAY 5,378,366,373,-1033
2,1,0.117574,FRAY 5,378,366,375,-1034
2,2,0.117603,FRAY 5,378,366,377,-1036
1,2,0.117632,FRAY 5,378,366,378,-1038
2,2,0.117667,FRAY 5,378,366,380,-1040
2,2,0.117679,FRAY 5,378,366,382,-1042
2,2,0.117714,FRAY 5,378,366,384,-1044
2,1,0.117743,FRAY 5,378,366,386,-1045
2,2,0.117748,FRAY 5,378,366,388,-1047
2,2,0.117783,FRAY 5,378,366,390,-1049
2,2,0.117806,FRAY 5,378,366,392,-1051
1,2,0.11783,FRAY 5,378,366,393,-1053
2,2,0.117864,FRAY 5,378,366,395,-1055
2,2,0.117876,FRAY 5,378,366,397,-1057
2,2,0.117911,FRAY 5,378,366,399,-1059
2,4,0.117957,FRAY 5,378,366,401,-1063
5,3,0.117981,FRAY 5,378,366,406,-1066
2,3,0.118015,FRAY 5,378,366,408,-1069
3,3,0.118044,FRAY 5,378,366,411,-1072
3,3,0.118056,FRAY 5,378,366,414,-1075
3,2,0.118079,FRAY 5,378,366,417,-1077
3,3,0.118108,FRAY 5,378,366,420,-1080
3,3,0.118132,FRAY 5,378,366,423,-1083
2,3,0.118166,FRAY 5,378,366,425,-1086
3,3,0.118195,FRAY 5,378,366,428,-1089
3,2,0.118207,FRAY 5,378,366,431,-1091
3,3,0.11823,FRAY 5,378,366,434,-1094
3,3,0.118265,FRAY 5,378,366,437,-1097
2,3,0.118288,FRAY 5,378,366,439,-1100
3,3,0.118311,FRAY 5,378,366,442,-1103
3,2,0.118352,FRAY 5,378,366,445,-1105
3,2,0.118358,FRAY 5,378,366,448,-1107
3,2,0.118381,FRAY 5,378,366,451,-1109
2,2,0.118416,FRAY 5,378,366,453,-1111
3,2,0.118439,FRAY 5,378,366,456,-1113
3,2,0.118462,FRAY 5,378,366,459,-1115
3,2,0.118491,FRAY 5,378,366,462,-1117
3,2,0.118509,FRAY 5,378,366,465,-1119
3,1,0.118532,FRAY 5,378,366,468,-1120
2,2,0.118567,FRAY 5,378,366,470,-1122
3,2,0.11859,FRAY 5,378,366,473,-1124
3,2,0.118613,FRAY 5,378,366,476,-1126
3,1,0.118648,FRAY 5,378,366,479,-1127
3,1,0.118661,FRAY 5,378,366,482,-1128
2,1,0.118687,FRAY 5,378,366,484,-1129
3,-1,0.118782,FRAY 5,378,366,487,-1128
3,-1,0.118805,FRAY 5,378,366,490,-1127
2,-1,0.118817,FRAY 5,378,366,492,-1126
3,-2,0.11884,FRAY 5,378,366,495,-1124
3,-2,0.118863,FRAY 5,378,366,498,-1122
3,-2,0.118892,FRAY 5,378,366,501,-1120
3,-1,0.118919,FRAY 5,378,366,504,-1119
2,-2,0.11895,FRAY 5,378,366,506,-1117
3,-2,0.118967,FRAY 5,378,366,509,-1115
3,-2,0.118991,FRAY 5,378,366,512,-1113
2,-2,0.119014,FRAY 5,378,366,514,-1111
3,-2,0.119049,FRAY 5,378,366,517,-1109
3,-3,0.119078,FRAY 5,378,366,520,-1106
2,-2,0.119113,FRAY 5,378,366,522,-1104
3,-3,0.119118,FRAY 5,378,366,525,-1101
3,-3,0.119147,FRAY 5,378,366,528,-1098
3,-3,0.119165,FRAY 5,378,366,531,-1095
3,-2,0.119188,FRAY 5,378,366,534,-1093
2,-2,0.119229,FRAY 5,378,366,536,-1091
3,-1,0.119263,FRAY 5,378,366,539,-1090
3,-2,0.119269,FRAY 5,378,366,542,-1088
3,-2,0.119293,FRAY 5,378,366,545,-1086
3,-2,0.119316,FRAY 5,378,366,548,-1084
3,-2,0.119351,FRAY 5,378,366,551,-1082
2,-2,0.119374,FRAY 5,378,366,553,-1080
3,-2,0.119414,FRAY 5,378,366,556,-1078
3,-2,0.11942,FRAY 5,378,366,559,-1076
3,-1,0.119449,FRAY 5,378,366,562,-1075
3,-2,0.119478,FRAY 5,378,366,565,-1073
2,-2,0.11949,FRAY 5,378,366,567,-1071
3,-2,0.119525,FRAY 5,378,366,570,-1069
3,-2,0.119542,FRAY 5,378,366,573,-1067
3,-1,0.119571,FRAY 5,378,366,576,-1066
3,-1,0.119594,FRAY 5,378,366,579,-1065
2,-1,0.119629,FRAY 5,378,366,581,-1064
3,-1,0.119647,FRAY 5,378,366,584,-1063
3,-2,0.119676,FRAY 5,378,366,587,-1061
3,-1,0.119693,FRAY 5,378,366,590,-1060
3,-2,0.119725,FRAY 5,378,366,593,-1058
3,-2,0.119751,FRAY 5,378,366,596,-1056
2,-2,0.119774,FRAY 5,378,366,598,-1054
3,-2,0.119798,FRAY 5,378,366,601,-1052
2,-2,0.119827,FRAY 5,378,366,603,-1050
2,-3,0.119844,FRAY 5,378,366,605,-1047
2,-2,0.119867,FRAY 5,378,366,607,-1045
2,-3,0.119902,FRAY 5,378,366,609,-1042
1,-3,0.119925,FRAY 5,378,366,610,-1039
2,-3,0.119954,FRAY 5,378,366,612,-1036
2,-3,0.119972,FRAY 5,378,366,614,-1033
2,-3,0.119995,FRAY 5,378,366,616,-1030
2,-2,0.120018,FRAY 5,378,366,618,-1028
2,-3,0.120053,FRAY 5,378,366,620,-1025
2,-3,0.120076,FRAY 5,378,366,622,-1022
2,-3,0.120111,FRAY 5,378,366,624,-1019
1,-3,0.12014,FRAY 5,378,366,625,-1016
2,-2,0.120146,FRAY 5,378,366,627,-1014
2,-3,0.120175,FRAY 5,378,366,629,-1011
3,-3,0.120198,FRAY 5,378,366,632,-1008
3,-3,0.120227,FRAY 5,378,366,635,-1005
3,-3,0.120262,FRAY 5,378,366,638,-1002
2,-2,0.120291,FRAY 5,378,366,640,-1000
3,-1,0.120303,FRAY 5,378,366,643,-999
3,-2,0.120326,FRAY 5,378,366,646,-997
3,-2,0.120349,FRAY 5,378,366,649,-995
3,-2,0.120378,FRAY 5,378,366,652,-993
3,-1,0.120413,FRAY 5,378,366,655,-992
1,-1,0.120442,FRAY 5,378,366,656,-991
2,-1,0.120454,FRAY 5,378,366,658,-990
2,-1,0.120477,FRAY 5,378,366,660,-989
2,-1,0.120512,FRAY 5,378,366,662,-988
2,1,0.120662,FRAY 5,378,366,664,-989
2,1,0.120676,FRAY 5,378,366,666,-990
2,1,0.120715,FRAY 5,378,366,668,-991
2,1,0.120732,FRAY 5,378,366,670,-992
2,1,0.120761,FRAY 5,378,366,672,-993
2,1,0.120779,FRAY 5,378,366,674,-994
1,1,0.121028,FRAY 5,378,366,675,-995
3,1,0.121046,FRAY 5,378,366,678,-996
3,1,0.121063,FRAY 5,378,366,681,-997
3,1,0.121086,FRAY 5,378,366,684,-998
3,1,0.121109,FRAY 5,378,366,687,-999
2,1,0.12115,FRAY 5,378,366,689,-1000
3,1,0.121185,FRAY 5,378,366,692,-1001
3,4,0.121214,FRAY 5,378,366,695,-1005
6,2,0.121237,FRAY 5,378,366,701,-1007
3,2,0.12126,FRAY 5,378,366,704,-1009
2,2,0.121295,FRAY 5,378,366,706,-1011
3,2,0.121324,FRAY 5,378,366,709,-1013
3,2,0.121336,FRAY 5,378,366,712,-1015
3,1,0.121365,FRAY 5,378,366,715,-1016
3,2,0.121388,FRAY 5,378,366,718,-1018
2,1,0.121411,FRAY 5,378,366,720,-1019
3,1,0.121446,FRAY 5,378,366,723,-1020
3,1,0.121475,FRAY 5,378,366,726,-1021
3,1,0.121487,FRAY 5,378,366,729,-1022
3,1,0.121522,FRAY 5,378,366,732,-1023
2,1,0.121551,FRAY 5,378,366,734,-1024
3,-1,0.122044,FRAY 5,378,366,737,-1023
2,-1,0.122085,FRAY 5,378,366,739,-1022
1,-1,0.122096,FRAY 5,378,366,740,-1021
1,-2,0.12212,FRAY 5,378,366,741,-1019
1,-2,0.122149,FRAY 5,378,366,742,-1017
1,-1,0.122183,FRAY 5,378,366,743,-1016
-1,-2,0.122207,FRAY 5,378,366,742,-1014
-1,-3,0.122236,FRAY 5,378,366,741,-1011
-2,-3,0.122247,FRAY 5,378,366,739,-1008
-2,-3,0.122265,FRAY 5,378,366,737,-1005
-2,-3,0.122288,FRAY 5,378,366,735,-1002
-2,-2,0.122317,FRAY 5,378,366,733,-1000
-1,-3,0.12234,FRAY 5,378,366,732,-997
-1,-3,0.122375,FRAY 5,378,366,731,-994
-1,-3,0.122392,FRAY 5,378,366,730,-991
-1,-2,0.122416,FRAY 5,378,366,729,-989
1,-2,0.122439,FRAY 5,378,366,730,-987
1,-1,0.122468,FRAY 5,378,366,731,-986
1,-2,0.122503,FRAY 5,378,366,732,-984
2,-1,0.122526,FRAY 5,378,366,734,-983
2,-1,0.122543,FRAY 5,378,366,736,-982
2,-1,0.122565,FRAY 5,378,366,738,-981
1,-2,0.12259,FRAY 5,378,366,739,-979
2,-2,0.122619,FRAY 5,378,366,741,-977
2,-2,0.122642,FRAY 5,378,366,743,-975
2,-2,0.122677,FRAY 5,378,366,745,-973
2,-2,0.122683,FRAY 5,378,366,747,-971
2,-1,0.122706,FRAY 5,378,366,749,-970
2,-2,0.122729,FRAY 5,378,366,751,-968
2,-2,0.122757,FRAY 5,378,366,753,-966
1,-2,0.122787,FRAY 5,378,366,754,-964
2,-2,0.122828,FRAY 5,378,366,756,-962
2,-3,0.122839,FRAY 5,378,366,758,-959
2,-3,0.122857,FRAY 5,378,366,760,-956
2,-2,0.122892,FRAY 5,378,366,762,-954
2,-3,0.122915,FRAY 5,378,366,764,-951
2,-3,0.122932,FRAY 5,378,366,766,-948
2,-3,0.122961,FRAY 5,378,366,768,-945
1,-3,0.12299,FRAY 5,378,366,769,-942
2,-2,0.123014,FRAY 5,378,366,771,-940
3,-3,0.123043,FRAY 5,378,366,774,-937
3,-3,0.12306,FRAY 5,378,366,777,-934
3,-3,0.123083,FRAY 5,378,366,780,-931
3,-3,0.123106,FRAY 5,378,366,783,-928
2,-2,0.123141,FRAY 5,378,366,785,-926
3,-1,0.123164,FRAY 5,378,366,788,-925
3,-2,0.123193,FRAY 5,378,366,791,-923
3,-2,0.123211,FRAY 5,378,366,794,-921
3,-2,0.123234,FRAY 5,378,366,797,-919
2,-2,0.123257,FRAY 5,378,366,799,-917
3,-3,0.123292,FRAY 5,378,366,802,-914
3,-3,0.123315,FRAY 5,378,366,805,-911
3,-2,0.12335,FRAY 5,378,366,808,-909
3,-3,0.123362,FRAY 5,378,366,811,-906
2,-3,0.123387,FRAY 5,378,366,813,-903
3,-3,0.123408,FRAY 5,378,366,816,-900
3,-3,0.123443,FRAY 5,378,366,819,-897
3,-2,0.123478,FRAY 5,378,366,822,-895
3,-3,0.123501,FRAY 5,378,366,825,-892
3,-3,0.123519,FRAY 5,378,366,828,-889
2,-3,0.123542,FRAY 5,378,366,830,-886
2,-3,0.123565,FRAY 5,378,366,832,-883
3,-5,0.123629,FRAY 5,378,366,835,-878
6,-3,0.123658,FRAY 5,378,366,841,-875
2,-3,0.123669,FRAY 5,378,366,843,-872
3,-3,0.123693,FRAY 5,378,366,846,-869
3,-2,0.123716,FRAY 5,378,366,849,-867
3,-3,0.123739,FRAY 5,378,366,852,-864
3,-3,0.12378,FRAY 5,378,366,855,-861
2,-3,0.123809,FRAY 5,378,366,857,-858
3,-3,0.12382,FRAY 5,378,366,860,-855
3,-2,0.123844,FRAY 5,378,366,863,-853
3,-3,0.123867,FRAY 5,378,366,866,-850
3,-3,0.12389,FRAY 5,378,366,869,-847
3,-3,0.123925,FRAY 5,378,366,872,-844
2,-3,0.12396,FRAY 5,378,366,874,-841
3,-3,0.123971,FRAY 5,378,366,877,-838
3,-2,0.124,FRAY 5,378,366,880,-836
3,-3,0.124029,FRAY 5,378,366,883,-833
3,-3,0.124047,FRAY 5,378,366,886,-830
2,-3,0.124076,FRAY 5,378,366,888,-827
3,-3,0.124111,FRAY 5,378,366,891,-824
3,-2,0.124128,FRAY 5,378,366,894,-822
3,-3,0.124151,FRAY 5,378,366,897,-819
3,-3,0.12418,FRAY 5,378,366,900,-816
2,-3,0.124198,FRAY 5,378,366,902,-813
3,-3,0.124233,FRAY 5,378,366,905,-810
3,-2,0.124244,FRAY 5,378,366,908,-808
3,-3,0.124279,FRAY 5,378,366,911,-805
3,-2,0.124302,FRAY 5,378,366,914,-803
2,-2,0.124325,FRAY 5,378,366,916,-801
3,-2,0.124366,FRAY 5,378,366,919,-799
3,-2,0.124383,FRAY 5,378,366,922,-797
3,-2,0.124401,FRAY 5,378,366,925,-795
3,-2,0.12443,FRAY 5,378,366,928,-793
2,-2,0.124476,FRAY 5,378,366,930,-791
3,-2,0.124523,FRAY 5,378,366,933,-789
3,-2,0.12454,FRAY 5,378,366,936,-787
3,-1,0.124552,FRAY 5,378,366,939,-786
3,-2,0.124575,FRAY 5,378,366,942,-784
2,-2,0.124604,FRAY 5,378,366,944,-782
3,-2,0.124631,FRAY 5,378,366,947,-780
3,-2,0.124662,FRAY 5,378,366,950,-778
3,-2,0.124697,FRAY 5,378,366,953,-776
3,-2,0.124703,FRAY 5,378,366,956,-774
2,-2,0.124732,FRAY 5,378,366,958,-772
3,-1,0.124761,FRAY 5,378,366,961,-771
3,-2,0.124784,FRAY 5,378,366,964,-769
3,-2,0.124813,FRAY 5,378,366,967,-767
3,-2,0.12483,FRAY 5,378,366,970,-765
3,-2,0.124854,FRAY 5,378,366,973,-763
2,-2,0.124877,FRAY 5,378,366,975,-761
3,-2,0.1249,FRAY 5,378,366,978,-759
3,-2,0.124935,FRAY 5,378,366,981,-757
3,-1,0.124964,FRAY 5,378,366,984,-756
3,-2,0.124993,FRAY 5,378,366,987,-754
2,-2,0.125016,FRAY 5,378,366,989,-752
3,-2,0.125028,FRAY 5,378,366,992,-750
3,-2,0.125057,FRAY 5,378,366,995,-748
3,-2,0.125086,FRAY 5,378,366,998,-746
3,-2,0.125109,FRAY 5,378,366,1001,-744
2,-2,0.125144,FRAY 5,378,366,1003,-742
3,-1,0.125161,FRAY 5,378,366,1006,-741
3,-2,0.125185,FRAY 5,378,366,1009,-739
3,-2,0.125214,FRAY 5,378,366,1012,-737
3,-2,0.125237,FRAY 5,378,366,1015,-735
2,-2,0.125272,FRAY 5,378,366,1017,-733
3,-2,0.125295,FRAY 5,378,366,1020,-731
3,-2,0.125312,FRAY 5,378,366,1023,-729
3,-2,0.125336,FRAY 5,378,366,1026,-727
2,-1,0.125365,FRAY 5,378,366,1028,-726
3,-2,0.125382,FRAY 5,378,366,1031,-724
3,-2,0.125417,FRAY 5,378,366,1034,-722
3,-2,0.125434,FRAY 5,378,366,1037,-720
3,-2,0.125457,FRAY 5,378,366,1040,-718
2,-2,0.125481,FRAY 5,378,366,1042,-716
3,-2,0.125506,FRAY 5,378,366,1045,-714
3,-2,0.125539,FRAY 5,378,366,1048,-712
3,-1,0.125562,FRAY 5,378,366,1051,-711
3,-2,0.125597,FRAY 5,378,366,1054,-709
3,-2,0.12562,FRAY 5,378,366,1057,-707
2,-2,0.125626,FRAY 5,378,366,1059,-705
3,-2,0.125649,FRAY 5,378,366,1062,-703
3,-2,0.125684,FRAY 5,378,366,1065,-701
3,-2,0.125707,FRAY 5,378,366,1068,-699
3,-2,0.12573,FRAY 5,378,366,1071,-697
2,-1,0.125763,FRAY 5,378,366,1073,-696
3,-2,0.125777,FRAY 5,378,366,1076,-694
3,-2,0.1258,FRAY 5,378,366,1079,-692
3,-2,0.125835,FRAY 5,378,366,1082,-690
3,-2,0.125869,FRAY 5,378,366,1085,-688
2,-2,0.125893,FRAY 5,378,366,1087,-686
2,-2,0.125922,FRAY 5,378,366,1089,-684
2,-2,0.125928,FRAY 5,378,366,1091,-682
2,-1,0.125957,FRAY 5,378,366,1093,-681
2,-2,0.125986,FRAY 5,378,366,1095,-679
2,-2,0.12602,FRAY 5,378,366,1097,-677
2,-2,0.126026,FRAY 5,378,366,1099,-675
2,-2,0.126073,FRAY 5,378,366,1101,-673
1,-2,0.126084,FRAY 5,378,366,1102,-671
2,-2,0.126108,FRAY 5,378,366,1104,-669
2,-2,0.126131,FRAY 5,378,366,1106,-667
2,-1,0.12616,FRAY 5,378,366,1108,-666
1,-1,0.126218,FRAY 5,378,366,1109,-665
-1,1,0.126409,FRAY 5,378,366,1108,-666
-1,2,0.126433,FRAY 5,378,366,1107,-668
-1,2,0.126467,FRAY 5,378,366,1106,-670
-1,2,0.126485,FRAY 5,378,366,1105,-672
-2,1,0.126508,FRAY 5,378,366,1103,-673
-1,1,0.126531,FRAY 5,378,366,1102,-674
-1,1,0.12656,FRAY 5,378,366,1101,-675
-1,1,0.126584,FRAY 5,378,366,1100,-676
-1,1,0.126618,FRAY 5,378,366,1099,-677
-1,-1,0.134002,SAN- 6,264,194,1098,-676
-1,-2,0.134066,SAN- 6,264,194,1097,-674
1,-2,0.134078,SAN- 6,264,194,1098,-672
1,-2,0.134101,SAN- 6,264,194,1099,-670
1,-2,0.134124,SAN- 6,264,194,1100,-668
1,-2,0.134153,SAN- 6,264,194,1101,-666
1,-1,0.134188,SAN- 6,264,194,1102,-665
1,-2,0.134217,SAN- 6,264,194,1103,-663
1,-2,0.134229,SAN- 6,264,194,1104,-661
1,-2,0.134252,SAN- 6,264,194,1105,-659
1,-2,0.134275,SAN- 6,264,194,1106,-657
1,-2,0.13431,SAN- 6,264,194,1107,-655
1,-2,0.134339,SAN- 6,264,194,1108,-653
1,-2,0.134374,SAN- 6,264,194,1109,-651
1,-1,0.13438,SAN- 6,264,194,1110,-650
1,-2,0.134403,SAN- 6,264,194,1111,-648
1,-2,0.134426,SAN- 6,264,194,1112,-646
1,-2,0.134449,SAN- 6,264,194,1113,-644
1,-2,0.134484,SAN- 6,264,194,1114,-642
1,-2,0.134519,SAN- 6,264,194,1115,-640
1,-2,0.134531,SAN- 6,264,194,1116,-638
1,-3,0.134554,SAN- 6,264,194,1117,-635
1,-2,0.134583,SAN- 6,264,194,1118,-633
1,-3,0.134606,SAN- 6,264,194,1119,-630
1,-3,0.134635,SAN- 6,264,194,1120,-627
1,-3,0.13467,SAN- 6,264,194,1121,-624
1,-5,0.134706,SAN- 6,264,194,1122,-619
-1,-3,0.134734,SAN- 6,264,194,1121,-616
-1,-3,0.134757,SAN- 6,264,194,1120,-613
-1,-3,0.134786,SAN- 6,264,194,1119,-610
-1,-3,0.134821,SAN- 6,264,194,1118,-607
-1,-1,0.13485,SAN- 6,264,194,1117,-606
-1,-3,0.134861,SAN- 6,264,194,1116,-603
-1,-3,0.134885,SAN- 6,264,194,1115,-600
-1,-2,0.134914,SAN- 6,264,194,1114,-598
-1,-3,0.13496,SAN- 6,264,194,1113,-595
-1,-3,0.134966,SAN- 6,264,194,1112,-592
-1,-3,0.134989,SAN- 6,264,194,1111,-589
-1,-3,0.135012,SAN- 6,264,194,1110,-586
-1,-2,0.135036,SAN- 6,264,194,1109,-584
-1,-3,0.135059,SAN- 6,264,194,1108,-581
-2,-3,0.135088,SAN- 6,264,194,1106,-578
-2,-3,0.135094,SAN- 6,264,194,1104,-575
-2,-3,0.135129,SAN- 6,264,194,1102,-572
-1,-3,0.135152,SAN- 6,264,194,1101,-569
-2,-2,0.135175,SAN- 6,264,194,1099,-567
-3,-3,0.135204,SAN- 6,264,194,1096,-564
-3,-3,0.135239,SAN- 6,264,194,1093,-561
-3,-3,0.135245,SAN- 6,264,194,1090,-558
-3,-3,0.135279,SAN- 6,264,194,1087,-555
-2,-2,0.135303,SAN- 6,264,194,1085,-553
-3,-3,0.135326,SAN- 6,264,194,1082,-550
-3,-3,0.135355,SAN- 6,264,194,1079,-547
-2,-3,0.13539,SAN- 6,264,194,1077,-544
-2,-3,0.135401,SAN- 6,264,194,1075,-541
-2,-2,0.135419,SAN- 6,264,194,1073,-539
-1,-3,0.135454,SAN- 6,264,194,1072,-536
-2,-3,0.135477,SAN- 6,264,194,1070,-533
-2,-3,0.135506,SAN- 6,264,194,1068,-530
-2,-3,0.135535,SAN- 6,264,194,1066,-527
-1,-3,0.135552,SAN- 6,264,194,1065,-524
-1,-2,0.135576,SAN- 6,264,194,1064,-522
-1,-3,0.135605,SAN- 6,264,194,1063,-519
-1,-3,0.135628,SAN- 6,264,194,1062,-516
-1,-3,0.135657,SAN- 6,264,194,1061,-513
-1,-3,0.135686,SAN- 6,264,194,1060,-510
-1,-2,0.135697,SAN- 6,264,194,1059,-508
-1,-3,0.135726,SAN- 6,264,194,1058,-505
-1,-3,0.135755,SAN- 6,264,194,1057,-502
-1,-3,0.13579,SAN- 6,264,194,1056,-499
-1,-3,0.135808,SAN- 6,264,194,1055,-496
-1,-2,0.135837,SAN- 6,264,194,1054,-494
-1,-3,0.135854,SAN- 6,264,194,1053,-491
-2,-3,0.135877,SAN- 6,264,194,1051,-488
-2,-3,0.135906,SAN- 6,264,194,1049,-485
-2,-3,0.135935,SAN- 6,264,194,1047,-482
-2,-3,0.135959,SAN- 6,264,194,1045,-479
-3,-2,0.135993,SAN- 6,264,194,1042,-477
-3,-3,0.136011,SAN- 6,264,194,1039,-474
-2,-3,0.136034,SAN- 6,264,194,1037,-471
-3,-3,0.136057,SAN- 6,264,194,1034,-468
-3,-3,0.136086,SAN- 6,264,194,1031,-465
-3,-2,0.136127,SAN- 6,264,194,1028,-463
-3,-6,0.136162,SAN- 6,264,194,1025,-457
-5,-3,0.136185,SAN- 6,264,194,1020,-454
-2,-3,0.136208,SAN- 6,264,194,1018,-451
-2,-2,0.136237,SAN- 6,264,194,1016,-449
-2,-3,0.136272,SAN- 6,264,194,1014,-446
-2,-3,0.136301,SAN- 6,264,194,1012,-443
-2,-3,0.136313,SAN- 6,264,194,1010,-440
-2,-3,0.136342,SAN- 6,264,194,1008,-437
-1,-3,0.136359,SAN- 6,264,194,1007,-434
-2,-2,0.13639,SAN- 6,264,194,1005,-432
-2,-3,0.136423,SAN- 6,264,194,1003,-429
-2,-3,0.13644,SAN- 6,264,194,1001,-426
-2,-3,0.136464,SAN- 6,264,194,999,-423
-2,-3,0.136487,SAN- 6,264,194,997,-420
-2,-1,0.136522,SAN- 6,264,194,995,-419
-2,-3,0.136545,SAN- 6,264,194,993,-416
-1,-3,0.136562,SAN- 6,264,194,992,-413
-2,-5,0.136626,SAN- 6,264,194,990,-408
-4,-3,0.136638,SAN- 6,264,194,986,-405
-2,-3,0.136673,SAN- 6,264,194,984,-402
-2,-3,0.136685,SAN- 6,264,194,982,-399
-2,-2,0.136713,SAN- 6,264,194,980,-397
-2,-3,0.136742,SAN- 6,264,194,978,-394
-1,-3,0.136766,SAN- 6,264,194,977,-391
-2,-3,0.136789,SAN- 6,264,194,975,-388
-2,-3,0.136824,SAN- 6,264,194,973,-385
-2,-3,0.136852,SAN- 6,264,194,971,-382
-2,-2,0.136864,SAN- 6,264,194,969,-380
-2,-3,0.136887,SAN- 6,264,194,967,-377
-2,-3,0.136919,SAN- 6,264,194,965,-374
-2,-3,0.136945,SAN- 6,264,194,963,-371
-1,-3,0.136975,SAN- 6,264,194,962,-368
-2,-2,0.137009,SAN- 6,264,194,960,-366
-2,-3,0.137015,SAN- 6,264,194,958,-363
-2,-3,0.137038,SAN- 6,264,194,956,-360
-2,-3,0.137073,SAN- 6,264,194,954,-357
-2,-3,0.137096,SAN- 6,264,194,952,-354
-2,-2,0.13712,SAN- 6,264,194,950,-352
-2,-3,0.13716,SAN- 6,264,194,948,-349
-1,-3,0.137166,SAN- 6,264,194,947,-346
-2,-3,0.137189,SAN- 6,264,194,945,-343
-2,-3,0.137224,SAN- 6,264,194,943,-340
-2,-3,0.137247,SAN- 6,264,194,941,-337
-2,-2,0.137282,SAN- 6,264,194,939,-335
-2,-3,0.137305,SAN- 6,264,194,937,-332
-2,-3,0.137317,SAN- 6,264,194,935,-329
-1,-3,0.137346,SAN- 6,264,194,934,-326
-2,-3,0.137369,SAN- 6,264,194,932,-323
-2,-2,0.137398,SAN- 6,264,194,930,-321
-2,-3,0.137421,SAN- 6,264,194,928,-318
-2,-3,0.137456,SAN- 6,264,194,926,-315
-2,-3,0.137485,SAN- 6,264,194,924,-312
-2,-3,0.137497,SAN- 6,264,194,922,-309
-1,-2,0.13752,SAN- 6,264,194,921,-307
-1,-3,0.137549,SAN- 6,264,194,920,-304
-1,-3,0.137578,SAN- 6,264,194,919,-301
-1,-3,0.137607,SAN- 6,264,194,918,-298
-1,-3,0.137642,SAN- 6,264,194,917,-295
-1,-3,0.137648,SAN- 6,264,194,916,-292
-1,-2,0.137683,SAN- 6,264,194,915,-290
-1,-3,0.137706,SAN- 6,264,194,914,-287
-1,-3,0.137729,SAN- 6,264,194,913,-284
-1,-3,0.137758,SAN- 6,264,194,912,-281
-1,-3,0.137793,SAN- 6,264,194,911,-278
-2,-2,0.137799,SAN- 6,264,194,909,-276
-2,-3,0.137822,SAN- 6,264,194,907,-273
-2,-3,0.137857,SAN- 6,264,194,905,-270
-2,-3,0.13788,SAN- 6,264,194,903,-267
-1,-3,0.137909,SAN- 6,264,194,902,-264
-2,-2,0.137944,SAN- 6,264,194,900,-262
-2,-3,0.13795,SAN- 6,264,194,898,-259
-2,-3,0.137973,SAN- 6,264,194,896,-256
-2,-3,0.138008,SAN- 6,264,194,894,-253
-2,-3,0.138025,SAN- 6,264,194,892,-250
-2,-3,0.138048,SAN- 6,264,194,890,-247
-2,-2,0.138077,SAN- 6,264,194,888,-245
-1,-3,0.138095,SAN- 6,264,194,887,-242
-3,-3,0.138118,SAN- 6,264,194,884,-239
-3,-3,0.138152,SAN- 6,264,194,881,-236
-3,-3,0.138182,SAN- 6,264,194,878,-233
-3,-1,0.138199,SAN- 6,264,194,875,-232
-2,-3,0.138228,SAN- 6,264,194,873,-229
-3,-3,0.138246,SAN- 6,264,194,870,-226
-3,-2,0.138269,SAN- 6,264,194,867,-224
-2,-3,0.138292,SAN- 6,264,194,865,-221
-2,-3,0.138333,SAN- 6,264,194,863,-218
-2,-3,0.13835,SAN- 6,264,194,861,-215
-2,-3,0.138385,SAN- 6,264,194,859,-212
-1,-2,0.138397,SAN- 6,264,194,858,-210
-2,-3,0.13842,SAN- 6,264,194,856,-207
-2,-3,0.138449,SAN- 6,264,194,854,-204
-2,-3,0.138478,SAN- 6,264,194,852,-201
-2,-3,0.138495,SAN- 6,264,194,850,-198
-2,-3,0.138536,SAN- 6,264,194,848,-195
-2,-2,0.13855,SAN- 6,264,194,846,-193
-2,-3,0.138577,SAN- 6,264,194,844,-190
-1,-3,0.1386,SAN- 6,264,194,843,-187
-2,-3,0.138629,SAN- 6,264,194,841,-184
-2,-3,0.138664,SAN- 6,264,194,839,-181
-2,-2,0.138693,SAN- 6,264,194,837,-179
-2,-3,0.138704,SAN- 6,264,194,835,-176
-2,-3,0.138733,SAN- 6,264,194,833,-173
-2,-3,0.138751,SAN- 6,264,194,831,-170
-2,-3,0.138774,SAN- 6,264,194,829,-167
-1,-2,0.138815,SAN- 6,264,194,828,-165
-2,-3,0.138826,SAN- 6,264,194,826,-162
-2,-3,0.138855,SAN- 6,264,194,824,-159
-2,-3,0.138879,SAN- 6,264,194,822,-156
-2,-3,0.138902,SAN- 6,264,194,820,-153
-2,-3,0.138937,SAN- 6,264,194,818,-150
-2,-2,0.138966,SAN- 6,264,194,816,-148
-2,-3,0.138977,SAN- 6,264,194,814,-145
-1,-3,0.139006,SAN- 6,264,194,813,-142
-2,-3,0.139029,SAN- 6,264,194,811,-139
-2,-3,0.139053,SAN- 6,264,194,809,-136
-2,-2,0.139076,SAN- 6,264,194,807,-134
-2,-3,0.139111,SAN- 6,264,194,805,-131
-2,-3,0.139128,SAN- 6,264,194,803,-128
-2,-3,0.139151,SAN- 6,264,194,801,-125
-2,-3,0.13918,SAN- 6,264,194,799,-122
-1,-2,0.139204,SAN- 6,264,194,798,-120
-2,-3,0.139232,SAN- 6,264,194,796,-117
-2,-3,0.139262,SAN- 6,264,194,794,-114
-2,-3,0.139279,SAN- 6,264,194,792,-111
-2,-3,0.139302,SAN- 6,264,194,790,-108
-2,-3,0.139331,SAN- 6,264,194,788,-105
-2,-2,0.139366,SAN- 6,264,194,786,-103
-2,-3,0.139384,SAN- 6,264,194,784,-100
-1,-3,0.139413,SAN- 6,264,194,783,-97
-2,-3,0.13943,SAN- 6,264,194,781,-94
-2,-3,0.139453,SAN- 6,264,194,779,-91
-2,-2,0.139487,SAN- 6,264,194,777,-89
-2,-3,0.139517,SAN- 6,264,194,775,-86
-2,-2,0.139535,SAN- 6,264,194,773,-84
-2,-2,0.139564,SAN- 6,264,194,771,-82
-2,-2,0.139581,SAN- 6,264,194,769,-80
-1,-2,0.139604,SAN- 6,264,194,768,-78
-2,-2,0.139627,SAN- 6,264,194,766,-76
-2,-1,0.139662,SAN- 6,264,194,764,-75
-2,-2,0.139685,SAN- 6,264,194,762,-73
-2,-2,0.139714,SAN- 6,264,194,760,-71
-2,-2,0.139732,SAN- 6,264,194,758,-69
-2,-2,0.139755,SAN- 6,264,194,756,-67
-2,-2,0.139784,SAN- 6,264,194,754,-65
-1,-2,0.139813,SAN- 6,264,194,753,-63
-2,-1,0.139836,SAN- 6,264,194,751,-62
-2,-1,0.139871,SAN- 6,264,194,749,-61
-1,1,0.150512,SAN- 6,264,194,748,-62
-1,1,0.150558,SAN- 6,264,194,747,-63
-1,1,0.150581,SAN- 6,264,194,746,-64
-1,1,0.150616,SAN- 6,264,194,745,-65
-1,1,0.150645,SAN- 6,264,194,744,-66
-1,1,0.150663,SAN- 6,264,194,743,-67
-1,1,0.150692,SAN- 6,264,194,742,-68
-2,1,0.150732,SAN- 6,264,194,740,-69
-2,1,0.150767,SAN- 6,264,194,738,-70
-1,1,0.150796,SAN- 6,264,194,737,-71
-2,1,0.150814,SAN- 6,264,194,735,-72
-2,1,0.150854,SAN- 6,264,194,733,-73
-2,1,0.15086,SAN- 6,264,194,731,-74
-1,1,0.150889,SAN- 6,264,194,730,-75
-1,1,0.150912,SAN- 6,264,194,729,-76
-1,1,0.150953,SAN- 6,264,194,728,-77
-1,1,0.150982,SAN- 6,264,194,727,-78
-1,1,0.151017,SAN- 6,264,194,726,-79
-1,1,0.15104,SAN- 6,264,194,725,-80
-2,1,0.151063,SAN- 6,264,194,723,-81
-1,-1,0.15295,-TIA- 7,168,112,722,-80
-1,-1,0.152973,-TIA- 7,168,112,721,-79
-1,-1,0.153008,-TIA- 7,168,112,720,-78
-2,-1,0.153031,-TIA- 7,168,112,718,-77
-2,-1,0.153049,-TIA- 7,168,112,716,-76
-3,-1,0.153072,-TIA- 7,168,112,713,-75
-3,-1,0.153101,-TIA- 7,168,112,710,-74
-3,-2,0.153124,-TIA- 7,168,112,707,-72
-2,-2,0.153147,-TIA- 7,168,112,705,-70
-3,-2,0.153182,-TIA- 7,168,112,702,-68
-3,-2,0.153211,-TIA- 7,168,112,699,-66
-4,-2,0.153223,-TIA- 7,168,112,695,-64
-3,-2,0.153246,-TIA- 7,168,112,692,-62
-4,-2,0.153275,-TIA- 7,168,112,688,-60
-4,-1,0.153304,-TIA- 7,168,112,684,-59
-4,-2,0.153333,-TIA- 7,168,112,680,-57
-3,-2,0.153366,-TIA- 7,168,112,677,-55
-4,-3,0.153374,-TIA- 7,168,112,673,-52
-4,-3,0.153397,-TIA- 7,168,112,669,-49
-4,-3,0.153432,-TIA- 7,168,112,665,-46
-3,-1,0.153472,-TIA- 7,168,112,662,-45
-4,-3,0.15351,-TIA- 7,168,112,658,-42
-4,-3,0.153519,-TIA- 7,168,112,654,-39
-2,-2,0.153542,-TIA- 7,168,112,652,-37
-3,-3,0.153577,-TIA- 7,168,112,649,-34
-3,-3,0.1536,-TIA- 7,168,112,646,-31
-3,-3,0.153629,-TIA- 7,168,112,643,-28
-3,-3,0.153652,-TIA- 7,168,112,640,-25
-3,-2,0.15367,-TIA- 7,168,112,637,-23
-2,-3,0.153693,-TIA- 7,168,112,635,-20
-3,-3,0.153716,-TIA- 7,168,112,632,-17
-3,-3,0.153757,-TIA- 7,168,112,629,-14
-3,-3,0.153792,-TIA- 7,168,112,626,-11
-3,-3,0.153803,-TIA- 7,168,112,623,-8
-2,-2,0.153821,-TIA- 7,168,112,621,-6
-3,-3,0.153844,-TIA- 7,168,112,618,-3
-3,-3,0.153867,-TIA- 7,168,112,615,0
-2,-3,0.153902,-TIA- 7,168,112,613,3
-2,-3,0.153925,-TIA- 7,168,112,611,6
-2,-2,0.153948,-TIA- 7,168,112,609,8
-2,-3,0.153966,-TIA- 7,168,112,607,11
-1,-3,0.153989,-TIA- 7,168,112,606,14
-2,-3,0.154012,-TIA- 7,168,112,604,17
-2,-2,0.154047,-TIA- 7,168,112,602,19
-2,-2,0.154076,-TIA- 7,168,112,600,21
-2,-2,0.154099,-TIA- 7,168,112,598,23
-2,-3,0.154117,-TIA- 7,168,112,596,26
-2,-3,0.15414,-TIA- 7,168,112,594,29
-2,-3,0.154163,-TIA- 7,168,112,592,32
-1,-2,0.154198,-TIA- 7,168,112,591,34
-2,-2,0.154227,-TIA- 7,168,112,589,36
-2,-1,0.154244,-TIA- 7,168,112,587,37
-2,-2,0.154268,-TIA- 7,168,112,585,39
-2,-2,0.154291,-TIA- 7,168,112,583,41
-2,-2,0.15432,-TIA- 7,168,112,581,43
-2,-2,0.154349,-TIA- 7,168,112,579,45
-1,-2,0.154372,-TIA- 7,168,112,578,47
-2,-2,0.154395,-TIA- 7,168,112,576,49
-2,-2,0.154419,-TIA- 7,168,112,574,51
-2,-1,0.154448,-TIA- 7,168,112,572,52
-2,-2,0.154471,-TIA- 7,168,112,570,54
-2,-2,0.1545,-TIA- 7,168,112,568,56
-2,-2,0.154535,-TIA- 7,168,112,566,58
-2,-4,0.154581,-TIA- 7,168,112,564,62
-3,-2,0.154598,-TIA- 7,168,112,561,64
-2,-2,0.154622,-TIA- 7,168,112,559,66
-2,-2,0.154651,-TIA- 7,168,112,557,68
-2,-3,0.154674,-TIA- 7,168,112,555,71
-2,-3,0.154709,-TIA- 7,168,112,553,74
-2,-6,0.154749,-TIA- 7,168,112,551,80
-3,-2,0.154773,-TIA- 7,168,112,548,82
-1,-3,0.154796,-TIA- 7,168,112,547,85
-1,-3,0.154831,-TIA- 7,168,112,546,88
-1,-3,0.15486,-TIA- 7,168,112,545,91
-1,-6,0.1549,-TIA- 7,168,112,544,97
-2,-2,0.154935,-TIA- 7,168,112,542,99
-1,-3,0.154947,-TIA- 7,168,112,541,102
-1,-3,0.154982,-TIA- 7,168,112,540,105
-1,-3,0.155011,-TIA- 7,168,112,539,108
-1,-3,0.155022,-TIA- 7,168,112,538,111
-1,-2,0.155051,-TIA- 7,168,112,537,113
-1,-3,0.15508,-TIA- 7,168,112,536,116
-1,-3,0.155092,-TIA- 7,168,112,535,119
-1,-3,0.155115,-TIA- 7,168,112,534,122
-1,-3,0.155156,-TIA- 7,168,112,533,125
-1,-2,0.155167,-TIA- 7,168,112,532,127
-2,-3,0.155196,-TIA- 7,168,112,530,130
-2,-3,0.15522,-TIA- 7,168,112,528,133
-2,-3,0.155254,-TIA- 7,168,112,526,136
-2,-2,0.155278,-TIA- 7,168,112,524,138
-2,-2,0.155295,-TIA- 7,168,112,522,140
-2,-2,0.155318,-TIA- 7,168,112,520,142
-1,-2,0.155371,-TIA- 7,168,112,519,144
-2,-2,0.155405,-TIA- 7,168,112,517,146
-2,-2,0.155423,-TIA- 7,168,112,515,148
-2,-1,0.155446,-TIA- 7,168,112,513,149
-2,-2,0.155469,-TIA- 7,168,112,511,151
-2,-2,0.155492,-TIA- 7,168,112,509,153
-2,-2,0.155527,-TIA- 7,168,112,507,155
-2,-2,0.155556,-TIA- 7,168,112,505,157
-1,-2,0.155591,-TIA- 7,168,112,504,159
-2,-2,0.155595,-TIA- 7,168,112,502,161
-2,-2,0.15562,-TIA- 7,168,112,500,163
-2,-1,0.155643,-TIA- 7,168,112,498,164
-2,-2,0.155678,-TIA- 7,168,112,496,166
-2,-2,0.155701,-TIA- 7,168,112,494,168
-2,-2,0.155742,-TIA- 7,168,112,492,170
-2,-2,0.155748,-TIA- 7,168,112,490,172
-1,-2,0.155771,-TIA- 7,168,112,489,174
-2,-2,0.1558,-TIA- 7,168,112,487,176
-2,-2,0.155829,-TIA- 7,168,112,485,178
-2,-1,0.155852,-TIA- 7,168,112,483,179
-2,-2,0.155887,-TIA- 7,168,112,481,181
-2,-2,0.155905,-TIA- 7,168,112,479,183
-2,-2,0.155928,-TIA- 7,168,112,477,185
-2,-2,0.155957,-TIA- 7,168,112,475,187
-1,-1,0.155992,-TIA- 7,168,112,474,188
-2,-1,0.156003,-TIA- 7,168,112,472,189
-2,-1,0.156044,-TIA- 7,168,112,470,190
-2,-1,0.156056,-TIA- 7,168,112,468,191
-2,-1,0.156079,-TIA- 7,168,112,466,192
-2,-1,0.156108,-TIA- 7,168,112,464,193
-2,-1,0.156143,-TIA- 7,168,112,462,194
-1,-1,0.156195,-TIA- 7,168,112,461,195
-2,-1,0.156206,-TIA- 7,168,112,459,196
-2,-1,0.15623,-TIA- 7,168,112,457,197
-2,-1,0.156259,-TIA- 7,168,112,455,198
-2,-1,0.156287,-TIA- 7,168,112,453,199
-2,-1,0.156323,-TIA- 7,168,112,451,200
-2,-1,0.156607,-TIA- 7,168,112,449,201
-2,-1,0.156619,-TIA- 7,168,112,447,202
-2,-1,0.156648,-TIA- 7,168,112,445,203
-2,-1,0.156671,-TIA- 7,168,112,443,204
-1,-1,0.156688,-TIA- 7,168,112,442,205
-2,-1,0.156717,-TIA- 7,168,112,440,206
-2,-2,0.156764,-TIA- 7,168,112,438,208
-1,1,0.156938,-TIA- 7,168,112,437,207
-1,1,0.156961,-TIA- 7,168,112,436,206
-1,1,0.156984,-TIA- 7,168,112,435,205
-1,1,0.157042,-TIA- 7,168,112,434,204
-1,1,0.157054,-TIA- 7,168,112,433,203
-1,1,0.157077,-TIA- 7,168,112,432,202
-1,1,0.157112,-TIA- 7,168,112,431,201
-1,1,0.157141,-TIA- 7,168,112,430,200
-1,1,0.175792,GO 8,66,266,429,199
1,2,0.175851,GO 8,66,266,430,197
1,2,0.175868,GO 8,66,266,431,195
1,3,0.175897,GO 8,66,266,432,192
1,3,0.175938,GO 8,66,266,433,189
1,2,0.175961,GO 8,66,266,434,187
2,3,0.175972,GO 8,66,266,436,184
1,4,0.176001,GO 8,66,266,437,180
1,4,0.176025,GO 8,66,266,438,176
1,3,0.176048,GO 8,66,266,439,173
1,4,0.176077,GO 8,66,266,440,169
-1,3,0.176112,GO 8,66,266,439,166
-2,3,0.176123,GO 8,66,266,437,163
-2,3,0.176152,GO 8,66,266,435,160
-3,2,0.176176,GO 8,66,266,432,158
-2,3,0.176199,GO 8,66,266,430,155
-3,3,0.176233,GO 8,66,266,427,152
-4,3,0.176263,GO 8,66,266,423,149
-4,3,0.176274,GO 8,66,266,419,146
-3,2,0.176303,GO 8,66,266,416,144
-4,3,0.176327,GO 8,66,266,412,141
-4,3,0.176361,GO 8,66,266,408,138
-4,4,0.17639,GO 8,66,266,404,134
-3,4,0.176408,GO 8,66,266,401,130
-3,3,0.176425,GO 8,66,266,398,127
-3,4,0.176448,GO 8,66,266,395,123
-3,4,0.176477,GO 8,66,266,392,119
-2,4,0.176512,GO 8,66,266,390,115
-2,3,0.176541,GO 8,66,266,388,112
-1,4,0.176565,GO 8,66,266,387,108
-2,4,0.176576,GO 8,66,266,385,104
-3,4,0.176599,GO 8,66,266,382,100
-3,3,0.176631,GO 8,66,266,379,97
-3,4,0.176663,GO 8,66,266,376,93
-3,3,0.176698,GO 8,66,266,373,90
-2,6,0.176727,GO 8,66,266,371,84
-6,1,0.17675,GO 8,66,266,365,83
-3,2,0.176785,GO 8,66,266,362,81
-3,2,0.176808,GO 8,66,266,359,79
-2,2,0.176837,GO 8,66,266,357,77
-2,2,0.176855,GO 8,66,266,355,75
-2,2,0.176878,GO 8,66,266,353,73
-3,2,0.176901,GO 8,66,266,350,71
-3,2,0.176936,GO 8,66,266,347,69
-3,2,0.176959,GO 8,66,266,344,67
-2,3,0.177,GO 8,66,266,342,64
-3,3,0.177023,GO 8,66,266,339,61
-3,3,0.177035,GO 8,66,266,336,58
-4,4,0.177052,GO 8,66,266,332,54
-4,3,0.177087,GO 8,66,266,328,51
-3,4,0.177111,GO 8,66,266,325,47
-4,4,0.177145,GO 8,66,266,321,43
-4,4,0.177174,GO 8,66,266,317,39
-4,3,0.177191,GO 8,66,266,313,36
-3,4,0.177209,GO 8,66,266,310,32
-4,4,0.177238,GO 8,66,266,306,28
-3,4,0.177261,GO 8,66,266,303,24
-3,3,0.177296,GO 8,66,266,300,21
-3,4,0.177325,GO 8,66,266,297,17
-2,4,0.177337,GO 8,66,266,295,13
-3,4,0.17736,GO 8,66,266,292,9
-3,3,0.177389,GO 8,66,266,289,6
-3,4,0.177406,GO 8,66,266,286,2
-3,4,0.177429,GO 8,66,266,283,-2
-2,4,0.177476,GO 8,66,266,281,-6
-4,3,0.177488,GO 8,66,266,277,-9
-4,4,0.177511,GO 8,66,266,273,-13
-4,4,0.177546,GO 8,66,266,269,-17
-3,3,0.177557,GO 8,66,266,266,-20
-4,2,0.177586,GO 8,66,266,262,-22
-4,3,0.177621,GO 8,66,266,258,-25
-4,3,0.177638,GO 8,66,266,254,-28
-3,3,0.177662,GO 8,66,266,251,-31
-4,3,0.177685,GO 8,66,266,247,-34
-4,2,0.177726,GO 8,66,266,243,-36
-4,3,0.177737,GO 8,66,266,239,-39
-3,3,0.17776,GO 8,66,266,236,-42
-4,3,0.177789,GO 8,66,266,232,-45
-4,3,0.177813,GO 8,66,266,228,-48
-4,3,0.177842,GO 8,66,266,224,-51
-3,2,0.177871,GO 8,66,266,221,-53
-4,3,0.177888,GO 8,66,266,217,-56
-4,3,0.177917,GO 8,66,266,213,-59
-4,3,0.177935,GO 8,66,266,209,-62
-3,3,0.177969,GO 8,66,266,206,-65
-4,3,0.177981,GO 8,66,266,202,-68
-4,4,0.178016,GO 8,66,266,198,-72
-4,4,0.178033,GO 8,66,266,194,-76
-3,4,0.178056,GO 8,66,266,191,-80
-4,3,0.178085,GO 8,66,266,187,-83
-4,4,0.17812,GO 8,66,266,183,-87
-4,4,0.178149,GO 8,66,266,179,-91
-3,4,0.178161,GO 8,66,266,176,-95
-4,3,0.178184,GO 8,66,266,172,-98
-4,4,0.178207,GO 8,66,266,168,-102
-4,4,0.178231,GO 8,66,266,164,-106
-3,4,0.17826,GO 8,66,266,161,-110
-4,3,0.178289,GO 8,66,266,157,-113
-4,4,0.178318,GO 8,66,266,153,-117
-4,4,0.178335,GO 8,66,266,149,-121
-3,4,0.178358,GO 8,66,266,146,-125
-4,3,0.178381,GO 8,66,266,142,-128
-4,4,0.178416,GO 8,66,266,138,-132
-3,3,0.178457,GO 8,66,266,135,-135
-2,3,0.178469,GO 8,66,266,133,-138
-3,3,0.178486,GO 8,66,266,130,-141
-3,2,0.178521,GO 8,66,266,127,-143
-3,3,0.178537,GO 8,66,266,124,-146
-3,3,0.178567,GO 8,66,266,121,-149
-2,3,0.178599,GO 8,66,266,119,-152
-3,3,0.178614,GO 8,66,266,116,-155
-3,2,0.178637,GO 8,66,266,113,-157
-3,3,0.178663,GO 8,66,266,110,-160
-3,3,0.178689,GO 8,66,266,107,-163
-3,3,0.178718,GO 8,66,266,104,-166
-2,3,0.178741,GO 8,66,266,102,-169
-3,2,0.178776,GO 8,66,266,99,-171
-3,3,0.178799,GO 8,66,266,96,-174
-3,3,0.178817,GO 8,66,266,93,-177
-3,3,0.17884,GO 8,66,266,90,-180
-2,3,0.178863,GO 8,66,266,88,-183
-3,3,0.178904,GO 8,66,266,85,-186
-3,2,0.178933,GO 8,66,266,82,-188
-3,3,0.17895,GO 8,66,266,79,-191
-3,3,0.178968,GO 8,66,266,76,-194
-2,3,0.178991,GO 8,66,266,74,-197
-3,3,0.179014,GO 8,66,266,71,-200
-3,2,0.179055,GO 8,66,266,68,-202
-3,3,0.17909,GO 8,66,266,65,-205
-2,3,0.179101,GO 8,66,266,63,-208
-2,3,0.179119,GO 8,66,266,61,-211
-2,3,0.179142,GO 8,66,266,59,-214
-1,2,0.179171,GO 8,66,266,58,-216
-2,4,0.1792,GO 8,66,266,56,-220
-2,4,0.179229,GO 8,66,266,54,-224
-2,4,0.179258,GO 8,66,266,52,-228
-2,3,0.17927,GO 8,66,266,50,-231
-2,4,0.179299,GO 8,66,266,48,-235
-2,3,0.179304,GO 8,66,266,46,-238
-2,3,0.179339,GO 8,66,266,44,-241
-2,3,0.179368,GO 8,66,266,42,-244
-1,2,0.179403,GO 8,66,266,41,-246
-1,1,0.179409,GO 8,66,266,40,-247
-1,2,0.179432,GO 8,66,266,39,-249
-1,1,0.179455,GO 8,66,266,38,-250
-1,1,0.17949,GO 8,66,266,37,-251
-1,1,0.179524,GO 8,66,266,36,-252
-1,1,0.179554,GO 8,66,266,35,-253
