dX,dY,WHEN,SYLLABLE,X,Y,cX,cY
0,-1,0.0346558,Yield,0,0,0,1
-1,-1,0.0346848,Yield,0,0,-1,2
-1,-2,0.034708,Yield,0,0,-2,4
-2,-2,0.0347487,Yield,0,0,-4,6
-1,-3,0.0347487,Yield,0,0,-5,9
-3,-3,0.0347777,Yield,0,0,-8,12
-3,-2,0.0348067,Yield,0,0,-11,14
-3,-3,0.0348299,Yield,0,0,-14,17
-4,-3,0.0348648,Yield,0,0,-18,20
-3,-3,0.0348938,Yield,0,0,-21,23
-4,-2,0.0349054,Yield,0,0,-25,25
-4,1,0.0349576,Yield,0,0,-29,24
-3,1,0.0349925,Yield,0,0,-32,23
-4,2,0.0349983,Yield,0,0,-36,21
-4,2,0.0350215,Yield,0,0,-40,19
-4,2,0.0350563,Yield,0,0,-44,17
-3,2,0.0350737,Yield,0,0,-47,15
-4,2,0.0351028,Yield,0,0,-51,13
-4,3,0.0351202,Yield,0,0,-55,10
-4,4,0.0351434,Yield,0,0,-59,6
-3,4,0.0351763,Yield,0,0,-62,2
-4,4,0.0352015,Yield,0,0,-66,-2
-4,3,0.0352305,Yield,0,0,-70,-5
-4,4,0.0352421,Yield,0,0,-74,-9
-3,4,0.0352595,Yield,0,0,-77,-13
-4,4,0.0352943,Yield,0,0,-81,-17
-4,3,0.0353234,Yield,0,0,-85,-20
-4,4,0.0353524,Yield,0,0,-89,-24
-3,4,0.035364,Yield,0,0,-92,-28
-4,4,0.035393,Yield,0,0,-96,-32
-4,3,0.0354104,Yield,0,0,-100,-35
-4,4,0.0354453,Yield,0,0,-104,-39
-3,4,0.0354769,Yield,0,0,-107,-43
-4,4,0.0355091,Yield,0,0,-111,-47
-4,3,0.0355207,Yield,0,0,-115,-50
-4,3,0.0355427,Yield,0,0,-119,-53
-3,3,0.035573,Yield,0,0,-122,-56
-4,3,0.0356078,Yield,0,0,-126,-59
-4,2,0.0356136,Yield,0,0,-130,-61
-4,1,0.0356484,Yield,0,0,-134,-62
-3,2,0.0356775,Yield,0,0,-137,-64
-4,1,0.0356949,Yield,0,0,-141,-65
-4,1,0.0357239,Yield,0,0,-145,-66
-4,1,0.0357413,Yield,0,0,-149,-67
-3,1,0.0357645,Yield,0,0,-152,-68
-4,-1,0.0358922,Yield,0,0,-156,-67
-4,-1,0.0359271,Yield,0,0,-160,-66
-3,-1,0.0359584,Yield,0,0,-163,-65
-4,-3,0.0359967,Yield,0,0,-167,-62
-8,-2,0.0360316,Yield,0,0,-175,-60
-3,-2,0.0360606,Yield,0,0,-178,-58
-4,-6,0.0360954,Yield,0,0,-182,-52
-8,-3,0.0361244,Yield,0,0,-190,-49
-3,-2,0.0361477,Yield,0,0,-193,-47
-2,-3,0.0361767,Yield,0,0,-195,-44
-2,-3,0.0362057,Yield,0,0,-197,-41
-2,-3,0.0362231,Yield,0,0,-199,-38
-1,-2,0.0362463,Yield,0,0,-200,-36
-1,-2,0.0362754,Yield,0,0,-201,-34
1,-2,0.036316,Yield,0,0,-200,-32
1,-1,0.036345,Yield,0,0,-199,-31
2,-2,0.0363624,Yield,0,0,-197,-29
2,-2,0.0363741,Yield,0,0,-195,-27
1,-2,0.0363973,Yield,0,0,-194,-25
2,-2,0.0364263,Yield,0,0,-192,-23
3,-2,0.0364611,Yield,0,0,-189,-21
3,-2,0.0364902,Yield,0,0,-186,-19
3,-2,0.0365018,Yield,0,0,-183,-17
3,-1,0.036525,Yield,0,0,-180,-16
2,-2,0.0365598,Yield,0,0,-178,-14
3,-2,0.036583,Yield,0,0,-175,-12
2,-2,0.0366121,Yield,0,0,-173,-10
2,-2,0.0366469,Yield,0,0,-171,-8
2,-1,0.0366527,Yield,0,0,-169,-7
2,-1,0.0366759,Yield,0,0,-167,-6
2,-1,0.0367107,Yield,0,0,-165,-5
3,1,0.0367746,Yield,0,0,-162,-6
3,1,0.0368036,Yield,0,0,-159,-7
3,1,0.0368268,Yield,0,0,-156,-8
2,2,0.0368617,Yield,0,0,-154,-10
3,2,0.0368791,Yield,0,0,-151,-12
3,2,0.0369023,Yield,0,0,-148,-14
3,2,0.0369255,Yield,0,0,-145,-16
3,1,0.0369546,Yield,0,0,-142,-17
2,2,0.037001,Yield,0,0,-140,-19
3,2,0.0370184,Yield,0,0,-137,-21
3,2,0.03703,Yield,0,0,-134,-23
3,1,0.0370649,Yield,0,0,-131,-24
2,1,0.0370765,Yield,0,0,-129,-25
1,-1,0.0371577,Yield,0,0,-128,-24
-1,-1,0.0372042,Yield,0,0,-129,-23
-1,-2,0.0372274,Yield,0,0,-130,-21
-1,-2,0.0372332,Yield,0,0,-131,-19
-1,-3,0.037268,Yield,0,0,-132,-16
-1,-2,0.0372912,Yield,0,0,-133,-14
1,-3,0.0373145,Yield,0,0,-132,-11
1,-3,0.0373493,Yield,0,0,-131,-8
1,-3,0.0373783,Yield,0,0,-130,-5
1,-3,0.0373899,Yield,0,0,-129,-2
1,-2,0.037419,Yield,0,0,-128,0
2,-3,0.0374364,Yield,0,0,-126,3
2,-3,0.0374712,Yield,0,0,-124,6
1,-3,0.0374828,Yield,0,0,-123,9
2,-3,0.0375118,Yield,0,0,-121,12
3,-3,0.0375351,Yield,0,0,-118,15
3,-2,0.037572,Yield,0,0,-115,17
3,-3,0.0376047,Yield,0,0,-112,20
3,-4,0.0376395,Yield,0,0,-109,24
3,-2,0.0376744,Yield,0,0,-106,26
2,-1,0.0376918,Yield,0,0,-104,27
1,-1,0.0377266,Yield,0,0,-103,28
-1,1,0.0472062,FRAY 1,12,366,-104,27
-1,1,0.04727,FRAY 1,12,366,-105,26
-1,2,0.0472932,FRAY 1,12,366,-106,24
-2,2,0.0473223,FRAY 1,12,366,-108,22
-2,2,0.0473339,FRAY 1,12,366,-110,20
-2,3,0.0473571,FRAY 1,12,366,-112,17
-2,2,0.0473919,FRAY 1,12,366,-114,15
-1,3,0.047421,FRAY 1,12,366,-115,12
-1,3,0.0474521,FRAY 1,12,366,-116,9
-1,3,0.0474616,FRAY 1,12,366,-117,6
-1,3,0.0474906,FRAY 1,12,366,-118,3
-1,3,0.0474964,FRAY 1,12,366,-119,0
-1,4,0.0475312,FRAY 1,12,366,-120,-4
-2,4,0.0475429,FRAY 1,12,366,-122,-8
-2,4,0.0475777,FRAY 1,12,366,-124,-12
-3,3,0.0475825,FRAY 1,12,366,-127,-15
-3,4,0.0476009,FRAY 1,12,366,-130,-19
-3,4,0.0476299,FRAY 1,12,366,-133,-23
-2,4,0.0476648,FRAY 1,12,366,-135,-27
-3,3,0.0476706,FRAY 1,12,366,-138,-30
-3,4,0.0477054,FRAY 1,12,366,-141,-34
-3,4,0.0477344,FRAY 1,12,366,-144,-38
-3,3,0.0477518,FRAY 1,12,366,-147,-41
-2,3,0.0477809,FRAY 1,12,366,-149,-44
-1,2,0.0477983,FRAY 1,12,366,-150,-46
-2,3,0.0478273,FRAY 1,12,366,-152,-49
-2,3,0.0478475,FRAY 1,12,366,-154,-52
-1,3,0.0478795,FRAY 1,12,366,-155,-55
-1,3,0.0479144,FRAY 1,12,366,-156,-58
-1,3,0.0479376,FRAY 1,12,366,-157,-61
1,4,0.0479434,FRAY 1,12,366,-156,-65
1,4,0.0479782,FRAY 1,12,366,-155,-69
1,4,0.0479956,FRAY 1,12,366,-154,-73
1,3,0.0480247,FRAY 1,12,366,-153,-76
2,4,0.0480479,FRAY 1,12,366,-151,-80
1,4,0.0480641,FRAY 1,12,366,-150,-84
2,4,0.0480885,FRAY 1,12,366,-148,-88
1,3,0.0481117,FRAY 1,12,366,-147,-91
1,3,0.0481408,FRAY 1,12,366,-146,-94
1,3,0.0481582,FRAY 1,12,366,-145,-97
1,3,0.0481988,FRAY 1,12,366,-144,-100
1,3,0.0482046,FRAY 1,12,366,-143,-103
1,2,0.0482301,FRAY 1,12,366,-142,-105
1,3,0.0482627,FRAY 1,12,366,-141,-108
1,3,0.0482859,FRAY 1,12,366,-140,-111
1,3,0.0483033,FRAY 1,12,366,-139,-114
2,3,0.0483498,FRAY 1,12,366,-137,-117
2,3,0.0483614,FRAY 1,12,366,-135,-120
2,3,0.0483846,FRAY 1,12,366,-133,-123
2,4,0.0484078,FRAY 1,12,366,-131,-127
3,4,0.0484484,FRAY 1,12,366,-128,-131
3,4,0.0484542,FRAY 1,12,366,-125,-135
3,3,0.0485007,FRAY 1,12,366,-122,-138
3,4,0.0485123,FRAY 1,12,366,-119,-142
2,4,0.0485355,FRAY 1,12,366,-117,-146
3,4,0.0485587,FRAY 1,12,366,-114,-150
3,3,0.0485994,FRAY 1,12,366,-111,-153
3,4,0.0486052,FRAY 1,12,366,-108,-157
3,4,0.0486342,FRAY 1,12,366,-105,-161
3,4,0.0486632,FRAY 1,12,366,-102,-165
2,3,0.0486956,FRAY 1,12,366,-100,-168
3,4,0.0487213,FRAY 1,12,366,-97,-172
3,4,0.0487445,FRAY 1,12,366,-94,-176
3,4,0.0487619,FRAY 1,12,366,-91,-180
3,3,0.0487851,FRAY 1,12,366,-88,-183
2,4,0.0488141,FRAY 1,12,366,-86,-187
3,4,0.0488374,FRAY 1,12,366,-83,-191
3,4,0.0488722,FRAY 1,12,366,-80,-195
3,3,0.0489012,FRAY 1,12,366,-77,-198
3,4,0.0489128,FRAY 1,12,366,-74,-202
2,4,0.0489361,FRAY 1,12,366,-72,-206
3,4,0.0489593,FRAY 1,12,366,-69,-210
3,3,0.0489941,FRAY 1,12,366,-66,-213
3,4,0.0490231,FRAY 1,12,366,-63,-217
2,4,0.049058,FRAY 1,12,366,-61,-221
2,4,0.0490638,FRAY 1,12,366,-59,-225
1,3,0.0490928,FRAY 1,12,366,-58,-228
1,4,0.0490986,FRAY 1,12,366,-57,-232
-1,4,0.0491276,FRAY 1,12,366,-58,-236
-2,4,0.0491566,FRAY 1,12,366,-60,-240
-2,3,0.0491915,FRAY 1,12,366,-62,-243
-3,4,0.0491973,FRAY 1,12,366,-65,-247
-3,4,0.0492205,FRAY 1,12,366,-68,-251
-3,4,0.0492437,FRAY 1,12,366,-71,-255
-2,3,0.0492785,FRAY 1,12,366,-73,-258
-3,4,0.0493018,FRAY 1,12,366,-76,-262
-3,4,0.049325,FRAY 1,12,366,-79,-266
-3,4,0.0493482,FRAY 1,12,366,-82,-270
-2,3,0.0493772,FRAY 1,12,366,-84,-273
-2,4,0.0493888,FRAY 1,12,366,-86,-277
-2,4,0.0494237,FRAY 1,12,366,-88,-281
-1,4,0.0494469,FRAY 1,12,366,-89,-285
-1,3,0.0494803,FRAY 1,12,366,-90,-288
-1,4,0.0494933,FRAY 1,12,366,-91,-292
-1,4,0.0495107,FRAY 1,12,366,-92,-296
1,4,0.049534,FRAY 1,12,366,-91,-300
1,3,0.049563,FRAY 1,12,366,-90,-303
1,4,0.049592,FRAY 1,12,366,-89,-307
1,4,0.049621,FRAY 1,12,366,-88,-311
1,4,0.0496385,FRAY 1,12,366,-87,-315
1,3,0.0496675,FRAY 1,12,366,-86,-318
1,4,0.0496907,FRAY 1,12,366,-85,-322
1,4,0.0497197,FRAY 1,12,366,-84,-326
1,4,0.0497371,FRAY 1,12,366,-83,-330
1,3,0.0497662,FRAY 1,12,366,-82,-333
-1,4,0.0497952,FRAY 1,12,366,-83,-337
-1,4,0.0498184,FRAY 1,12,366,-84,-341
-1,4,0.0498416,FRAY 1,12,366,-85,-345
-1,3,0.0498707,FRAY 1,12,366,-86,-348
-2,4,0.0498881,FRAY 1,12,366,-88,-352
-2,4,0.0499229,FRAY 1,12,366,-90,-356
-2,4,0.0499461,FRAY 1,12,366,-92,-360
-1,3,0.0499693,FRAY 1,12,366,-93,-363
-1,4,0.0499926,FRAY 1,12,366,-94,-367
-1,4,0.0500271,FRAY 1,12,366,-95,-371
-1,4,0.050039,FRAY 1,12,366,-96,-375
1,3,0.0500622,FRAY 1,12,366,-95,-378
1,4,0.0501029,FRAY 1,12,366,-94,-382
1,4,0.0501203,FRAY 1,12,366,-93,-386
2,4,0.0501435,FRAY 1,12,366,-91,-390
2,3,0.0501783,FRAY 1,12,366,-89,-393
1,4,0.0502073,FRAY 1,12,366,-88,-397
3,4,0.050219,FRAY 1,12,366,-85,-401
3,4,0.0502596,FRAY 1,12,366,-82,-405
3,3,0.0502712,FRAY 1,12,366,-79,-408
3,4,0.0502944,FRAY 1,12,366,-76,-412
3,4,0.0503234,FRAY 1,12,366,-73,-416
2,4,0.0503525,FRAY 1,12,366,-71,-420
3,3,0.0503699,FRAY 1,12,366,-68,-423
3,4,0.0503931,FRAY 1,12,366,-65,-427
3,4,0.0504163,FRAY 1,12,366,-62,-431
3,4,0.0504395,FRAY 1,12,366,-59,-435
3,3,0.0504628,FRAY 1,12,366,-56,-438
3,4,0.0504976,FRAY 1,12,366,-53,-442
1,4,0.0505092,FRAY 1,12,366,-52,-446
2,4,0.0505382,FRAY 1,12,366,-50,-450
1,3,0.0505729,FRAY 1,12,366,-49,-453
-1,4,0.0505905,FRAY 1,12,366,-50,-457
-2,4,0.0506137,FRAY 1,12,366,-52,-461
-2,4,0.0506485,FRAY 1,12,366,-54,-465
-3,3,0.0506659,FRAY 1,12,366,-57,-468
-4,4,0.0506892,FRAY 1,12,366,-61,-472
-4,4,0.0507124,FRAY 1,12,366,-65,-476
-3,4,0.0507414,FRAY 1,12,366,-68,-480
-4,3,0.0507704,FRAY 1,12,366,-72,-483
-4,4,0.0507995,FRAY 1,12,366,-76,-487
-4,4,0.0508169,FRAY 1,12,366,-80,-491
-2,4,0.0508401,FRAY 1,12,366,-82,-495
-2,3,0.0508633,FRAY 1,12,366,-84,-498
-1,3,0.0508981,FRAY 1,12,366,-85,-501
-1,3,0.0509272,FRAY 1,12,366,-86,-504
1,3,0.0509504,FRAY 1,12,366,-85,-507
1,2,0.0509678,FRAY 1,12,366,-84,-509
1,2,0.050991,FRAY 1,12,366,-83,-511
1,1,0.0510491,FRAY 1,12,366,-82,-512
1,1,0.0510723,FRAY 1,12,366,-81,-513
1,-1,0.0626068,SAN- 2,256,173,-80,-512
1,-1,0.062659,SAN- 2,256,173,-79,-511
1,-2,0.0627055,SAN- 2,256,173,-78,-509
1,-2,0.0627113,SAN- 2,256,173,-77,-507
1,-2,0.0627345,SAN- 2,256,173,-76,-505
2,-2,0.0627577,SAN- 2,256,173,-74,-503
1,-2,0.0627926,SAN- 2,256,173,-73,-501
2,-3,0.06281,SAN- 2,256,173,-71,-498
3,-3,0.0628332,SAN- 2,256,173,-68,-495
3,-3,0.062868,SAN- 2,256,173,-65,-492
3,-3,0.0628912,SAN- 2,256,173,-62,-489
3,-3,0.0629145,SAN- 2,256,173,-59,-486
2,-2,0.0629435,SAN- 2,256,173,-57,-484
3,-3,0.0629609,SAN- 2,256,173,-54,-481
3,-3,0.0629899,SAN- 2,256,173,-51,-478
3,-3,0.0630073,SAN- 2,256,173,-48,-475
3,-3,0.0630306,SAN- 2,256,173,-45,-472
2,-2,0.0630654,SAN- 2,256,173,-43,-470
3,-3,0.0630944,SAN- 2,256,173,-40,-467
3,-3,0.0631002,SAN- 2,256,173,-37,-464
3,-3,0.0631351,SAN- 2,256,173,-34,-461
3,-3,0.0631583,SAN- 2,256,173,-31,-458
3,-2,0.0631815,SAN- 2,256,173,-28,-456
2,-3,0.0632163,SAN- 2,256,173,-26,-453
3,-3,0.0632454,SAN- 2,256,173,-23,-450
3,-3,0.063257,SAN- 2,256,173,-20,-447
3,-3,0.0632802,SAN- 2,256,173,-17,-444
3,-3,0.0633034,SAN- 2,256,173,-14,-441
2,-2,0.0633324,SAN- 2,256,173,-12,-439
3,-3,0.0633615,SAN- 2,256,173,-9,-436
3,-3,0.0633963,SAN- 2,256,173,-6,-433
3,-3,0.0634079,SAN- 2,256,173,-3,-430
3,-3,0.0634311,SAN- 2,256,173,0,-427
2,-2,0.0634543,SAN- 2,256,173,2,-425
3,-3,0.0634892,SAN- 2,256,173,5,-422
3,-3,0.0635124,SAN- 2,256,173,8,-419
3,-3,0.0635414,SAN- 2,256,173,11,-416
3,-3,0.0635588,SAN- 2,256,173,14,-413
2,-2,0.063582,SAN- 2,256,173,16,-411
3,-3,0.0636053,SAN- 2,256,173,19,-408
3,-3,0.0636401,SAN- 2,256,173,22,-405
3,-3,0.0636633,SAN- 2,256,173,25,-402
3,-3,0.063694,SAN- 2,256,173,28,-399
3,-3,0.0637098,SAN- 2,256,173,31,-396
2,-2,0.063733,SAN- 2,256,173,33,-394
3,-3,0.0637562,SAN- 2,256,173,36,-391
3,-3,0.0637852,SAN- 2,256,173,39,-388
3,-3,0.0638142,SAN- 2,256,173,42,-385
3,-3,0.0638375,SAN- 2,256,173,45,-382
2,-2,0.0638607,SAN- 2,256,173,47,-380
3,-3,0.0638839,SAN- 2,256,173,50,-377
3,-3,0.0639113,SAN- 2,256,173,53,-374
3,-3,0.0639361,SAN- 2,256,173,56,-371
3,-3,0.0639594,SAN- 2,256,173,59,-368
2,-2,0.064,SAN- 2,256,173,61,-366
3,-3,0.0640174,SAN- 2,256,173,64,-363
3,-3,0.0640406,SAN- 2,256,173,67,-360
3,-3,0.0640639,SAN- 2,256,173,70,-357
3,-3,0.0640929,SAN- 2,256,173,73,-354
3,-3,0.0641161,SAN- 2,256,173,76,-351
2,-2,0.0641414,SAN- 2,256,173,78,-349
3,-3,0.0641683,SAN- 2,256,173,81,-346
3,-3,0.0641916,SAN- 2,256,173,84,-343
3,-3,0.0642148,SAN- 2,256,173,87,-340
3,-3,0.0642438,SAN- 2,256,173,90,-337
2,-2,0.0642786,SAN- 2,256,173,92,-335
3,-3,0.0642844,SAN- 2,256,173,95,-332
3,-3,0.0643193,SAN- 2,256,173,98,-329
3,-3,0.0643425,SAN- 2,256,173,101,-326
3,-3,0.0643657,SAN- 2,256,173,104,-323
2,-2,0.0643889,SAN- 2,256,173,106,-321
3,-3,0.0644296,SAN- 2,256,173,109,-318
3,-3,0.0644412,SAN- 2,256,173,112,-315
3,-3,0.0644702,SAN- 2,256,173,115,-312
3,-3,0.0644934,SAN- 2,256,173,118,-309
3,-3,0.0645166,SAN- 2,256,173,121,-306
2,-2,0.0645399,SAN- 2,256,173,123,-304
3,-3,0.0645747,SAN- 2,256,173,126,-301
3,-3,0.0645921,SAN- 2,256,173,129,-298
3,-3,0.0646211,SAN- 2,256,173,132,-295
3,-3,0.0646444,SAN- 2,256,173,135,-292
2,-2,0.0646676,SAN- 2,256,173,137,-290
3,-3,0.0646908,SAN- 2,256,173,140,-287
3,-3,0.0647256,SAN- 2,256,173,143,-284
3,-3,0.064743,SAN- 2,256,173,146,-281
3,-3,0.0647663,SAN- 2,256,173,149,-278
2,-2,0.0647953,SAN- 2,256,173,151,-276
3,-3,0.0648243,SAN- 2,256,173,154,-273
3,-3,0.0648475,SAN- 2,256,173,157,-270
3,-6,0.0649114,SAN- 2,256,173,160,-264
5,-2,0.0649266,SAN- 2,256,173,165,-262
3,-1,0.0649502,SAN- 2,256,173,168,-261
3,-2,0.0649752,SAN- 2,256,173,171,-259
3,-2,0.0649985,SAN- 2,256,173,174,-257
3,-2,0.0650275,SAN- 2,256,173,177,-255
3,-2,0.0650449,SAN- 2,256,173,180,-253
2,-1,0.0650681,SAN- 2,256,173,182,-252
3,-1,0.0650913,SAN- 2,256,173,185,-251
3,-1,0.065132,SAN- 2,256,173,188,-250
3,-1,0.0651552,SAN- 2,256,173,191,-249
3,-1,0.0651784,SAN- 2,256,173,194,-248
2,-2,0.0652016,SAN- 2,256,173,196,-246
3,-1,0.065219,SAN- 2,256,173,199,-245
3,-2,0.0652423,SAN- 2,256,173,202,-243
3,-2,0.0652771,SAN- 2,256,173,205,-241
3,-2,0.0653119,SAN- 2,256,173,208,-239
2,-2,0.0653351,SAN- 2,256,173,210,-237
3,-2,0.0653526,SAN- 2,256,173,213,-235
3,-2,0.0653744,SAN- 2,256,173,216,-233
3,-2,0.065399,SAN- 2,256,173,219,-231
3,-1,0.065428,SAN- 2,256,173,222,-230
3,-2,0.0654629,SAN- 2,256,173,225,-228
2,-2,0.0654861,SAN- 2,256,173,227,-226
3,-2,0.0655035,SAN- 2,256,173,230,-224
3,-2,0.0655267,SAN- 2,256,173,233,-222
3,-2,0.0655499,SAN- 2,256,173,236,-220
3,-2,0.065579,SAN- 2,256,173,239,-218
2,-2,0.0656138,SAN- 2,256,173,241,-216
3,-1,0.0656428,SAN- 2,256,173,244,-215
3,-2,0.0656544,SAN- 2,256,173,247,-213
3,-2,0.0656776,SAN- 2,256,173,250,-211
3,-2,0.0657009,SAN- 2,256,173,253,-209
2,-2,0.0657241,SAN- 2,256,173,255,-207
3,-2,0.0657589,SAN- 2,256,173,258,-205
3,-1,0.0657937,SAN- 2,256,173,261,-204
3,-1,0.0658054,SAN- 2,256,173,264,-203
3,-1,0.065832,SAN- 2,256,173,267,-202
2,-1,0.0658576,SAN- 2,256,173,269,-201
1,1,0.0660085,SAN- 2,256,173,270,-202
1,1,0.0660317,SAN- 2,256,173,271,-203
-1,1,0.0660666,SAN- 2,256,173,270,-204
-1,2,0.0660956,SAN- 2,256,173,269,-206
-1,1,0.066113,SAN- 2,256,173,268,-207
-1,1,0.0661362,SAN- 2,256,173,267,-208
-1,1,0.0661595,SAN- 2,256,173,266,-209
-1,2,0.0661943,SAN- 2,256,173,265,-211
1,2,0.0662175,SAN- 2,256,173,266,-213
1,2,0.0662349,SAN- 2,256,173,267,-215
1,2,0.0662639,SAN- 2,256,173,268,-217
1,2,0.0662872,SAN- 2,256,173,269,-219
1,1,0.0663104,SAN- 2,256,173,270,-220
1,1,0.0663684,SAN- 2,256,173,271,-221
-1,1,0.0792091,-TIA- 3,230,425,270,-222
-1,1,0.0792555,-TIA- 3,230,425,269,-223
1,1,0.0792787,-TIA- 3,230,425,270,-224
3,1,0.0794807,-TIA- 3,230,425,273,-225
2,1,0.0795109,-TIA- 3,230,425,275,-226
2,2,0.0795341,-TIA- 3,230,425,277,-228
1,2,0.0795574,-TIA- 3,230,425,278,-230
2,1,0.0795922,-TIA- 3,230,425,280,-231
2,2,0.0796038,-TIA- 3,230,425,282,-233
2,3,0.0796328,-TIA- 3,230,425,284,-236
2,3,0.0796561,-TIA- 3,230,425,286,-239
2,3,0.0796851,-TIA- 3,230,425,288,-242
2,3,0.0797083,-TIA- 3,230,425,290,-245
2,2,0.0797373,-TIA- 3,230,425,292,-247
2,3,0.0797605,-TIA- 3,230,425,294,-250
1,3,0.0797838,-TIA- 3,230,425,295,-253
1,4,0.079807,-TIA- 3,230,425,296,-257
1,3,0.0798418,-TIA- 3,230,425,297,-260
1,4,0.079865,-TIA- 3,230,425,298,-264
2,4,0.0798941,-TIA- 3,230,425,300,-268
2,4,0.0799115,-TIA- 3,230,425,302,-272
2,3,0.0799405,-TIA- 3,230,425,304,-275
2,4,0.0799579,-TIA- 3,230,425,306,-279
2,4,0.0799927,-TIA- 3,230,425,308,-283
1,4,0.0800276,-TIA- 3,230,425,309,-287
1,3,0.0800566,-TIA- 3,230,425,310,-290
1,4,0.0800624,-TIA- 3,230,425,311,-294
1,4,0.0800856,-TIA- 3,230,425,312,-298
1,4,0.0801088,-TIA- 3,230,425,313,-302
-1,3,0.0801321,-TIA- 3,230,425,312,-305
-1,2,0.0801669,-TIA- 3,230,425,311,-307
-2,3,0.0802017,-TIA- 3,230,425,309,-310
-3,3,0.0802133,-TIA- 3,230,425,306,-313
-3,3,0.0802424,-TIA- 3,230,425,303,-316
-4,3,0.0802656,-TIA- 3,230,425,299,-319
-3,3,0.0802888,-TIA- 3,230,425,296,-322
-4,4,0.080312,-TIA- 3,230,425,292,-326
-4,4,0.0803527,-TIA- 3,230,425,288,-330
-4,4,0.0803701,-TIA- 3,230,425,284,-334
-3,3,0.0803933,-TIA- 3,230,425,281,-337
-4,4,0.0804223,-TIA- 3,230,425,277,-341
-4,4,0.0804397,-TIA- 3,230,425,273,-345
-4,4,0.0804629,-TIA- 3,230,425,269,-349
-3,3,0.0805036,-TIA- 3,230,425,266,-352
-4,4,0.080521,-TIA- 3,230,425,262,-356
-4,4,0.0805442,-TIA- 3,230,425,258,-360
-4,4,0.0805674,-TIA- 3,230,425,254,-364
-3,3,0.0805907,-TIA- 3,230,425,251,-367
-4,4,0.0806218,-TIA- 3,230,425,247,-371
-3,4,0.0806371,-TIA- 3,230,425,244,-375
-3,4,0.0806719,-TIA- 3,230,425,241,-379
-3,3,0.0806951,-TIA- 3,230,425,238,-382
-2,4,0.0807184,-TIA- 3,230,425,236,-386
-1,4,0.0807416,-TIA- 3,230,425,235,-390
-1,4,0.0807764,-TIA- 3,230,425,234,-394
-1,3,0.0807938,-TIA- 3,230,425,233,-397
-1,4,0.0808229,-TIA- 3,230,425,232,-401
-1,4,0.0808461,-TIA- 3,230,425,231,-405
-1,4,0.0808693,-TIA- 3,230,425,230,-409
1,3,0.0809041,-TIA- 3,230,425,231,-412
1,4,0.0809273,-TIA- 3,230,425,232,-416
1,4,0.0809448,-TIA- 3,230,425,233,-420
1,4,0.0809738,-TIA- 3,230,425,234,-424
1,3,0.080997,-TIA- 3,230,425,235,-427
1,4,0.0810202,-TIA- 3,230,425,236,-431
1,4,0.0810551,-TIA- 3,230,425,237,-435
1,4,0.0810841,-TIA- 3,230,425,238,-439
1,1,0.0810957,-TIA- 3,230,425,239,-440
1,1,0.0811189,-TIA- 3,230,425,240,-441
1,1,0.0811537,-TIA- 3,230,425,241,-442
1,1,0.081177,-TIA- 3,230,425,242,-443
1,1,0.0821522,-TIA- 3,230,425,243,-444
1,1,0.0822044,-TIA- 3,230,425,244,-445
-1,2,0.0822219,-TIA- 3,230,425,243,-447
-1,2,0.0822683,-TIA- 3,230,425,242,-449
-1,2,0.0822799,-TIA- 3,230,425,241,-451
-1,3,0.0823089,-TIA- 3,230,425,240,-454
-1,2,0.0823263,-TIA- 3,230,425,239,-456
-1,3,0.0823554,-TIA- 3,230,425,238,-459
-1,4,0.0823902,-TIA- 3,230,425,237,-463
-1,4,0.082396,-TIA- 3,230,425,236,-467
1,3,0.0824308,-TIA- 3,230,425,237,-470
1,4,0.0824541,-TIA- 3,230,425,238,-474
1,4,0.0824773,-TIA- 3,230,425,239,-478
1,4,0.0825005,-TIA- 3,230,425,240,-482
1,3,0.0825237,-TIA- 3,230,425,241,-485
1,4,0.0825527,-TIA- 3,230,425,242,-489
1,4,0.0825818,-TIA- 3,230,425,243,-493
1,4,0.082605,-TIA- 3,230,425,244,-497
1,3,0.0826398,-TIA- 3,230,425,245,-500
1,4,0.0826514,-TIA- 3,230,425,246,-504
1,4,0.0826921,-TIA- 3,230,425,247,-508
1,4,0.0827037,-TIA- 3,230,425,248,-512
1,3,0.0827327,-TIA- 3,230,425,249,-515
1,4,0.0827559,-TIA- 3,230,425,250,-519
1,4,0.0827907,-TIA- 3,230,425,251,-523
1,4,0.0828198,-TIA- 3,230,425,252,-527
1,3,0.0828314,-TIA- 3,230,425,253,-530
-1,4,0.0828546,-TIA- 3,230,425,252,-534
-1,4,0.0828778,-TIA- 3,230,425,251,-538
-2,4,0.0829127,-TIA- 3,230,425,249,-542
-2,3,0.0829359,-TIA- 3,230,425,247,-545
-2,4,0.0829716,-TIA- 3,230,425,245,-549
-3,4,0.0829823,-TIA- 3,230,425,242,-553
-3,4,0.0830055,-TIA- 3,230,425,239,-557
-3,3,0.0830288,-TIA- 3,230,425,236,-560
-3,4,0.0830636,-TIA- 3,230,425,233,-564
-2,2,0.0830926,-TIA- 3,230,425,231,-566
-2,2,0.0831158,-TIA- 3,230,425,229,-568
-1,2,0.0831332,-TIA- 3,230,425,228,-570
-2,1,0.0831565,-TIA- 3,230,425,226,-571
-1,1,0.0831797,-TIA- 3,230,425,225,-572
-1,-1,0.0932455,GO 4,103,159,224,-571
-1,-1,0.0932629,GO 4,103,159,223,-570
-1,-1,0.093321,GO 4,103,159,222,-569
-1,-2,0.09335,GO 4,103,159,221,-567
-1,-2,0.093379,GO 4,103,159,220,-565
-1,-2,0.0933965,GO 4,103,159,219,-563
-1,-1,0.0934255,GO 4,103,159,218,-562
-1,-2,0.0934429,GO 4,103,159,217,-560
-1,-2,0.0934719,GO 4,103,159,216,-558
-1,-2,0.0934951,GO 4,103,159,215,-556
-2,-2,0.0935184,GO 4,103,159,213,-554
-2,-2,0.0935532,GO 4,103,159,211,-552
-2,-2,0.0935764,GO 4,103,159,209,-550
-1,-2,0.0935938,GO 4,103,159,208,-548
-2,-1,0.0936229,GO 4,103,159,206,-547
-2,-2,0.0936519,GO 4,103,159,204,-545
-2,-2,0.0936751,GO 4,103,159,202,-543
-2,-2,0.0937041,GO 4,103,159,200,-541
-3,-2,0.0937273,GO 4,103,159,197,-539
-3,-2,0.0937448,GO 4,103,159,194,-537
-2,-2,0.093768,GO 4,103,159,192,-535
-3,-3,0.093797,GO 4,103,159,189,-532
-3,-2,0.093826,GO 4,103,159,186,-530
-3,-3,0.0938551,GO 4,103,159,183,-527
-3,-3,0.0938899,GO 4,103,159,180,-524
-2,-3,0.0938957,GO 4,103,159,178,-521
-3,-3,0.0939189,GO 4,103,159,175,-518
-3,-2,0.0939537,GO 4,103,159,172,-516
-3,-3,0.093977,GO 4,103,159,169,-513
-3,-3,0.094006,GO 4,103,159,166,-510
-2,-3,0.0940234,GO 4,103,159,164,-507
-3,-3,0.0940466,GO 4,103,159,161,-504
-2,-2,0.0940698,GO 4,103,159,159,-502
-2,-3,0.0941047,GO 4,103,159,157,-499
-2,-3,0.0941337,GO 4,103,159,155,-496
-2,-3,0.0941511,GO 4,103,159,153,-493
-2,-3,0.0941743,GO 4,103,159,151,-490
-1,-3,0.0941976,GO 4,103,159,150,-487
-1,-2,0.0942208,GO 4,103,159,149,-485
-1,-3,0.0942556,GO 4,103,159,148,-482
-2,-3,0.0942846,GO 4,103,159,146,-479
-2,-3,0.0943078,GO 4,103,159,144,-476
-2,-3,0.0943253,GO 4,103,159,142,-473
-2,-2,0.0943427,GO 4,103,159,140,-471
-2,-3,0.0943601,GO 4,103,159,138,-468
-2,-3,0.0943949,GO 4,103,159,136,-465
-2,-3,0.0944298,GO 4,103,159,134,-462
-1,-3,0.0944588,GO 4,103,159,133,-459
-1,-2,0.0944646,GO 4,103,159,132,-457
-2,-3,0.0944904,GO 4,103,159,130,-454
-2,-3,0.0945168,GO 4,103,159,128,-451
-2,-3,0.0945459,GO 4,103,159,126,-448
-2,-3,0.0945691,GO 4,103,159,124,-445
-2,-3,0.0946097,GO 4,103,159,122,-442
-2,-2,0.0946213,GO 4,103,159,120,-440
-1,-3,0.0946445,GO 4,103,159,119,-437
-2,-3,0.0946561,GO 4,103,159,117,-434
-2,-3,0.0946794,GO 4,103,159,115,-431
-2,-3,0.09472,GO 4,103,159,113,-428
-2,-2,0.0947548,GO 4,103,159,111,-426
-2,-3,0.0947606,GO 4,103,159,109,-423
-2,-3,0.0947839,GO 4,103,159,107,-420
-2,-3,0.0948071,GO 4,103,159,105,-417
-1,-3,0.0948303,GO 4,103,159,104,-414
-2,-2,0.0948535,GO 4,103,159,102,-412
-2,-3,0.0948709,GO 4,103,159,100,-409
-2,-3,0.0949058,GO 4,103,159,98,-406
-2,-3,0.0949232,GO 4,103,159,96,-403
-2,-3,0.0949464,GO 4,103,159,94,-400
-2,-3,0.0949733,GO 4,103,159,92,-397
-2,-2,0.0950044,GO 4,103,159,90,-395
-1,-3,0.0950219,GO 4,103,159,89,-392
-2,-3,0.0950509,GO 4,103,159,87,-389
-2,-3,0.0950741,GO 4,103,159,85,-386
-2,-3,0.0951031,GO 4,103,159,83,-383
-2,-2,0.0951263,GO 4,103,159,81,-381
-2,-3,0.0951554,GO 4,103,159,79,-378
-2,-3,0.0951728,GO 4,103,159,77,-375
-2,-3,0.095196,GO 4,103,159,75,-372
-1,-3,0.0952308,GO 4,103,159,74,-369
-2,-2,0.0952541,GO 4,103,159,72,-367
-2,-3,0.0952831,GO 4,103,159,70,-364
-2,-3,0.0953063,GO 4,103,159,68,-361
-2,-3,0.0953237,GO 4,103,159,66,-358
-2,-3,0.0953469,GO 4,103,159,64,-355
-2,-3,0.0953702,GO 4,103,159,62,-352
-2,-2,0.0953934,GO 4,103,159,60,-350
-1,-3,0.0954282,GO 4,103,159,59,-347
-2,-3,0.0954572,GO 4,103,159,57,-344
-2,-3,0.0954688,GO 4,103,159,55,-341
-2,-3,0.0954921,GO 4,103,159,53,-338
-2,-2,0.0955153,GO 4,103,159,51,-336
-2,-3,0.0955501,GO 4,103,159,49,-333
-2,-3,0.0955733,GO 4,103,159,47,-330
-2,-3,0.095614,GO 4,103,159,45,-327
-1,-3,0.0956198,GO 4,103,159,44,-324
-1,-2,0.095643,GO 4,103,159,43,-322
-1,-3,0.0956662,GO 4,103,159,42,-319
-1,-3,0.095701,GO 4,103,159,41,-316
-1,-3,0.0957243,GO 4,103,159,40,-313
-1,-3,0.0957649,GO 4,103,159,39,-310
-1,-3,0.0957707,GO 4,103,159,38,-307
-1,-2,0.0957939,GO 4,103,159,37,-305
-1,-3,0.0958288,GO 4,103,159,36,-302
-1,-3,0.095852,GO 4,103,159,35,-299
-1,-3,0.0958752,GO 4,103,159,34,-296
-1,-3,0.0958984,GO 4,103,159,33,-293
-1,-2,0.0959216,GO 4,103,159,32,-291
-1,-3,0.0959449,GO 4,103,159,31,-288
-1,-3,0.0959797,GO 4,103,159,30,-285
-1,-3,0.0959971,GO 4,103,159,29,-282
-1,-3,0.0960261,GO 4,103,159,28,-279
-1,-2,0.096061,GO 4,103,159,27,-277
-1,-3,0.0960726,GO 4,103,159,26,-274
-1,-3,0.0961004,GO 4,103,159,25,-271
-1,-2,0.0961248,GO 4,103,159,24,-269
-1,-2,0.096148,GO 4,103,159,23,-267
-1,-2,0.0961771,GO 4,103,159,22,-265
-1,-2,0.0962119,GO 4,103,159,21,-263
-1,-1,0.0962293,GO 4,103,159,20,-262
-1,-2,0.0962525,GO 4,103,159,19,-260
-1,-2,0.0962757,GO 4,103,159,18,-258
-1,-3,0.0963048,GO 4,103,159,17,-255
-1,-3,0.0963287,GO 4,103,159,16,-252
-1,-3,0.0963628,GO 4,103,159,15,-249
-1,-2,0.0963802,GO 4,103,159,14,-247
-1,-3,0.0964034,GO 4,103,159,13,-244
1,-3,0.0964267,GO 4,103,159,14,-241
1,-3,0.0964615,GO 4,103,159,15,-238
1,-3,0.0964847,GO 4,103,159,16,-235
1,-2,0.0965254,GO 4,103,159,17,-233
1,-3,0.0965312,GO 4,103,159,18,-230
1,-3,0.0965544,GO 4,103,159,19,-227
1,-3,0.0965776,GO 4,103,159,20,-224
1,-3,0.0966124,GO 4,103,159,21,-221
1,-3,0.0966415,GO 4,103,159,22,-218
1,-2,0.0966531,GO 4,103,159,23,-216
1,-3,0.0966821,GO 4,103,159,24,-213
1,-3,0.0967053,GO 4,103,159,25,-210
1,-3,0.0967401,GO 4,103,159,26,-207
1,-3,0.0967459,GO 4,103,159,27,-204
1,-2,0.0967866,GO 4,103,159,28,-202
1,-3,0.0967866,GO 4,103,159,29,-199
1,-3,0.0968156,GO 4,103,159,30,-196
1,-3,0.0968504,GO 4,103,159,31,-193
1,-3,0.096862,GO 4,103,159,32,-190
1,-2,0.0968853,GO 4,103,159,33,-188
1,-3,0.0969085,GO 4,103,159,34,-185
1,-3,0.0969375,GO 4,103,159,35,-182
1,-3,0.0969607,GO 4,103,159,36,-179
1,-3,0.0969898,GO 4,103,159,37,-176
1,-3,0.097013,GO 4,103,159,38,-173
1,-2,0.0970478,GO 4,103,159,39,-171
1,-2,0.0970652,GO 4,103,159,40,-169
1,-2,0.0970884,GO 4,103,159,41,-167
1,-2,0.0971117,GO 4,103,159,42,-165
1,-2,0.0971291,GO 4,103,159,43,-163
1,-2,0.0971639,GO 4,103,159,44,-161
1,-2,0.0971871,GO 4,103,159,45,-159
1,-1,0.0972045,GO 4,103,159,46,-158
1,-2,0.0972278,GO 4,103,159,47,-156
1,-2,0.097251,GO 4,103,159,48,-154
1,-2,0.09728,GO 4,103,159,49,-152
1,-2,0.0973148,GO 4,103,159,50,-150
1,-2,0.0973439,GO 4,103,159,51,-148
1,-2,0.0973555,GO 4,103,159,52,-146
1,-1,0.0973787,GO 4,103,159,53,-145
1,-2,0.0974019,GO 4,103,159,54,-143
1,-2,0.0974251,GO 4,103,159,55,-141
1,-2,0.09746,GO 4,103,159,56,-139
1,-2,0.097489,GO 4,103,159,57,-137
1,-2,0.0975064,GO 4,103,159,58,-135
1,-2,0.0975296,GO 4,103,159,59,-133
1,-2,0.0975528,GO 4,103,159,60,-131
1,-1,0.0975774,GO 4,103,159,61,-130
1,-2,0.0976109,GO 4,103,159,62,-128
1,-2,0.0976399,GO 4,103,159,63,-126
1,-2,0.0976573,GO 4,103,159,64,-124
1,-2,0.0976805,GO 4,103,159,65,-122
1,-2,0.0977154,GO 4,103,159,66,-120
1,-2,0.0977328,GO 4,103,159,67,-118
1,-2,0.0977618,GO 4,103,159,68,-116
1,-1,0.0977939,GO 4,103,159,69,-115
1,-2,0.0978083,GO 4,103,159,70,-113
1,-2,0.0978315,GO 4,103,159,71,-111
1,-1,0.0978605,GO 4,103,159,72,-110
1,-1,0.0978837,GO 4,103,159,73,-109
1,-1,0.0979127,GO 4,103,159,74,-108
1,-1,0.0979592,GO 4,103,159,75,-107
1,-1,0.107779,FRAY 5,7,158,76,-106
1,-1,0.10781,FRAY 5,7,158,77,-105
2,-2,0.107828,FRAY 5,7,158,79,-103
1,-2,0.107886,FRAY 5,7,158,80,-101
3,-1,0.107915,FRAY 5,7,158,83,-100
1,-1,0.107932,FRAY 5,7,158,84,-99
1,1,0.108257,FRAY 5,7,158,85,-100
-1,1,0.10828,FRAY 5,7,158,84,-101
-4,1,0.10871,FRAY 5,7,158,80,-102
-4,1,0.108733,FRAY 5,7,158,76,-103
-4,2,0.108745,FRAY 5,7,158,72,-105
-3,2,0.108768,FRAY 5,7,158,69,-107
-4,1,0.108791,FRAY 5,7,158,65,-108
-4,3,0.10882,FRAY 5,7,158,61,-111
-4,3,0.108861,FRAY 5,7,158,57,-114
-3,3,0.108873,FRAY 5,7,158,54,-117
-4,3,0.108896,FRAY 5,7,158,50,-120
-4,3,0.108919,FRAY 5,7,158,46,-123
-4,4,0.108948,FRAY 5,7,158,42,-127
-3,4,0.108971,FRAY 5,7,158,39,-131
-4,4,0.109006,FRAY 5,7,158,35,-135
-4,3,0.109023,FRAY 5,7,158,31,-138
-4,3,0.109047,FRAY 5,7,158,27,-141
-3,3,0.10907,FRAY 5,7,158,24,-144
-4,3,0.109093,FRAY 5,7,158,20,-147
-4,3,0.109128,FRAY 5,7,158,16,-150
-4,2,0.109151,FRAY 5,7,158,12,-152
-3,2,0.109192,FRAY 5,7,158,9,-154
-4,2,0.109198,FRAY 5,7,158,5,-156
-4,2,0.109221,FRAY 5,7,158,1,-158
-4,1,0.109244,FRAY 5,7,158,-3,-159
-3,1,0.109273,FRAY 5,7,158,-6,-160
-4,-1,0.109401,FRAY 5,7,158,-10,-159
-4,-1,0.10943,FRAY 5,7,158,-14,-158
-4,-1,0.109447,FRAY 5,7,158,-18,-157
-3,-1,0.109476,FRAY 5,7,158,-21,-156
-4,-1,0.109505,FRAY 5,7,158,-25,-155
-4,-1,0.109524,FRAY 5,7,158,-29,-154
-4,-1,0.109558,FRAY 5,7,158,-33,-153
-3,-1,0.109581,FRAY 5,7,158,-36,-152
-4,-1,0.109621,FRAY 5,7,158,-40,-151
-4,-1,0.109656,FRAY 5,7,158,-44,-150
-2,-1,0.109679,FRAY 5,7,158,-46,-149
-3,-1,0.109708,FRAY 5,7,158,-49,-148
-3,-1,0.109743,FRAY 5,7,158,-52,-147
1,-1,0.110306,FRAY 5,7,158,-51,-146
1,-1,0.110341,FRAY 5,7,158,-50,-145
1,-1,0.110382,FRAY 5,7,158,-49,-144
1,-1,0.110405,FRAY 5,7,158,-48,-143
1,-1,0.110428,FRAY 5,7,158,-47,-142
1,-1,0.110457,FRAY 5,7,158,-46,-141
1,-1,0.11051,FRAY 5,7,158,-45,-140
1,-1,0.110533,FRAY 5,7,158,-44,-139
1,-1,0.110556,FRAY 5,7,158,-43,-138
1,-1,0.110585,FRAY 5,7,158,-42,-137
1,-1,0.11062,FRAY 5,7,158,-41,-136
1,-1,0.11066,FRAY 5,7,158,-40,-135
1,-1,0.110684,FRAY 5,7,158,-39,-134
1,-1,0.110707,FRAY 5,7,158,-38,-133
1,-1,0.110742,FRAY 5,7,158,-37,-132
1,-1,0.110794,FRAY 5,7,158,-36,-131
1,-1,0.110811,FRAY 5,7,158,-35,-130
1,-1,0.110823,FRAY 5,7,158,-34,-129
1,-1,0.110846,FRAY 5,7,158,-33,-128
1,-1,0.110881,FRAY 5,7,158,-32,-127
1,-1,0.11092,FRAY 5,7,158,-31,-126
1,-1,0.110951,FRAY 5,7,158,-30,-125
1,-1,0.110974,FRAY 5,7,158,-29,-124
1,-1,0.110997,FRAY 5,7,158,-28,-123
1,-1,0.111026,FRAY 5,7,158,-27,-122
1,-2,0.111049,FRAY 5,7,158,-26,-120
1,-2,0.111073,FRAY 5,7,158,-25,-118
1,-2,0.111102,FRAY 5,7,158,-24,-116
1,-2,0.111125,FRAY 5,7,158,-23,-114
1,-2,0.111154,FRAY 5,7,158,-22,-112
1,-2,0.111177,FRAY 5,7,158,-21,-110
1,-1,0.111206,FRAY 5,7,158,-20,-109
1,-2,0.111224,FRAY 5,7,158,-19,-107
1,-2,0.111247,FRAY 5,7,158,-18,-105
1,-2,0.111282,FRAY 5,7,158,-17,-103
1,-2,0.111311,FRAY 5,7,158,-16,-101
1,-2,0.111328,FRAY 5,7,158,-15,-99
1,-2,0.111369,FRAY 5,7,158,-14,-97
2,-1,0.111375,FRAY 5,7,158,-12,-96
2,-1,0.111398,FRAY 5,7,158,-10,-95
1,-1,0.111456,FRAY 5,7,158,-9,-94
1,-1,0.111479,FRAY 5,7,158,-8,-93
1,-1,0.111514,FRAY 5,7,158,-7,-92
1,-1,0.111525,FRAY 5,7,158,-6,-91
1,-1,0.111554,FRAY 5,7,158,-5,-90
1,-1,0.111607,FRAY 5,7,158,-4,-89
1,-1,0.11163,FRAY 5,7,158,-3,-88
1,-1,0.111665,FRAY 5,7,158,-2,-87
1,-1,0.111682,FRAY 5,7,158,-1,-86
-1,1,0.123037,SAN- 6,80,415,-2,-87
-2,1,0.12306,SAN- 6,80,415,-4,-88
-1,1,0.123211,SAN- 6,80,415,-5,-89
-1,1,0.123234,SAN- 6,80,415,-6,-90
-1,1,0.123269,SAN- 6,80,415,-7,-91
-1,2,0.123275,SAN- 6,80,415,-8,-93
-1,3,0.12331,SAN- 6,80,415,-9,-96
-1,3,0.123333,SAN- 6,80,415,-10,-99
-1,3,0.123356,SAN- 6,80,415,-11,-102
-1,2,0.123379,SAN- 6,80,415,-12,-104
-1,3,0.12342,SAN- 6,80,415,-13,-107
-1,4,0.123431,SAN- 6,80,415,-14,-111
1,4,0.123455,SAN- 6,80,415,-13,-115
1,4,0.123484,SAN- 6,80,415,-12,-119
2,2,0.123507,SAN- 6,80,415,-10,-121
1,3,0.12353,SAN- 6,80,415,-9,-124
2,4,0.123565,SAN- 6,80,415,-7,-128
2,4,0.123577,SAN- 6,80,415,-5,-132
3,3,0.1236,SAN- 6,80,415,-2,-135
3,4,0.123629,SAN- 6,80,415,1,-139
3,4,0.123652,SAN- 6,80,415,4,-143
2,4,0.123681,SAN- 6,80,415,6,-147
3,3,0.12371,SAN- 6,80,415,9,-150
3,4,0.123728,SAN- 6,80,415,12,-154
3,4,0.123751,SAN- 6,80,415,15,-158
3,4,0.123774,SAN- 6,80,415,18,-162
3,3,0.123809,SAN- 6,80,415,21,-165
2,4,0.123832,SAN- 6,80,415,23,-169
3,4,0.123867,SAN- 6,80,415,26,-173
3,4,0.123878,SAN- 6,80,415,29,-177
3,3,0.123902,SAN- 6,80,415,32,-180
3,4,0.123925,SAN- 6,80,415,35,-184
2,4,0.12396,SAN- 6,80,415,37,-188
3,4,0.123983,SAN- 6,80,415,40,-192
3,3,0.124006,SAN- 6,80,415,43,-195
3,4,0.124029,SAN- 6,80,415,46,-199
3,4,0.124053,SAN- 6,80,415,49,-203
2,4,0.124076,SAN- 6,80,415,51,-207
3,3,0.124111,SAN- 6,80,415,54,-210
3,4,0.124134,SAN- 6,80,415,57,-214
3,4,0.124161,SAN- 6,80,415,60,-218
3,4,0.124192,SAN- 6,80,415,63,-222
2,3,0.124209,SAN- 6,80,415,65,-225
3,4,0.124233,SAN- 6,80,415,68,-229
3,4,0.124262,SAN- 6,80,415,71,-233
3,4,0.124296,SAN- 6,80,415,74,-237
3,3,0.124314,SAN- 6,80,415,77,-240
3,4,0.124343,SAN- 6,80,415,80,-244
2,4,0.12436,SAN- 6,80,415,82,-248
3,4,0.124383,SAN- 6,80,415,85,-252
3,2,0.124407,SAN- 6,80,415,88,-254
3,3,0.124438,SAN- 6,80,415,91,-257
3,3,0.124465,SAN- 6,80,415,94,-260
2,3,0.124494,SAN- 6,80,415,96,-263
3,3,0.124511,SAN- 6,80,415,99,-266
3,3,0.124534,SAN- 6,80,415,102,-269
3,2,0.124558,SAN- 6,80,415,105,-271
2,3,0.124592,SAN- 6,80,415,107,-274
2,3,0.124621,SAN- 6,80,415,109,-277
1,3,0.124645,SAN- 6,80,415,110,-280
1,3,0.124668,SAN- 6,80,415,111,-283
1,2,0.124685,SAN- 6,80,415,112,-285
-1,3,0.124709,SAN- 6,80,415,111,-288
-2,3,0.124743,SAN- 6,80,415,109,-291
-2,4,0.124772,SAN- 6,80,415,107,-295
-3,4,0.124807,SAN- 6,80,415,104,-299
-3,3,0.124819,SAN- 6,80,415,101,-302
-3,4,0.124836,SAN- 6,80,415,98,-306
-2,4,0.124865,SAN- 6,80,415,96,-310
-2,4,0.124894,SAN- 6,80,415,94,-314
-2,3,0.124912,SAN- 6,80,415,92,-317
-2,4,0.124941,SAN- 6,80,415,90,-321
-2,4,0.12497,SAN- 6,80,415,88,-325
-1,4,0.124993,SAN- 6,80,415,87,-329
-1,3,0.125016,SAN- 6,80,415,86,-332
-1,4,0.125045,SAN- 6,80,415,85,-336
-1,4,0.125063,SAN- 6,80,415,84,-340
-1,4,0.125098,SAN- 6,80,415,83,-344
-1,3,0.125121,SAN- 6,80,415,82,-347
-1,3,0.125144,SAN- 6,80,415,81,-350
-1,3,0.125173,SAN- 6,80,415,80,-353
-1,3,0.125196,SAN- 6,80,415,79,-356
-1,3,0.125214,SAN- 6,80,415,78,-359
-1,1,0.125237,SAN- 6,80,415,77,-360
-1,2,0.125272,SAN- 6,80,415,76,-362
-1,1,0.125295,SAN- 6,80,415,75,-363
-1,1,0.125318,SAN- 6,80,415,74,-364
-1,1,0.126516,SAN- 6,80,415,73,-365
-1,1,0.126566,SAN- 6,80,415,72,-366
-1,2,0.126589,SAN- 6,80,415,71,-368
-1,2,0.126624,SAN- 6,80,415,70,-370
-1,1,0.126647,SAN- 6,80,415,69,-371
-1,3,0.126671,SAN- 6,80,415,68,-374
1,3,0.126676,SAN- 6,80,415,69,-377
1,3,0.126723,SAN- 6,80,415,70,-380
1,3,0.12674,SAN- 6,80,415,71,-383
2,3,0.126769,SAN- 6,80,415,73,-386
2,2,0.126787,SAN- 6,80,415,75,-388
2,3,0.12681,SAN- 6,80,415,77,-391
2,3,0.126827,SAN- 6,80,415,79,-394
1,3,0.126851,SAN- 6,80,415,80,-397
2,3,0.126885,SAN- 6,80,415,82,-400
2,2,0.126909,SAN- 6,80,415,84,-402
2,3,0.126938,SAN- 6,80,415,86,-405
2,3,0.126961,SAN- 6,80,415,88,-408
2,3,0.126978,SAN- 6,80,415,90,-411
2,3,0.127002,SAN- 6,80,415,92,-414
2,2,0.127036,SAN- 6,80,415,94,-416
1,3,0.12706,SAN- 6,80,415,95,-419
2,3,0.12709,SAN- 6,80,415,97,-422
2,3,0.127123,SAN- 6,80,415,99,-425
2,3,0.127129,SAN- 6,80,415,101,-428
2,3,0.127158,SAN- 6,80,415,103,-431
2,2,0.127181,SAN- 6,80,415,105,-433
2,3,0.127211,SAN- 6,80,415,107,-436
2,3,0.127245,SAN- 6,80,415,109,-439
1,3,0.127274,SAN- 6,80,415,110,-442
2,3,0.127286,SAN- 6,80,415,112,-445
2,2,0.127309,SAN- 6,80,415,114,-447
2,3,0.127332,SAN- 6,80,415,116,-450
2,3,0.127361,SAN- 6,80,415,118,-453
2,3,0.12739,SAN- 6,80,415,120,-456
2,4,0.12742,SAN- 6,80,415,122,-460
2,3,0.127437,SAN- 6,80,415,124,-463
1,4,0.12746,SAN- 6,80,415,125,-467
2,4,0.127483,SAN- 6,80,415,127,-471
2,3,0.127507,SAN- 6,80,415,129,-474
2,2,0.127541,SAN- 6,80,415,131,-476
1,1,0.127588,SAN- 6,80,415,132,-477
1,-1,0.138385,-TIA- 7,199,283,133,-476
1,-1,0.138437,-TIA- 7,199,283,134,-475
1,-1,0.138455,-TIA- 7,199,283,135,-474
1,-1,0.13849,-TIA- 7,199,283,136,-473
1,-2,0.138507,-TIA- 7,199,283,137,-471
1,-2,0.138524,-TIA- 7,199,283,138,-469
1,-1,0.138559,-TIA- 7,199,283,139,-468
1,-1,0.138612,-TIA- 7,199,283,140,-467
1,-1,0.138629,-TIA- 7,199,283,141,-466
1,-1,0.138658,-TIA- 7,199,283,142,-465
1,-1,0.138681,-TIA- 7,199,283,143,-464
1,1,0.138832,-TIA- 7,199,283,144,-465
1,1,0.138855,-TIA- 7,199,283,145,-466
1,1,0.138913,-TIA- 7,199,283,146,-467
1,1,0.138937,-TIA- 7,199,283,147,-468
1,1,0.13896,-TIA- 7,199,283,148,-469
1,-1,0.139384,-TIA- 7,199,283,149,-468
1,-1,0.139442,-TIA- 7,199,283,150,-467
1,-1,0.139505,-TIA- 7,199,283,151,-466
1,-1,0.139511,-TIA- 7,199,283,152,-465
1,-1,0.139535,-TIA- 7,199,283,153,-464
1,-1,0.139569,-TIA- 7,199,283,154,-463
1,-1,0.139593,-TIA- 7,199,283,155,-462
1,-2,0.139627,-TIA- 7,199,283,156,-460
1,-2,0.139656,-TIA- 7,199,283,157,-458
1,-2,0.139662,-TIA- 7,199,283,158,-456
1,-2,0.139685,-TIA- 7,199,283,159,-454
2,-2,0.13971,-TIA- 7,199,283,161,-452
2,-2,0.139743,-TIA- 7,199,283,163,-450
2,-2,0.139767,-TIA- 7,199,283,165,-448
2,-1,0.139802,-TIA- 7,199,283,167,-447
2,-2,0.139819,-TIA- 7,199,283,169,-445
2,-2,0.139841,-TIA- 7,199,283,171,-443
2,-2,0.13986,-TIA- 7,199,283,173,-441
1,-2,0.139889,-TIA- 7,199,283,174,-439
2,-2,0.139912,-TIA- 7,199,283,176,-437
2,-2,0.139935,-TIA- 7,199,283,178,-435
2,-3,0.139964,-TIA- 7,199,283,180,-432
2,-2,0.139987,-TIA- 7,199,283,182,-430
2,-3,0.140011,-TIA- 7,199,283,184,-427
2,-3,0.140034,-TIA- 7,199,283,186,-424
2,-3,0.140063,-TIA- 7,199,283,188,-421
1,-3,0.140098,-TIA- 7,199,283,189,-418
3,-2,0.140115,-TIA- 7,199,283,192,-416
3,-3,0.140138,-TIA- 7,199,283,195,-413
3,-3,0.140161,-TIA- 7,199,283,198,-410
3,-3,0.14019,-TIA- 7,199,283,201,-407
2,-3,0.14022,-TIA- 7,199,283,203,-404
3,-2,0.140249,-TIA- 7,199,283,206,-402
3,-3,0.140266,-TIA- 7,199,283,209,-399
3,-3,0.140289,-TIA- 7,199,283,212,-396
3,-3,0.140312,-TIA- 7,199,283,215,-393
3,-3,0.140347,-TIA- 7,199,283,218,-390
2,-3,0.14037,-TIA- 7,199,283,220,-387
3,-2,0.140394,-TIA- 7,199,283,223,-385
3,-3,0.140417,-TIA- 7,199,283,226,-382
3,-3,0.140446,-TIA- 7,199,283,229,-379
3,-3,0.140463,-TIA- 7,199,283,232,-376
2,-3,0.140498,-TIA- 7,199,283,234,-373
3,-2,0.140516,-TIA- 7,199,283,237,-371
3,-3,0.140545,-TIA- 7,199,283,240,-368
3,-3,0.140568,-TIA- 7,199,283,243,-365
3,-3,0.140597,-TIA- 7,199,283,246,-362
2,-3,0.140614,-TIA- 7,199,283,248,-359
3,-2,0.140649,-TIA- 7,199,283,251,-357
3,-3,0.140672,-TIA- 7,199,283,254,-354
3,-3,0.140696,-TIA- 7,199,283,257,-351
3,-3,0.14073,-TIA- 7,199,283,260,-348
2,-3,0.140748,-TIA- 7,199,283,262,-345
3,-3,0.140771,-TIA- 7,199,283,265,-342
3,-2,0.1408,-TIA- 7,199,283,268,-340
3,-3,0.140817,-TIA- 7,199,283,271,-337
3,-3,0.140852,-TIA- 7,199,283,274,-334
3,-3,0.140881,-TIA- 7,199,283,277,-331
2,-3,0.140899,-TIA- 7,199,283,279,-328
3,-2,0.140922,-TIA- 7,199,283,282,-326
3,-3,0.140945,-TIA- 7,199,283,285,-323
3,-3,0.140974,-TIA- 7,199,283,288,-320
3,-3,0.141003,-TIA- 7,199,283,291,-317
2,-3,0.141032,-TIA- 7,199,283,293,-314
3,-2,0.14105,-TIA- 7,199,283,296,-312
3,-3,0.141073,-TIA- 7,199,283,299,-309
3,-3,0.141096,-TIA- 7,199,283,302,-306
3,-3,0.141131,-TIA- 7,199,283,305,-303
2,-3,0.14116,-TIA- 7,199,283,307,-300
3,-3,0.141172,-TIA- 7,199,283,310,-297
2,-2,0.141201,-TIA- 7,199,283,312,-295
2,-3,0.141224,-TIA- 7,199,283,314,-292
2,-3,0.141247,-TIA- 7,199,283,316,-289
2,-2,0.141282,-TIA- 7,199,283,318,-287
2,-2,0.141311,-TIA- 7,199,283,320,-285
2,-2,0.141322,-TIA- 7,199,283,322,-283
1,-1,0.141351,-TIA- 7,199,283,323,-282
2,-2,0.141375,-TIA- 7,199,283,325,-280
2,-2,0.141403,-TIA- 7,199,283,327,-278
2,-2,0.141433,-TIA- 7,199,283,329,-276
2,-2,0.141468,-TIA- 7,199,283,331,-274
2,-2,0.141473,-TIA- 7,199,283,333,-272
2,-2,0.141502,-TIA- 7,199,283,335,-270
2,-2,0.141531,-TIA- 7,199,283,337,-268
1,-1,0.141555,-TIA- 7,199,283,338,-267
2,-2,0.141584,-TIA- 7,199,283,340,-265
2,-2,0.141619,-TIA- 7,199,283,342,-263
2,-2,0.14163,-TIA- 7,199,283,344,-261
2,-2,0.141648,-TIA- 7,199,283,346,-259
2,-2,0.141682,-TIA- 7,199,283,348,-257
2,-2,0.141706,-TIA- 7,199,283,350,-255
2,-2,0.141729,-TIA- 7,199,283,352,-253
1,-1,0.141752,-TIA- 7,199,283,353,-252
1,-2,0.141775,-TIA- 7,199,283,354,-250
1,-2,0.141804,-TIA- 7,199,283,355,-248
1,-1,0.141833,-TIA- 7,199,283,356,-247
1,-1,0.141857,-TIA- 7,199,283,357,-246
-1,-1,0.142408,-TIA- 7,199,283,356,-245
-2,-1,0.142431,-TIA- 7,199,283,354,-244
-2,-1,0.142457,-TIA- 7,199,283,352,-243
-2,-1,0.142495,-TIA- 7,199,283,350,-242
-2,-1,0.142507,-TIA- 7,199,283,348,-241
-1,-1,0.154448,GO 8,382,155,347,-240
-1,-2,0.154494,GO 8,382,155,346,-238
1,-2,0.154517,GO 8,382,155,347,-236
1,-2,0.154552,GO 8,382,155,348,-234
1,-2,0.154575,GO 8,382,155,349,-232
2,-1,0.154604,GO 8,382,155,351,-231
2,-2,0.154639,GO 8,382,155,353,-229
2,-2,0.154645,GO 8,382,155,355,-227
2,-2,0.154668,GO 8,382,155,357,-225
1,-2,0.154703,GO 8,382,155,358,-223
2,-2,0.154726,GO 8,382,155,360,-221
2,-2,0.154749,GO 8,382,155,362,-219
2,-2,0.154778,GO 8,382,155,364,-217
2,-1,0.154796,GO 8,382,155,366,-216
2,-2,0.154819,GO 8,382,155,368,-214
2,-2,0.154854,GO 8,382,155,370,-212
2,-2,0.154877,GO 8,382,155,372,-210
1,-2,0.154906,GO 8,382,155,373,-208
2,-2,0.154924,GO 8,382,155,375,-206
3,-2,0.154947,GO 8,382,155,378,-204
3,-2,0.15497,GO 8,382,155,381,-202
3,-1,0.154993,GO 8,382,155,384,-201
3,-2,0.155028,GO 8,382,155,387,-199
2,-2,0.155051,GO 8,382,155,389,-197
3,-3,0.155086,GO 8,382,155,392,-194
3,-3,0.155103,GO 8,382,155,395,-191
3,-3,0.155127,GO 8,382,155,398,-188
3,-2,0.15515,GO 8,382,155,401,-186
2,-3,0.155179,GO 8,382,155,403,-183
3,-3,0.155202,GO 8,382,155,406,-180
3,-3,0.155237,GO 8,382,155,409,-177
3,-3,0.155254,GO 8,382,155,412,-174
3,-3,0.155278,GO 8,382,155,415,-171
3,-2,0.155301,GO 8,382,155,418,-169
2,-3,0.15533,GO 8,382,155,420,-166
3,-3,0.155359,GO 8,382,155,423,-163
3,-3,0.155382,GO 8,382,155,426,-160
3,-3,0.155405,GO 8,382,155,429,-157
3,-2,0.155429,GO 8,382,155,432,-155
2,-3,0.155452,GO 8,382,155,434,-152
3,-3,0.155487,GO 8,382,155,437,-149
3,-3,0.155516,GO 8,382,155,440,-146
3,-3,0.155539,GO 8,382,155,443,-143
3,-2,0.155556,GO 8,382,155,446,-141
2,-3,0.15558,GO 8,382,155,448,-138
3,-3,0.155603,GO 8,382,155,451,-135
3,-3,0.155638,GO 8,382,155,454,-132
3,-3,0.155667,GO 8,382,155,457,-129
3,-3,0.15569,GO 8,382,155,460,-126
2,-2,0.155707,GO 8,382,155,462,-124
3,-3,0.15573,GO 8,382,155,465,-121
3,-3,0.155754,GO 8,382,155,468,-118
3,-3,0.155783,GO 8,382,155,471,-115
3,-3,0.155818,GO 8,382,155,474,-112
3,-2,0.155835,GO 8,382,155,477,-110
2,-2,0.15587,GO 8,382,155,479,-108
3,-2,0.155887,GO 8,382,155,482,-106
3,-2,0.155899,GO 8,382,155,485,-104
3,-2,0.155922,GO 8,382,155,488,-102
3,-2,0.155957,GO 8,382,155,491,-100
2,-2,0.15598,GO 8,382,155,493,-98
3,-2,0.156009,GO 8,382,155,496,-96
3,-1,0.156026,GO 8,382,155,499,-95
3,-2,0.15605,GO 8,382,155,502,-93
3,-2,0.156073,GO 8,382,155,505,-91
1,-2,0.156108,GO 8,382,155,506,-89
3,-2,0.156131,GO 8,382,155,509,-87
3,-2,0.156166,GO 8,382,155,512,-85
3,-2,0.156183,GO 8,382,155,515,-83
2,-2,0.156206,GO 8,382,155,517,-81
3,-2,0.15623,GO 8,382,155,520,-79
3,-2,0.156259,GO 8,382,155,523,-77
3,-1,0.156288,GO 8,382,155,526,-76
3,-2,0.156317,GO 8,382,155,529,-74
2,-2,0.156334,GO 8,382,155,531,-72
3,-2,0.156357,GO 8,382,155,534,-70
3,-2,0.156381,GO 8,382,155,537,-68
3,-2,0.156415,GO 8,382,155,540,-66
3,-2,0.156444,GO 8,382,155,543,-64
3,-2,0.156456,GO 8,382,155,546,-62
2,-1,0.156485,GO 8,382,155,548,-61
3,-2,0.156508,GO 8,382,155,551,-59
3,-2,0.156532,GO 8,382,155,554,-57
3,-2,0.156561,GO 8,382,155,557,-55
3,-2,0.156595,GO 8,382,155,560,-53
2,-2,0.156607,GO 8,382,155,562,-51
3,-2,0.156636,GO 8,382,155,565,-49
3,-2,0.156659,GO 8,382,155,568,-47
3,-1,0.156682,GO 8,382,155,571,-46
3,-2,0.156711,GO 8,382,155,574,-44
2,-2,0.156752,GO 8,382,155,576,-42
3,-2,0.156758,GO 8,382,155,579,-40
3,-2,0.156781,GO 8,382,155,582,-38
3,-2,0.156816,GO 8,382,155,585,-36
3,-2,0.156845,GO 8,382,155,588,-34
2,-2,0.156862,GO 8,382,155,590,-32
3,-1,0.156891,GO 8,382,155,593,-31
3,-2,0.156909,GO 8,382,155,596,-29
3,-2,0.156932,GO 8,382,155,599,-27
3,-2,0.156967,GO 8,382,155,602,-25
3,-2,0.156996,GO 8,382,155,605,-23
2,-2,0.157037,GO 8,382,155,607,-21
3,-2,0.157042,GO 8,382,155,610,-19
3,-2,0.157054,GO 8,382,155,613,-17
3,-1,0.157077,GO 8,382,155,616,-16
2,-1,0.157141,GO 8,382,155,618,-15
1,-1,0.15717,GO 8,382,155,619,-14
