dX,dY,WHEN,SYLLABLE,X,Y,cX,cY
-1,1,0.655964,Yield,0,0,-1,-1
-1,1,0.655993,Yield,0,0,-2,-2
-1,1,0.656028,Yield,0,0,-3,-3
-1,1,0.656068,Yield,0,0,-4,-4
-1,1,0.656091,Yield,0,0,-5,-5
-1,1,0.656149,Yield,0,0,-6,-6
-1,1,0.656161,Yield,0,0,-7,-7
-1,1,0.656208,Yield,0,0,-8,-8
-1,1,0.658362,Yield,0,0,-9,-9
-1,1,0.658408,Yield,0,0,-10,-10
-1,1,0.658437,Yield,0,0,-11,-11
-1,1,0.65846,Yield,0,0,-12,-12
-1,1,0.658512,Yield,0,0,-13,-13
-1,1,0.658535,Yield,0,0,-14,-14
-2,1,0.658559,Yield,0,0,-16,-15
-2,1,0.658588,Yield,0,0,-18,-16
-2,1,0.658622,Yield,0,0,-20,-17
-1,1,0.658628,Yield,0,0,-21,-18
-2,1,0.658663,Yield,0,0,-23,-19
-2,1,0.658686,Yield,0,0,-25,-20
-2,1,0.658715,Yield,0,0,-27,-21
-2,1,0.658744,Yield,0,0,-29,-22
-2,1,0.658768,Yield,0,0,-31,-23
-3,1,0.658785,Yield,0,0,-34,-24
-3,1,0.658837,Yield,0,0,-37,-25
-3,1,0.658866,Yield,0,0,-40,-26
-3,1,0.658901,Yield,0,0,-43,-27
-2,1,0.659261,Yield,0,0,-45,-28
-2,1,0.65929,Yield,0,0,-47,-29
-1,1,0.659302,Yield,0,0,-48,-30
-2,1,0.659336,Yield,0,0,-50,-31
-1,1,0.659342,Yield,0,0,-51,-32
-2,-1,0.659847,Yield,0,0,-53,-31
-2,-1,0.659876,Yield,0,0,-55,-30
-2,-1,0.659911,Yield,0,0,-57,-29
-2,-1,0.659917,Yield,0,0,-59,-28
-2,1,0.660062,Yield,0,0,-61,-29
-2,1,0.660085,Yield,0,0,-63,-30
-2,1,0.660114,Yield,0,0,-65,-31
-1,1,0.660149,Yield,0,0,-66,-32
-2,1,0.660172,Yield,0,0,-68,-33
-2,1,0.66019,Yield,0,0,-70,-34
-2,1,0.660219,Yield,0,0,-72,-35
-2,1,0.660236,Yield,0,0,-74,-36
-2,1,0.6603,Yield,0,0,-76,-37
-2,1,0.660335,Yield,0,0,-78,-38
-1,1,0.660341,Yield,0,0,-79,-39
-1,1,0.660376,Yield,0,0,-80,-40
-1,1,0.660387,Yield,0,0,-81,-41
-1,1,0.660422,Yield,0,0,-82,-42
-1,1,0.668949,FRAY 1,298,453,-83,-43
-1,1,0.668955,FRAY 1,298,453,-84,-44
1,1,0.668996,FRAY 1,298,453,-83,-45
1,1,0.669025,FRAY 1,298,453,-82,-46
1,1,0.66906,FRAY 1,298,453,-81,-47
2,1,0.669089,FRAY 1,298,453,-79,-48
2,1,0.669095,FRAY 1,298,453,-77,-49
2,1,0.669112,FRAY 1,298,453,-75,-50
2,2,0.669141,FRAY 1,298,453,-73,-52
2,2,0.669164,FRAY 1,298,453,-71,-54
2,2,0.669193,FRAY 1,298,453,-69,-56
2,1,0.669222,FRAY 1,298,453,-67,-57
1,2,0.669228,FRAY 1,298,453,-66,-59
2,2,0.669257,FRAY 1,298,453,-64,-61
2,2,0.669298,FRAY 1,298,453,-62,-63
2,2,0.669315,FRAY 1,298,453,-60,-65
2,2,0.66935,FRAY 1,298,453,-58,-67
1,2,0.669379,FRAY 1,298,453,-57,-69
1,1,0.669385,FRAY 1,298,453,-56,-70
1,1,0.669437,FRAY 1,298,453,-55,-71
-1,-1,0.66953,FRAY 1,298,453,-56,-70
-1,-1,0.669559,FRAY 1,298,453,-57,-69
-2,-2,0.669629,FRAY 1,298,453,-59,-67
-3,-1,0.669634,FRAY 1,298,453,-62,-66
-3,-1,0.669663,FRAY 1,298,453,-65,-65
-1,1,0.669716,FRAY 1,298,453,-66,-66
-1,2,0.669727,FRAY 1,298,453,-67,-68
-1,1,0.669756,FRAY 1,298,453,-68,-69
1,3,0.669774,FRAY 1,298,453,-67,-72
1,3,0.669797,FRAY 1,298,453,-66,-75
1,3,0.669832,FRAY 1,298,453,-65,-78
1,4,0.669867,FRAY 1,298,453,-64,-82
2,3,0.669878,FRAY 1,298,453,-62,-85
2,4,0.669913,FRAY 1,298,453,-60,-89
2,4,0.669925,FRAY 1,298,453,-58,-93
2,4,0.669949,FRAY 1,298,453,-56,-97
2,3,0.669977,FRAY 1,298,453,-54,-100
2,4,0.670012,FRAY 1,298,453,-52,-104
3,4,0.670052,FRAY 1,298,453,-49,-108
2,4,0.670058,FRAY 1,298,453,-47,-112
3,3,0.67007,FRAY 1,298,453,-44,-115
3,4,0.670105,FRAY 1,298,453,-41,-119
3,4,0.670128,FRAY 1,298,453,-38,-123
3,4,0.670158,FRAY 1,298,453,-35,-127
2,3,0.670192,FRAY 1,298,453,-33,-130
3,4,0.670215,FRAY 1,298,453,-30,-134
3,4,0.670227,FRAY 1,298,453,-27,-138
3,4,0.67025,FRAY 1,298,453,-24,-142
3,3,0.670279,FRAY 1,298,453,-21,-145
2,4,0.670314,FRAY 1,298,453,-19,-149
3,4,0.670343,FRAY 1,298,453,-16,-153
3,4,0.67036,FRAY 1,298,453,-13,-157
3,3,0.670378,FRAY 1,298,453,-10,-160
2,4,0.670401,FRAY 1,298,453,-8,-164
2,4,0.670436,FRAY 1,298,453,-6,-168
2,4,0.670465,FRAY 1,298,453,-4,-172
2,3,0.670494,FRAY 1,298,453,-2,-175
1,4,0.670511,FRAY 1,298,453,-1,-179
1,4,0.67054,FRAY 1,298,453,0,-183
1,4,0.670557,FRAY 1,298,453,1,-187
-1,3,0.670592,FRAY 1,298,453,0,-190
-1,4,0.670616,FRAY 1,298,453,-1,-194
-1,4,0.670633,FRAY 1,298,453,-2,-198
-1,4,0.670662,FRAY 1,298,453,-3,-202
-1,3,0.670679,FRAY 1,298,453,-4,-205
-1,4,0.670714,FRAY 1,298,453,-5,-209
1,4,0.670743,FRAY 1,298,453,-4,-213
1,4,0.670766,FRAY 1,298,453,-3,-217
1,3,0.670784,FRAY 1,298,453,-2,-220
1,4,0.670807,FRAY 1,298,453,-1,-224
1,4,0.67083,FRAY 1,298,453,0,-228
1,4,0.670865,FRAY 1,298,453,1,-232
2,3,0.670894,FRAY 1,298,453,3,-235
2,4,0.670929,FRAY 1,298,453,5,-239
2,4,0.670935,FRAY 1,298,453,7,-243
2,4,0.670958,FRAY 1,298,453,9,-247
2,3,0.670987,FRAY 1,298,453,11,-250
2,4,0.671016,FRAY 1,298,453,13,-254
3,4,0.671051,FRAY 1,298,453,16,-258
3,7,0.67108,FRAY 1,298,453,19,-265
5,4,0.671115,FRAY 1,298,453,24,-269
2,4,0.671144,FRAY 1,298,453,26,-273
1,4,0.671161,FRAY 1,298,453,27,-277
1,3,0.671202,FRAY 1,298,453,28,-280
1,4,0.671213,FRAY 1,298,453,29,-284
1,4,0.671242,FRAY 1,298,453,30,-288
1,4,0.671254,FRAY 1,298,453,31,-292
-1,3,0.671289,FRAY 1,298,453,30,-295
-1,4,0.671312,FRAY 1,298,453,29,-299
-1,4,0.671347,FRAY 1,298,453,28,-303
-1,4,0.671353,FRAY 1,298,453,27,-307
-1,3,0.671376,FRAY 1,298,453,26,-310
-1,4,0.671399,FRAY 1,298,453,25,-314
-1,4,0.671434,FRAY 1,298,453,24,-318
-1,4,0.671457,FRAY 1,298,453,23,-322
1,3,0.671498,FRAY 1,298,453,24,-325
1,4,0.671521,FRAY 1,298,453,25,-329
1,4,0.671529,FRAY 1,298,453,26,-333
1,4,0.67155,FRAY 1,298,453,27,-337
2,3,0.671585,FRAY 1,298,453,29,-340
2,4,0.671619,FRAY 1,298,453,31,-344
2,4,0.671643,FRAY 1,298,453,33,-348
2,4,0.671666,FRAY 1,298,453,35,-352
2,3,0.671689,FRAY 1,298,453,37,-355
2,4,0.671695,FRAY 1,298,453,39,-359
1,4,0.67173,FRAY 1,298,453,40,-363
3,4,0.671759,FRAY 1,298,453,43,-367
3,3,0.671782,FRAY 1,298,453,46,-370
3,8,0.671823,FRAY 1,298,453,49,-378
6,4,0.671846,FRAY 1,298,453,55,-382
2,3,0.671881,FRAY 1,298,453,57,-385
3,4,0.67191,FRAY 1,298,453,60,-389
3,4,0.671945,FRAY 1,298,453,63,-393
3,7,0.671974,FRAY 1,298,453,66,-400
5,4,0.671997,FRAY 1,298,453,71,-404
3,4,0.672032,FRAY 1,298,453,74,-408
3,4,0.672061,FRAY 1,298,453,77,-412
3,3,0.672078,FRAY 1,298,453,80,-415
3,4,0.672113,FRAY 1,298,453,83,-419
2,4,0.672136,FRAY 1,298,453,85,-423
3,4,0.67216,FRAY 1,298,453,88,-427
3,3,0.672183,FRAY 1,298,453,91,-430
3,4,0.672218,FRAY 1,298,453,94,-434
3,4,0.672223,FRAY 1,298,453,97,-438
3,4,0.672264,FRAY 1,298,453,100,-442
2,3,0.672279,FRAY 1,298,453,102,-445
3,4,0.672311,FRAY 1,298,453,105,-449
3,4,0.672334,FRAY 1,298,453,108,-453
3,4,0.672369,FRAY 1,298,453,111,-457
3,3,0.672374,FRAY 1,298,453,114,-460
2,4,0.672398,FRAY 1,298,453,116,-464
3,4,0.672432,FRAY 1,298,453,119,-468
3,4,0.672456,FRAY 1,298,453,122,-472
3,3,0.672496,FRAY 1,298,453,125,-475
3,4,0.67252,FRAY 1,298,453,128,-479
2,4,0.672525,FRAY 1,298,453,130,-483
2,4,0.67256,FRAY 1,298,453,132,-487
2,3,0.672583,FRAY 1,298,453,134,-490
2,4,0.672615,FRAY 1,298,453,136,-494
2,4,0.672647,FRAY 1,298,453,138,-498
1,7,0.672682,FRAY 1,298,453,139,-505
1,4,0.672711,FRAY 1,298,453,140,-509
1,4,0.672734,FRAY 1,298,453,141,-513
1,4,0.672758,FRAY 1,298,453,142,-517
1,3,0.672798,FRAY 1,298,453,143,-520
1,8,0.672833,FRAY 1,298,453,144,-528
2,4,0.672862,FRAY 1,298,453,146,-532
1,3,0.672885,FRAY 1,298,453,147,-535
1,4,0.672908,FRAY 1,298,453,148,-539
1,4,0.672943,FRAY 1,298,453,149,-543
1,4,0.672972,FRAY 1,298,453,150,-547
2,3,0.672984,FRAY 1,298,453,152,-550
2,4,0.673007,FRAY 1,298,453,154,-554
2,4,0.673042,FRAY 1,298,453,156,-558
1,4,0.673065,FRAY 1,298,453,157,-562
1,3,0.673094,FRAY 1,298,453,158,-565
1,1,0.673129,FRAY 1,298,453,159,-566
1,4,0.673141,FRAY 1,298,453,160,-570
1,4,0.673158,FRAY 1,298,453,161,-574
1,3,0.673189,FRAY 1,298,453,162,-577
1,4,0.673216,FRAY 1,298,453,163,-581
1,4,0.673245,FRAY 1,298,453,164,-585
1,4,0.673268,FRAY 1,298,453,165,-589
2,3,0.673297,FRAY 1,298,453,167,-592
2,4,0.673309,FRAY 1,298,453,169,-596
2,4,0.673344,FRAY 1,298,453,171,-600
2,4,0.673355,FRAY 1,298,453,173,-604
2,3,0.673408,FRAY 1,298,453,175,-607
2,4,0.673414,FRAY 1,298,453,177,-611
1,4,0.673437,FRAY 1,298,453,178,-615
2,4,0.67346,FRAY 1,298,453,180,-619
2,3,0.673495,FRAY 1,298,453,182,-622
3,4,0.673524,FRAY 1,298,453,185,-626
3,4,0.673541,FRAY 1,298,453,188,-630
3,4,0.673576,FRAY 1,298,453,191,-634
2,3,0.673588,FRAY 1,298,453,193,-637
3,4,0.673617,FRAY 1,298,453,196,-641
3,4,0.673646,FRAY 1,298,453,199,-645
3,4,0.673669,FRAY 1,298,453,202,-649
3,3,0.673686,FRAY 1,298,453,205,-652
2,8,0.673739,FRAY 1,298,453,207,-660
3,4,0.673768,FRAY 1,298,453,210,-664
2,3,0.673797,FRAY 1,298,453,212,-667
2,4,0.67382,FRAY 1,298,453,214,-671
2,4,0.673842,FRAY 1,298,453,216,-675
2,4,0.67386,FRAY 1,298,453,218,-679
3,3,0.673895,FRAY 1,298,453,221,-682
2,4,0.673924,FRAY 1,298,453,223,-686
3,4,0.673948,FRAY 1,298,453,226,-690
3,4,0.673977,FRAY 1,298,453,229,-694
3,3,0.673982,FRAY 1,298,453,232,-697
3,4,0.674006,FRAY 1,298,453,235,-701
2,4,0.674039,FRAY 1,298,453,237,-705
3,4,0.674069,FRAY 1,298,453,240,-709
3,3,0.674093,FRAY 1,298,453,243,-712
3,4,0.674116,FRAY 1,298,453,246,-716
3,4,0.674133,FRAY 1,298,453,249,-720
3,4,0.674157,FRAY 1,298,453,252,-724
2,3,0.67418,FRAY 1,298,453,254,-727
3,4,0.674215,FRAY 1,298,453,257,-731
3,4,0.674244,FRAY 1,298,453,260,-735
3,4,0.674261,FRAY 1,298,453,263,-739
3,3,0.674284,FRAY 1,298,453,266,-742
2,4,0.674307,FRAY 1,298,453,268,-746
3,4,0.674342,FRAY 1,298,453,271,-750
3,3,0.674366,FRAY 1,298,453,274,-753
3,1,0.674395,FRAY 1,298,453,277,-754
3,6,0.674435,FRAY 1,298,453,280,-760
3,3,0.674458,FRAY 1,298,453,283,-763
2,2,0.674499,FRAY 1,298,453,285,-765
2,3,0.674516,FRAY 1,298,453,287,-768
2,2,0.674551,FRAY 1,298,453,289,-770
1,2,0.67458,FRAY 1,298,453,290,-772
1,2,0.674586,FRAY 1,298,453,291,-774
1,2,0.674615,FRAY 1,298,453,292,-776
1,1,0.674656,FRAY 1,298,453,293,-777
1,1,0.674685,FRAY 1,298,453,294,-778
1,1,0.674702,FRAY 1,298,453,295,-779
1,1,0.674725,FRAY 1,298,453,296,-780
1,-1,0.67483,FRAY 1,298,453,297,-779
-1,-1,0.674836,FRAY 1,298,453,296,-778
-1,-1,0.674894,FRAY 1,298,453,295,-777
-1,-2,0.674917,FRAY 1,298,453,294,-775
-1,-2,0.674952,FRAY 1,298,453,293,-773
-1,-2,0.674981,FRAY 1,298,453,292,-771
-1,-2,0.674992,FRAY 1,298,453,291,-769
-1,-1,0.675027,FRAY 1,298,453,290,-768
-1,-2,0.675039,FRAY 1,298,453,289,-766
-1,-2,0.675062,FRAY 1,298,453,288,-764
-1,-2,0.675091,FRAY 1,298,453,287,-762
-1,-2,0.675126,FRAY 1,298,453,286,-760
-1,-3,0.675143,FRAY 1,298,453,285,-757
-1,-2,0.675161,FRAY 1,298,453,284,-755
-1,-3,0.67519,FRAY 1,298,453,283,-752
-1,-3,0.675213,FRAY 1,298,453,282,-749
-1,-3,0.675236,FRAY 1,298,453,281,-746
-1,-3,0.675277,FRAY 1,298,453,280,-743
-1,-2,0.675289,FRAY 1,298,453,279,-741
-1,-1,0.675312,FRAY 1,298,453,278,-740
-1,-2,0.675341,FRAY 1,298,453,277,-738
-1,-2,0.675376,FRAY 1,298,453,276,-736
-1,-2,0.675399,FRAY 1,298,453,275,-734
-1,-2,0.675422,FRAY 1,298,453,274,-732
-1,-2,0.675439,FRAY 1,298,453,273,-730
-1,-2,0.675463,FRAY 1,298,453,272,-728
-1,-2,0.675498,FRAY 1,298,453,271,-726
-1,-1,0.675527,FRAY 1,298,453,270,-725
-1,-2,0.675544,FRAY 1,298,453,269,-723
-1,-2,0.675585,FRAY 1,298,453,268,-721
-1,-2,0.67559,FRAY 1,298,453,267,-719
-1,-2,0.675614,FRAY 1,298,453,266,-717
-1,-2,0.675637,FRAY 1,298,453,265,-715
-1,-2,0.675677,FRAY 1,298,453,264,-713
-1,-1,0.675712,FRAY 1,298,453,263,-712
-1,-2,0.67573,FRAY 1,298,453,262,-710
-1,-2,0.675747,FRAY 1,298,453,261,-708
-1,-2,0.675765,FRAY 1,298,453,260,-706
-1,-2,0.675792,FRAY 1,298,453,259,-704
-1,-2,0.675823,FRAY 1,298,453,258,-702
-1,-2,0.675846,FRAY 1,298,453,257,-700
-1,-3,0.675892,FRAY 1,298,453,256,-697
-1,-2,0.675921,FRAY 1,298,453,255,-695
-1,-2,0.675944,FRAY 1,298,453,254,-693
-1,-2,0.675974,FRAY 1,298,453,253,-691
-1,-2,0.676008,FRAY 1,298,453,252,-689
-1,-2,0.676037,FRAY 1,298,453,251,-687
-1,-2,0.676049,FRAY 1,298,453,250,-685
-1,-2,0.676078,FRAY 1,298,453,249,-683
-1,-1,0.676095,FRAY 1,298,453,248,-682
-1,-2,0.676124,FRAY 1,298,453,247,-680
-1,-2,0.676159,FRAY 1,298,453,246,-678
-1,-2,0.676188,FRAY 1,298,453,245,-676
-1,-2,0.676206,FRAY 1,298,453,244,-674
-1,-2,0.676223,FRAY 1,298,453,243,-672
-1,-2,0.676235,FRAY 1,298,453,242,-670
1,-1,0.67627,FRAY 1,298,453,243,-669
1,-2,0.676299,FRAY 1,298,453,244,-667
1,-2,0.676333,FRAY 1,298,453,245,-665
1,-2,0.676345,FRAY 1,298,453,246,-663
1,-2,0.676362,FRAY 1,298,453,247,-661
1,-2,0.676389,FRAY 1,298,453,248,-659
1,-2,0.67642,FRAY 1,298,453,249,-657
1,-2,0.676453,FRAY 1,298,453,250,-655
1,-1,0.676484,FRAY 1,298,453,251,-654
1,-2,0.676496,FRAY 1,298,453,252,-652
1,-2,0.676519,FRAY 1,298,453,253,-650
1,-2,0.676548,FRAY 1,298,453,254,-648
1,-2,0.676571,FRAY 1,298,453,255,-646
1,-2,0.676595,FRAY 1,298,453,256,-644
1,-2,0.676618,FRAY 1,298,453,257,-642
1,-2,0.676647,FRAY 1,298,453,258,-640
1,-1,0.67667,FRAY 1,298,453,259,-639
1,-2,0.676699,FRAY 1,298,453,260,-637
1,-2,0.676734,FRAY 1,298,453,261,-635
1,-2,0.676746,FRAY 1,298,453,262,-633
1,-2,0.676763,FRAY 1,298,453,263,-631
1,-2,0.676798,FRAY 1,298,453,264,-629
1,-2,0.676821,FRAY 1,298,453,265,-627
1,-1,0.676879,FRAY 1,298,453,266,-626
1,-1,0.676908,FRAY 1,298,453,267,-625
1,-1,0.700505,-TIA- 3,253,397,268,-624
1,-1,0.700546,-TIA- 3,253,397,269,-623
1,-1,0.700569,-TIA- 3,253,397,270,-622
1,-1,0.700592,-TIA- 3,253,397,271,-621
1,-1,0.700616,-TIA- 3,253,397,272,-620
1,-1,0.700651,-TIA- 3,253,397,273,-619
-1,-1,0.701899,-TIA- 3,253,397,272,-618
-1,-1,0.701945,-TIA- 3,253,397,271,-617
-1,-2,0.701968,-TIA- 3,253,397,270,-615
-1,-1,0.702009,-TIA- 3,253,397,269,-614
-1,-2,0.70202,-TIA- 3,253,397,268,-612
-1,-2,0.702038,-TIA- 3,253,397,267,-610
-1,-2,0.702073,-TIA- 3,253,397,266,-608
-1,-3,0.702096,-TIA- 3,253,397,265,-605
-1,-3,0.702131,-TIA- 3,253,397,264,-602
-1,-3,0.70216,-TIA- 3,253,397,263,-599
-1,-2,0.702171,-TIA- 3,253,397,262,-597
-1,-3,0.702195,-TIA- 3,253,397,261,-594
-1,-3,0.702224,-TIA- 3,253,397,260,-591
-1,-3,0.702247,-TIA- 3,253,397,259,-588
-1,-3,0.70227,-TIA- 3,253,397,258,-585
-1,-2,0.702311,-TIA- 3,253,397,257,-583
-1,-3,0.702322,-TIA- 3,253,397,256,-580
-1,-3,0.702346,-TIA- 3,253,397,255,-577
-1,-3,0.702375,-TIA- 3,253,397,254,-574
-1,-3,0.702409,-TIA- 3,253,397,253,-571
-1,-2,0.702427,-TIA- 3,253,397,252,-569
-1,-3,0.702456,-TIA- 3,253,397,251,-566
-1,-3,0.702473,-TIA- 3,253,397,250,-563
-1,-3,0.702497,-TIA- 3,253,397,249,-560
-1,-3,0.70252,-TIA- 3,253,397,248,-557
-1,-3,0.702555,-TIA- 3,253,397,247,-554
-1,-2,0.702578,-TIA- 3,253,397,246,-552
-1,-3,0.702607,-TIA- 3,253,397,245,-549
-1,-3,0.702624,-TIA- 3,253,397,244,-546
-1,-3,0.702647,-TIA- 3,253,397,243,-543
-2,-3,0.702671,-TIA- 3,253,397,241,-540
-2,-2,0.702705,-TIA- 3,253,397,239,-538
-2,-3,0.702729,-TIA- 3,253,397,237,-535
-2,-3,0.70276,-TIA- 3,253,397,235,-532
-2,-3,0.702775,-TIA- 3,253,397,233,-529
-1,-3,0.702798,-TIA- 3,253,397,232,-526
-2,-2,0.702827,-TIA- 3,253,397,230,-524
-2,-3,0.702856,-TIA- 3,253,397,228,-521
-2,-3,0.70288,-TIA- 3,253,397,226,-518
-2,-3,0.702914,-TIA- 3,253,397,224,-515
-2,-3,0.702932,-TIA- 3,253,397,222,-512
-2,-2,0.702955,-TIA- 3,253,397,220,-510
-2,-1,0.702978,-TIA- 3,253,397,218,-509
-1,-2,0.703007,-TIA- 3,253,397,217,-507
-2,-2,0.703042,-TIA- 3,253,397,215,-505
-1,-2,0.703054,-TIA- 3,253,397,214,-503
-1,-2,0.703083,-TIA- 3,253,397,213,-501
-1,-1,0.703106,-TIA- 3,253,397,212,-500
-1,-1,0.703129,-TIA- 3,253,397,211,-499
-1,-1,0.703158,-TIA- 3,253,397,210,-498
-1,1,0.70328,-TIA- 3,253,397,209,-499
-1,1,0.703303,-TIA- 3,253,397,208,-500
-1,1,0.703338,-TIA- 3,253,397,207,-501
-1,1,0.703361,-TIA- 3,253,397,206,-502
-1,1,0.703408,-TIA- 3,253,397,205,-503
-1,-1,0.715053,GO 4,235,360,204,-502
-1,-1,0.715088,GO 4,235,360,203,-501
-1,-2,0.715099,GO 4,235,360,202,-499
-1,-2,0.715122,GO 4,235,360,201,-497
-1,-2,0.715146,GO 4,235,360,200,-495
-1,-1,0.715175,GO 4,235,360,199,-494
-1,-2,0.715209,GO 4,235,360,198,-492
-1,-1,0.715233,GO 4,235,360,197,-491
-1,-1,0.71525,GO 4,235,360,196,-490
-1,-1,0.715267,GO 4,235,360,195,-489
-1,-1,0.715424,GO 4,235,360,194,-488
-1,-1,0.715482,GO 4,235,360,193,-487
-1,-1,0.715505,GO 4,235,360,192,-486
-1,-1,0.715552,GO 4,235,360,191,-485
-1,-1,0.715604,GO 4,235,360,190,-484
-1,-1,0.715633,GO 4,235,360,189,-483
-1,-1,0.715668,GO 4,235,360,188,-482
-1,-1,0.715929,GO 4,235,360,187,-481
-1,-1,0.715964,GO 4,235,360,186,-480
-1,-1,0.715976,GO 4,235,360,185,-479
-1,-1,0.716034,GO 4,235,360,184,-478
-1,-1,0.716057,GO 4,235,360,183,-477
-1,-1,0.716121,GO 4,235,360,182,-476
-1,-1,0.716132,GO 4,235,360,181,-475
-1,-1,0.716185,GO 4,235,360,180,-474
-1,-2,0.716208,GO 4,235,360,179,-472
-1,-1,0.716231,GO 4,235,360,178,-471
-1,-2,0.716266,GO 4,235,360,177,-469
-1,-2,0.716283,GO 4,235,360,176,-467
-1,-1,0.716307,GO 4,235,360,175,-466
-1,-1,0.716336,GO 4,235,360,174,-465
-1,-1,0.716388,GO 4,235,360,173,-464
-1,-1,0.716411,GO 4,235,360,172,-463
-1,-1,0.716458,GO 4,235,360,171,-462
-1,-1,0.716492,GO 4,235,360,170,-461
-1,-1,0.716539,GO 4,235,360,169,-460
-1,-1,0.716562,GO 4,235,360,168,-459
-1,-2,0.716594,GO 4,235,360,167,-457
-1,-2,0.716614,GO 4,235,360,166,-455
-1,-2,0.716632,GO 4,235,360,165,-453
-1,-2,0.716666,GO 4,235,360,164,-451
-1,-1,0.716696,GO 4,235,360,163,-450
-1,-2,0.716725,GO 4,235,360,162,-448
-1,-2,0.716736,GO 4,235,360,161,-446
-1,-2,0.716765,GO 4,235,360,160,-444
-1,-2,0.716788,GO 4,235,360,159,-442
-1,-2,0.716817,GO 4,235,360,158,-440
-1,-2,0.716841,GO 4,235,360,157,-438
-1,-2,0.716864,GO 4,235,360,156,-436
-1,-1,0.716887,GO 4,235,360,155,-435
-1,-2,0.716916,GO 4,235,360,154,-433
-1,-2,0.716939,GO 4,235,360,153,-431
-1,-2,0.716968,GO 4,235,360,152,-429
-1,-2,0.716992,GO 4,235,360,151,-427
-1,-2,0.717032,GO 4,235,360,150,-425
-1,-2,0.71705,GO 4,235,360,149,-423
-1,-2,0.717067,GO 4,235,360,148,-421
-1,-1,0.71709,GO 4,235,360,147,-420
-1,-2,0.717119,GO 4,235,360,146,-418
-1,-2,0.717148,GO 4,235,360,145,-416
-1,-2,0.717177,GO 4,235,360,144,-414
-1,-2,0.717201,GO 4,235,360,143,-412
-1,-1,0.717218,GO 4,235,360,142,-411
-1,-1,0.717241,GO 4,235,360,141,-410
-1,1,0.730668,FRAY 5,139,366,140,-411
-1,1,0.730691,FRAY 5,139,366,139,-412
-1,1,0.730732,FRAY 5,139,366,138,-413
-1,1,0.730744,FRAY 5,139,366,137,-414
-1,1,0.730767,FRAY 5,139,366,136,-415
-1,1,0.730796,FRAY 5,139,366,135,-416
-1,2,0.730831,FRAY 5,139,366,134,-418
-1,2,0.730854,FRAY 5,139,366,133,-420
-1,2,0.730883,FRAY 5,139,366,132,-422
-1,2,0.730895,FRAY 5,139,366,131,-424
-1,2,0.730918,FRAY 5,139,366,130,-426
-1,1,0.730947,FRAY 5,139,366,129,-427
-1,1,0.730993,FRAY 5,139,366,128,-428
-1,1,0.731022,FRAY 5,139,366,127,-429
-1,1,0.731034,FRAY 5,139,366,126,-430
-1,1,0.731057,FRAY 5,139,366,125,-431
-1,1,0.731086,FRAY 5,139,366,124,-432
-1,1,0.73115,FRAY 5,139,366,123,-433
-2,1,0.734424,FRAY 5,139,366,121,-434
-2,1,0.734441,FRAY 5,139,366,119,-435
-2,1,0.734465,FRAY 5,139,366,117,-436
-2,1,0.734499,FRAY 5,139,366,115,-437
-2,1,0.734528,FRAY 5,139,366,113,-438
-2,1,0.734552,FRAY 5,139,366,111,-439
-1,1,0.734586,FRAY 5,139,366,110,-440
-1,1,0.734616,FRAY 5,139,366,109,-441
-1,1,0.734639,FRAY 5,139,366,108,-442
-1,1,0.734679,FRAY 5,139,366,107,-443
-1,1,0.734714,FRAY 5,139,366,106,-444
-1,1,0.734743,FRAY 5,139,366,105,-445
-1,1,0.734766,FRAY 5,139,366,104,-446
-1,1,0.734795,FRAY 5,139,366,103,-447
-1,1,0.734824,FRAY 5,139,366,102,-448
-1,1,0.734894,FRAY 5,139,366,101,-449
-1,1,0.74435,SAN- 6,388,117,100,-450
1,-1,0.745088,SAN- 6,388,117,101,-449
1,-1,0.745134,SAN- 6,388,117,102,-448
1,-1,0.745152,SAN- 6,388,117,103,-447
2,-2,0.74516,SAN- 6,388,117,105,-445
2,-2,0.745181,SAN- 6,388,117,107,-443
2,-2,0.745215,SAN- 6,388,117,109,-441
1,-1,0.745239,SAN- 6,388,117,110,-440
2,-2,0.745273,SAN- 6,388,117,112,-438
2,-2,0.745297,SAN- 6,388,117,114,-436
2,-2,0.745314,SAN- 6,388,117,116,-434
3,-2,0.745337,SAN- 6,388,117,119,-432
3,-2,0.745366,SAN- 6,388,117,122,-430
2,-2,0.745401,SAN- 6,388,117,124,-428
3,-2,0.745424,SAN- 6,388,117,127,-426
3,-1,0.745448,SAN- 6,388,117,130,-425
3,-2,0.745465,SAN- 6,388,117,133,-423
3,-2,0.745488,SAN- 6,388,117,136,-421
3,-2,0.745511,SAN- 6,388,117,139,-419
2,-2,0.745546,SAN- 6,388,117,141,-417
3,-2,0.745581,SAN- 6,388,117,144,-415
3,-2,0.745599,SAN- 6,388,117,147,-413
3,-2,0.745616,SAN- 6,388,117,150,-411
3,-1,0.745639,SAN- 6,388,117,153,-410
1,-2,0.745662,SAN- 6,388,117,154,-408
2,-2,0.745703,SAN- 6,388,117,156,-406
2,-2,0.745738,SAN- 6,388,117,158,-404
2,-1,0.745749,SAN- 6,388,117,160,-403
2,-1,0.745767,SAN- 6,388,117,162,-402
2,-1,0.74579,SAN- 6,388,117,164,-401
1,-1,0.745813,SAN- 6,388,117,165,-400
1,-1,0.745848,SAN- 6,388,117,166,-399
1,-1,0.7459,SAN- 6,388,117,167,-398
1,-1,0.745918,SAN- 6,388,117,168,-397
1,-1,0.745941,SAN- 6,388,117,169,-396
1,-1,0.745964,SAN- 6,388,117,170,-395
1,-1,0.746028,SAN- 6,388,117,171,-394
1,-1,0.746051,SAN- 6,388,117,172,-393
1,-1,0.746069,SAN- 6,388,117,173,-392
1,-1,0.746092,SAN- 6,388,117,174,-391
1,-1,0.746138,SAN- 6,388,117,175,-390
1,-1,0.746179,SAN- 6,388,117,176,-389
1,-1,0.746214,SAN- 6,388,117,177,-388
1,-1,0.74622,SAN- 6,388,117,178,-387
1,-1,0.746266,SAN- 6,388,117,179,-386
2,-1,0.746295,SAN- 6,388,117,181,-385
2,-1,0.746324,SAN- 6,388,117,183,-384
1,-1,0.746347,SAN- 6,388,117,184,-383
1,-1,0.746371,SAN- 6,388,117,185,-382
1,-1,0.7464,SAN- 6,388,117,186,-381
1,-1,0.746452,SAN- 6,388,117,187,-380
1,-1,0.746475,SAN- 6,388,117,188,-379
1,-1,0.746498,SAN- 6,388,117,189,-378
1,-1,0.746527,SAN- 6,388,117,190,-377
1,-1,0.74658,SAN- 6,388,117,191,-376
1,-1,0.746603,SAN- 6,388,117,192,-375
1,-1,0.746626,SAN- 6,388,117,193,-374
1,-1,0.746643,SAN- 6,388,117,194,-373
1,-2,0.746678,SAN- 6,388,117,195,-371
1,-1,0.746701,SAN- 6,388,117,196,-370
1,-2,0.746725,SAN- 6,388,117,197,-368
1,-1,0.746754,SAN- 6,388,117,198,-367
1,-1,0.746789,SAN- 6,388,117,199,-366
1,-1,0.7468,SAN- 6,388,117,200,-365
1,-1,0.746823,SAN- 6,388,117,201,-364
1,-2,0.746852,SAN- 6,388,117,202,-362
1,-1,0.746887,SAN- 6,388,117,203,-361
1,-2,0.74691,SAN- 6,388,117,204,-359
1,-2,0.74694,SAN- 6,388,117,205,-357
1,-2,0.746951,SAN- 6,388,117,206,-355
1,-2,0.746974,SAN- 6,388,117,207,-353
1,-2,0.747003,SAN- 6,388,117,208,-351
1,-2,0.747032,SAN- 6,388,117,209,-349
1,-2,0.747067,SAN- 6,388,117,210,-347
1,-1,0.74709,SAN- 6,388,117,211,-346
1,-2,0.747102,SAN- 6,388,117,212,-344
1,-2,0.747125,SAN- 6,388,117,213,-342
1,-2,0.747154,SAN- 6,388,117,214,-340
1,-2,0.747178,SAN- 6,388,117,215,-338
1,-2,0.747212,SAN- 6,388,117,216,-336
1,-2,0.74723,SAN- 6,388,117,217,-334
1,-2,0.747253,SAN- 6,388,117,218,-332
1,-1,0.747282,SAN- 6,388,117,219,-331
1,-2,0.747299,SAN- 6,388,117,220,-329
1,-2,0.747334,SAN- 6,388,117,221,-327
1,-2,0.747363,SAN- 6,388,117,222,-325
1,-2,0.747398,SAN- 6,388,117,223,-323
1,-2,0.747404,SAN- 6,388,117,224,-321
1,-2,0.747433,SAN- 6,388,117,225,-319
1,-2,0.747462,SAN- 6,388,117,226,-317
1,-1,0.747485,SAN- 6,388,117,227,-316
1,-2,0.74752,SAN- 6,388,117,228,-314
1,-2,0.747549,SAN- 6,388,117,229,-312
1,-2,0.747561,SAN- 6,388,117,230,-310
1,-2,0.747584,SAN- 6,388,117,231,-308
1,-2,0.747613,SAN- 6,388,117,232,-306
1,-2,0.74763,SAN- 6,388,117,233,-304
1,-2,0.747662,SAN- 6,388,117,234,-302
1,-1,0.747694,SAN- 6,388,117,235,-301
1,-2,0.747712,SAN- 6,388,117,236,-299
1,-2,0.747735,SAN- 6,388,117,237,-297
1,-2,0.747765,SAN- 6,388,117,238,-295
1,-2,0.747781,SAN- 6,388,117,239,-293
2,-2,0.747822,SAN- 6,388,117,241,-291
2,-2,0.747839,SAN- 6,388,117,243,-289
2,-2,0.747862,SAN- 6,388,117,245,-287
2,-1,0.747886,SAN- 6,388,117,247,-286
2,-2,0.747909,SAN- 6,388,117,249,-284
2,-2,0.747938,SAN- 6,388,117,251,-282
1,-2,0.747961,SAN- 6,388,117,252,-280
2,-2,0.748002,SAN- 6,388,117,254,-278
2,-2,0.748013,SAN- 6,388,117,256,-276
2,-2,0.748037,SAN- 6,388,117,258,-274
2,-2,0.74806,SAN- 6,388,117,260,-272
2,-1,0.7481,SAN- 6,388,117,262,-271
2,-2,0.748112,SAN- 6,388,117,264,-269
2,-2,0.748141,SAN- 6,388,117,266,-267
1,-2,0.748166,SAN- 6,388,117,267,-265
2,-2,0.748193,SAN- 6,388,117,269,-263
2,-2,0.748217,SAN- 6,388,117,271,-261
2,-2,0.748246,SAN- 6,388,117,273,-259
2,-2,0.748263,SAN- 6,388,117,275,-257
2,-1,0.748286,SAN- 6,388,117,277,-256
2,-2,0.748321,SAN- 6,388,117,279,-254
2,-2,0.748344,SAN- 6,388,117,281,-252
1,-2,0.748373,SAN- 6,388,117,282,-250
2,-2,0.748402,SAN- 6,388,117,284,-248
2,-2,0.748414,SAN- 6,388,117,286,-246
2,-2,0.748437,SAN- 6,388,117,288,-244
3,-2,0.748472,SAN- 6,388,117,291,-242
3,-1,0.748501,SAN- 6,388,117,294,-241
2,-2,0.748518,SAN- 6,388,117,296,-239
3,-2,0.748553,SAN- 6,388,117,299,-237
3,-2,0.748565,SAN- 6,388,117,302,-235
3,-2,0.74859,SAN- 6,388,117,305,-233
3,-2,0.748617,SAN- 6,388,117,308,-231
3,-2,0.748646,SAN- 6,388,117,311,-229
2,-2,0.748669,SAN- 6,388,117,313,-227
3,-1,0.748704,SAN- 6,388,117,316,-226
3,-2,0.748722,SAN- 6,388,117,319,-224
3,-1,0.748768,SAN- 6,388,117,322,-223
3,-2,0.748797,SAN- 6,388,117,325,-221
2,-2,0.748832,SAN- 6,388,117,327,-219
2,-2,0.748855,SAN- 6,388,117,329,-217
2,-1,0.748867,SAN- 6,388,117,331,-216
2,-2,0.74889,SAN- 6,388,117,333,-214
2,-2,0.748913,SAN- 6,388,117,335,-212
2,-2,0.748948,SAN- 6,388,117,337,-210
2,-1,0.748977,SAN- 6,388,117,339,-209
1,-1,0.749005,SAN- 6,388,117,340,-208
1,-1,0.749018,SAN- 6,388,117,341,-207
1,-1,0.749041,SAN- 6,388,117,342,-206
1,-1,0.749099,SAN- 6,388,117,343,-205
1,-1,0.749122,SAN- 6,388,117,344,-204
1,-1,0.749145,SAN- 6,388,117,345,-203
1,-1,0.749174,SAN- 6,388,117,346,-202
1,-1,0.749198,SAN- 6,388,117,347,-201
1,-1,0.749244,SAN- 6,388,117,348,-200
1,-1,0.749285,SAN- 6,388,117,349,-199
1,-1,0.749308,SAN- 6,388,117,350,-198
1,-1,0.749331,SAN- 6,388,117,351,-197
1,-2,0.749372,SAN- 6,388,117,352,-195
1,-2,0.749395,SAN- 6,388,117,353,-193
1,-2,0.749436,SAN- 6,388,117,354,-191
1,-2,0.749459,SAN- 6,388,117,355,-189
1,-2,0.749482,SAN- 6,388,117,356,-187
1,-2,0.7495,SAN- 6,388,117,357,-185
1,-1,0.749523,SAN- 6,388,117,358,-184
1,-2,0.749546,SAN- 6,388,117,359,-182
1,-2,0.749581,SAN- 6,388,117,360,-180
1,-2,0.74961,SAN- 6,388,117,361,-178
2,-2,0.749627,SAN- 6,388,117,363,-176
2,-2,0.74965,SAN- 6,388,117,365,-174
2,-2,0.749674,SAN- 6,388,117,367,-172
2,-1,0.749697,SAN- 6,388,117,369,-171
2,-1,0.749732,SAN- 6,388,117,371,-170
1,-1,0.749767,SAN- 6,388,117,372,-169
2,-1,0.749801,SAN- 6,388,117,374,-168
2,-1,0.74983,SAN- 6,388,117,376,-167
2,-1,0.749854,SAN- 6,388,117,378,-166
2,-1,0.749883,SAN- 6,388,117,380,-165
2,-1,0.749906,SAN- 6,388,117,382,-164
2,-1,0.749946,SAN- 6,388,117,384,-163
1,-1,0.749958,SAN- 6,388,117,385,-162
2,-2,0.749981,SAN- 6,388,117,387,-160
2,-2,0.75001,SAN- 6,388,117,389,-158
2,-2,0.750028,SAN- 6,388,117,391,-156
2,-2,0.750068,SAN- 6,388,117,393,-154
2,-1,0.750074,SAN- 6,388,117,395,-153
2,-2,0.750109,SAN- 6,388,117,397,-151
2,-1,0.750132,SAN- 6,388,117,399,-150
2,-1,0.750155,SAN- 6,388,117,401,-149
1,-1,0.750179,SAN- 6,388,117,402,-148
1,-1,0.750214,SAN- 6,388,117,403,-147
1,-1,0.750228,SAN- 6,388,117,404,-146
1,-1,0.750283,SAN- 6,388,117,405,-145
1,-1,0.750306,SAN- 6,388,117,406,-144
1,-1,0.750341,SAN- 6,388,117,407,-143
2,-1,0.750364,SAN- 6,388,117,409,-142
2,-1,0.750382,SAN- 6,388,117,411,-141
2,-1,0.750405,SAN- 6,388,117,413,-140
2,-1,0.750434,SAN- 6,388,117,415,-139
2,-1,0.750463,SAN- 6,388,117,417,-138
2,-2,0.750533,SAN- 6,388,117,419,-136
4,-1,0.750556,SAN- 6,388,117,423,-135
2,-1,0.750591,SAN- 6,388,117,425,-134
2,-1,0.750614,SAN- 6,388,117,427,-133
2,-1,0.750643,SAN- 6,388,117,429,-132
2,-4,0.750684,SAN- 6,388,117,431,-128
3,-2,0.750707,SAN- 6,388,117,434,-126
2,-2,0.750742,SAN- 6,388,117,436,-124
2,-1,0.750765,SAN- 6,388,117,438,-123
2,-2,0.750794,SAN- 6,388,117,440,-121
2,-2,0.750829,SAN- 6,388,117,442,-119
2,-2,0.750835,SAN- 6,388,117,444,-117
2,-2,0.750858,SAN- 6,388,117,446,-115
1,-2,0.750887,SAN- 6,388,117,447,-113
2,-2,0.750916,SAN- 6,388,117,449,-111
2,-2,0.750951,SAN- 6,388,117,451,-109
2,-1,0.750962,SAN- 6,388,117,453,-108
2,-2,0.750991,SAN- 6,388,117,455,-106
2,-1,0.75102,SAN- 6,388,117,457,-105
2,-1,0.751044,SAN- 6,388,117,459,-104
1,-1,0.751067,SAN- 6,388,117,460,-103
2,-1,0.751102,SAN- 6,388,117,462,-102
2,-1,0.751119,SAN- 6,388,117,464,-101
2,-1,0.751142,SAN- 6,388,117,466,-100
2,-1,0.751166,SAN- 6,388,117,468,-99
2,-1,0.751195,SAN- 6,388,117,470,-98
2,-1,0.751218,SAN- 6,388,117,472,-97
2,-1,0.751253,SAN- 6,388,117,474,-96
1,-1,0.751267,SAN- 6,388,117,475,-95
1,-1,0.751316,SAN- 6,388,117,476,-94
1,-1,0.751345,SAN- 6,388,117,477,-93
1,-1,0.75138,SAN- 6,388,117,478,-92
1,-1,0.751404,SAN- 6,388,117,479,-91
1,-1,0.751578,SAN- 6,388,117,480,-90
1,-1,0.751595,SAN- 6,388,117,481,-89
1,-1,0.751618,SAN- 6,388,117,482,-88
1,-1,0.751653,SAN- 6,388,117,483,-87
1,-1,0.751694,SAN- 6,388,117,484,-86
1,-1,0.751734,SAN- 6,388,117,485,-85
1,-1,0.751752,SAN- 6,388,117,486,-84
2,-1,0.751775,SAN- 6,388,117,488,-83
2,-1,0.751804,SAN- 6,388,117,490,-82
2,-1,0.751827,SAN- 6,388,117,492,-81
2,-1,0.751845,SAN- 6,388,117,494,-80
1,-1,0.751862,SAN- 6,388,117,495,-79
2,-1,0.751897,SAN- 6,388,117,497,-78
2,-1,0.75192,SAN- 6,388,117,499,-77
2,-2,0.751949,SAN- 6,388,117,501,-75
2,-2,0.751972,SAN- 6,388,117,503,-73
2,-2,0.75199,SAN- 6,388,117,505,-71
2,-2,0.752013,SAN- 6,388,117,507,-69
2,-2,0.752048,SAN- 6,388,117,509,-67
1,-2,0.752071,SAN- 6,388,117,510,-65
2,-2,0.7521,SAN- 6,388,117,512,-63
2,-1,0.752129,SAN- 6,388,117,514,-62
2,-2,0.752141,SAN- 6,388,117,516,-60
2,-2,0.752164,SAN- 6,388,117,518,-58
2,-2,0.752199,SAN- 6,388,117,520,-56
2,-2,0.752222,SAN- 6,388,117,522,-54
2,-2,0.752256,SAN- 6,388,117,524,-52
1,-2,0.752268,SAN- 6,388,117,525,-50
1,-2,0.752309,SAN- 6,388,117,526,-48
1,-1,0.752321,SAN- 6,388,117,527,-47
1,-2,0.752344,SAN- 6,388,117,528,-45
1,-2,0.752373,SAN- 6,388,117,529,-43
1,-2,0.752408,SAN- 6,388,117,530,-41
1,-2,0.752431,SAN- 6,388,117,531,-39
1,-2,0.752448,SAN- 6,388,117,532,-37
1,-1,0.752472,SAN- 6,388,117,533,-36
1,-1,0.752495,SAN- 6,388,117,534,-35
1,-1,0.752524,SAN- 6,388,117,535,-34
1,-1,0.752594,SAN- 6,388,117,536,-33
1,-1,0.752599,SAN- 6,388,117,537,-32
1,-1,0.752623,SAN- 6,388,117,538,-31
1,-2,0.752646,SAN- 6,388,117,539,-29
1,-2,0.752681,SAN- 6,388,117,540,-27
1,-1,0.752698,SAN- 6,388,117,541,-26
1,-2,0.752733,SAN- 6,388,117,542,-24
1,-2,0.752744,SAN- 6,388,117,543,-22
1,-2,0.752762,SAN- 6,388,117,544,-20
1,-2,0.752791,SAN- 6,388,117,545,-18
1,-2,0.75282,SAN- 6,388,117,546,-16
1,-2,0.752843,SAN- 6,388,117,547,-14
1,-2,0.752878,SAN- 6,388,117,548,-12
1,-1,0.752919,SAN- 6,388,117,549,-11
1,-1,0.752948,SAN- 6,388,117,550,-10
1,-1,0.752982,SAN- 6,388,117,551,-9
1,-1,0.752995,SAN- 6,388,117,552,-8
1,-1,0.753029,SAN- 6,388,117,553,-7
1,-1,0.75307,SAN- 6,388,117,554,-6
1,-1,0.753093,SAN- 6,388,117,555,-5
1,-1,0.753133,SAN- 6,388,117,556,-4
1,-1,0.75315,SAN- 6,388,117,557,-3
1,-1,0.753197,SAN- 6,388,117,558,-2
1,-1,0.75322,SAN- 6,388,117,559,-1
1,-1,0.753244,SAN- 6,388,117,560,0
1,-1,0.753284,SAN- 6,388,117,561,1
1,-1,0.753296,SAN- 6,388,117,562,2
1,-1,0.753348,SAN- 6,388,117,563,3
1,-1,0.753371,SAN- 6,388,117,564,4
1,-1,0.753395,SAN- 6,388,117,565,5
1,-1,0.753429,SAN- 6,388,117,566,6
1,-1,0.75347,SAN- 6,388,117,567,7
1,-1,0.753488,SAN- 6,388,117,568,8
1,-1,0.753517,SAN- 6,388,117,569,9
1,-1,0.75354,SAN- 6,388,117,570,10
1,-1,0.753586,SAN- 6,388,117,571,11
1,-1,0.753609,SAN- 6,388,117,572,12
1,-1,0.753644,SAN- 6,388,117,573,13
1,-1,0.753667,SAN- 6,388,117,574,14
1,-1,0.75372,SAN- 6,388,117,575,15
1,-1,0.753737,SAN- 6,388,117,576,16
1,-1,0.75376,SAN- 6,388,117,577,17
1,-2,0.753784,SAN- 6,388,117,578,19
1,-2,0.753824,SAN- 6,388,117,579,21
1,-1,0.753847,SAN- 6,388,117,580,22
1,-2,0.753871,SAN- 6,388,117,581,24
1,-2,0.753888,SAN- 6,388,117,582,26
1,-2,0.753911,SAN- 6,388,117,583,28
1,-2,0.753935,SAN- 6,388,117,584,30
1,-2,0.753969,SAN- 6,388,117,585,32
1,-2,0.753998,SAN- 6,388,117,586,34
1,-2,0.754022,SAN- 6,388,117,587,36
1,-1,0.754039,SAN- 6,388,117,588,37
1,-2,0.754063,SAN- 6,388,117,589,39
1,-1,0.754091,SAN- 6,388,117,590,40
1,-1,0.754114,SAN- 6,388,117,591,41
1,-1,0.754155,SAN- 6,388,117,592,42
1,-1,0.754167,SAN- 6,388,117,593,43
1,-1,0.754225,SAN- 6,388,117,594,44
1,-1,0.754242,SAN- 6,388,117,595,45
1,-1,0.754271,SAN- 6,388,117,596,46
1,-2,0.754294,SAN- 6,388,117,597,48
1,-2,0.754335,SAN- 6,388,117,598,50
1,-1,0.754347,SAN- 6,388,117,599,51
1,-2,0.75437,SAN- 6,388,117,600,53
1,-2,0.754387,SAN- 6,388,117,601,55
1,-2,0.754416,SAN- 6,388,117,602,57
1,-2,0.75444,SAN- 6,388,117,603,59
1,-2,0.754474,SAN- 6,388,117,604,61
1,-2,0.754492,SAN- 6,388,117,605,63
1,-2,0.754515,SAN- 6,388,117,606,65
1,-1,0.754544,SAN- 6,388,117,607,66
1,-2,0.754579,SAN- 6,388,117,608,68
1,-2,0.754596,SAN- 6,388,117,609,70
1,-1,0.754637,SAN- 6,388,117,610,71
1,-1,0.754643,SAN- 6,388,117,611,72
1,-1,0.754666,SAN- 6,388,117,612,73
1,-1,0.754697,SAN- 6,388,117,613,74
1,-1,0.754741,SAN- 6,388,117,614,75
1,-1,0.754765,SAN- 6,388,117,615,76
1,-1,0.754788,SAN- 6,388,117,616,77
1,-1,0.754811,SAN- 6,388,117,617,78
1,-1,0.754863,SAN- 6,388,117,618,79
1,-1,0.754875,SAN- 6,388,117,619,80
1,-1,0.754898,SAN- 6,388,117,620,81
1,-1,0.754933,SAN- 6,388,117,621,82
1,-1,0.75498,SAN- 6,388,117,622,83
1,-1,0.755007,SAN- 6,388,117,623,84
1,-1,0.75502,SAN- 6,388,117,624,85
1,-1,0.755043,SAN- 6,388,117,625,86
1,-1,0.755066,SAN- 6,388,117,626,87
1,-1,0.755117,SAN- 6,388,117,627,88
1,-1,0.755154,SAN- 6,388,117,628,89
1,-1,0.755165,SAN- 6,388,117,629,90
1,-1,0.755212,SAN- 6,388,117,630,91
1,-1,0.755241,SAN- 6,388,117,631,92
1,1,0.755444,SAN- 6,388,117,632,91
1,1,0.75549,SAN- 6,388,117,633,90
1,1,0.755513,SAN- 6,388,117,634,89
1,1,0.755589,SAN- 6,388,117,635,88
1,1,0.755595,SAN- 6,388,117,636,87
1,1,0.759275,-TIA- 7,49,260,637,86
-1,1,0.759298,-TIA- 7,49,260,636,85
-1,1,0.759351,-TIA- 7,49,260,635,84
-1,1,0.75938,-TIA- 7,49,260,634,83
-1,1,0.75941,-TIA- 7,49,260,633,82
-1,1,0.759455,-TIA- 7,49,260,632,81
-1,1,0.759472,-TIA- 7,49,260,631,80
-1,1,0.759501,-TIA- 7,49,260,630,79
-1,1,0.759531,-TIA- 7,49,260,629,78
-1,1,0.759565,-TIA- 7,49,260,628,77
-1,1,0.759606,-TIA- 7,49,260,627,76
-1,1,0.759635,-TIA- 7,49,260,626,75
-1,1,0.759652,-TIA- 7,49,260,625,74
-1,1,0.759681,-TIA- 7,49,260,624,73
-1,1,0.759716,-TIA- 7,49,260,623,72
-1,1,0.759757,-TIA- 7,49,260,622,71
-1,1,0.75978,-TIA- 7,49,260,621,70
-2,1,0.759803,-TIA- 7,49,260,619,69
-2,1,0.759832,-TIA- 7,49,260,617,68
-2,1,0.75985,-TIA- 7,49,260,615,67
-2,1,0.759902,-TIA- 7,49,260,613,66
-1,2,0.759908,-TIA- 7,49,260,612,64
-3,2,0.759931,-TIA- 7,49,260,609,62
-3,1,0.759966,-TIA- 7,49,260,606,61
-3,2,0.759989,-TIA- 7,49,260,603,59
-3,2,0.760007,-TIA- 7,49,260,600,57
-3,2,0.760041,-TIA- 7,49,260,597,55
-2,2,0.760059,-TIA- 7,49,260,595,53
-3,2,0.760082,-TIA- 7,49,260,592,51
-3,2,0.760117,-TIA- 7,49,260,589,49
-3,2,0.760134,-TIA- 7,49,260,586,47
-3,1,0.760146,-TIA- 7,49,260,583,46
-2,2,0.760175,-TIA- 7,49,260,581,44
-3,2,0.760204,-TIA- 7,49,260,578,42
-3,2,0.760227,-TIA- 7,49,260,575,40
-3,2,0.760262,-TIA- 7,49,260,572,38
-3,2,0.760285,-TIA- 7,49,260,569,36
-2,2,0.760303,-TIA- 7,49,260,567,34
-3,2,0.760326,-TIA- 7,49,260,564,32
-3,1,0.760361,-TIA- 7,49,260,561,31
-3,2,0.76039,-TIA- 7,49,260,558,29
-3,2,0.760401,-TIA- 7,49,260,555,27
-2,2,0.760442,-TIA- 7,49,260,553,25
-3,2,0.760454,-TIA- 7,49,260,550,23
-3,2,0.760477,-TIA- 7,49,260,547,21
-3,2,0.760506,-TIA- 7,49,260,544,19
-3,2,0.760535,-TIA- 7,49,260,541,17
-3,1,0.760558,-TIA- 7,49,260,538,16
-2,2,0.760587,-TIA- 7,49,260,536,14
-2,2,0.760604,-TIA- 7,49,260,534,12
-2,2,0.760628,-TIA- 7,49,260,532,10
-2,2,0.760662,-TIA- 7,49,260,530,8
-2,2,0.760686,-TIA- 7,49,260,528,6
-2,2,0.760709,-TIA- 7,49,260,526,4
-2,2,0.760738,-TIA- 7,49,260,524,2
-1,1,0.760755,-TIA- 7,49,260,523,1
-2,3,0.760779,-TIA- 7,49,260,521,-2
-2,3,0.760796,-TIA- 7,49,260,519,-5
-2,3,0.760825,-TIA- 7,49,260,517,-8
-2,3,0.760848,-TIA- 7,49,260,515,-11
-2,2,0.760883,-TIA- 7,49,260,513,-13
-3,3,0.7609,-TIA- 7,49,260,510,-16
-2,3,0.760924,-TIA- 7,49,260,508,-19
-3,3,0.760947,-TIA- 7,49,260,505,-22
-3,3,0.760982,-TIA- 7,49,260,502,-25
-3,3,0.761011,-TIA- 7,49,260,499,-28
-3,2,0.761034,-TIA- 7,49,260,496,-30
-3,3,0.761051,-TIA- 7,49,260,493,-33
-2,3,0.761075,-TIA- 7,49,260,491,-36
-3,2,0.761098,-TIA- 7,49,260,488,-38
-3,2,0.761133,-TIA- 7,49,260,485,-40
-3,2,0.761156,-TIA- 7,49,260,482,-42
-3,1,0.761185,-TIA- 7,49,260,479,-43
-2,2,0.761202,-TIA- 7,49,260,477,-45
-3,1,0.761226,-TIA- 7,49,260,474,-46
-3,1,0.761249,-TIA- 7,49,260,471,-47
-3,1,0.761284,-TIA- 7,49,260,468,-48
-2,1,0.761313,-TIA- 7,49,260,466,-49
-2,1,0.761347,-TIA- 7,49,260,464,-50
-1,1,0.761359,-TIA- 7,49,260,463,-51
-2,1,0.761377,-TIA- 7,49,260,461,-52
-2,1,0.761404,-TIA- 7,49,260,459,-53
-2,1,0.761429,-TIA- 7,49,260,457,-54
-2,1,0.761458,-TIA- 7,49,260,455,-55
-2,1,0.761481,-TIA- 7,49,260,453,-56
-2,1,0.761509,-TIA- 7,49,260,451,-57
-2,1,0.761533,-TIA- 7,49,260,449,-58
-2,1,0.76158,-TIA- 7,49,260,447,-59
-2,1,0.761609,-TIA- 7,49,260,445,-60
-2,1,0.761626,-TIA- 7,49,260,443,-61
-2,1,0.761661,-TIA- 7,49,260,441,-62
-1,1,0.761684,-TIA- 7,49,260,440,-63
-1,1,0.761707,-TIA- 7,49,260,439,-64
-1,1,0.761731,-TIA- 7,49,260,438,-65
-1,1,0.761777,-TIA- 7,49,260,437,-66
-1,1,0.761812,-TIA- 7,49,260,436,-67
-1,1,0.761835,-TIA- 7,49,260,435,-68
-1,1,0.761858,-TIA- 7,49,260,434,-69
-1,1,0.761916,-TIA- 7,49,260,433,-70
-2,1,0.761934,-TIA- 7,49,260,431,-71
-2,1,0.761963,-TIA- 7,49,260,429,-72
-2,1,0.761986,-TIA- 7,49,260,427,-73
-2,1,0.762009,-TIA- 7,49,260,425,-74
-1,1,0.762044,-TIA- 7,49,260,424,-75
-2,1,0.762067,-TIA- 7,49,260,422,-76
-2,1,0.762085,-TIA- 7,49,260,420,-77
-2,1,0.762108,-TIA- 7,49,260,418,-78
-2,1,0.762137,-TIA- 7,49,260,416,-79
-2,1,0.76216,-TIA- 7,49,260,414,-80
-2,1,0.762195,-TIA- 7,49,260,412,-81
-2,1,0.762224,-TIA- 7,49,260,410,-82
-1,1,0.762236,-TIA- 7,49,260,409,-83
-2,1,0.762259,-TIA- 7,49,260,407,-84
-2,2,0.762288,-TIA- 7,49,260,405,-86
-2,2,0.762317,-TIA- 7,49,260,403,-88
-2,2,0.762346,-TIA- 7,49,260,401,-90
-2,2,0.762381,-TIA- 7,49,260,399,-92
-1,2,0.762387,-TIA- 7,49,260,398,-94
-1,2,0.762421,-TIA- 7,49,260,397,-96
-1,1,0.762439,-TIA- 7,49,260,396,-97
-1,1,0.762503,-TIA- 7,49,260,395,-98
-1,1,0.76252,-TIA- 7,49,260,394,-99
-1,1,0.762532,-TIA- 7,49,260,393,-100
-1,1,0.762555,-TIA- 7,49,260,392,-101
-1,1,0.762578,-TIA- 7,49,260,391,-102
-2,1,0.762636,-TIA- 7,49,260,389,-103
-2,1,0.762665,-TIA- 7,49,260,387,-104
-2,1,0.762683,-TIA- 7,49,260,385,-105
-2,1,0.762706,-TIA- 7,49,260,383,-106
-2,1,0.762729,-TIA- 7,49,260,381,-107
-2,1,0.762752,-TIA- 7,49,260,379,-108
-1,1,0.762787,-TIA- 7,49,260,378,-109
-2,1,0.762816,-TIA- 7,49,260,376,-110
-2,1,0.762834,-TIA- 7,49,260,374,-111
-1,1,0.762857,-TIA- 7,49,260,373,-112
-1,1,0.762915,-TIA- 7,49,260,372,-113
-1,1,0.762938,-TIA- 7,49,260,371,-114
-1,1,0.762973,-TIA- 7,49,260,370,-115
-1,1,0.762984,-TIA- 7,49,260,369,-116
-1,1,0.763008,-TIA- 7,49,260,368,-117
-1,1,0.763066,-TIA- 7,49,260,367,-118
-1,1,0.763083,-TIA- 7,49,260,366,-119
-3,1,0.763292,-TIA- 7,49,260,363,-120
-3,1,0.763315,-TIA- 7,49,260,360,-121
-2,1,0.763339,-TIA- 7,49,260,358,-122
-3,1,0.763368,-TIA- 7,49,260,355,-123
-3,1,0.763385,-TIA- 7,49,260,352,-124
-3,1,0.763408,-TIA- 7,49,260,349,-125
-3,1,0.763443,-TIA- 7,49,260,346,-126
-3,1,0.763466,-TIA- 7,49,260,343,-127
-3,1,0.763524,-TIA- 7,49,260,340,-128
-3,1,0.763536,-TIA- 7,49,260,337,-129
-3,1,0.763565,-TIA- 7,49,260,334,-130
-3,1,0.763594,-TIA- 7,49,260,331,-131
-2,1,0.763617,-TIA- 7,49,260,329,-132
-3,1,0.763646,-TIA- 7,49,260,326,-133
-3,1,0.763669,-TIA- 7,49,260,323,-134
-3,1,0.763693,-TIA- 7,49,260,320,-135
-3,1,0.763716,-TIA- 7,49,260,317,-136
-2,1,0.763751,-TIA- 7,49,260,315,-137
-3,1,0.763774,-TIA- 7,49,260,312,-138
-3,1,0.763803,-TIA- 7,49,260,309,-139
-3,1,0.76382,-TIA- 7,49,260,306,-140
-3,1,0.763844,-TIA- 7,49,260,303,-141
-2,1,0.763867,-TIA- 7,49,260,301,-142
-3,1,0.763925,-TIA- 7,49,260,298,-143
-3,1,0.763954,-TIA- 7,49,260,295,-144
-3,1,0.763971,-TIA- 7,49,260,292,-145
-3,1,0.764,-TIA- 7,49,260,289,-146
-2,1,0.764021,-TIA- 7,49,260,287,-147
-3,1,0.764042,-TIA- 7,49,260,284,-148
-3,1,0.764076,-TIA- 7,49,260,281,-149
-3,1,0.764099,-TIA- 7,49,260,278,-150
-3,1,0.764122,-TIA- 7,49,260,275,-151
-2,1,0.764151,-TIA- 7,49,260,273,-152
-3,1,0.764175,-TIA- 7,49,260,270,-153
-3,1,0.764198,-TIA- 7,49,260,267,-154
-3,1,0.764227,-TIA- 7,49,260,264,-155
-3,1,0.764262,-TIA- 7,49,260,261,-156
-2,1,0.764291,-TIA- 7,49,260,259,-157
-2,1,0.764325,-TIA- 7,49,260,257,-158
-2,1,0.764354,-TIA- 7,49,260,255,-159
-2,1,0.764372,-TIA- 7,49,260,253,-160
-2,1,0.764401,-TIA- 7,49,260,251,-161
-2,1,0.764424,-TIA- 7,49,260,249,-162
-2,1,0.764442,-TIA- 7,49,260,247,-163
-1,1,0.764465,-TIA- 7,49,260,246,-164
-2,1,0.764494,-TIA- 7,49,260,244,-165
-2,1,0.764517,-TIA- 7,49,260,242,-166
-2,1,0.764546,-TIA- 7,49,260,240,-167
-2,1,0.764581,-TIA- 7,49,260,238,-168
-2,1,0.764598,-TIA- 7,49,260,236,-169
-2,1,0.764621,-TIA- 7,49,260,234,-170
-2,1,0.764645,-TIA- 7,49,260,232,-171
-1,1,0.764674,-TIA- 7,49,260,231,-172
-2,1,0.764732,-TIA- 7,49,260,229,-173
-2,1,0.764749,-TIA- 7,49,260,227,-174
-2,1,0.764772,-TIA- 7,49,260,225,-175
-2,1,0.764796,-TIA- 7,49,260,223,-176
-2,1,0.764825,-TIA- 7,49,260,221,-177
-2,1,0.764854,-TIA- 7,49,260,219,-178
-2,1,0.765127,-TIA- 7,49,260,217,-179
-2,1,0.765144,-TIA- 7,49,260,215,-180
-2,1,0.765173,-TIA- 7,49,260,213,-181
-2,1,0.76519,-TIA- 7,49,260,211,-182
-2,1,0.765225,-TIA- 7,49,260,209,-183
-1,1,0.765248,-TIA- 7,49,260,208,-184
-2,1,0.765272,-TIA- 7,49,260,206,-185
-2,1,0.765295,-TIA- 7,49,260,204,-186
-3,-1,0.765759,-TIA- 7,49,260,201,-185
-3,-1,0.765794,-TIA- 7,49,260,198,-184
-3,-1,0.7658,-TIA- 7,49,260,195,-183
-3,-1,0.765835,-TIA- 7,49,260,192,-182
-2,-1,0.765858,-TIA- 7,49,260,190,-181
-3,-1,0.765881,-TIA- 7,49,260,187,-180
-3,-1,0.765916,-TIA- 7,49,260,184,-179
-3,-1,0.765928,-TIA- 7,49,260,181,-178
-3,-1,0.765951,-TIA- 7,49,260,178,-177
-2,-1,0.76598,-TIA- 7,49,260,176,-176
-4,-1,0.766003,-TIA- 7,49,260,172,-175
-3,1,0.766479,-TIA- 7,49,260,169,-176
-4,1,0.76652,-TIA- 7,49,260,165,-177
-4,1,0.766543,-TIA- 7,49,260,161,-178
-4,1,0.76656,-TIA- 7,49,260,157,-179
-2,1,0.766584,-TIA- 7,49,260,155,-180
-3,1,0.766613,-TIA- 7,49,260,152,-181
-2,1,0.766653,-TIA- 7,49,260,150,-182
-2,1,0.766682,-TIA- 7,49,260,148,-183
-1,1,0.7667,-TIA- 7,49,260,147,-184
-1,1,0.774797,GO 8,375,216,146,-185
-1,1,0.774844,GO 8,375,216,145,-186
1,1,0.774873,GO 8,375,216,146,-187
1,1,0.774914,GO 8,375,216,147,-188
1,1,0.774949,GO 8,375,216,148,-189
1,1,0.774978,GO 8,375,216,149,-190
1,1,0.77525,GO 8,375,216,150,-191
1,1,0.775308,GO 8,375,216,151,-192
1,1,0.775326,GO 8,375,216,152,-193
1,1,0.775355,GO 8,375,216,153,-194
1,1,0.775413,GO 8,375,216,154,-195
1,1,0.775425,GO 8,375,216,155,-196
1,1,0.775465,GO 8,375,216,156,-197
1,2,0.7755,GO 8,375,216,157,-199
2,2,0.775535,GO 8,375,216,159,-201
1,2,0.77557,GO 8,375,216,160,-203
1,2,0.775599,GO 8,375,216,161,-205
1,2,0.77561,GO 8,375,216,162,-207
1,4,0.775651,GO 8,375,216,163,-211
3,2,0.775686,GO 8,375,216,166,-213
2,1,0.775715,GO 8,375,216,168,-214
2,2,0.775732,GO 8,375,216,170,-216
2,2,0.775773,GO 8,375,216,172,-218
3,2,0.775779,GO 8,375,216,175,-220
3,2,0.775808,GO 8,375,216,178,-222
2,2,0.775831,GO 8,375,216,180,-224
3,2,0.77586,GO 8,375,216,183,-226
3,1,0.775883,GO 8,375,216,186,-227
3,1,0.775918,GO 8,375,216,189,-228
3,-1,0.776092,GO 8,375,216,192,-227
2,-1,0.776115,GO 8,375,216,194,-226
1,-2,0.778507,GO 8,375,216,195,-224
2,-1,0.778536,GO 8,375,216,197,-223
1,-1,0.778588,GO 8,375,216,198,-222
1,-1,0.778623,GO 8,375,216,199,-221
1,-1,0.778652,GO 8,375,216,200,-220
1,-1,0.778664,GO 8,375,216,201,-219
1,-1,0.778687,GO 8,375,216,202,-218
1,-2,0.77871,GO 8,375,216,203,-216
1,-2,0.778739,GO 8,375,216,204,-214
1,-2,0.778774,GO 8,375,216,205,-212
1,-2,0.77878,GO 8,375,216,206,-210
1,-3,0.778815,GO 8,375,216,207,-207
2,-3,0.778838,GO 8,375,216,209,-204
2,-2,0.778867,GO 8,375,216,211,-202
2,-3,0.778896,GO 8,375,216,213,-199
2,-6,0.778931,GO 8,375,216,215,-193
4,-3,0.778966,GO 8,375,216,219,-190
3,-2,0.778989,GO 8,375,216,222,-188
3,-3,0.779024,GO 8,375,216,225,-185
3,-3,0.779047,GO 8,375,216,228,-182
3,-3,0.779076,GO 8,375,216,231,-179
3,-3,0.779088,GO 8,375,216,234,-176
2,-2,0.779117,GO 8,375,216,236,-174
3,-1,0.77914,GO 8,375,216,239,-173
3,-2,0.779175,GO 8,375,216,242,-171
3,-2,0.779198,GO 8,375,216,245,-169
3,-1,0.779227,GO 8,375,216,248,-168
2,-1,0.779238,GO 8,375,216,250,-167
3,-1,0.779262,GO 8,375,216,253,-166
3,-1,0.779291,GO 8,375,216,256,-165
3,-1,0.779314,GO 8,375,216,259,-164
3,-1,0.779342,GO 8,375,216,262,-163
2,-2,0.779384,GO 8,375,216,264,-161
5,-1,0.779407,GO 8,375,216,269,-160
2,-1,0.779436,GO 8,375,216,271,-159
2,-1,0.779471,GO 8,375,216,273,-158
2,-1,0.779528,GO 8,375,216,275,-157
1,-1,0.779535,GO 8,375,216,276,-156
2,-1,0.779569,GO 8,375,216,278,-155
2,-1,0.779581,GO 8,375,216,280,-154
2,-1,0.779616,GO 8,375,216,282,-153
2,-1,0.779645,GO 8,375,216,284,-152
2,-1,0.77968,GO 8,375,216,286,-151
2,-1,0.779685,GO 8,375,216,288,-150
2,-1,0.77972,GO 8,375,216,290,-149
3,1,0.780777,GO 8,375,216,293,-150
3,1,0.7808,GO 8,375,216,296,-151
2,1,0.780829,GO 8,375,216,298,-152
3,1,0.780864,GO 8,375,216,301,-153
3,1,0.78087,GO 8,375,216,304,-154
3,1,0.780904,GO 8,375,216,307,-155
3,1,0.780928,GO 8,375,216,310,-156
3,1,0.780951,GO 8,375,216,313,-157
2,1,0.78098,GO 8,375,216,315,-158
3,1,0.781021,GO 8,375,216,318,-159
3,1,0.781044,GO 8,375,216,321,-160
3,1,0.781079,GO 8,375,216,324,-161
2,1,0.781102,GO 8,375,216,326,-162
3,1,0.781137,GO 8,375,216,329,-163
3,1,0.78116,GO 8,375,216,332,-164
2,-1,0.781671,GO 8,375,216,334,-163
2,-1,0.781706,GO 8,375,216,336,-162
2,-1,0.781735,GO 8,375,216,338,-161
1,-1,0.781764,GO 8,375,216,339,-160
2,-1,0.781775,GO 8,375,216,341,-159
2,-1,0.781798,GO 8,375,216,343,-158
2,-1,0.781857,GO 8,375,216,345,-157
2,-1,0.781886,GO 8,375,216,347,-156
2,-2,0.781926,GO 8,375,216,349,-154
3,-1,0.781961,GO 8,375,216,352,-153
2,-1,0.781978,GO 8,375,216,354,-152
2,-1,0.782007,GO 8,375,216,356,-151
2,-1,0.782025,GO 8,375,216,358,-150
2,-1,0.782071,GO 8,375,216,360,-149
2,-1,0.782077,GO 8,375,216,362,-148
2,-1,0.782112,GO 8,375,216,364,-147
2,-1,0.782129,GO 8,375,216,366,-146
1,-1,0.782158,GO 8,375,216,367,-145
2,-1,0.782176,GO 8,375,216,369,-144
2,-1,0.782222,GO 8,375,216,371,-143
2,-1,0.782257,GO 8,375,216,373,-142
2,-1,0.78228,GO 8,375,216,375,-141
2,-1,0.782321,GO 8,375,216,377,-140
2,-1,0.782327,GO 8,375,216,379,-139
1,-1,0.78235,GO 8,375,216,380,-138
2,-1,0.782385,GO 8,375,216,382,-137
2,-1,0.782408,GO 8,375,216,384,-136
2,-1,0.782442,GO 8,375,216,386,-135
2,-1,0.782466,GO 8,375,216,388,-134
2,-1,0.782489,GO 8,375,216,390,-133
2,-1,0.782495,GO 8,375,216,392,-132
1,-1,0.78253,GO 8,375,216,393,-131
2,-1,0.782553,GO 8,375,216,395,-130
2,-1,0.782582,GO 8,375,216,397,-129
2,-1,0.782617,GO 8,375,216,399,-128
2,-1,0.783552,GO 8,375,216,401,-127
2,-1,0.783575,GO 8,375,216,403,-126
2,-1,0.783598,GO 8,375,216,405,-125
1,1,0.784184,GO 8,375,216,406,-126
1,1,0.784208,GO 8,375,216,407,-127
1,1,0.784242,GO 8,375,216,408,-128
-1,2,0.784271,GO 8,375,216,407,-130
-1,2,0.784277,GO 8,375,216,406,-132
-1,1,0.784312,GO 8,375,216,405,-133
-1,1,0.784347,GO 8,375,216,404,-134
-1,1,0.784358,GO 8,375,216,403,-135
-1,1,0.784411,GO 8,375,216,402,-136
