dX,dY,WHEN,SYLLABLE,X,Y,cX,cY
0,-1,0.209287,Yield,0,0,0,1
0,-2,0.209351,Yield,0,0,0,3
0,-2,0.209374,Yield,0,0,0,5
-1,-4,0.209398,Yield,0,0,-1,9
-2,-1,0.209432,Yield,0,0,-3,10
-2,-1,0.209473,Yield,0,0,-5,11
-5,1,0.209531,Yield,0,0,-10,10
-3,1,0.20956,Yield,0,0,-13,9
-4,2,0.209595,Yield,0,0,-17,7
-4,4,0.209624,Yield,0,0,-21,3
-7,2,0.209647,Yield,0,0,-28,1
-4,2,0.209682,Yield,0,0,-32,-1
-4,3,0.209711,Yield,0,0,-36,-4
-4,2,0.209746,Yield,0,0,-40,-6
-3,3,0.209752,Yield,0,0,-43,-9
-4,3,0.209786,Yield,0,0,-47,-12
-4,3,0.20981,Yield,0,0,-51,-15
-3,2,0.20985,Yield,0,0,-54,-17
-4,3,0.209879,Yield,0,0,-58,-20
-8,1,0.209908,Yield,0,0,-66,-21
-3,1,0.209937,Yield,0,0,-69,-22
-4,1,0.209966,Yield,0,0,-73,-23
-4,1,0.209978,Yield,0,0,-77,-24
-3,1,0.210129,Yield,0,0,-80,-25
-5,1,0.210158,Yield,0,0,-85,-26
-3,1,0.210193,Yield,0,0,-88,-27
-3,1,0.210233,Yield,0,0,-91,-28
-4,4,0.210257,Yield,0,0,-95,-32
-7,2,0.210292,Yield,0,0,-102,-34
-4,1,0.210303,Yield,0,0,-106,-35
-4,2,0.210338,Yield,0,0,-110,-37
-4,2,0.210367,Yield,0,0,-114,-39
-3,2,0.210384,Yield,0,0,-117,-41
-4,2,0.210402,Yield,0,0,-121,-43
-4,3,0.210442,Yield,0,0,-125,-46
-4,3,0.210471,Yield,0,0,-129,-49
-3,2,0.210495,Yield,0,0,-132,-51
-4,3,0.210506,Yield,0,0,-136,-54
-2,3,0.21053,Yield,0,0,-138,-57
-1,3,0.210553,Yield,0,0,-139,-60
-1,3,0.210582,Yield,0,0,-140,-63
1,2,0.210605,Yield,0,0,-139,-65
1,3,0.210617,Yield,0,0,-138,-68
2,3,0.210646,Yield,0,0,-136,-71
2,3,0.21068,Yield,0,0,-134,-74
2,3,0.210715,Yield,0,0,-132,-77
1,3,0.210744,Yield,0,0,-131,-80
1,2,0.210768,Yield,0,0,-130,-82
1,1,0.210797,Yield,0,0,-129,-83
1,1,0.210831,Yield,0,0,-128,-84
-2,-1,0.211497,Yield,0,0,-130,-83
-2,-2,0.211516,Yield,0,0,-132,-81
-3,-2,0.211551,Yield,0,0,-135,-79
-3,-2,0.211586,Yield,0,0,-138,-77
-2,-5,0.211615,Yield,0,0,-140,-72
-6,-2,0.211644,Yield,0,0,-146,-70
-3,-3,0.211672,Yield,0,0,-149,-67
-3,-3,0.211702,Yield,0,0,-152,-64
-2,-2,0.211737,Yield,0,0,-154,-62
-2,-2,0.211743,Yield,0,0,-156,-60
-2,-2,0.211766,Yield,0,0,-158,-58
-2,-2,0.211801,Yield,0,0,-160,-56
-1,-2,0.21187,Yield,0,0,-161,-54
-1,-2,0.211905,Yield,0,0,-162,-52
-1,-2,0.211929,Yield,0,0,-163,-50
-1,-2,0.211958,Yield,0,0,-164,-48
-1,-2,0.211981,Yield,0,0,-165,-46
-1,-5,0.212021,Yield,0,0,-166,-41
-1,-3,0.212056,Yield,0,0,-167,-38
-1,-3,0.212085,Yield,0,0,-168,-35
-1,-5,0.21212,Yield,0,0,-169,-30
-1,-3,0.212149,Yield,0,0,-170,-27
-1,-3,0.21219,Yield,0,0,-171,-24
-1,-3,0.212225,Yield,0,0,-172,-21
-1,-3,0.21223,Yield,0,0,-173,-18
-1,-2,0.212254,Yield,0,0,-174,-16
-1,-3,0.212277,Yield,0,0,-175,-13
1,-3,0.212312,Yield,0,0,-174,-10
1,-3,0.212341,Yield,0,0,-173,-7
1,-2,0.212364,Yield,0,0,-172,-5
2,-2,0.212376,Yield,0,0,-170,-3
3,-1,0.212405,Yield,0,0,-167,-2
3,-1,0.212434,Yield,0,0,-164,-1
3,-1,0.212463,Yield,0,0,-161,0
1,1,0.221391,FRAY 1,87,416,-160,-1
1,1,0.221425,FRAY 1,87,416,-159,-2
2,2,0.221449,FRAY 1,87,416,-157,-4
2,2,0.221489,FRAY 1,87,416,-155,-6
1,2,0.221518,FRAY 1,87,416,-154,-8
2,5,0.221553,FRAY 1,87,416,-152,-13
5,2,0.221582,FRAY 1,87,416,-147,-15
3,3,0.221617,FRAY 1,87,416,-144,-18
3,7,0.221646,FRAY 1,87,416,-141,-25
5,4,0.221681,FRAY 1,87,416,-136,-29
3,3,0.221698,FRAY 1,87,416,-133,-32
3,4,0.221727,FRAY 1,87,416,-130,-36
3,4,0.22177,FRAY 1,87,416,-127,-40
2,4,0.221774,FRAY 1,87,416,-125,-44
3,3,0.221803,FRAY 1,87,416,-122,-47
3,4,0.221832,FRAY 1,87,416,-119,-51
3,4,0.221855,FRAY 1,87,416,-116,-55
3,4,0.22189,FRAY 1,87,416,-113,-59
3,3,0.221896,FRAY 1,87,416,-110,-62
2,4,0.221919,FRAY 1,87,416,-108,-66
3,4,0.221954,FRAY 1,87,416,-105,-70
2,4,0.221983,FRAY 1,87,416,-103,-74
2,3,0.222018,FRAY 1,87,416,-101,-77
2,8,0.222052,FRAY 1,87,416,-99,-85
2,4,0.222087,FRAY 1,87,416,-97,-89
1,3,0.222105,FRAY 1,87,416,-96,-92
1,4,0.22214,FRAY 1,87,416,-95,-96
1,4,0.222155,FRAY 1,87,416,-94,-100
1,4,0.222178,FRAY 1,87,416,-93,-104
1,3,0.222203,FRAY 1,87,416,-92,-107
1,4,0.222232,FRAY 1,87,416,-91,-111
1,4,0.222267,FRAY 1,87,416,-90,-115
2,4,0.222279,FRAY 1,87,416,-88,-119
2,3,0.222308,FRAY 1,87,416,-86,-122
2,4,0.222331,FRAY 1,87,416,-84,-126
2,4,0.222372,FRAY 1,87,416,-82,-130
3,4,0.222401,FRAY 1,87,416,-79,-134
2,3,0.222418,FRAY 1,87,416,-77,-137
3,4,0.222424,FRAY 1,87,416,-74,-141
3,4,0.222447,FRAY 1,87,416,-71,-145
3,4,0.222482,FRAY 1,87,416,-68,-149
3,3,0.222513,FRAY 1,87,416,-65,-152
2,4,0.222546,FRAY 1,87,416,-63,-156
3,4,0.222557,FRAY 1,87,416,-60,-160
3,4,0.222575,FRAY 1,87,416,-57,-164
3,3,0.222604,FRAY 1,87,416,-54,-167
3,4,0.222627,FRAY 1,87,416,-51,-171
2,4,0.222639,FRAY 1,87,416,-49,-175
3,4,0.222685,FRAY 1,87,416,-46,-179
2,3,0.222691,FRAY 1,87,416,-44,-182
2,3,0.222714,FRAY 1,87,416,-42,-185
1,3,0.222749,FRAY 1,87,416,-41,-188
1,3,0.222778,FRAY 1,87,416,-40,-191
1,3,0.22279,FRAY 1,87,416,-39,-194
1,2,0.222819,FRAY 1,87,416,-38,-196
-1,3,0.222859,FRAY 1,87,416,-39,-199
-1,3,0.222877,FRAY 1,87,416,-40,-202
-1,6,0.222917,FRAY 1,87,416,-41,-208
-2,2,0.222946,FRAY 1,87,416,-43,-210
-2,3,0.222964,FRAY 1,87,416,-45,-213
-2,3,0.222993,FRAY 1,87,416,-47,-216
1,3,0.223028,FRAY 1,87,416,-46,-219
1,3,0.223039,FRAY 1,87,416,-45,-222
2,2,0.223057,FRAY 1,87,416,-43,-224
2,3,0.223092,FRAY 1,87,416,-41,-227
2,3,0.223121,FRAY 1,87,416,-39,-230
2,3,0.223144,FRAY 1,87,416,-37,-233
1,3,0.223173,FRAY 1,87,416,-36,-236
2,3,0.223184,FRAY 1,87,416,-34,-239
2,2,0.223208,FRAY 1,87,416,-32,-241
2,4,0.223242,FRAY 1,87,416,-30,-245
2,4,0.223283,FRAY 1,87,416,-28,-249
2,4,0.223312,FRAY 1,87,416,-26,-253
2,7,0.223335,FRAY 1,87,416,-24,-260
3,4,0.223359,FRAY 1,87,416,-21,-264
2,4,0.223393,FRAY 1,87,416,-19,-268
2,3,0.223428,FRAY 1,87,416,-17,-271
2,4,0.223434,FRAY 1,87,416,-15,-275
1,4,0.22348,FRAY 1,87,416,-14,-279
1,4,0.223492,FRAY 1,87,416,-13,-283
1,3,0.223515,FRAY 1,87,416,-12,-286
1,4,0.223539,FRAY 1,87,416,-11,-290
1,4,0.223568,FRAY 1,87,416,-10,-294
1,4,0.223585,FRAY 1,87,416,-9,-298
1,7,0.223643,FRAY 1,87,416,-8,-305
1,4,0.223672,FRAY 1,87,416,-7,-309
1,4,0.223695,FRAY 1,87,416,-6,-313
1,3,0.223724,FRAY 1,87,416,-5,-316
1,4,0.223742,FRAY 1,87,416,-4,-320
-2,4,0.223764,FRAY 1,87,416,-6,-324
-3,4,0.223794,FRAY 1,87,416,-9,-328
-3,3,0.223829,FRAY 1,87,416,-12,-331
-4,3,0.223852,FRAY 1,87,416,-16,-334
-3,2,0.223875,FRAY 1,87,416,-19,-336
-3,2,0.223893,FRAY 1,87,416,-22,-338
-1,1,0.223916,FRAY 1,87,416,-23,-339
-1,1,0.223945,FRAY 1,87,416,-24,-340
-2,1,0.223968,FRAY 1,87,416,-26,-341
-1,1,0.224044,FRAY 1,87,416,-27,-342
-1,-1,0.224926,FRAY 1,87,416,-28,-341
-1,-1,0.224943,FRAY 1,87,416,-29,-340
-1,-2,0.224978,FRAY 1,87,416,-30,-338
-1,-2,0.225001,FRAY 1,87,416,-31,-336
-1,-2,0.225025,FRAY 1,87,416,-32,-334
-1,-2,0.225065,FRAY 1,87,416,-33,-332
-1,-2,0.225088,FRAY 1,87,416,-34,-330
-1,-2,0.225094,FRAY 1,87,416,-35,-328
-1,-1,0.225122,FRAY 1,87,416,-36,-327
-1,-1,0.225176,FRAY 1,87,416,-37,-326
-1,-1,0.22521,FRAY 1,87,416,-38,-325
-1,-1,0.225228,FRAY 1,87,416,-39,-324
-1,1,0.225622,FRAY 1,87,416,-40,-325
-1,1,0.225646,FRAY 1,87,416,-41,-326
-2,2,0.225669,FRAY 1,87,416,-43,-328
-1,2,0.225704,FRAY 1,87,416,-44,-330
-2,2,0.225727,FRAY 1,87,416,-46,-332
-2,2,0.225762,FRAY 1,87,416,-48,-334
-2,2,0.225791,FRAY 1,87,416,-50,-336
-2,2,0.225808,FRAY 1,87,416,-52,-338
-2,2,0.225826,FRAY 1,87,416,-54,-340
-2,1,0.225855,FRAY 1,87,416,-56,-341
-1,2,0.225878,FRAY 1,87,416,-57,-343
-1,2,0.225913,FRAY 1,87,416,-58,-345
-1,3,0.225942,FRAY 1,87,416,-59,-348
-1,3,0.225959,FRAY 1,87,416,-60,-351
-2,3,0.225977,FRAY 1,87,416,-62,-354
-2,2,0.226006,FRAY 1,87,416,-64,-356
-2,3,0.22604,FRAY 1,87,416,-66,-359
-2,3,0.226064,FRAY 1,87,416,-68,-362
-2,1,0.226087,FRAY 1,87,416,-70,-363
-2,3,0.226104,FRAY 1,87,416,-72,-366
-2,4,0.226128,FRAY 1,87,416,-74,-370
-2,3,0.226151,FRAY 1,87,416,-76,-373
-1,4,0.226186,FRAY 1,87,416,-77,-377
-1,4,0.226209,FRAY 1,87,416,-78,-381
-1,4,0.226238,FRAY 1,87,416,-79,-385
-1,3,0.226255,FRAY 1,87,416,-80,-388
-1,4,0.22629,FRAY 1,87,416,-81,-392
-1,4,0.226302,FRAY 1,87,416,-82,-396
-1,4,0.226337,FRAY 1,87,416,-83,-400
-1,3,0.226366,FRAY 1,87,416,-84,-403
-1,8,0.226406,FRAY 1,87,416,-85,-411
-1,4,0.226429,FRAY 1,87,416,-86,-415
-1,3,0.226453,FRAY 1,87,416,-87,-418
-1,4,0.226487,FRAY 1,87,416,-88,-422
-1,4,0.22652,FRAY 1,87,416,-89,-426
-1,4,0.226551,FRAY 1,87,416,-90,-430
-1,3,0.226557,FRAY 1,87,416,-91,-433
-1,4,0.22658,FRAY 1,87,416,-92,-437
-1,4,0.226598,FRAY 1,87,416,-93,-441
1,4,0.226627,FRAY 1,87,416,-92,-445
1,3,0.226662,FRAY 1,87,416,-91,-448
1,4,0.226679,FRAY 1,87,416,-90,-452
1,4,0.226702,FRAY 1,87,416,-89,-456
1,4,0.226725,FRAY 1,87,416,-88,-460
2,3,0.226749,FRAY 1,87,416,-86,-463
2,4,0.226781,FRAY 1,87,416,-84,-467
1,4,0.226813,FRAY 1,87,416,-83,-471
2,4,0.22682,FRAY 1,87,416,-81,-475
2,3,0.226853,FRAY 1,87,416,-79,-478
2,4,0.226876,FRAY 1,87,416,-77,-482
2,4,0.226911,FRAY 1,87,416,-75,-486
2,4,0.226934,FRAY 1,87,416,-73,-490
2,3,0.226963,FRAY 1,87,416,-71,-493
2,4,0.226975,FRAY 1,87,416,-69,-497
1,4,0.226998,FRAY 1,87,416,-68,-501
2,4,0.227027,FRAY 1,87,416,-66,-505
2,3,0.227062,FRAY 1,87,416,-64,-508
2,4,0.22708,FRAY 1,87,416,-62,-512
2,4,0.227114,FRAY 1,87,416,-60,-516
2,4,0.227126,FRAY 1,87,416,-58,-520
2,3,0.227149,FRAY 1,87,416,-56,-523
2,4,0.227178,FRAY 1,87,416,-54,-527
1,4,0.227213,FRAY 1,87,416,-53,-531
2,4,0.227242,FRAY 1,87,416,-51,-535
2,3,0.22726,FRAY 1,87,416,-49,-538
1,4,0.227277,FRAY 1,87,416,-48,-542
1,4,0.2273,FRAY 1,87,416,-47,-546
1,4,0.227335,FRAY 1,87,416,-46,-550
1,1,0.227358,FRAY 1,87,416,-45,-551
-1,3,0.227387,FRAY 1,87,416,-46,-554
-1,2,0.227422,FRAY 1,87,416,-47,-556
-1,2,0.227428,FRAY 1,87,416,-48,-558
-1,1,0.227462,FRAY 1,87,416,-49,-559
-1,1,0.227509,FRAY 1,87,416,-50,-560
-1,-1,0.239537,SAN- 2,387,311,-51,-559
-2,-1,0.239589,SAN- 2,387,311,-53,-558
-1,-1,0.239618,SAN- 2,387,311,-54,-557
-1,-1,0.239647,SAN- 2,387,311,-55,-556
-1,-1,0.239653,SAN- 2,387,311,-56,-555
-1,-1,0.239682,SAN- 2,387,311,-57,-554
-1,-1,0.239746,SAN- 2,387,311,-58,-553
1,-1,0.239769,SAN- 2,387,311,-57,-552
1,-1,0.239781,SAN- 2,387,311,-56,-551
1,-1,0.239885,SAN- 2,387,311,-55,-550
1,-1,0.239926,SAN- 2,387,311,-54,-549
1,-1,0.239938,SAN- 2,387,311,-53,-548
1,-1,0.239961,SAN- 2,387,311,-52,-547
1,-1,0.239984,SAN- 2,387,311,-51,-546
1,-2,0.240019,SAN- 2,387,311,-50,-544
1,-2,0.240048,SAN- 2,387,311,-49,-542
1,-2,0.240082,SAN- 2,387,311,-48,-540
1,-6,0.240112,SAN- 2,387,311,-47,-534
4,-3,0.240135,SAN- 2,387,311,-43,-531
2,-2,0.240158,SAN- 2,387,311,-41,-529
2,-3,0.240199,SAN- 2,387,311,-39,-526
3,-3,0.240234,SAN- 2,387,311,-36,-523
3,-5,0.240263,SAN- 2,387,311,-33,-518
6,-2,0.240286,SAN- 2,387,311,-27,-516
2,-1,0.240309,SAN- 2,387,311,-25,-515
3,-2,0.240344,SAN- 2,387,311,-22,-513
3,-2,0.240373,SAN- 2,387,311,-19,-511
3,-4,0.240414,SAN- 2,387,311,-16,-507
6,-2,0.240448,SAN- 2,387,311,-10,-505
2,-1,0.24046,SAN- 2,387,311,-8,-504
3,-1,0.240495,SAN- 2,387,311,-5,-503
3,-1,0.240524,SAN- 2,387,311,-2,-502
3,-1,0.240559,SAN- 2,387,311,1,-501
3,-1,0.240959,SAN- 2,387,311,4,-500
3,-1,0.240965,SAN- 2,387,311,7,-499
2,-1,0.241006,SAN- 2,387,311,9,-498
3,-1,0.241017,SAN- 2,387,311,12,-497
3,-2,0.241041,SAN- 2,387,311,15,-495
3,-2,0.24107,SAN- 2,387,311,18,-493
3,-2,0.241104,SAN- 2,387,311,21,-491
2,-2,0.24111,SAN- 2,387,311,23,-489
3,-2,0.241133,SAN- 2,387,311,26,-487
3,-1,0.241168,SAN- 2,387,311,29,-486
3,-3,0.241197,SAN- 2,387,311,32,-483
3,-3,0.241238,SAN- 2,387,311,35,-480
2,-3,0.241255,SAN- 2,387,311,37,-477
3,-3,0.241261,SAN- 2,387,311,40,-474
3,-3,0.241284,SAN- 2,387,311,43,-471
3,-2,0.241319,SAN- 2,387,311,46,-469
3,-3,0.241354,SAN- 2,387,311,49,-466
3,-3,0.241372,SAN- 2,387,311,52,-463
2,-3,0.241406,SAN- 2,387,311,54,-460
3,-3,0.241413,SAN- 2,387,311,57,-457
3,-2,0.241441,SAN- 2,387,311,60,-455
3,-3,0.24147,SAN- 2,387,311,63,-452
3,-3,0.241505,SAN- 2,387,311,66,-449
2,-2,0.241528,SAN- 2,387,311,68,-447
3,-2,0.241557,SAN- 2,387,311,71,-445
3,-2,0.241569,SAN- 2,387,311,74,-443
3,-2,0.241598,SAN- 2,387,311,77,-441
2,-1,0.241656,SAN- 2,387,311,79,-440
3,-1,0.241685,SAN- 2,387,311,82,-439
3,-1,0.241711,SAN- 2,387,311,85,-438
3,-1,0.24172,SAN- 2,387,311,88,-437
3,-1,0.241743,SAN- 2,387,311,91,-436
3,-1,0.241766,SAN- 2,387,311,94,-435
2,-1,0.241807,SAN- 2,387,311,96,-434
3,-1,0.241831,SAN- 2,387,311,99,-433
3,-2,0.241865,SAN- 2,387,311,102,-431
6,-1,0.241888,SAN- 2,387,311,108,-430
2,-1,0.241923,SAN- 2,387,311,110,-429
3,-1,0.241946,SAN- 2,387,311,113,-428
3,-1,0.241987,SAN- 2,387,311,116,-427
3,-1,0.241993,SAN- 2,387,311,119,-426
2,-1,0.242039,SAN- 2,387,311,121,-425
3,-1,0.242062,SAN- 2,387,311,124,-424
3,-1,0.242097,SAN- 2,387,311,127,-423
3,-1,0.242128,SAN- 2,387,311,130,-422
3,-1,0.242161,SAN- 2,387,311,133,-421
2,-1,0.242167,SAN- 2,387,311,135,-420
3,-1,0.242202,SAN- 2,387,311,138,-419
3,-1,0.242219,SAN- 2,387,311,141,-418
3,-1,0.242248,SAN- 2,387,311,144,-417
3,-1,0.242283,SAN- 2,387,311,147,-416
3,-1,0.242544,SAN- 2,387,311,150,-415
2,-1,0.242585,SAN- 2,387,311,152,-414
3,-1,0.242602,SAN- 2,387,311,155,-413
3,-2,0.242649,SAN- 2,387,311,158,-411
3,-1,0.242707,SAN- 2,387,311,161,-410
2,-1,0.242736,SAN- 2,387,311,163,-409
3,-1,0.242747,SAN- 2,387,311,166,-408
3,-2,0.242799,SAN- 2,387,311,169,-406
3,1,0.243583,SAN- 2,387,311,172,-407
3,1,0.243618,SAN- 2,387,311,175,-408
3,1,0.243647,SAN- 2,387,311,178,-409
2,1,0.243659,SAN- 2,387,311,180,-410
3,1,0.243682,SAN- 2,387,311,183,-411
3,1,0.24374,SAN- 2,387,311,186,-412
3,1,0.24381,SAN- 2,387,311,189,-413
3,1,0.243833,SAN- 2,387,311,192,-414
3,1,0.243867,SAN- 2,387,311,195,-415
3,1,0.243879,SAN- 2,387,311,198,-416
2,1,0.24392,SAN- 2,387,311,200,-417
3,1,0.243943,SAN- 2,387,311,203,-418
3,1,0.24396,SAN- 2,387,311,206,-419
3,1,0.243984,SAN- 2,387,311,209,-420
3,1,0.244019,SAN- 2,387,311,212,-421
3,1,0.244048,SAN- 2,387,311,215,-422
2,1,0.244071,SAN- 2,387,311,217,-423
3,2,0.2441,SAN- 2,387,311,220,-425
3,1,0.244111,SAN- 2,387,311,223,-426
3,2,0.244135,SAN- 2,387,311,226,-428
3,2,0.244164,SAN- 2,387,311,229,-430
2,2,0.244198,SAN- 2,387,311,231,-432
3,2,0.244233,SAN- 2,387,311,234,-434
3,2,0.244251,SAN- 2,387,311,237,-436
3,2,0.244268,SAN- 2,387,311,240,-438
3,2,0.244291,SAN- 2,387,311,243,-440
2,1,0.244315,SAN- 2,387,311,245,-441
3,2,0.244344,SAN- 2,387,311,248,-443
3,5,0.244384,SAN- 2,387,311,251,-448
6,3,0.244425,SAN- 2,387,311,257,-451
2,3,0.244442,SAN- 2,387,311,259,-454
3,2,0.244465,SAN- 2,387,311,262,-456
3,3,0.244495,SAN- 2,387,311,265,-459
2,3,0.244529,SAN- 2,387,311,267,-462
2,2,0.244547,SAN- 2,387,311,269,-464
2,2,0.244587,SAN- 2,387,311,271,-466
2,1,0.244593,SAN- 2,387,311,273,-467
1,1,0.244616,SAN- 2,387,311,274,-468
1,1,0.244651,SAN- 2,387,311,275,-469
1,1,0.244692,SAN- 2,387,311,276,-470
-1,-1,0.245766,SAN- 2,387,311,275,-469
-1,-1,0.245824,SAN- 2,387,311,274,-468
-1,-1,0.245847,SAN- 2,387,311,273,-467
-1,-1,0.246201,SAN- 2,387,311,272,-466
-1,-1,0.246224,SAN- 2,387,311,271,-465
-1,-1,0.246248,SAN- 2,387,311,270,-464
-1,-2,0.246282,SAN- 2,387,311,269,-462
1,-2,0.246317,SAN- 2,387,311,270,-460
1,-2,0.246323,SAN- 2,387,311,271,-458
1,-2,0.24637,SAN- 2,387,311,272,-456
1,-2,0.246381,SAN- 2,387,311,273,-454
1,-1,0.246433,SAN- 2,387,311,274,-453
-1,2,0.251669,-TIA- 3,36,429,273,-455
-1,2,0.251697,-TIA- 3,36,429,272,-457
-1,1,0.251704,-TIA- 3,36,429,271,-458
-2,3,0.251728,-TIA- 3,36,429,269,-461
-2,3,0.251762,-TIA- 3,36,429,267,-464
-3,3,0.251791,-TIA- 3,36,429,264,-467
-3,4,0.251826,-TIA- 3,36,429,261,-471
-4,7,0.251855,-TIA- 3,36,429,257,-478
-7,4,0.251878,-TIA- 3,36,429,250,-482
-4,4,0.251913,-TIA- 3,36,429,246,-486
-4,3,0.251937,-TIA- 3,36,429,242,-489
-3,4,0.251966,-TIA- 3,36,429,239,-493
-4,8,0.252006,-TIA- 3,36,429,235,-501
-8,3,0.252029,-TIA- 3,36,429,227,-504
-3,4,0.252064,-TIA- 3,36,429,224,-508
-4,4,0.252087,-TIA- 3,36,429,220,-512
-4,4,0.252121,-TIA- 3,36,429,216,-516
-4,2,0.252151,-TIA- 3,36,429,212,-518
-3,3,0.252169,-TIA- 3,36,429,209,-521
-4,3,0.252192,-TIA- 3,36,429,205,-524
-4,3,0.252215,-TIA- 3,36,429,201,-527
-4,3,0.252238,-TIA- 3,36,429,197,-530
-3,3,0.252269,-TIA- 3,36,429,194,-533
-4,2,0.252302,-TIA- 3,36,429,190,-535
-4,3,0.252314,-TIA- 3,36,429,186,-538
-4,3,0.252337,-TIA- 3,36,429,182,-541
-3,3,0.25236,-TIA- 3,36,429,179,-544
-4,3,0.252389,-TIA- 3,36,429,175,-547
-4,2,0.252424,-TIA- 3,36,429,171,-549
-4,3,0.252453,-TIA- 3,36,429,167,-552
-3,3,0.252471,-TIA- 3,36,429,164,-555
-4,3,0.252488,-TIA- 3,36,429,160,-558
-4,3,0.252517,-TIA- 3,36,429,156,-561
-4,2,0.252534,-TIA- 3,36,429,152,-563
-3,3,0.252569,-TIA- 3,36,429,149,-566
-4,3,0.252581,-TIA- 3,36,429,145,-569
-4,3,0.252616,-TIA- 3,36,429,141,-572
-4,3,0.252639,-TIA- 3,36,429,137,-575
-3,3,0.252668,-TIA- 3,36,429,134,-578
-4,4,0.252694,-TIA- 3,36,429,130,-582
-4,4,0.252726,-TIA- 3,36,429,126,-586
-3,4,0.252738,-TIA- 3,36,429,123,-590
-4,3,0.252767,-TIA- 3,36,429,119,-593
-4,4,0.25279,-TIA- 3,36,429,115,-597
-4,4,0.252825,-TIA- 3,36,429,111,-601
-3,4,0.252854,-TIA- 3,36,429,108,-605
-4,3,0.252871,-TIA- 3,36,429,104,-608
-4,4,0.252889,-TIA- 3,36,429,100,-612
-4,4,0.252923,-TIA- 3,36,429,96,-616
-3,4,0.252941,-TIA- 3,36,429,93,-620
-4,3,0.252966,-TIA- 3,36,429,89,-623
-4,4,0.252999,-TIA- 3,36,429,85,-627
-4,3,0.253022,-TIA- 3,36,429,81,-630
-3,3,0.253045,-TIA- 3,36,429,78,-633
-4,3,0.253063,-TIA- 3,36,429,74,-636
-4,2,0.253098,-TIA- 3,36,429,70,-638
-4,3,0.253121,-TIA- 3,36,429,66,-641
-3,3,0.253161,-TIA- 3,36,429,63,-644
-4,3,0.253167,-TIA- 3,36,429,59,-647
-4,3,0.253196,-TIA- 3,36,429,55,-650
-4,3,0.253214,-TIA- 3,36,429,51,-653
-3,2,0.253248,-TIA- 3,36,429,48,-655
-4,3,0.253272,-TIA- 3,36,429,44,-658
-4,3,0.253301,-TIA- 3,36,429,40,-661
-4,3,0.25333,-TIA- 3,36,429,36,-664
-3,3,0.253341,-TIA- 3,36,429,33,-667
-4,2,0.253365,-TIA- 3,36,429,29,-669
-4,3,0.253388,-TIA- 3,36,429,25,-672
-4,3,0.253411,-TIA- 3,36,429,21,-675
-3,3,0.253446,-TIA- 3,36,429,18,-678
-4,3,0.253475,-TIA- 3,36,429,14,-681
-4,2,0.253492,-TIA- 3,36,429,10,-683
-4,3,0.25351,-TIA- 3,36,429,6,-686
-3,3,0.253533,-TIA- 3,36,429,3,-689
-4,3,0.253562,-TIA- 3,36,429,-1,-692
-4,3,0.253597,-TIA- 3,36,429,-5,-695
-4,2,0.253626,-TIA- 3,36,429,-9,-697
-3,1,0.253643,-TIA- 3,36,429,-12,-698
-4,1,0.253661,-TIA- 3,36,429,-16,-699
-4,1,0.253684,-TIA- 3,36,429,-20,-700
-4,-1,0.253782,-TIA- 3,36,429,-24,-699
-4,-1,0.253806,-TIA- 3,36,429,-28,-698
-4,-1,0.25387,-TIA- 3,36,429,-32,-697
-4,-1,0.253893,-TIA- 3,36,429,-36,-696
-4,-1,0.253928,-TIA- 3,36,429,-40,-695
-3,-1,0.253933,-TIA- 3,36,429,-43,-694
-8,1,0.254108,-TIA- 3,36,429,-51,-695
-3,1,0.254131,-TIA- 3,36,429,-54,-696
-4,1,0.254166,-TIA- 3,36,429,-58,-697
-4,1,0.254173,-TIA- 3,36,429,-62,-698
-3,1,0.254229,-TIA- 3,36,429,-65,-699
-4,1,0.254264,-TIA- 3,36,429,-69,-700
-4,-1,0.254363,-TIA- 3,36,429,-73,-699
-4,-1,0.25438,-TIA- 3,36,429,-77,-698
-3,-1,0.254444,-TIA- 3,36,429,-80,-697
-4,-2,0.254467,-TIA- 3,36,429,-84,-695
-4,-2,0.254479,-TIA- 3,36,429,-88,-693
-4,-2,0.254502,-TIA- 3,36,429,-92,-691
-3,-2,0.254535,-TIA- 3,36,429,-95,-689
-4,-2,0.254566,-TIA- 3,36,429,-99,-687
-4,-3,0.254595,-TIA- 3,36,429,-103,-684
-4,-2,0.254624,-TIA- 3,36,429,-107,-682
-3,-3,0.25463,-TIA- 3,36,429,-110,-679
-4,-3,0.254653,-TIA- 3,36,429,-114,-676
-4,-3,0.254688,-TIA- 3,36,429,-118,-673
-4,-3,0.254711,-TIA- 3,36,429,-122,-670
-3,-2,0.254752,-TIA- 3,36,429,-125,-668
-4,-6,0.254781,-TIA- 3,36,429,-129,-662
-8,-3,0.254816,-TIA- 3,36,429,-137,-659
-3,-3,0.254833,-TIA- 3,36,429,-140,-656
-4,-3,0.254862,-TIA- 3,36,429,-144,-653
-4,-2,0.254897,-TIA- 3,36,429,-148,-651
-4,-3,0.254926,-TIA- 3,36,429,-152,-648
-3,-3,0.254943,-TIA- 3,36,429,-155,-645
-4,-3,0.254955,-TIA- 3,36,429,-159,-642
-4,-3,0.254984,-TIA- 3,36,429,-163,-639
-4,-2,0.255013,-TIA- 3,36,429,-167,-637
-3,-3,0.255048,-TIA- 3,36,429,-170,-634
-4,-3,0.255077,-TIA- 3,36,429,-174,-631
-4,-3,0.255085,-TIA- 3,36,429,-178,-628
-4,-3,0.255112,-TIA- 3,36,429,-182,-625
-3,-2,0.255141,-TIA- 3,36,429,-185,-623
-4,-3,0.255165,-TIA- 3,36,429,-189,-620
-4,-3,0.255205,-TIA- 3,36,429,-193,-617
-4,-3,0.255228,-TIA- 3,36,429,-197,-614
-3,-3,0.25524,-TIA- 3,36,429,-200,-611
-4,-3,0.255263,-TIA- 3,36,429,-204,-608
-4,-2,0.255292,-TIA- 3,36,429,-208,-606
-4,-3,0.255327,-TIA- 3,36,429,-212,-603
-2,-3,0.25535,-TIA- 3,36,429,-214,-600
-2,-3,0.255373,-TIA- 3,36,429,-216,-597
-1,-2,0.255379,-TIA- 3,36,429,-217,-595
-1,-2,0.255408,-TIA- 3,36,429,-218,-593
1,-1,0.255437,-TIA- 3,36,429,-217,-592
2,-2,0.255472,-TIA- 3,36,429,-215,-590
2,-2,0.255501,-TIA- 3,36,429,-213,-588
1,-2,0.255524,-TIA- 3,36,429,-212,-586
2,-2,0.255534,-TIA- 3,36,429,-210,-584
2,-3,0.255559,-TIA- 3,36,429,-208,-581
2,-3,0.255588,-TIA- 3,36,429,-206,-578
2,-2,0.255623,-TIA- 3,36,429,-204,-576
1,-3,0.255639,-TIA- 3,36,429,-203,-573
1,-6,0.255687,-TIA- 3,36,429,-202,-567
2,-3,0.25571,-TIA- 3,36,429,-200,-564
1,-2,0.255739,-TIA- 3,36,429,-199,-562
1,-3,0.255774,-TIA- 3,36,429,-198,-559
1,-3,0.255803,-TIA- 3,36,429,-197,-556
2,-3,0.255832,-TIA- 3,36,429,-195,-553
2,-2,0.255837,-TIA- 3,36,429,-193,-551
3,-2,0.255861,-TIA- 3,36,429,-190,-549
3,-1,0.255896,-TIA- 3,36,429,-187,-548
3,-2,0.255919,-TIA- 3,36,429,-184,-546
2,-1,0.255948,-TIA- 3,36,429,-182,-545
3,-1,0.255959,-TIA- 3,36,429,-179,-544
2,1,0.256035,-TIA- 3,36,429,-177,-545
2,1,0.25607,-TIA- 3,36,429,-175,-546
1,1,0.25611,-TIA- 3,36,429,-174,-547
1,1,0.256139,-TIA- 3,36,429,-173,-548
1,1,0.256284,-TIA- 3,36,429,-172,-549
1,1,0.256342,-TIA- 3,36,429,-171,-550
1,1,0.256366,-TIA- 3,36,429,-170,-551
1,1,0.256412,-TIA- 3,36,429,-169,-552
1,1,0.256435,-TIA- 3,36,429,-168,-553
1,1,0.25647,-TIA- 3,36,429,-167,-554
1,-1,0.265091,GO 4,282,431,-166,-553
1,-1,0.265149,GO 4,282,431,-165,-552
1,-1,0.265207,GO 4,282,431,-164,-551
1,-1,0.265213,GO 4,282,431,-163,-550
1,1,0.265718,GO 4,282,431,-162,-551
2,1,0.265752,GO 4,282,431,-160,-552
3,1,0.265793,GO 4,282,431,-157,-553
6,1,0.265822,GO 4,282,431,-151,-554
3,1,0.265845,GO 4,282,431,-148,-555
2,1,0.265868,GO 4,282,431,-146,-556
3,1,0.265903,GO 4,282,431,-143,-557
3,1,0.266165,GO 4,282,431,-140,-558
3,1,0.266199,GO 4,282,431,-137,-559
3,1,0.266228,GO 4,282,431,-134,-560
3,1,0.26624,GO 4,282,431,-131,-561
2,1,0.266263,GO 4,282,431,-129,-562
3,1,0.266292,GO 4,282,431,-126,-563
3,1,0.266319,GO 4,282,431,-123,-564
3,1,0.26635,GO 4,282,431,-120,-565
3,1,0.266374,GO 4,282,431,-117,-566
2,1,0.266391,GO 4,282,431,-115,-567
3,1,0.266437,GO 4,282,431,-112,-568
3,1,0.266465,GO 4,282,431,-109,-569
3,1,0.266495,GO 4,282,431,-106,-570
2,1,0.26653,GO 4,282,431,-104,-571
3,1,0.266542,GO 4,282,431,-101,-572
3,1,0.266559,GO 4,282,431,-98,-573
3,1,0.266594,GO 4,282,431,-95,-574
3,1,0.266623,GO 4,282,431,-92,-575
3,1,0.266646,GO 4,282,431,-89,-576
2,1,0.26667,GO 4,282,431,-87,-577
3,1,0.266699,GO 4,282,431,-84,-578
3,1,0.26671,GO 4,282,431,-81,-579
3,1,0.266745,GO 4,282,431,-78,-580
3,1,0.266774,GO 4,282,431,-75,-581
2,1,0.266791,GO 4,282,431,-73,-582
3,1,0.26685,GO 4,282,431,-70,-583
3,1,0.266861,GO 4,282,431,-67,-584
3,1,0.266884,GO 4,282,431,-64,-585
2,1,0.266919,GO 4,282,431,-62,-586
3,1,0.266942,GO 4,282,431,-59,-587
3,1,0.266977,GO 4,282,431,-56,-588
3,1,0.267006,GO 4,282,431,-53,-589
3,1,0.267024,GO 4,282,431,-50,-590
3,1,0.267041,GO 4,282,431,-47,-591
2,1,0.26707,GO 4,282,431,-45,-592
3,2,0.267111,GO 4,282,431,-42,-594
6,1,0.267163,GO 4,282,431,-36,-595
3,1,0.26718,GO 4,282,431,-33,-596
2,1,0.267192,GO 4,282,431,-31,-597
3,1,0.267378,GO 4,282,431,-28,-598
3,1,0.267407,GO 4,282,431,-25,-599
3,1,0.267424,GO 4,282,431,-22,-600
2,1,0.267453,GO 4,282,431,-20,-601
3,1,0.267471,GO 4,282,431,-17,-602
3,1,0.267494,GO 4,282,431,-14,-603
3,1,0.267517,GO 4,282,431,-11,-604
3,1,0.267552,GO 4,282,431,-8,-605
3,1,0.267575,GO 4,282,431,-5,-606
2,1,0.267593,GO 4,282,431,-3,-607
3,1,0.267622,GO 4,282,431,0,-608
3,1,0.267645,GO 4,282,431,3,-609
3,1,0.26768,GO 4,282,431,6,-610
3,1,0.267703,GO 4,282,431,9,-611
2,1,0.267743,GO 4,282,431,11,-612
3,1,0.267773,GO 4,282,431,14,-613
3,1,0.267807,GO 4,282,431,17,-614
3,1,0.267831,GO 4,282,431,20,-615
2,1,0.267854,GO 4,282,431,22,-616
3,1,0.267871,GO 4,282,431,25,-617
3,1,0.267894,GO 4,282,431,28,-618
3,1,0.267929,GO 4,282,431,31,-619
3,1,0.267958,GO 4,282,431,34,-620
3,1,0.267993,GO 4,282,431,37,-621
3,-1,0.268289,GO 4,282,431,40,-620
3,-1,0.268301,GO 4,282,431,43,-619
3,-1,0.268336,GO 4,282,431,46,-618
3,-1,0.268353,GO 4,282,431,49,-617
2,-1,0.268376,GO 4,282,431,51,-616
3,-1,0.268405,GO 4,282,431,54,-615
3,-1,0.26844,GO 4,282,431,57,-614
3,-1,0.268481,GO 4,282,431,60,-613
3,-1,0.268504,GO 4,282,431,63,-612
3,-1,0.268655,GO 4,282,431,66,-611
2,-1,0.268666,GO 4,282,431,68,-610
3,-1,0.268678,GO 4,282,431,71,-609
3,-1,0.268713,GO 4,282,431,74,-608
3,-1,0.268742,GO 4,282,431,77,-607
3,-1,0.268777,GO 4,282,431,80,-606
2,-3,0.268806,GO 4,282,431,82,-603
6,-1,0.268841,GO 4,282,431,88,-602
3,-1,0.268864,GO 4,282,431,91,-601
3,-1,0.268887,GO 4,282,431,94,-600
3,-1,0.268917,GO 4,282,431,97,-599
2,-2,0.268957,GO 4,282,431,99,-597
3,-2,0.269015,GO 4,282,431,102,-595
3,-2,0.269038,GO 4,282,431,105,-593
2,-2,0.269055,GO 4,282,431,107,-591
3,-2,0.269096,GO 4,282,431,110,-589
3,-2,0.269109,GO 4,282,431,113,-587
3,-2,0.269142,GO 4,282,431,116,-585
3,-2,0.269176,GO 4,282,431,119,-583
2,-1,0.269201,GO 4,282,431,121,-582
3,-2,0.269206,GO 4,282,431,124,-580
3,-2,0.269247,GO 4,282,431,127,-578
3,-2,0.269264,GO 4,282,431,130,-576
3,-2,0.269288,GO 4,282,431,133,-574
3,-1,0.269321,GO 4,282,431,136,-573
2,-2,0.269357,GO 4,282,431,138,-571
6,-1,0.269392,GO 4,282,431,144,-570
3,-1,0.269415,GO 4,282,431,147,-569
3,-1,0.269444,GO 4,282,431,150,-568
2,-1,0.26947,GO 4,282,431,152,-567
3,-1,0.26952,GO 4,282,431,155,-566
3,-1,0.269537,GO 4,282,431,158,-565
3,-1,0.269566,GO 4,282,431,161,-564
2,-1,0.269589,GO 4,282,431,163,-563
1,-1,0.280625,FRAY 5,338,307,164,-562
1,-2,0.280654,FRAY 5,338,307,165,-560
2,-2,0.280683,FRAY 5,338,307,167,-558
2,-3,0.280723,FRAY 5,338,307,169,-555
2,-3,0.280752,FRAY 5,338,307,171,-552
1,-2,0.280758,FRAY 5,338,307,172,-550
2,-3,0.280793,FRAY 5,338,307,174,-547
2,-3,0.280816,FRAY 5,338,307,176,-544
2,-3,0.280848,FRAY 5,338,307,178,-541
2,-3,0.280874,FRAY 5,338,307,180,-538
2,-2,0.280892,FRAY 5,338,307,182,-536
2,-3,0.28091,FRAY 5,338,307,184,-533
2,-3,0.280938,FRAY 5,338,307,186,-530
1,-3,0.280967,FRAY 5,338,307,187,-527
2,-3,0.281002,FRAY 5,338,307,189,-524
2,-2,0.281031,FRAY 5,338,307,191,-522
2,-3,0.281043,FRAY 5,338,307,193,-519
2,-3,0.281066,FRAY 5,338,307,195,-516
2,-3,0.281089,FRAY 5,338,307,197,-513
2,-3,0.281112,FRAY 5,338,307,199,-510
2,-3,0.281153,FRAY 5,338,307,201,-507
1,-2,0.28117,FRAY 5,338,307,202,-505
2,-3,0.281182,FRAY 5,338,307,204,-502
2,-3,0.281217,FRAY 5,338,307,206,-499
2,-3,0.28124,FRAY 5,338,307,208,-496
2,-3,0.281263,FRAY 5,338,307,210,-493
2,-2,0.281298,FRAY 5,338,307,212,-491
2,-3,0.281321,FRAY 5,338,307,214,-488
2,-3,0.281345,FRAY 5,338,307,216,-485
1,-3,0.281368,FRAY 5,338,307,217,-482
2,-3,0.281403,FRAY 5,338,307,219,-479
2,-2,0.281426,FRAY 5,338,307,221,-477
2,-3,0.281449,FRAY 5,338,307,223,-474
1,-3,0.281466,FRAY 5,338,307,224,-471
1,-3,0.281496,FRAY 5,338,307,225,-468
1,-3,0.281513,FRAY 5,338,307,226,-465
1,-3,0.281554,FRAY 5,338,307,227,-462
1,-2,0.281577,FRAY 5,338,307,228,-460
1,-3,0.2816,FRAY 5,338,307,229,-457
1,-3,0.281623,FRAY 5,338,307,230,-454
1,-3,0.281646,FRAY 5,338,307,231,-451
1,-3,0.281675,FRAY 5,338,307,232,-448
1,-2,0.281695,FRAY 5,338,307,233,-446
1,-3,0.281734,FRAY 5,338,307,234,-443
1,-3,0.281751,FRAY 5,338,307,235,-440
1,-3,0.281774,FRAY 5,338,307,236,-437
1,-3,0.281803,FRAY 5,338,307,237,-434
1,-2,0.281815,FRAY 5,338,307,238,-432
1,-3,0.28185,FRAY 5,338,307,239,-429
1,-3,0.28189,FRAY 5,338,307,240,-426
1,-3,0.281913,FRAY 5,338,307,241,-423
1,-3,0.281937,FRAY 5,338,307,242,-420
2,-3,0.281948,FRAY 5,338,307,244,-417
1,-3,0.281977,FRAY 5,338,307,245,-414
2,-3,0.282001,FRAY 5,338,307,247,-411
2,-2,0.282035,FRAY 5,338,307,249,-409
2,-3,0.282064,FRAY 5,338,307,251,-406
2,-3,0.282082,FRAY 5,338,307,253,-403
2,-3,0.282105,FRAY 5,338,307,255,-400
1,-3,0.282128,FRAY 5,338,307,256,-397
2,-2,0.282146,FRAY 5,338,307,258,-395
2,-3,0.282186,FRAY 5,338,307,260,-392
2,-2,0.282204,FRAY 5,338,307,262,-390
2,-2,0.282233,FRAY 5,338,307,264,-388
2,-3,0.28225,FRAY 5,338,307,266,-385
2,-3,0.282273,FRAY 5,338,307,268,-382
2,-2,0.282308,FRAY 5,338,307,270,-380
1,-3,0.282337,FRAY 5,338,307,271,-377
2,-3,0.282372,FRAY 5,338,307,273,-374
2,-6,0.282401,FRAY 5,338,307,275,-368
4,-3,0.282436,FRAY 5,338,307,279,-365
2,-2,0.282448,FRAY 5,338,307,281,-363
2,-2,0.282482,FRAY 5,338,307,283,-361
2,-2,0.282523,FRAY 5,338,307,285,-359
1,-2,0.282529,FRAY 5,338,307,286,-357
2,-2,0.282564,FRAY 5,338,307,288,-355
2,-1,0.282587,FRAY 5,338,307,290,-354
1,-1,0.282604,FRAY 5,338,307,291,-353
-1,-1,0.294696,SAN- 6,280,234,290,-352
-1,-2,0.294731,SAN- 6,280,234,289,-350
-1,-2,0.29476,SAN- 6,280,234,288,-348
-1,-2,0.294795,SAN- 6,280,234,287,-346
-1,-3,0.294801,SAN- 6,280,234,286,-343
-1,-3,0.294827,SAN- 6,280,234,285,-340
-2,-3,0.294853,SAN- 6,280,234,283,-337
-2,-3,0.294882,SAN- 6,280,234,281,-334
-1,-2,0.294917,SAN- 6,280,234,280,-332
-1,-6,0.294946,SAN- 6,280,234,279,-326
-1,-2,0.29498,SAN- 6,280,234,278,-324
-1,-2,0.294993,SAN- 6,280,234,277,-322
-1,-1,0.295033,SAN- 6,280,234,276,-321
-1,-1,0.295195,SAN- 6,280,234,275,-320
-2,-1,0.295247,SAN- 6,280,234,273,-319
-2,-1,0.295253,SAN- 6,280,234,271,-318
-1,-2,0.295277,SAN- 6,280,234,270,-316
-3,-2,0.295309,SAN- 6,280,234,267,-314
-3,-2,0.295335,SAN- 6,280,234,264,-312
-3,-1,0.295352,SAN- 6,280,234,261,-311
-3,-2,0.295387,SAN- 6,280,234,258,-309
-3,-2,0.295404,SAN- 6,280,234,255,-307
-1,-2,0.295427,SAN- 6,280,234,254,-305
-2,-2,0.295462,SAN- 6,280,234,252,-303
-2,-1,0.295491,SAN- 6,280,234,250,-302
-2,-1,0.295503,SAN- 6,280,234,248,-301
-2,-2,0.295549,SAN- 6,280,234,246,-299
-4,-1,0.295578,SAN- 6,280,234,242,-298
-2,-2,0.295631,SAN- 6,280,234,240,-296
-3,-2,0.295689,SAN- 6,280,234,237,-294
-3,-2,0.295706,SAN- 6,280,234,234,-292
-3,-2,0.295741,SAN- 6,280,234,231,-290
-2,-2,0.29577,SAN- 6,280,234,229,-288
-3,-2,0.295782,SAN- 6,280,234,226,-286
-3,-2,0.295805,SAN- 6,280,234,223,-284
-3,-2,0.295828,SAN- 6,280,234,220,-282
-3,-1,0.295863,SAN- 6,280,234,217,-281
-1,-2,0.295886,SAN- 6,280,234,216,-279
-2,-2,0.295927,SAN- 6,280,234,214,-277
-1,-2,0.295933,SAN- 6,280,234,213,-275
-1,-2,0.295956,SAN- 6,280,234,212,-273
-1,-2,0.295991,SAN- 6,280,234,211,-271
-1,-2,0.296014,SAN- 6,280,234,210,-269
-1,-2,0.296037,SAN- 6,280,234,209,-267
-1,-2,0.29606,SAN- 6,280,234,208,-265
-1,-3,0.296083,SAN- 6,280,234,207,-262
1,-3,0.296107,SAN- 6,280,234,208,-259
1,-3,0.296141,SAN- 6,280,234,209,-256
2,-3,0.296171,SAN- 6,280,234,211,-253
2,-2,0.296188,SAN- 6,280,234,213,-251
1,-3,0.296229,SAN- 6,280,234,214,-248
1,-3,0.296234,SAN- 6,280,234,215,-245
1,-3,0.296261,SAN- 6,280,234,216,-242
1,-3,0.296286,SAN- 6,280,234,217,-239
1,-3,0.296327,SAN- 6,280,234,218,-236
1,-1,0.296339,SAN- 6,280,234,219,-235
1,-4,0.29638,SAN- 6,280,234,220,-231
2,-1,0.296403,SAN- 6,280,234,222,-230
1,-1,0.296438,SAN- 6,280,234,223,-229
1,-1,0.296484,SAN- 6,280,234,224,-228
-2,-1,0.296588,SAN- 6,280,234,222,-227
-2,-1,0.296621,SAN- 6,280,234,220,-226
-1,-1,0.296652,SAN- 6,280,234,219,-225
-2,-2,0.296687,SAN- 6,280,234,217,-223
-4,-1,0.296716,SAN- 6,280,234,213,-222
-2,-1,0.296739,SAN- 6,280,234,211,-221
-2,-1,0.296774,SAN- 6,280,234,209,-220
-2,-1,0.296786,SAN- 6,280,234,207,-219
-2,-1,0.296809,SAN- 6,280,234,205,-218
-1,-1,0.296867,SAN- 6,280,234,204,-217
-1,-1,0.310288,-TIA- 7,121,109,203,-216
-1,-1,0.310319,-TIA- 7,121,109,202,-215
-1,-1,0.310387,-TIA- 7,121,109,201,-214
-1,-1,0.310393,-TIA- 7,121,109,200,-213
-1,-1,0.310416,-TIA- 7,121,109,199,-212
-1,-1,0.31077,-TIA- 7,121,109,198,-211
-1,-1,0.310799,-TIA- 7,121,109,197,-210
-2,-1,0.310817,-TIA- 7,121,109,195,-209
-1,-2,0.310875,-TIA- 7,121,109,194,-207
-3,-2,0.310898,-TIA- 7,121,109,191,-205
-3,-2,0.310921,-TIA- 7,121,109,188,-203
-3,-2,0.31095,-TIA- 7,121,109,185,-201
-4,-2,0.310985,-TIA- 7,121,109,181,-199
-3,-2,0.310991,-TIA- 7,121,109,178,-197
-4,-2,0.311025,-TIA- 7,121,109,174,-195
-4,-1,0.311049,-TIA- 7,121,109,170,-194
-4,-2,0.311072,-TIA- 7,121,109,166,-192
-3,-2,0.311107,-TIA- 7,121,109,163,-190
-4,-1,0.311136,-TIA- 7,121,109,159,-189
-4,-1,0.311142,-TIA- 7,121,109,155,-188
-4,-1,0.311176,-TIA- 7,121,109,151,-187
-3,-1,0.3112,-TIA- 7,121,109,148,-186
-3,-1,0.311223,-TIA- 7,121,109,145,-185
-3,-1,0.311258,-TIA- 7,121,109,142,-184
-3,-1,0.311293,-TIA- 7,121,109,139,-183
-3,-1,0.311298,-TIA- 7,121,109,136,-182
-2,-1,0.311322,-TIA- 7,121,109,134,-181
-3,-1,0.311351,-TIA- 7,121,109,131,-180
-3,-1,0.311374,-TIA- 7,121,109,128,-179
-3,-1,0.311409,-TIA- 7,121,109,125,-178
-4,-2,0.311432,-TIA- 7,121,109,121,-176
-3,-2,0.311449,-TIA- 7,121,109,118,-174
-4,-2,0.311472,-TIA- 7,121,109,114,-172
-4,-2,0.311496,-TIA- 7,121,109,110,-170
-4,-2,0.311525,-TIA- 7,121,109,106,-168
-3,-2,0.311554,-TIA- 7,121,109,103,-166
-4,-2,0.311577,-TIA- 7,121,109,99,-164
-3,-1,0.311594,-TIA- 7,121,109,96,-163
-3,-2,0.311618,-TIA- 7,121,109,93,-161
-2,-1,0.311652,-TIA- 7,121,109,91,-160
-3,-1,0.311676,-TIA- 7,121,109,88,-159
-3,-1,0.311705,-TIA- 7,121,109,85,-158
-3,-1,0.311728,-TIA- 7,121,109,82,-157
-3,-1,0.311745,-TIA- 7,121,109,79,-156
-3,-1,0.311769,-TIA- 7,121,109,76,-155
-2,-1,0.311792,-TIA- 7,121,109,74,-154
-3,-1,0.311832,-TIA- 7,121,109,71,-153
-3,-1,0.311856,-TIA- 7,121,109,68,-152
-3,-1,0.311885,-TIA- 7,121,109,65,-151
-3,-1,0.311896,-TIA- 7,121,109,62,-150
-2,-1,0.311919,-TIA- 7,121,109,60,-149
-3,-1,0.311954,-TIA- 7,121,109,57,-148
-3,-2,0.311978,-TIA- 7,121,109,54,-146
-3,-2,0.312012,-TIA- 7,121,109,51,-144
-3,-2,0.312024,-TIA- 7,121,109,48,-142
-2,-2,0.312053,-TIA- 7,121,109,46,-140
-3,-1,0.312076,-TIA- 7,121,109,43,-139
-3,-1,0.312099,-TIA- 7,121,109,40,-138
-3,-1,0.312128,-TIA- 7,121,109,37,-137
-3,-1,0.312163,-TIA- 7,121,109,34,-136
-2,-1,0.312196,-TIA- 7,121,109,32,-135
-3,-1,0.312204,-TIA- 7,121,109,29,-134
-3,-1,0.31225,-TIA- 7,121,109,26,-133
-3,-1,0.312285,-TIA- 7,121,109,23,-132
-3,-1,0.312314,-TIA- 7,121,109,20,-131
-1,-1,0.312587,-TIA- 7,121,109,19,-130
-1,-1,0.31261,-TIA- 7,121,109,18,-129
-1,-1,0.312644,-TIA- 7,121,109,17,-128
-1,-1,0.312685,-TIA- 7,121,109,16,-127
-1,-1,0.312715,-TIA- 7,121,109,15,-126
-1,-1,0.312738,-TIA- 7,121,109,14,-125
-1,-1,0.312796,-TIA- 7,121,109,13,-124
-1,-1,0.312812,-TIA- 7,121,109,12,-123
-1,-1,0.31286,-TIA- 7,121,109,11,-122
-1,-1,0.312889,-TIA- 7,121,109,10,-121
-1,-1,0.31293,-TIA- 7,121,109,9,-120
-1,-1,0.312964,-TIA- 7,121,109,8,-119
-1,-1,0.312982,-TIA- 7,121,109,7,-118
-1,-2,0.313028,-TIA- 7,121,109,6,-116
-2,-2,0.313051,-TIA- 7,121,109,4,-114
-2,-2,0.313063,-TIA- 7,121,109,2,-112
-1,-2,0.313092,-TIA- 7,121,109,1,-110
-3,-2,0.313104,-TIA- 7,121,109,-2,-108
-3,-2,0.313127,-TIA- 7,121,109,-5,-106
-3,-1,0.31315,-TIA- 7,121,109,-8,-105
-3,-2,0.313179,-TIA- 7,121,109,-11,-103
-3,-2,0.313185,-TIA- 7,121,109,-14,-101
-2,-2,0.313202,-TIA- 7,121,109,-16,-99
-3,-2,0.31322,-TIA- 7,121,109,-19,-97
-3,-2,0.313238,-TIA- 7,121,109,-22,-95
-3,-2,0.31326,-TIA- 7,121,109,-25,-93
-3,-3,0.313289,-TIA- 7,121,109,-28,-90
-2,-2,0.313295,-TIA- 7,121,109,-30,-88
-3,-3,0.313313,-TIA- 7,121,109,-33,-85
-3,-3,0.313336,-TIA- 7,121,109,-36,-82
-3,-3,0.313359,-TIA- 7,121,109,-39,-79
-3,-2,0.313382,-TIA- 7,121,109,-42,-77
-2,-2,0.313411,-TIA- 7,121,109,-44,-75
-2,-1,0.313417,-TIA- 7,121,109,-46,-74
-2,-2,0.313435,-TIA- 7,121,109,-48,-72
-2,-2,0.313458,-TIA- 7,121,109,-50,-70
-1,-2,0.313475,-TIA- 7,121,109,-51,-68
-1,-2,0.313504,-TIA- 7,121,109,-52,-66
-1,-2,0.313522,-TIA- 7,121,109,-53,-64
-1,-2,0.313533,-TIA- 7,121,109,-54,-62
-1,-2,0.313556,-TIA- 7,121,109,-55,-60
-1,-1,0.31358,-TIA- 7,121,109,-56,-59
-1,-2,0.313603,-TIA- 7,121,109,-57,-57
-1,-2,0.31362,-TIA- 7,121,109,-58,-55
-1,-2,0.313638,-TIA- 7,121,109,-59,-53
-1,-2,0.313655,-TIA- 7,121,109,-60,-51
-1,-2,0.313678,-TIA- 7,121,109,-61,-49
-1,-2,0.313702,-TIA- 7,121,109,-62,-47
-1,-2,0.313731,-TIA- 7,121,109,-63,-45
-1,-1,0.313742,-TIA- 7,121,109,-64,-44
-1,-2,0.31376,-TIA- 7,121,109,-65,-42
-1,-2,0.313783,-TIA- 7,121,109,-66,-40
-1,-2,0.3138,-TIA- 7,121,109,-67,-38
-1,-2,0.313818,-TIA- 7,121,109,-68,-36
-1,-2,0.313838,-TIA- 7,121,109,-69,-34
-1,-2,0.313864,-TIA- 7,121,109,-70,-32
-1,-2,0.313876,-TIA- 7,121,109,-71,-30
-1,-1,0.313896,-TIA- 7,121,109,-72,-29
-1,-2,0.313916,-TIA- 7,121,109,-73,-27
-1,-2,0.313934,-TIA- 7,121,109,-74,-25
-1,-2,0.313957,-TIA- 7,121,109,-75,-23
-1,-2,0.313986,-TIA- 7,121,109,-76,-21
-1,-1,0.314021,-TIA- 7,121,109,-77,-20
-1,-2,0.314038,-TIA- 7,121,109,-78,-18
-1,-2,0.314056,-TIA- 7,121,109,-79,-16
-1,-2,0.314085,-TIA- 7,121,109,-80,-14
-1,-1,0.314096,-TIA- 7,121,109,-81,-13
-1,-2,0.314125,-TIA- 7,121,109,-82,-11
-1,-2,0.314143,-TIA- 7,121,109,-83,-9
-1,-2,0.314183,-TIA- 7,121,109,-84,-7
-1,-3,0.314189,-TIA- 7,121,109,-85,-4
-1,-3,0.314224,-TIA- 7,121,109,-86,-1
-1,-2,0.314241,-TIA- 7,121,109,-87,1
-1,-1,0.31427,-TIA- 7,121,109,-88,2
-1,-2,0.314294,-TIA- 7,121,109,-89,4
-1,-2,0.314323,-TIA- 7,121,109,-90,6
-1,-2,0.314346,-TIA- 7,121,109,-91,8
-1,-2,0.314375,-TIA- 7,121,109,-92,10
-1,-2,0.314392,-TIA- 7,121,109,-93,12
-1,-2,0.314416,-TIA- 7,121,109,-94,14
-1,-2,0.31445,-TIA- 7,121,109,-95,16
-1,-1,0.314474,-TIA- 7,121,109,-96,17
-1,-2,0.314514,-TIA- 7,121,109,-97,19
-1,-2,0.314532,-TIA- 7,121,109,-98,21
-1,-2,0.314543,-TIA- 7,121,109,-99,23
-1,-2,0.314572,-TIA- 7,121,109,-100,25
-1,-2,0.314607,-TIA- 7,121,109,-101,27
-1,-2,0.314625,-TIA- 7,121,109,-102,29
-1,-2,0.314659,-TIA- 7,121,109,-103,31
-1,-1,0.31469,-TIA- 7,121,109,-104,32
-1,-2,0.3147,-TIA- 7,121,109,-105,34
-1,-2,0.314729,-TIA- 7,121,109,-106,36
-1,-2,0.314746,-TIA- 7,121,109,-107,38
-1,-2,0.314781,-TIA- 7,121,109,-108,40
-1,-2,0.31481,-TIA- 7,121,109,-109,42
-1,-1,0.314845,-TIA- 7,121,109,-110,43
-1,-1,0.314851,-TIA- 7,121,109,-111,44
-1,-1,0.314909,-TIA- 7,121,109,-112,45
-1,-1,0.32519,GO 8,142,496,-113,46
-2,-1,0.325201,GO 8,142,496,-115,47
1,1,0.325782,GO 8,142,496,-114,46
1,1,0.325822,GO 8,142,496,-113,45
1,1,0.325828,GO 8,142,496,-112,44
1,1,0.325851,GO 8,142,496,-111,43
1,2,0.325875,GO 8,142,496,-110,41
1,2,0.325909,GO 8,142,496,-109,39
1,3,0.325933,GO 8,142,496,-108,36
1,3,0.325973,GO 8,142,496,-107,33
2,3,0.325979,GO 8,142,496,-105,30
2,3,0.326002,GO 8,142,496,-103,27
2,4,0.326037,GO 8,142,496,-101,23
3,4,0.32606,GO 8,142,496,-98,19
2,4,0.326084,GO 8,142,496,-96,15
1,3,0.326107,GO 8,142,496,-95,12
2,4,0.32613,GO 8,142,496,-93,8
2,4,0.326153,GO 8,142,496,-91,4
1,4,0.326188,GO 8,142,496,-90,0
1,3,0.326217,GO 8,142,496,-89,-3
1,4,0.326246,GO 8,142,496,-88,-7
1,4,0.326269,GO 8,142,496,-87,-11
1,4,0.326287,GO 8,142,496,-86,-15
1,3,0.32631,GO 8,142,496,-85,-18
1,4,0.326339,GO 8,142,496,-84,-22
1,4,0.326374,GO 8,142,496,-83,-26
1,4,0.32638,GO 8,142,496,-82,-30
1,3,0.32642,GO 8,142,496,-81,-33
1,4,0.326438,GO 8,142,496,-80,-37
1,4,0.326461,GO 8,142,496,-79,-41
1,4,0.326484,GO 8,142,496,-78,-45
1,3,0.326513,GO 8,142,496,-77,-48
1,4,0.326531,GO 8,142,496,-76,-52
1,4,0.326571,GO 8,142,496,-75,-56
1,4,0.326589,GO 8,142,496,-74,-60
1,3,0.326612,GO 8,142,496,-73,-63
1,4,0.326635,GO 8,142,496,-72,-67
1,4,0.32667,GO 8,142,496,-71,-71
-1,4,0.326682,GO 8,142,496,-72,-75
-1,3,0.326711,GO 8,142,496,-73,-78
-1,4,0.32674,GO 8,142,496,-74,-82
-3,4,0.326771,GO 8,142,496,-77,-86
-3,4,0.326803,GO 8,142,496,-80,-90
-3,2,0.326821,GO 8,142,496,-83,-92
-3,1,0.326838,GO 8,142,496,-86,-93
-1,-1,0.326943,GO 8,142,496,-87,-92
-1,-1,0.326983,GO 8,142,496,-88,-91
-1,-1,0.327012,GO 8,142,496,-89,-90
-1,1,0.327367,GO 8,142,496,-90,-91
-1,1,0.327402,GO 8,142,496,-91,-92
-1,2,0.327419,GO 8,142,496,-92,-94
-1,3,0.327442,GO 8,142,496,-93,-97
-1,2,0.327465,GO 8,142,496,-94,-99
-1,3,0.327488,GO 8,142,496,-95,-102
-1,4,0.327512,GO 8,142,496,-96,-106
-1,4,0.327541,GO 8,142,496,-97,-110
-2,3,0.327576,GO 8,142,496,-99,-113
-2,4,0.327581,GO 8,142,496,-101,-117
-2,4,0.327605,GO 8,142,496,-103,-121
-2,4,0.327628,GO 8,142,496,-105,-125
-3,3,0.327657,GO 8,142,496,-108,-128
-3,4,0.327686,GO 8,142,496,-111,-132
-3,4,0.327703,GO 8,142,496,-114,-136
-3,4,0.327732,GO 8,142,496,-117,-140
-2,3,0.327755,GO 8,142,496,-119,-143
-3,4,0.32779,GO 8,142,496,-122,-147
-3,4,0.327808,GO 8,142,496,-125,-151
-2,4,0.327837,GO 8,142,496,-127,-155
-2,3,0.327854,GO 8,142,496,-129,-158
-2,4,0.327883,GO 8,142,496,-131,-162
-2,4,0.327912,GO 8,142,496,-133,-166
-1,4,0.327941,GO 8,142,496,-134,-170
-2,3,0.327959,GO 8,142,496,-136,-173
-1,4,0.327999,GO 8,142,496,-137,-177
-1,4,0.328005,GO 8,142,496,-138,-181
-1,4,0.328017,GO 8,142,496,-139,-185
-2,3,0.328047,GO 8,142,496,-141,-188
-2,4,0.328075,GO 8,142,496,-143,-192
-2,4,0.328098,GO 8,142,496,-145,-196
-2,4,0.328139,GO 8,142,496,-147,-200
-2,3,0.328144,GO 8,142,496,-149,-203
-1,4,0.328168,GO 8,142,496,-150,-207
-3,4,0.328202,GO 8,142,496,-153,-211
-3,4,0.328226,GO 8,142,496,-156,-215
-3,3,0.328255,GO 8,142,496,-159,-218
-3,4,0.32829,GO 8,142,496,-162,-222
-2,4,0.328301,GO 8,142,496,-164,-226
-4,4,0.328319,GO 8,142,496,-168,-230
-4,3,0.328336,GO 8,142,496,-172,-233
-4,4,0.328371,GO 8,142,496,-176,-237
-3,4,0.3284,GO 8,142,496,-179,-241
-4,4,0.328435,GO 8,142,496,-183,-245
-4,3,0.32844,GO 8,142,496,-187,-248
-4,4,0.328464,GO 8,142,496,-191,-252
-3,4,0.328487,GO 8,142,496,-194,-256
-4,4,0.328522,GO 8,142,496,-198,-260
-4,3,0.328551,GO 8,142,496,-202,-263
-4,4,0.328586,GO 8,142,496,-206,-267
-3,4,0.328591,GO 8,142,496,-209,-271
-3,4,0.32862,GO 8,142,496,-212,-275
-3,3,0.328644,GO 8,142,496,-215,-278
-3,4,0.328673,GO 8,142,496,-218,-282
-3,4,0.328696,GO 8,142,496,-221,-286
-2,4,0.328731,GO 8,142,496,-223,-290
-3,3,0.328742,GO 8,142,496,-226,-293
-3,4,0.328771,GO 8,142,496,-229,-297
-3,4,0.328795,GO 8,142,496,-232,-301
-3,4,0.328818,GO 8,142,496,-235,-305
-3,3,0.328847,GO 8,142,496,-238,-308
-2,4,0.328882,GO 8,142,496,-240,-312
-2,4,0.328899,GO 8,142,496,-242,-316
-2,4,0.328922,GO 8,142,496,-244,-320
-2,3,0.328945,GO 8,142,496,-246,-323
-2,4,0.328969,GO 8,142,496,-248,-327
-2,4,0.329004,GO 8,142,496,-250,-331
-2,4,0.329033,GO 8,142,496,-252,-335
-1,3,0.329067,GO 8,142,496,-253,-338
-2,4,0.329073,GO 8,142,496,-255,-342
-2,4,0.329096,GO 8,142,496,-257,-346
-2,4,0.32912,GO 8,142,496,-259,-350
-2,3,0.329154,GO 8,142,496,-261,-353
-2,4,0.329183,GO 8,142,496,-263,-357
-2,4,0.329218,GO 8,142,496,-265,-361
-2,4,0.329224,GO 8,142,496,-267,-365
-2,3,0.329247,GO 8,142,496,-269,-368
-3,4,0.329271,GO 8,142,496,-272,-372
-3,4,0.329294,GO 8,142,496,-275,-376
-3,3,0.329329,GO 8,142,496,-278,-379
-3,3,0.329361,GO 8,142,496,-281,-382
-2,2,0.329375,GO 8,142,496,-283,-384
-2,3,0.329398,GO 8,142,496,-285,-387
-2,3,0.329424,GO 8,142,496,-287,-390
-1,3,0.329451,GO 8,142,496,-288,-393
-1,3,0.32948,GO 8,142,496,-289,-396
-1,2,0.329503,GO 8,142,496,-290,-398
1,3,0.32952,GO 8,142,496,-289,-401
2,3,0.329543,GO 8,142,496,-287,-404
2,3,0.329578,GO 8,142,496,-285,-407
2,3,0.329596,GO 8,142,496,-283,-410
3,2,0.329625,GO 8,142,496,-280,-412
3,3,0.32966,GO 8,142,496,-277,-415
3,3,0.329671,GO 8,142,496,-274,-418
3,3,0.3297,GO 8,142,496,-271,-421
2,3,0.329723,GO 8,142,496,-269,-424
3,3,0.329747,GO 8,142,496,-266,-427
3,2,0.329776,GO 8,142,496,-263,-429
3,3,0.32981,GO 8,142,496,-260,-432
3,3,0.329824,GO 8,142,496,-257,-435
3,3,0.329851,GO 8,142,496,-254,-438
2,3,0.329874,GO 8,142,496,-252,-441
3,3,0.329903,GO 8,142,496,-249,-444
3,3,0.329932,GO 8,142,496,-246,-447
3,3,0.329944,GO 8,142,496,-243,-450
3,3,0.329979,GO 8,142,496,-240,-453
2,3,0.330002,GO 8,142,496,-238,-456
3,2,0.330025,GO 8,142,496,-235,-458
3,3,0.33006,GO 8,142,496,-232,-461
3,3,0.330083,GO 8,142,496,-229,-464
3,3,0.330101,GO 8,142,496,-226,-467
2,3,0.33013,GO 8,142,496,-224,-470
3,2,0.330147,GO 8,142,496,-221,-472
3,3,0.33017,GO 8,142,496,-218,-475
3,2,0.330199,GO 8,142,496,-215,-477
3,2,0.330225,GO 8,142,496,-212,-479
3,2,0.33024,GO 8,142,496,-209,-481
2,2,0.330263,GO 8,142,496,-207,-483
3,2,0.330298,GO 8,142,496,-204,-485
3,1,0.330321,GO 8,142,496,-201,-486
3,1,0.330356,GO 8,142,496,-198,-487
2,1,0.330391,GO 8,142,496,-196,-488
3,1,0.33042,GO 8,142,496,-193,-489
3,1,0.330449,GO 8,142,496,-190,-490
3,2,0.330472,GO 8,142,496,-187,-492
3,2,0.330507,GO 8,142,496,-184,-494
2,2,0.330536,GO 8,142,496,-182,-496
3,2,0.330544,GO 8,142,496,-179,-498
3,2,0.330571,GO 8,142,496,-176,-500
3,2,0.330594,GO 8,142,496,-173,-502
3,1,0.330623,GO 8,142,496,-170,-503
2,2,0.330646,GO 8,142,496,-168,-505
3,2,0.330681,GO 8,142,496,-165,-507
3,2,0.330699,GO 8,142,496,-162,-509
3,2,0.330728,GO 8,142,496,-159,-511
3,2,0.330745,GO 8,142,496,-156,-513
3,2,0.330774,GO 8,142,496,-153,-515
2,2,0.330803,GO 8,142,496,-151,-517
3,1,0.330832,GO 8,142,496,-148,-518
2,2,0.33085,GO 8,142,496,-146,-520
2,2,0.330879,GO 8,142,496,-144,-522
2,2,0.330896,GO 8,142,496,-142,-524
2,2,0.330919,GO 8,142,496,-140,-526
2,1,0.330954,GO 8,142,496,-138,-527
1,1,0.330983,GO 8,142,496,-137,-528
2,1,0.331,GO 8,142,496,-135,-529
2,1,0.331024,GO 8,142,496,-133,-530
2,1,0.331047,GO 8,142,496,-131,-531
2,1,0.33107,GO 8,142,496,-129,-532
2,1,0.331136,GO 8,142,496,-127,-533
2,1,0.331157,GO 8,142,496,-125,-534
1,1,0.33118,GO 8,142,496,-124,-535
2,1,0.331204,GO 8,142,496,-122,-536
2,1,0.331233,GO 8,142,496,-120,-537
3,1,0.331256,GO 8,142,496,-117,-538
3,1,0.331291,GO 8,142,496,-114,-539
3,1,0.331302,GO 8,142,496,-111,-540
2,1,0.331331,GO 8,142,496,-109,-541
3,1,0.331569,GO 8,142,496,-106,-542
3,1,0.331587,GO 8,142,496,-103,-543
1,1,0.331623,GO 8,142,496,-102,-544
2,1,0.331633,GO 8,142,496,-100,-545
2,1,0.331656,GO 8,142,496,-98,-546
2,1,0.331697,GO 8,142,496,-96,-547
2,1,0.331726,GO 8,142,496,-94,-548
2,1,0.331761,GO 8,142,496,-92,-549
1,1,0.331784,GO 8,142,496,-91,-550
2,1,0.331807,GO 8,142,496,-89,-551
2,1,0.331842,GO 8,142,496,-87,-552
2,1,0.331865,GO 8,142,496,-85,-553
2,1,0.331883,GO 8,142,496,-83,-554
2,1,0.331912,GO 8,142,496,-81,-555
2,1,0.331941,GO 8,142,496,-79,-556
2,1,0.331964,GO 8,142,496,-77,-557
2,1,0.331987,GO 8,142,496,-75,-558
1,1,0.332016,GO 8,142,496,-74,-559
1,1,0.332057,GO 8,142,496,-73,-560
1,1,0.332092,GO 8,142,496,-72,-561
1,1,0.332359,GO 8,142,496,-71,-562
1,1,0.332388,GO 8,142,496,-70,-563
1,1,0.332452,GO 8,142,496,-69,-564
1,1,0.332475,GO 8,142,496,-68,-565
1,-1,0.332719,GO 8,142,496,-67,-564
1,-1,0.332759,GO 8,142,496,-66,-563
2,-1,0.332785,GO 8,142,496,-64,-562
2,-1,0.332812,GO 8,142,496,-62,-561
1,1,0.333514,GO 8,142,496,-61,-562
1,1,0.333566,GO 8,142,496,-60,-563
