dX,dY,WHEN,SYLLABLE,X,Y,cX,cY
-1,-1,0.0117261,Yield,0,0,-1,1
1,-1,0.0117377,Yield,0,0,0,2
1,-4,0.0118132,Yield,0,0,1,6
1,-2,0.0118364,Yield,0,0,2,8
1,-2,0.011877,Yield,0,0,3,10
1,-4,0.011906,Yield,0,0,4,14
-5,-3,0.0119699,Yield,0,0,-1,17
-7,-2,0.0120105,Yield,0,0,-8,19
-3,-2,0.0120454,Yield,0,0,-11,21
-8,-1,0.0120686,Yield,0,0,-19,22
-4,-1,0.0120918,Yield,0,0,-23,23
-3,-1,0.0121266,Yield,0,0,-26,24
-4,-1,0.0121556,Yield,0,0,-30,25
-4,-4,0.0121963,Yield,0,0,-34,29
-7,-1,0.0122253,Yield,0,0,-41,30
-4,-2,0.0122601,Yield,0,0,-45,32
-4,-2,0.0122892,Yield,0,0,-49,34
-4,-4,0.0123298,Yield,0,0,-53,38
-7,-2,0.012353,Yield,0,0,-60,40
-4,-4,0.0123937,Yield,0,0,-64,44
-7,-1,0.0124285,Yield,0,0,-71,45
-4,-1,0.0124575,Yield,0,0,-75,46
-4,1,0.0125098,Yield,0,0,-79,45
-3,3,0.0125504,Yield,0,0,-82,42
-8,3,0.0125736,Yield,0,0,-90,39
-4,7,0.0126317,Yield,0,0,-94,32
-7,3,0.0126607,Yield,0,0,-101,29
-4,4,0.0126897,Yield,0,0,-105,25
-4,8,0.0127129,Yield,0,0,-109,17
-7,3,0.0127478,Yield,0,0,-116,14
-4,4,0.012771,Yield,0,0,-120,10
-4,4,0.0128,Yield,0,0,-124,6
-3,3,0.0128348,Yield,0,0,-127,3
-3,5,0.0128639,Yield,0,0,-130,-2
-5,3,0.0129045,Yield,0,0,-135,-5
-2,3,0.0129219,Yield,0,0,-137,-8
-1,2,0.0129567,Yield,0,0,-138,-10
-1,2,0.0129625,Yield,0,0,-139,-12
-1,2,0.0129741,Yield,0,0,-140,-14
-1,2,0.0129974,Yield,0,0,-141,-16
-1,1,0.0130322,Yield,0,0,-142,-17
-1,2,0.0130554,Yield,0,0,-143,-19
-2,2,0.0130844,Yield,0,0,-145,-21
-2,2,0.0131193,Yield,0,0,-147,-23
-2,1,0.0131251,Yield,0,0,-149,-24
-2,1,0.0131425,Yield,0,0,-151,-25
1,-1,0.0134385,Yield,0,0,-150,-24
1,-1,0.0134618,Yield,0,0,-149,-23
2,-1,0.013485,Yield,0,0,-147,-22
2,-1,0.0135024,Yield,0,0,-145,-21
2,-1,0.0135256,Yield,0,0,-143,-20
2,-1,0.0135488,Yield,0,0,-141,-19
2,-1,0.0135837,Yield,0,0,-139,-18
2,-1,0.0135953,Yield,0,0,-137,-17
2,-1,0.0136475,Yield,0,0,-135,-16
2,-1,0.0136766,Yield,0,0,-133,-15
2,-1,0.0136998,Yield,0,0,-131,-14
2,-1,0.013723,Yield,0,0,-129,-13
2,1,0.0138507,Yield,0,0,-127,-14
2,1,0.0138739,Yield,0,0,-125,-15
2,1,0.0139088,Yield,0,0,-123,-16
2,2,0.0139494,Yield,0,0,-121,-18
4,2,0.0139726,Yield,0,0,-117,-20
2,2,0.0140016,Yield,0,0,-115,-22
3,2,0.0140307,Yield,0,0,-112,-24
3,2,0.0140597,Yield,0,0,-109,-26
3,2,0.0140771,Yield,0,0,-106,-28
3,1,0.0141003,Yield,0,0,-103,-29
2,-1,0.0141816,Yield,0,0,-101,-28
2,-1,0.0142106,Yield,0,0,-99,-27
2,-1,0.014228,Yield,0,0,-97,-26
2,-1,0.0142512,Yield,0,0,-95,-25
2,-1,0.0142745,Yield,0,0,-93,-24
2,-1,0.0143151,Yield,0,0,-91,-23
2,-2,0.0143383,Yield,0,0,-89,-21
1,-2,0.0143615,Yield,0,0,-88,-19
3,-2,0.014379,Yield,0,0,-85,-17
3,-1,0.0144022,Yield,0,0,-82,-16
3,-2,0.0144196,Yield,0,0,-79,-14
3,-2,0.0144486,Yield,0,0,-76,-12
2,-2,0.0144834,Yield,0,0,-74,-10
1,-3,0.0145067,Yield,0,0,-73,-7
1,-3,0.0145241,Yield,0,0,-72,-4
-1,-2,0.0145531,Yield,0,0,-73,-2
-1,-3,0.0145879,Yield,0,0,-74,1
-3,-3,0.0146027,Yield,0,0,-77,4
-3,-3,0.0146344,Yield,0,0,-80,7
-3,-3,0.0146642,Yield,0,0,-83,10
-3,-3,0.014675,Yield,0,0,-86,13
-3,-1,0.0146982,Yield,0,0,-89,14
-1,-2,0.0147331,Yield,0,0,-90,16
-2,-2,0.0147563,Yield,0,0,-92,18
-1,-1,0.0147737,Yield,0,0,-93,19
-1,-1,0.0148027,Yield,0,0,-94,20
1,1,0.0149478,Yield,0,0,-93,19
1,2,0.0149769,Yield,0,0,-92,17
2,2,0.0150059,Yield,0,0,-90,15
2,2,0.0150233,Yield,0,0,-88,13
1,3,0.0150639,Yield,0,0,-87,10
5,2,0.0150872,Yield,0,0,-82,8
3,2,0.0151162,Yield,0,0,-79,6
3,1,0.0151336,Yield,0,0,-76,5
2,-1,0.0152033,Yield,0,0,-74,6
1,-1,0.0152265,Yield,0,0,-73,7
1,-1,0.0152903,Yield,0,0,-72,8
-1,-1,0.0153194,Yield,0,0,-73,9
-1,-1,0.0153484,Yield,0,0,-74,10
-1,-1,0.0153542,Yield,0,0,-75,11
-2,-1,0.0153832,Yield,0,0,-77,12
-2,-1,0.0154122,Yield,0,0,-79,13
-1,1,0.0262618,FRAY 1,87,416,-80,12
-1,2,0.0263198,FRAY 1,87,416,-81,10
-1,3,0.026343,FRAY 1,87,416,-82,7
-1,3,0.0263663,FRAY 1,87,416,-83,4
-1,2,0.0263954,FRAY 1,87,416,-84,2
-1,4,0.0264127,FRAY 1,87,416,-85,-2
-1,4,0.0264359,FRAY 1,87,416,-86,-6
-1,4,0.0264707,FRAY 1,87,416,-87,-10
-1,3,0.0265056,FRAY 1,87,416,-88,-13
-2,4,0.0265346,FRAY 1,87,416,-90,-17
-3,4,0.0265578,FRAY 1,87,416,-93,-21
-3,4,0.0265636,FRAY 1,87,416,-96,-25
-3,3,0.0265927,FRAY 1,87,416,-99,-28
-3,4,0.0266217,FRAY 1,87,416,-102,-32
-4,4,0.0266449,FRAY 1,87,416,-106,-36
-4,4,0.0266797,FRAY 1,87,416,-110,-40
-4,3,0.0266935,FRAY 1,87,416,-114,-43
-3,4,0.0267204,FRAY 1,87,416,-117,-47
-4,3,0.0267494,FRAY 1,87,416,-121,-50
-4,3,0.0267842,FRAY 1,87,416,-125,-53
-4,3,0.0268132,FRAY 1,87,416,-129,-56
-3,2,0.0268365,FRAY 1,87,416,-132,-58
-3,3,0.0268481,FRAY 1,87,416,-135,-61
-3,3,0.0268713,FRAY 1,87,416,-138,-64
-2,4,0.0268945,FRAY 1,87,416,-140,-68
-1,4,0.0269351,FRAY 1,87,416,-141,-72
-1,3,0.0269584,FRAY 1,87,416,-142,-75
-1,4,0.0269816,FRAY 1,87,416,-143,-79
1,4,0.026999,FRAY 1,87,416,-142,-83
1,4,0.0270222,FRAY 1,87,416,-141,-87
1,3,0.0270454,FRAY 1,87,416,-140,-90
2,4,0.0270803,FRAY 1,87,416,-138,-94
2,4,0.0271093,FRAY 1,87,416,-136,-98
2,4,0.0271441,FRAY 1,87,416,-134,-102
1,3,0.0271499,FRAY 1,87,416,-133,-105
2,4,0.0271732,FRAY 1,87,416,-131,-109
2,4,0.027208,FRAY 1,87,416,-129,-113
3,4,0.0272312,FRAY 1,87,416,-126,-117
3,3,0.0272602,FRAY 1,87,416,-123,-120
3,4,0.0272834,FRAY 1,87,416,-120,-124
2,4,0.0273009,FRAY 1,87,416,-118,-128
3,3,0.0273241,FRAY 1,87,416,-115,-131
3,2,0.0273531,FRAY 1,87,416,-112,-133
3,3,0.0273821,FRAY 1,87,416,-109,-136
3,2,0.0273995,FRAY 1,87,416,-106,-138
3,2,0.0274228,FRAY 1,87,416,-103,-140
2,2,0.0274518,FRAY 1,87,416,-101,-142
3,2,0.0274866,FRAY 1,87,416,-98,-144
3,2,0.0275156,FRAY 1,87,416,-95,-146
3,3,0.0275505,FRAY 1,87,416,-92,-149
5,2,0.0275911,FRAY 1,87,416,-87,-151
3,3,0.0276143,FRAY 1,87,416,-84,-154
3,3,0.0276376,FRAY 1,87,416,-81,-157
3,3,0.0276608,FRAY 1,87,416,-78,-160
3,2,0.027684,FRAY 1,87,416,-75,-162
2,4,0.0277014,FRAY 1,87,416,-73,-166
3,4,0.0277246,FRAY 1,87,416,-70,-170
3,4,0.0277595,FRAY 1,87,416,-67,-174
3,3,0.0277827,FRAY 1,87,416,-64,-177
3,4,0.0278117,FRAY 1,87,416,-61,-181
3,4,0.0278465,FRAY 1,87,416,-58,-185
2,4,0.0278523,FRAY 1,87,416,-56,-189
3,3,0.0278756,FRAY 1,87,416,-53,-192
3,4,0.0278988,FRAY 1,87,416,-50,-196
3,4,0.0279336,FRAY 1,87,416,-47,-200
3,4,0.0279568,FRAY 1,87,416,-44,-204
2,3,0.0279975,FRAY 1,87,416,-42,-207
3,4,0.0280091,FRAY 1,87,416,-39,-211
3,4,0.0280323,FRAY 1,87,416,-36,-215
3,4,0.0280555,FRAY 1,87,416,-33,-219
3,3,0.0280845,FRAY 1,87,416,-30,-222
2,4,0.0281078,FRAY 1,87,416,-28,-226
3,4,0.028131,FRAY 1,87,416,-25,-230
3,4,0.0281599,FRAY 1,87,416,-22,-234
2,3,0.0281832,FRAY 1,87,416,-20,-237
2,4,0.0282239,FRAY 1,87,416,-18,-241
2,4,0.0282529,FRAY 1,87,416,-16,-245
2,4,0.0282761,FRAY 1,87,416,-14,-249
1,3,0.0282993,FRAY 1,87,416,-13,-252
2,4,0.0283109,FRAY 1,87,416,-11,-256
2,4,0.0283341,FRAY 1,87,416,-9,-260
2,4,0.0283632,FRAY 1,87,416,-7,-264
2,3,0.0283864,FRAY 1,87,416,-5,-267
2,3,0.0284154,FRAY 1,87,416,-3,-270
2,3,0.0284444,FRAY 1,87,416,-1,-273
2,2,0.0284619,FRAY 1,87,416,1,-275
1,2,0.0284851,FRAY 1,87,416,2,-277
2,1,0.0285083,FRAY 1,87,416,4,-278
1,1,0.0285431,FRAY 1,87,416,5,-279
1,1,0.0285954,FRAY 1,87,416,6,-280
1,1,0.0286128,FRAY 1,87,416,7,-281
1,2,0.0286592,FRAY 1,87,416,8,-283
1,2,0.0286941,FRAY 1,87,416,9,-285
1,3,0.0287115,FRAY 1,87,416,10,-288
1,2,0.0287495,FRAY 1,87,416,11,-290
1,4,0.0287637,FRAY 1,87,416,12,-294
2,4,0.0287869,FRAY 1,87,416,14,-298
2,4,0.0288102,FRAY 1,87,416,16,-302
1,3,0.028845,FRAY 1,87,416,17,-305
2,4,0.0288624,FRAY 1,87,416,19,-309
1,4,0.028903,FRAY 1,87,416,20,-313
1,4,0.0289263,FRAY 1,87,416,21,-317
1,3,0.0289437,FRAY 1,87,416,22,-320
1,4,0.0289668,FRAY 1,87,416,23,-324
1,4,0.0289959,FRAY 1,87,416,24,-328
2,4,0.0290307,FRAY 1,87,416,26,-332
2,3,0.0290366,FRAY 1,87,416,28,-335
2,4,0.0290714,FRAY 1,87,416,30,-339
2,4,0.0290946,FRAY 1,87,416,32,-343
1,4,0.0291178,FRAY 1,87,416,33,-347
2,3,0.029141,FRAY 1,87,416,35,-350
2,4,0.0291643,FRAY 1,87,416,37,-354
2,4,0.0291875,FRAY 1,87,416,39,-358
2,4,0.0292223,FRAY 1,87,416,41,-362
2,3,0.0292455,FRAY 1,87,416,43,-365
2,4,0.0292688,FRAY 1,87,416,45,-369
1,4,0.029292,FRAY 1,87,416,46,-373
1,4,0.0293152,FRAY 1,87,416,47,-377
1,3,0.0293384,FRAY 1,87,416,48,-380
1,4,0.0293616,FRAY 1,87,416,49,-384
1,4,0.0293965,FRAY 1,87,416,50,-388
1,4,0.0294197,FRAY 1,87,416,51,-392
1,3,0.0294429,FRAY 1,87,416,52,-395
1,4,0.0294777,FRAY 1,87,416,53,-399
1,4,0.0294893,FRAY 1,87,416,54,-403
1,4,0.0295184,FRAY 1,87,416,55,-407
1,3,0.0295474,FRAY 1,87,416,56,-410
1,4,0.0295706,FRAY 1,87,416,57,-414
2,4,0.0295938,FRAY 1,87,416,59,-418
2,4,0.0296287,FRAY 1,87,416,61,-422
2,3,0.0296461,FRAY 1,87,416,63,-425
1,4,0.0296693,FRAY 1,87,416,64,-429
2,4,0.0296925,FRAY 1,87,416,66,-433
2,4,0.0297215,FRAY 1,87,416,68,-437
2,3,0.0297506,FRAY 1,87,416,70,-440
1,4,0.0297796,FRAY 1,87,416,71,-444
1,4,0.029797,FRAY 1,87,416,72,-448
1,4,0.0298202,FRAY 1,87,416,73,-452
1,3,0.0298434,FRAY 1,87,416,74,-455
-1,4,0.0298783,FRAY 1,87,416,73,-459
-2,4,0.0299073,FRAY 1,87,416,71,-463
-3,6,0.0299479,FRAY 1,87,416,68,-469
-5,2,0.0299712,FRAY 1,87,416,63,-471
-4,3,0.0299944,FRAY 1,87,416,59,-474
-4,3,0.0300292,FRAY 1,87,416,55,-477
-4,3,0.0300524,FRAY 1,87,416,51,-480
-3,4,0.0300931,FRAY 1,87,416,48,-484
-4,3,0.0300989,FRAY 1,87,416,44,-487
-4,4,0.0301221,FRAY 1,87,416,40,-491
-4,4,0.0301487,FRAY 1,87,416,36,-495
-3,4,0.0301801,FRAY 1,87,416,33,-499
-3,3,0.0302092,FRAY 1,87,416,30,-502
-3,4,0.030244,FRAY 1,87,416,27,-506
-3,4,0.0302498,FRAY 1,87,416,24,-510
-2,4,0.0302904,FRAY 1,87,416,22,-514
-2,3,0.0303137,FRAY 1,87,416,20,-517
-1,4,0.0303311,FRAY 1,87,416,19,-521
-2,4,0.0303659,FRAY 1,87,416,17,-525
-2,4,0.0303949,FRAY 1,87,416,15,-529
-2,3,0.0304026,FRAY 1,87,416,13,-532
-2,4,0.0304295,FRAY 1,87,416,11,-536
-2,4,0.030453,FRAY 1,87,416,9,-540
-2,4,0.030482,FRAY 1,87,416,7,-544
-2,2,0.0305052,FRAY 1,87,416,5,-546
-1,3,0.0305459,FRAY 1,87,416,4,-549
-2,3,0.0305575,FRAY 1,87,416,2,-552
-2,3,0.0305807,FRAY 1,87,416,0,-555
-1,3,0.0306097,FRAY 1,87,416,-1,-558
-1,2,0.0306329,FRAY 1,87,416,-2,-560
-1,3,0.0306561,FRAY 1,87,416,-3,-563
-1,4,0.030691,FRAY 1,87,416,-4,-567
-1,4,0.0307084,FRAY 1,87,416,-5,-571
-1,4,0.0307316,FRAY 1,87,416,-6,-575
-1,3,0.0307606,FRAY 1,87,416,-7,-578
-1,4,0.030778,FRAY 1,87,416,-8,-582
-1,2,0.0308129,FRAY 1,87,416,-9,-584
-1,4,0.0308303,FRAY 1,87,416,-10,-588
-1,4,0.0308593,FRAY 1,87,416,-11,-592
-1,3,0.0308825,FRAY 1,87,416,-12,-595
-1,4,0.0309058,FRAY 1,87,416,-13,-599
-1,4,0.0309464,FRAY 1,87,416,-14,-603
1,7,0.0309812,FRAY 1,87,416,-13,-610
2,3,0.0310161,FRAY 1,87,416,-11,-613
2,3,0.0310335,FRAY 1,87,416,-9,-616
2,3,0.0310597,FRAY 1,87,416,-7,-619
2,2,0.0310915,FRAY 1,87,416,-5,-621
1,1,0.0311205,FRAY 1,87,416,-4,-622
2,-1,0.0311554,FRAY 1,87,416,-2,-621
2,-2,0.0311844,FRAY 1,87,416,0,-619
2,-2,0.0312134,FRAY 1,87,416,2,-617
2,-3,0.0312424,FRAY 1,87,416,4,-614
2,-3,0.0312773,FRAY 1,87,416,6,-611
2,-3,0.0312831,FRAY 1,87,416,8,-608
1,-2,0.0313063,FRAY 1,87,416,9,-606
2,-3,0.0313411,FRAY 1,87,416,11,-603
2,-3,0.0313644,FRAY 1,87,416,13,-600
2,-3,0.0313934,FRAY 1,87,416,15,-597
2,-3,0.0314282,FRAY 1,87,416,17,-594
2,-2,0.031434,FRAY 1,87,416,19,-592
3,-3,0.0314572,FRAY 1,87,416,22,-589
2,-3,0.0314921,FRAY 1,87,416,24,-586
3,-3,0.0315153,FRAY 1,87,416,27,-583
3,-3,0.0315385,FRAY 1,87,416,30,-580
3,-2,0.0315791,FRAY 1,87,416,33,-578
3,-3,0.0315849,FRAY 1,87,416,36,-575
3,-3,0.0316082,FRAY 1,87,416,39,-572
2,-2,0.0316372,FRAY 1,87,416,41,-570
3,-2,0.0316662,FRAY 1,87,416,44,-568
3,-2,0.0316894,FRAY 1,87,416,47,-566
3,-2,0.0317127,FRAY 1,87,416,50,-564
2,-1,0.0317359,FRAY 1,87,416,52,-563
1,-1,0.0421094,SAN- 2,387,311,53,-562
1,-2,0.0421674,SAN- 2,387,311,54,-560
2,-2,0.0421907,SAN- 2,387,311,56,-558
1,-2,0.0422255,SAN- 2,387,311,57,-556
1,-2,0.0422487,SAN- 2,387,311,58,-554
2,-1,0.0422628,SAN- 2,387,311,60,-553
2,-2,0.0422951,SAN- 2,387,311,62,-551
1,-2,0.0423184,SAN- 2,387,311,63,-549
2,-2,0.0423532,SAN- 2,387,311,65,-547
2,-2,0.0423648,SAN- 2,387,311,67,-545
2,-2,0.0423996,SAN- 2,387,311,69,-543
3,-2,0.0424171,SAN- 2,387,311,72,-541
3,-3,0.0424403,SAN- 2,387,311,75,-538
2,-2,0.0424751,SAN- 2,387,311,77,-536
3,-3,0.0424925,SAN- 2,387,311,80,-533
3,-3,0.0425099,SAN- 2,387,311,83,-530
3,-3,0.0425448,SAN- 2,387,311,86,-527
3,-3,0.0425622,SAN- 2,387,311,89,-524
3,-1,0.0425854,SAN- 2,387,311,92,-523
2,-2,0.0426169,SAN- 2,387,311,94,-521
3,-2,0.0426434,SAN- 2,387,311,97,-519
3,-2,0.0426667,SAN- 2,387,311,100,-517
3,-2,0.0426957,SAN- 2,387,311,103,-515
3,-2,0.0427131,SAN- 2,387,311,106,-513
2,-2,0.0427479,SAN- 2,387,311,108,-511
3,-2,0.0427595,SAN- 2,387,311,111,-509
3,-1,0.0427944,SAN- 2,387,311,114,-508
3,-2,0.0428176,SAN- 2,387,311,117,-506
3,-2,0.0428582,SAN- 2,387,311,120,-504
2,-2,0.042864,SAN- 2,387,311,122,-502
3,-2,0.0428873,SAN- 2,387,311,125,-500
3,-2,0.0429105,SAN- 2,387,311,128,-498
3,-2,0.0429453,SAN- 2,387,311,131,-496
3,-2,0.0429743,SAN- 2,387,311,134,-494
2,-1,0.0430034,SAN- 2,387,311,136,-493
3,-2,0.0430208,SAN- 2,387,311,139,-491
3,-2,0.0430421,SAN- 2,387,311,142,-489
3,-2,0.0430672,SAN- 2,387,311,145,-487
3,-2,0.0430962,SAN- 2,387,311,148,-485
3,-2,0.0431311,SAN- 2,387,311,151,-483
2,-2,0.0431601,SAN- 2,387,311,153,-481
3,-2,0.0431717,SAN- 2,387,311,156,-479
3,-1,0.0431949,SAN- 2,387,311,159,-478
3,-1,0.0432472,SAN- 2,387,311,162,-477
2,-1,0.043274,SAN- 2,387,311,164,-476
3,-2,0.0433052,SAN- 2,387,311,167,-474
3,-2,0.0433226,SAN- 2,387,311,170,-472
3,-2,0.0433459,SAN- 2,387,311,173,-470
3,-2,0.0433807,SAN- 2,387,311,176,-468
2,-2,0.0433923,SAN- 2,387,311,178,-466
3,-2,0.0434271,SAN- 2,387,311,181,-464
3,-1,0.0434561,SAN- 2,387,311,184,-463
3,-1,0.0434736,SAN- 2,387,311,187,-462
3,-1,0.0434968,SAN- 2,387,311,190,-461
3,-1,0.04352,SAN- 2,387,311,193,-460
2,-1,0.0435548,SAN- 2,387,311,195,-459
3,-1,0.043578,SAN- 2,387,311,198,-458
3,-1,0.0436071,SAN- 2,387,311,201,-457
3,-1,0.0436245,SAN- 2,387,311,204,-456
3,-1,0.0436477,SAN- 2,387,311,207,-455
2,-1,0.0436709,SAN- 2,387,311,209,-454
3,-1,0.0437058,SAN- 2,387,311,212,-453
3,-1,0.043729,SAN- 2,387,311,215,-452
3,-1,0.0437522,SAN- 2,387,311,218,-451
3,-1,0.0437754,SAN- 2,387,311,221,-450
2,-1,0.0437986,SAN- 2,387,311,223,-449
3,-1,0.0438219,SAN- 2,387,311,226,-448
3,-1,0.0438915,SAN- 2,387,311,229,-447
3,-1,0.0438973,SAN- 2,387,311,232,-446
2,-1,0.0439263,SAN- 2,387,311,234,-445
3,-1,0.0439535,SAN- 2,387,311,237,-444
3,-1,0.0439786,SAN- 2,387,311,240,-443
3,-1,0.0440018,SAN- 2,387,311,243,-442
3,-1,0.044025,SAN- 2,387,311,246,-441
3,-1,0.0440483,SAN- 2,387,311,249,-440
2,-1,0.0440828,SAN- 2,387,311,251,-439
3,-1,0.0441063,SAN- 2,387,311,254,-438
3,-1,0.0441295,SAN- 2,387,311,257,-437
3,-1,0.0441527,SAN- 2,387,311,260,-436
3,-1,0.044176,SAN- 2,387,311,263,-435
2,-1,0.0441992,SAN- 2,387,311,265,-434
3,-1,0.0442224,SAN- 2,387,311,268,-433
3,-1,0.0442805,SAN- 2,387,311,271,-432
3,-1,0.0449945,SAN- 2,387,311,274,-431
2,-1,0.0450061,SAN- 2,387,311,276,-430
3,-1,0.0450409,SAN- 2,387,311,279,-429
3,-1,0.0450699,SAN- 2,387,311,282,-428
3,-1,0.0450873,SAN- 2,387,311,285,-427
3,-1,0.0451164,SAN- 2,387,311,288,-426
2,-1,0.0451341,SAN- 2,387,311,290,-425
3,-1,0.0451628,SAN- 2,387,311,293,-424
3,-1,0.0451918,SAN- 2,387,311,296,-423
3,-1,0.0452267,SAN- 2,387,311,299,-422
3,-1,0.046289,SAN- 2,387,311,302,-421
3,-1,0.0463122,SAN- 2,387,311,305,-420
2,-1,0.046347,SAN- 2,387,311,307,-419
3,-1,0.0463702,SAN- 2,387,311,310,-418
3,-1,0.0463935,SAN- 2,387,311,313,-417
3,-2,0.046431,SAN- 2,387,311,316,-415
3,-2,0.0464399,SAN- 2,387,311,319,-413
2,-2,0.0464631,SAN- 2,387,311,321,-411
3,-2,0.0464863,SAN- 2,387,311,324,-409
3,-2,0.0465212,SAN- 2,387,311,327,-407
3,-1,0.0465502,SAN- 2,387,311,330,-406
3,-1,0.0465676,SAN- 2,387,311,333,-405
2,-1,0.0465908,SAN- 2,387,311,335,-404
1,-1,0.057214,-TIA- 3,329,115,336,-403
1,-1,0.0572372,-TIA- 3,329,115,337,-402
1,-2,0.0572604,-TIA- 3,329,115,338,-400
1,-2,0.057301,-TIA- 3,329,115,339,-398
1,-2,0.0573359,-TIA- 3,329,115,340,-396
1,-1,0.0573591,-TIA- 3,329,115,341,-395
1,1,0.0576726,-TIA- 3,329,115,342,-396
1,1,0.0580325,-TIA- 3,329,115,343,-397
2,1,0.0580557,-TIA- 3,329,115,345,-398
2,2,0.0580789,-TIA- 3,329,115,347,-400
3,2,0.0580963,-TIA- 3,329,115,350,-402
3,2,0.0581254,-TIA- 3,329,115,353,-404
3,2,0.0581486,-TIA- 3,329,115,356,-406
2,2,0.0581834,-TIA- 3,329,115,358,-408
3,2,0.0582066,-TIA- 3,329,115,361,-410
3,1,0.0582298,-TIA- 3,329,115,364,-411
3,2,0.0582473,-TIA- 3,329,115,367,-413
3,2,0.0582705,-TIA- 3,329,115,370,-415
3,2,0.0582995,-TIA- 3,329,115,373,-417
2,2,0.0583343,-TIA- 3,329,115,375,-419
3,1,0.0583576,-TIA- 3,329,115,378,-420
3,1,0.0583808,-TIA- 3,329,115,381,-421
3,-1,0.0584795,-TIA- 3,329,115,384,-420
3,-1,0.0585201,-TIA- 3,329,115,387,-419
3,-1,0.058529,-TIA- 3,329,115,390,-418
3,-1,0.0585491,-TIA- 3,329,115,393,-417
2,-1,0.0585723,-TIA- 3,329,115,395,-416
3,-1,0.0586072,-TIA- 3,329,115,398,-415
3,-1,0.0586304,-TIA- 3,329,115,401,-414
3,-1,0.0586652,-TIA- 3,329,115,404,-413
3,-1,0.0586942,-TIA- 3,329,115,407,-412
2,-1,0.0587059,-TIA- 3,329,115,409,-411
3,-1,0.0587523,-TIA- 3,329,115,412,-410
3,-1,0.0587813,-TIA- 3,329,115,415,-409
3,-1,0.0588045,-TIA- 3,329,115,418,-408
3,-1,0.0588452,-TIA- 3,329,115,421,-407
2,-2,0.058851,-TIA- 3,329,115,423,-405
3,-2,0.0588786,-TIA- 3,329,115,426,-403
3,-2,0.0589032,-TIA- 3,329,115,429,-401
3,-2,0.0589322,-TIA- 3,329,115,432,-399
3,-2,0.0589555,-TIA- 3,329,115,435,-397
2,-1,0.0589961,-TIA- 3,329,115,437,-396
3,-3,0.0590073,-TIA- 3,329,115,440,-393
3,-3,0.0590309,-TIA- 3,329,115,443,-390
3,-2,0.0590541,-TIA- 3,329,115,446,-388
3,-2,0.0590774,-TIA- 3,329,115,449,-386
2,-2,0.059118,-TIA- 3,329,115,451,-384
1,-2,0.059147,-TIA- 3,329,115,452,-382
2,-1,0.0591586,-TIA- 3,329,115,454,-381
2,-2,0.0591819,-TIA- 3,329,115,456,-379
2,-3,0.0592109,-TIA- 3,329,115,458,-376
2,-3,0.0592368,-TIA- 3,329,115,460,-373
3,-3,0.0592631,-TIA- 3,329,115,463,-370
3,-3,0.0592922,-TIA- 3,329,115,466,-367
2,-2,0.0593096,-TIA- 3,329,115,468,-365
3,-3,0.0593328,-TIA- 3,329,115,471,-362
3,-3,0.0593676,-TIA- 3,329,115,474,-359
3,-3,0.0593908,-TIA- 3,329,115,477,-356
3,-3,0.0594141,-TIA- 3,329,115,480,-353
2,-2,0.0594431,-TIA- 3,329,115,482,-351
3,-3,0.0594605,-TIA- 3,329,115,485,-348
3,-3,0.0594837,-TIA- 3,329,115,488,-345
3,-3,0.0595069,-TIA- 3,329,115,491,-342
3,-3,0.0595302,-TIA- 3,329,115,494,-339
2,-3,0.059565,-TIA- 3,329,115,496,-336
2,-2,0.0595998,-TIA- 3,329,115,498,-334
-1,-3,0.0596114,-TIA- 3,329,115,497,-331
-2,-3,0.0596288,-TIA- 3,329,115,495,-328
-3,-3,0.0596521,-TIA- 3,329,115,492,-325
-3,-3,0.0596869,-TIA- 3,329,115,489,-322
-4,-2,0.0597159,-TIA- 3,329,115,485,-320
-3,-3,0.0597217,-TIA- 3,329,115,482,-317
-4,-3,0.0597566,-TIA- 3,329,115,478,-314
-4,-3,0.0597798,-TIA- 3,329,115,474,-311
-4,-3,0.059803,-TIA- 3,329,115,470,-308
-3,-2,0.059832,-TIA- 3,329,115,467,-306
-4,-3,0.0598668,-TIA- 3,329,115,463,-303
-4,-3,0.0598727,-TIA- 3,329,115,459,-300
-4,-3,0.0599075,-TIA- 3,329,115,455,-297
-3,-3,0.0599307,-TIA- 3,329,115,452,-294
-4,-3,0.0599539,-TIA- 3,329,115,448,-291
-4,-2,0.0599888,-TIA- 3,329,115,444,-289
-4,-3,0.0600017,-TIA- 3,329,115,440,-286
-3,-3,0.0600294,-TIA- 3,329,115,437,-283
-4,-2,0.0600584,-TIA- 3,329,115,433,-281
-4,-2,0.0600816,-TIA- 3,329,115,429,-279
-4,-2,0.0601049,-TIA- 3,329,115,425,-277
-3,-1,0.0601397,-TIA- 3,329,115,422,-276
-4,-2,0.0601571,-TIA- 3,329,115,418,-274
-4,-2,0.0601803,-TIA- 3,329,115,414,-272
-4,-3,0.0602035,-TIA- 3,329,115,410,-269
-3,-3,0.0602326,-TIA- 3,329,115,407,-266
-4,-3,0.0602674,-TIA- 3,329,115,403,-263
-4,-2,0.0602964,-TIA- 3,329,115,399,-261
-4,-3,0.060308,-TIA- 3,329,115,395,-258
-3,-3,0.0603312,-TIA- 3,329,115,392,-255
-4,-3,0.0603545,-TIA- 3,329,115,388,-252
-4,-3,0.0603893,-TIA- 3,329,115,384,-249
-4,-3,0.0604125,-TIA- 3,329,115,380,-246
-3,-2,0.0604532,-TIA- 3,329,115,377,-244
-4,-3,0.060459,-TIA- 3,329,115,373,-241
-4,-3,0.0604822,-TIA- 3,329,115,369,-238
-4,-3,0.0605112,-TIA- 3,329,115,365,-235
-3,-3,0.0605402,-TIA- 3,329,115,362,-232
-4,-2,0.0605634,-TIA- 3,329,115,358,-230
-4,-3,0.0606041,-TIA- 3,329,115,354,-227
-4,-3,0.0606099,-TIA- 3,329,115,350,-224
-3,-3,0.0606273,-TIA- 3,329,115,347,-221
-4,-3,0.0606505,-TIA- 3,329,115,343,-218
-4,-2,0.0606854,-TIA- 3,329,115,339,-216
-4,-3,0.0607086,-TIA- 3,329,115,335,-213
-3,-3,0.0607492,-TIA- 3,329,115,332,-210
-4,-3,0.0607724,-TIA- 3,329,115,328,-207
-3,-3,0.0607782,-TIA- 3,329,115,325,-204
-3,-3,0.0608015,-TIA- 3,329,115,322,-201
-3,-2,0.0608305,-TIA- 3,329,115,319,-199
-2,-3,0.0608653,-TIA- 3,329,115,317,-196
-3,-3,0.0609001,-TIA- 3,329,115,314,-193
-3,-3,0.0609234,-TIA- 3,329,115,311,-190
-3,-3,0.0609292,-TIA- 3,329,115,308,-187
-3,-2,0.060964,-TIA- 3,329,115,305,-185
-2,-3,0.0609814,-TIA- 3,329,115,303,-182
-3,-3,0.061022,-TIA- 3,329,115,300,-179
-3,-3,0.0610453,-TIA- 3,329,115,297,-176
-3,-3,0.0610626,-TIA- 3,329,115,294,-173
-3,-2,0.0610859,-TIA- 3,329,115,291,-171
-2,-3,0.0611149,-TIA- 3,329,115,289,-168
-3,-3,0.0611323,-TIA- 3,329,115,286,-165
-3,-3,0.061173,-TIA- 3,329,115,283,-162
-3,-3,0.0611904,-TIA- 3,329,115,280,-159
-3,-3,0.0612136,-TIA- 3,329,115,277,-156
-2,-2,0.0612368,-TIA- 3,329,115,275,-154
-3,-3,0.0612659,-TIA- 3,329,115,272,-151
-3,-3,0.0613007,-TIA- 3,329,115,269,-148
-3,-5,0.0613297,-TIA- 3,329,115,266,-143
-5,-2,0.0613703,-TIA- 3,329,115,261,-141
-1,-1,0.0613878,-TIA- 3,329,115,260,-140
-1,-2,0.061411,-TIA- 3,329,115,259,-138
-1,-2,0.0614516,-TIA- 3,329,115,258,-136
-1,-2,0.0614748,-TIA- 3,329,115,257,-134
-1,-2,0.0614854,-TIA- 3,329,115,256,-132
-1,-2,0.0615155,-TIA- 3,329,115,255,-130
-1,-2,0.0615387,-TIA- 3,329,115,254,-128
-1,-2,0.0615619,-TIA- 3,329,115,253,-126
-1,-1,0.0615967,-TIA- 3,329,115,252,-125
1,-2,0.0616141,-TIA- 3,329,115,253,-123
1,-2,0.0616374,-TIA- 3,329,115,254,-121
1,-1,0.0616606,-TIA- 3,329,115,255,-120
1,-1,0.0617012,-TIA- 3,329,115,256,-119
1,-1,0.0617128,-TIA- 3,329,115,257,-118
1,1,0.0618405,-TIA- 3,329,115,258,-119
1,1,0.0618812,-TIA- 3,329,115,259,-120
1,1,0.061916,-TIA- 3,329,115,260,-121
1,1,0.0619392,-TIA- 3,329,115,261,-122
1,-1,0.0620669,-TIA- 3,329,115,262,-121
1,-2,0.0621134,-TIA- 3,329,115,263,-119
1,-2,0.0621482,-TIA- 3,329,115,264,-117
1,-2,0.0621888,-TIA- 3,329,115,265,-115
1,-4,0.0622179,-TIA- 3,329,115,266,-111
2,-3,0.0622411,-TIA- 3,329,115,268,-108
2,-3,0.0622643,-TIA- 3,329,115,270,-105
2,-3,0.0622991,-TIA- 3,329,115,272,-102
1,-3,0.0623315,-TIA- 3,329,115,273,-99
3,-3,0.062363,-TIA- 3,329,115,276,-96
3,-2,0.0623688,-TIA- 3,329,115,279,-94
3,-3,0.062392,-TIA- 3,329,115,282,-91
3,-3,0.0624268,-TIA- 3,329,115,285,-88
3,-3,0.0624501,-TIA- 3,329,115,288,-85
2,-2,0.0624822,-TIA- 3,329,115,290,-83
3,-2,0.0625139,-TIA- 3,329,115,293,-81
3,-1,0.0625255,-TIA- 3,329,115,296,-80
3,-1,0.0625473,-TIA- 3,329,115,299,-79
3,-1,0.0625778,-TIA- 3,329,115,302,-78
2,-1,0.062601,-TIA- 3,329,115,304,-77
2,-1,0.0626358,-TIA- 3,329,115,306,-76
1,1,0.0716649,GO 4,282,431,307,-77
1,1,0.071709,GO 4,282,431,308,-78
2,1,0.0717555,GO 4,282,431,310,-79
2,2,0.0717845,GO 4,282,431,312,-81
2,2,0.0718135,GO 4,282,431,314,-83
2,6,0.0718483,GO 4,282,431,316,-89
3,2,0.0718774,GO 4,282,431,319,-91
2,4,0.0718948,GO 4,282,431,321,-95
2,4,0.0719296,GO 4,282,431,323,-99
2,4,0.0719528,GO 4,282,431,325,-103
2,3,0.0719761,GO 4,282,431,327,-106
2,4,0.0719935,GO 4,282,431,329,-110
2,4,0.0720167,GO 4,282,431,331,-114
1,4,0.0720399,GO 4,282,431,332,-118
2,3,0.0720805,GO 4,282,431,334,-121
2,4,0.0721096,GO 4,282,431,336,-125
2,4,0.0721336,GO 4,282,431,338,-129
2,4,0.0721502,GO 4,282,431,340,-133
2,3,0.0721676,GO 4,282,431,342,-136
2,4,0.0721908,GO 4,282,431,344,-140
2,4,0.0722141,GO 4,282,431,346,-144
1,4,0.0722663,GO 4,282,431,347,-148
2,3,0.0722721,GO 4,282,431,349,-151
2,4,0.0722953,GO 4,282,431,351,-155
2,4,0.0723185,GO 4,282,431,353,-159
2,4,0.0723418,GO 4,282,431,355,-163
2,3,0.0723766,GO 4,282,431,357,-166
2,4,0.0724056,GO 4,282,431,359,-170
2,4,0.0724405,GO 4,282,431,361,-174
1,4,0.0724463,GO 4,282,431,362,-178
2,3,0.0724811,GO 4,282,431,364,-181
2,4,0.0724985,GO 4,282,431,366,-185
2,4,0.0725275,GO 4,282,431,368,-189
2,4,0.0725624,GO 4,282,431,370,-193
2,3,0.0725914,GO 4,282,431,372,-196
2,4,0.0725998,GO 4,282,431,374,-200
2,4,0.0726262,GO 4,282,431,376,-204
1,4,0.0726552,GO 4,282,431,377,-208
2,3,0.0726785,GO 4,282,431,379,-211
1,4,0.0727133,GO 4,282,431,380,-215
1,4,0.0727423,GO 4,282,431,381,-219
1,4,0.0727539,GO 4,282,431,382,-223
-1,3,0.0727771,GO 4,282,431,381,-226
-2,4,0.0728004,GO 4,282,431,379,-230
-2,4,0.0728343,GO 4,282,431,377,-234
-3,4,0.0728642,GO 4,282,431,374,-238
-4,3,0.07287,GO 4,282,431,370,-241
-4,4,0.0729049,GO 4,282,431,366,-245
-4,4,0.0729281,GO 4,282,431,362,-249
-3,4,0.0729629,GO 4,282,431,359,-253
-4,3,0.0729861,GO 4,282,431,355,-256
-4,4,0.0730093,GO 4,282,431,351,-260
-3,4,0.0730268,GO 4,282,431,348,-264
-2,4,0.0730558,GO 4,282,431,346,-268
-2,3,0.073079,GO 4,282,431,344,-271
-2,4,0.0731138,GO 4,282,431,342,-275
-1,4,0.0731429,GO 4,282,431,341,-279
-1,4,0.0731661,GO 4,282,431,340,-283
-1,3,0.0731777,GO 4,282,431,339,-286
-1,4,0.0732009,GO 4,282,431,338,-290
-1,4,0.0732299,GO 4,282,431,337,-294
-2,4,0.0732532,GO 4,282,431,335,-298
-2,3,0.073288,GO 4,282,431,333,-301
-2,4,0.0733054,GO 4,282,431,331,-305
-3,4,0.0733286,GO 4,282,431,328,-309
-3,4,0.0733518,GO 4,282,431,325,-313
-3,3,0.0733867,GO 4,282,431,322,-316
-4,4,0.0734099,GO 4,282,431,318,-320
-3,4,0.0734331,GO 4,282,431,315,-324
-4,4,0.0734563,GO 4,282,431,311,-328
-4,3,0.0734795,GO 4,282,431,307,-331
-4,4,0.0735144,GO 4,282,431,303,-335
-3,4,0.073526,GO 4,282,431,300,-339
-4,4,0.0735608,GO 4,282,431,296,-343
-4,3,0.0735956,GO 4,282,431,292,-346
-4,4,0.0736189,GO 4,282,431,288,-350
-3,4,0.0736305,GO 4,282,431,285,-354
-4,4,0.0736653,GO 4,282,431,281,-358
-4,3,0.0737001,GO 4,282,431,277,-361
-4,4,0.0737117,GO 4,282,431,273,-365
-3,4,0.0737466,GO 4,282,431,270,-369
-4,4,0.0737698,GO 4,282,431,266,-373
-4,3,0.0737872,GO 4,282,431,262,-376
-4,4,0.0738162,GO 4,282,431,258,-380
-3,4,0.0738395,GO 4,282,431,255,-384
-3,4,0.0738627,GO 4,282,431,252,-388
-3,3,0.0738975,GO 4,282,431,249,-391
-2,4,0.0739149,GO 4,282,431,247,-395
-2,4,0.0739381,GO 4,282,431,245,-399
-1,4,0.0739614,GO 4,282,431,244,-403
-1,3,0.0739904,GO 4,282,431,243,-406
-1,4,0.0740368,GO 4,282,431,242,-410
1,4,0.0740484,GO 4,282,431,243,-414
1,4,0.0740717,GO 4,282,431,244,-418
2,3,0.0740891,GO 4,282,431,246,-421
2,4,0.0741123,GO 4,282,431,248,-425
2,4,0.0741471,GO 4,282,431,250,-429
3,4,0.0741761,GO 4,282,431,253,-433
3,3,0.074211,GO 4,282,431,256,-436
2,4,0.0742168,GO 4,282,431,258,-440
3,4,0.07424,GO 4,282,431,261,-444
3,4,0.0742632,GO 4,282,431,264,-448
3,3,0.0742864,GO 4,282,431,267,-451
3,4,0.0743151,GO 4,282,431,270,-455
2,4,0.0743387,GO 4,282,431,272,-459
3,3,0.0743677,GO 4,282,431,275,-462
2,3,0.0743909,GO 4,282,431,277,-465
2,2,0.07442,GO 4,282,431,279,-467
2,3,0.0744432,GO 4,282,431,281,-470
1,3,0.0744838,GO 4,282,431,282,-473
1,3,0.0744954,GO 4,282,431,283,-476
-1,3,0.0745244,GO 4,282,431,282,-479
-2,2,0.0745477,GO 4,282,431,280,-481
-2,3,0.0745825,GO 4,282,431,278,-484
-3,3,0.0745941,GO 4,282,431,275,-487
-2,3,0.0746347,GO 4,282,431,273,-490
-3,3,0.0746463,GO 4,282,431,270,-493
-3,3,0.0746638,GO 4,282,431,267,-496
-3,4,0.0746986,GO 4,282,431,264,-500
-2,4,0.0747218,GO 4,282,431,262,-504
-2,4,0.0747508,GO 4,282,431,260,-508
-1,3,0.0747741,GO 4,282,431,259,-511
-1,4,0.0747915,GO 4,282,431,258,-515
1,4,0.0748147,GO 4,282,431,259,-519
2,4,0.0748495,GO 4,282,431,261,-523
2,3,0.0748727,GO 4,282,431,263,-526
2,4,0.074896,GO 4,282,431,265,-530
2,3,0.0749308,GO 4,282,431,267,-533
2,3,0.0749598,GO 4,282,431,269,-536
2,3,0.0749714,GO 4,282,431,271,-539
1,2,0.0750005,GO 4,282,431,272,-541
1,1,0.0750237,GO 4,282,431,273,-542
-1,1,0.0750469,GO 4,282,431,272,-543
-2,1,0.0750817,GO 4,282,431,270,-544
-3,1,0.0751746,GO 4,282,431,267,-545
-2,1,0.0751978,GO 4,282,431,265,-546
-2,1,0.0752327,GO 4,282,431,263,-547
-2,1,0.0752559,GO 4,282,431,261,-548
-1,1,0.0752733,GO 4,282,431,260,-549
-1,1,0.0753371,GO 4,282,431,259,-550
-1,1,0.0753546,GO 4,282,431,258,-551
-1,-1,0.0755751,GO 4,282,431,257,-550
-1,-1,0.0756216,GO 4,282,431,256,-549
-1,-1,0.0756506,GO 4,282,431,255,-548
3,1,0.0863608,FRAY 5,338,307,258,-549
3,1,0.0863898,FRAY 5,338,307,261,-550
3,1,0.0864305,FRAY 5,338,307,264,-551
2,2,0.0864653,FRAY 5,338,307,266,-553
3,2,0.0864885,FRAY 5,338,307,269,-555
2,2,0.0865019,FRAY 5,338,307,271,-557
2,2,0.0865466,FRAY 5,338,307,273,-559
2,1,0.0865524,FRAY 5,338,307,275,-560
2,1,0.0865756,FRAY 5,338,307,277,-561
2,1,0.0866104,FRAY 5,338,307,279,-562
2,-1,0.0866801,FRAY 5,338,307,281,-561
2,-1,0.0867033,FRAY 5,338,307,283,-560
3,-1,0.0867265,FRAY 5,338,307,286,-559
3,-2,0.0867614,FRAY 5,338,307,289,-557
3,-4,0.086802,FRAY 5,338,307,292,-553
5,-2,0.086831,FRAY 5,338,307,297,-551
3,-1,0.0868659,FRAY 5,338,307,300,-550
3,-2,0.0868891,FRAY 5,338,307,303,-548
3,-2,0.0869123,FRAY 5,338,307,306,-546
2,-2,0.0869413,FRAY 5,338,307,308,-544
3,-2,0.0869529,FRAY 5,338,307,311,-542
3,-2,0.0869761,FRAY 5,338,307,314,-540
3,-2,0.0870168,FRAY 5,338,307,317,-538
3,-2,0.0870332,FRAY 5,338,307,320,-536
2,-1,0.0870632,FRAY 5,338,307,322,-535
3,-2,0.087098,FRAY 5,338,307,325,-533
3,-2,0.0871039,FRAY 5,338,307,328,-531
3,-2,0.0871271,FRAY 5,338,307,331,-529
3,-2,0.0871619,FRAY 5,338,307,334,-527
3,-3,0.0871909,FRAY 5,338,307,337,-524
2,-3,0.0872141,FRAY 5,338,307,339,-521
3,-2,0.0872432,FRAY 5,338,307,342,-519
3,-3,0.0872548,FRAY 5,338,307,345,-516
3,-3,0.087278,FRAY 5,338,307,348,-513
3,-3,0.0873128,FRAY 5,338,307,351,-510
2,-3,0.0873419,FRAY 5,338,307,353,-507
3,-2,0.0873707,FRAY 5,338,307,356,-505
3,-3,0.0873941,FRAY 5,338,307,359,-502
3,-3,0.0874057,FRAY 5,338,307,362,-499
3,-3,0.0874347,FRAY 5,338,307,365,-496
2,-3,0.087458,FRAY 5,338,307,367,-493
3,-3,0.0874986,FRAY 5,338,307,370,-490
3,-2,0.0875276,FRAY 5,338,307,373,-488
3,-3,0.087545,FRAY 5,338,307,376,-485
3,-3,0.0875624,FRAY 5,338,307,379,-482
2,-3,0.0875857,FRAY 5,338,307,381,-479
3,-3,0.0876089,FRAY 5,338,307,384,-476
3,-2,0.0876379,FRAY 5,338,307,387,-474
3,-3,0.0876727,FRAY 5,338,307,390,-471
3,-3,0.0876902,FRAY 5,338,307,393,-468
3,-3,0.0877134,FRAY 5,338,307,396,-465
2,-3,0.0877366,FRAY 5,338,307,398,-462
3,-2,0.0877598,FRAY 5,338,307,401,-460
3,-3,0.0877946,FRAY 5,338,307,404,-457
3,-3,0.0878237,FRAY 5,338,307,407,-454
3,-6,0.0878643,FRAY 5,338,307,410,-448
5,-3,0.0878991,FRAY 5,338,307,415,-445
2,-2,0.0879107,FRAY 5,338,307,417,-443
1,-3,0.0879456,FRAY 5,338,307,418,-440
1,-3,0.0879746,FRAY 5,338,307,419,-437
1,-3,0.0880094,FRAY 5,338,307,420,-434
1,-3,0.0880152,FRAY 5,338,307,421,-431
-1,-2,0.0880385,FRAY 5,338,307,420,-429
-1,-3,0.0880733,FRAY 5,338,307,419,-426
-1,-3,0.0880965,FRAY 5,338,307,418,-423
-1,-3,0.0881255,FRAY 5,338,307,417,-420
-1,-3,0.0881546,FRAY 5,338,307,416,-417
-1,-2,0.0881662,FRAY 5,338,307,415,-415
-1,-3,0.0881952,FRAY 5,338,307,414,-412
-1,-3,0.0882242,FRAY 5,338,307,413,-409
1,-3,0.0882474,FRAY 5,338,307,414,-406
1,-3,0.0882823,FRAY 5,338,307,415,-403
1,-3,0.0883113,FRAY 5,338,307,416,-400
1,-2,0.0883171,FRAY 5,338,307,417,-398
1,-3,0.0883428,FRAY 5,338,307,418,-395
1,-3,0.0883751,FRAY 5,338,307,419,-392
1,-3,0.0883984,FRAY 5,338,307,420,-389
1,-3,0.0884216,FRAY 5,338,307,421,-386
1,-2,0.088439,FRAY 5,338,307,422,-384
1,-3,0.0884738,FRAY 5,338,307,423,-381
1,-3,0.0884971,FRAY 5,338,307,424,-378
1,-3,0.0885261,FRAY 5,338,307,425,-375
1,-3,0.0885435,FRAY 5,338,307,426,-372
1,-2,0.0885841,FRAY 5,338,307,427,-370
1,-3,0.0886015,FRAY 5,338,307,428,-367
1,-3,0.0886248,FRAY 5,338,307,429,-364
1,-3,0.088648,FRAY 5,338,307,430,-361
1,-3,0.0886795,FRAY 5,338,307,431,-358
1,-3,0.0887118,FRAY 5,338,307,432,-355
1,-2,0.0887293,FRAY 5,338,307,433,-353
1,-3,0.0887409,FRAY 5,338,307,434,-350
1,-3,0.0887699,FRAY 5,338,307,435,-347
1,-2,0.0887989,FRAY 5,338,307,436,-345
1,-2,0.0888221,FRAY 5,338,307,437,-343
1,-2,0.088857,FRAY 5,338,307,438,-341
1,-3,0.0888976,FRAY 5,338,307,439,-338
1,-2,0.0889208,FRAY 5,338,307,440,-336
1,-2,0.0889498,FRAY 5,338,307,441,-334
-1,-1,0.0889731,FRAY 5,338,307,440,-333
-1,-1,0.0890021,FRAY 5,338,307,439,-332
-1,-1,0.0894084,FRAY 5,338,307,438,-331
-1,-2,0.0894317,FRAY 5,338,307,437,-329
-3,-2,0.0894665,FRAY 5,338,307,434,-327
-3,-3,0.0894955,FRAY 5,338,307,431,-324
-3,-3,0.0895013,FRAY 5,338,307,428,-321
-3,-3,0.0895273,FRAY 5,338,307,425,-318
-3,-2,0.0895594,FRAY 5,338,307,422,-316
-2,-2,0.0896,FRAY 5,338,307,420,-314
-3,-1,0.0896174,FRAY 5,338,307,417,-313
-2,-1,0.0896464,FRAY 5,338,307,415,-312
-1,1,0.0903779,FRAY 5,338,307,414,-313
-2,1,0.0903837,FRAY 5,338,307,412,-314
-3,1,0.0904069,FRAY 5,338,307,409,-315
-3,1,0.0904417,FRAY 5,338,307,406,-316
-3,1,0.0904649,FRAY 5,338,307,403,-317
-2,1,0.0904882,FRAY 5,338,307,401,-318
-3,2,0.090523,FRAY 5,338,307,398,-320
-2,2,0.0905288,FRAY 5,338,307,396,-322
-2,2,0.090561,FRAY 5,338,307,394,-324
-2,2,0.0905927,FRAY 5,338,307,392,-326
-2,2,0.0906101,FRAY 5,338,307,390,-328
-2,2,0.0906391,FRAY 5,338,307,388,-330
-2,2,0.0906739,FRAY 5,338,307,386,-332
-3,1,0.0906797,FRAY 5,338,307,383,-333
-3,2,0.0907029,FRAY 5,338,307,380,-335
-3,2,0.0907378,FRAY 5,338,307,377,-337
-3,2,0.090761,FRAY 5,338,307,374,-339
-3,2,0.0907842,FRAY 5,338,307,371,-341
-2,2,0.0907958,FRAY 5,338,307,369,-343
-3,3,0.090819,FRAY 5,338,307,366,-346
-2,2,0.0908423,FRAY 5,338,307,364,-348
-2,3,0.0908771,FRAY 5,338,307,362,-351
-1,2,0.0908945,FRAY 5,338,307,361,-353
-1,2,0.0909177,FRAY 5,338,307,360,-355
-1,1,0.090941,FRAY 5,338,307,359,-356
-1,1,0.0909816,FRAY 5,338,307,358,-357
-1,-1,0.0910919,FRAY 5,338,307,357,-356
-2,-1,0.0911499,FRAY 5,338,307,355,-355
-3,-2,0.0911732,FRAY 5,338,307,352,-353
-3,-2,0.0912022,FRAY 5,338,307,349,-351
-2,-2,0.0912196,FRAY 5,338,307,347,-349
-3,-2,0.0912428,FRAY 5,338,307,344,-347
-3,-2,0.0912776,FRAY 5,338,307,341,-345
-3,-2,0.0913067,FRAY 5,338,307,338,-343
-3,-2,0.0913324,FRAY 5,338,307,335,-341
-3,-1,0.0913589,FRAY 5,338,307,332,-340
-2,-1,0.0913821,FRAY 5,338,307,330,-339
-3,-1,0.0913937,FRAY 5,338,307,327,-338
-3,-1,0.0914228,FRAY 5,338,307,324,-337
-2,-1,0.0914597,FRAY 5,338,307,322,-336
-1,-1,0.101651,SAN- 6,280,234,321,-335
1,-1,0.101669,SAN- 6,280,234,322,-334
2,-1,0.101709,SAN- 6,280,234,324,-333
3,-1,0.101715,SAN- 6,280,234,327,-332
3,-2,0.101756,SAN- 6,280,234,330,-330
3,-1,0.101779,SAN- 6,280,234,333,-329
3,-2,0.101796,SAN- 6,280,234,336,-327
2,-2,0.101828,SAN- 6,280,234,338,-325
3,-2,0.10186,SAN- 6,280,234,341,-323
3,-2,0.101878,SAN- 6,280,234,344,-321
3,-2,0.101912,SAN- 6,280,234,347,-319
3,-2,0.101936,SAN- 6,280,234,350,-317
2,-2,0.101959,SAN- 6,280,234,352,-315
2,-1,0.101982,SAN- 6,280,234,354,-314
2,-1,0.102011,SAN- 6,280,234,356,-313
2,-2,0.102028,SAN- 6,280,234,358,-311
2,-4,0.102075,SAN- 6,280,234,360,-307
2,-2,0.102104,SAN- 6,280,234,362,-305
2,-2,0.102133,SAN- 6,280,234,364,-303
2,-2,0.102168,SAN- 6,280,234,366,-301
2,-1,0.102179,SAN- 6,280,234,368,-300
-1,-3,0.102197,SAN- 6,280,234,367,-297
-1,-3,0.102232,SAN- 6,280,234,366,-294
-1,-2,0.102261,SAN- 6,280,234,365,-292
-1,-2,0.102278,SAN- 6,280,234,364,-290
-1,-2,0.102307,SAN- 6,280,234,363,-288
1,-2,0.102325,SAN- 6,280,234,364,-286
1,-1,0.102359,SAN- 6,280,234,365,-285
1,-2,0.102388,SAN- 6,280,234,366,-283
1,-2,0.102406,SAN- 6,280,234,367,-281
1,-2,0.102441,SAN- 6,280,234,368,-279
1,-2,0.102464,SAN- 6,280,234,369,-277
1,-2,0.102475,SAN- 6,280,234,370,-275
1,-2,0.10251,SAN- 6,280,234,371,-273
1,-2,0.102528,SAN- 6,280,234,372,-271
1,-1,0.102557,SAN- 6,280,234,373,-270
1,-2,0.102592,SAN- 6,280,234,374,-268
1,-2,0.102609,SAN- 6,280,234,375,-266
-1,-2,0.102629,SAN- 6,280,234,374,-264
-1,-2,0.102661,SAN- 6,280,234,373,-262
-1,-2,0.102696,SAN- 6,280,234,372,-260
-1,-2,0.102713,SAN- 6,280,234,371,-258
-1,-2,0.102742,SAN- 6,280,234,370,-256
1,-1,0.102766,SAN- 6,280,234,371,-255
1,-1,0.102789,SAN- 6,280,234,372,-254
1,-1,0.102812,SAN- 6,280,234,373,-253
1,-2,0.102835,SAN- 6,280,234,374,-251
1,-2,0.102864,SAN- 6,280,234,375,-249
1,-2,0.102893,SAN- 6,280,234,376,-247
1,-2,0.102911,SAN- 6,280,234,377,-245
1,-1,0.102934,SAN- 6,280,234,378,-244
1,-2,0.102963,SAN- 6,280,234,379,-242
1,-2,0.102992,SAN- 6,280,234,380,-240
1,-2,0.103021,SAN- 6,280,234,381,-238
1,-2,0.103044,SAN- 6,280,234,382,-236
1,-2,0.103062,SAN- 6,280,234,383,-234
1,-2,0.103091,SAN- 6,280,234,384,-232
1,-2,0.10312,SAN- 6,280,234,385,-230
-1,-1,0.103143,SAN- 6,280,234,384,-229
-1,-2,0.103166,SAN- 6,280,234,383,-227
-1,-2,0.103189,SAN- 6,280,234,382,-225
-1,-2,0.103224,SAN- 6,280,234,381,-223
-1,-1,0.103248,SAN- 6,280,234,380,-222
-1,-1,0.103277,SAN- 6,280,234,379,-221
-1,-1,0.103311,SAN- 6,280,234,378,-220
-1,-1,0.103335,SAN- 6,280,234,377,-219
-1,-1,0.103387,SAN- 6,280,234,376,-218
-1,-1,0.103414,SAN- 6,280,234,375,-217
-1,-1,0.103462,SAN- 6,280,234,374,-216
-1,-1,0.103496,SAN- 6,280,234,373,-215
-2,-1,0.103515,SAN- 6,280,234,371,-214
-3,-1,0.103538,SAN- 6,280,234,368,-213
-3,-1,0.103573,SAN- 6,280,234,365,-212
-3,-2,0.103602,SAN- 6,280,234,362,-210
-4,-2,0.103613,SAN- 6,280,234,358,-208
-3,-2,0.103648,SAN- 6,280,234,355,-206
-4,-2,0.103671,SAN- 6,280,234,351,-204
-4,-2,0.103695,SAN- 6,280,234,347,-202
-4,-1,0.103724,SAN- 6,280,234,343,-201
-3,-1,0.103758,SAN- 6,280,234,340,-200
-4,-1,0.103764,SAN- 6,280,234,336,-199
-4,-1,0.103787,SAN- 6,280,234,332,-198
-4,-1,0.103822,SAN- 6,280,234,328,-197
-3,-1,0.103845,SAN- 6,280,234,325,-196
-4,-1,0.103869,SAN- 6,280,234,321,-195
-4,-1,0.103909,SAN- 6,280,234,317,-194
-4,-1,0.103915,SAN- 6,280,234,313,-193
-3,-1,0.10395,SAN- 6,280,234,310,-192
-4,-1,0.103973,SAN- 6,280,234,306,-191
-4,-1,0.103996,SAN- 6,280,234,302,-190
-3,-1,0.104025,SAN- 6,280,234,299,-189
-4,-1,0.104054,SAN- 6,280,234,295,-188
-3,-1,0.104078,SAN- 6,280,234,292,-187
-2,-1,0.104095,SAN- 6,280,234,290,-186
-1,-1,0.104147,SAN- 6,280,234,289,-185
1,-1,0.104182,SAN- 6,280,234,290,-184
1,-1,0.104211,SAN- 6,280,234,291,-183
1,-1,0.104246,SAN- 6,280,234,292,-182
1,-1,0.104275,SAN- 6,280,234,293,-181
-1,-1,0.118213,-TIA- 7,121,109,292,-180
-1,-1,0.118277,-TIA- 7,121,109,291,-179
-1,-1,0.118323,-TIA- 7,121,109,290,-178
-1,-1,0.118358,-TIA- 7,121,109,289,-177
-1,-2,0.118375,-TIA- 7,121,109,288,-175
-2,-2,0.118422,-TIA- 7,121,109,286,-173
-1,-1,0.118428,-TIA- 7,121,109,285,-172
-2,-2,0.118445,-TIA- 7,121,109,283,-170
-2,-2,0.11848,-TIA- 7,121,109,281,-168
-2,-3,0.118509,-TIA- 7,121,109,279,-165
-3,-3,0.118526,-TIA- 7,121,109,276,-162
-3,-5,0.118573,-TIA- 7,121,109,273,-157
-5,-3,0.118596,-TIA- 7,121,109,268,-154
-3,-3,0.118637,-TIA- 7,121,109,265,-151
-3,-3,0.118654,-TIA- 7,121,109,262,-148
-3,-3,0.118677,-TIA- 7,121,109,259,-145
-3,-2,0.118712,-TIA- 7,121,109,256,-143
-2,-3,0.118741,-TIA- 7,121,109,254,-140
-3,-3,0.118773,-TIA- 7,121,109,251,-137
-3,-3,0.118787,-TIA- 7,121,109,248,-134
-3,-3,0.118811,-TIA- 7,121,109,245,-131
-4,-3,0.118822,-TIA- 7,121,109,241,-128
-3,-2,0.118851,-TIA- 7,121,109,238,-126
-4,-3,0.118876,-TIA- 7,121,109,234,-123
-4,-3,0.118901,-TIA- 7,121,109,230,-120
-4,-3,0.118933,-TIA- 7,121,109,226,-117
-3,-3,0.118967,-TIA- 7,121,109,223,-114
-4,-2,0.118985,-TIA- 7,121,109,219,-112
-4,-3,0.119005,-TIA- 7,121,109,215,-109
-3,-3,0.119031,-TIA- 7,121,109,212,-106
-2,-2,0.119055,-TIA- 7,121,109,210,-104
-3,-2,0.119084,-TIA- 7,121,109,207,-102
-2,-2,0.119118,-TIA- 7,121,109,205,-100
-2,-1,0.119124,-TIA- 7,121,109,203,-99
-2,-1,0.119159,-TIA- 7,121,109,201,-98
-1,-1,0.119304,-TIA- 7,121,109,200,-97
-2,-1,0.11934,-TIA- 7,121,109,198,-96
-2,-1,0.119368,-TIA- 7,121,109,196,-95
-3,-2,0.119391,-TIA- 7,121,109,193,-93
-3,-2,0.11942,-TIA- 7,121,109,190,-91
-3,-2,0.119432,-TIA- 7,121,109,187,-89
-2,-2,0.119454,-TIA- 7,121,109,185,-87
-3,-2,0.119484,-TIA- 7,121,109,182,-85
-3,-2,0.119519,-TIA- 7,121,109,179,-83
-3,-1,0.119548,-TIA- 7,121,109,176,-82
-3,-2,0.119571,-TIA- 7,121,109,173,-80
-2,-2,0.119589,-TIA- 7,121,109,171,-78
-3,-2,0.119606,-TIA- 7,121,109,168,-76
-3,-2,0.119641,-TIA- 7,121,109,165,-74
-3,-3,0.11967,-TIA- 7,121,109,162,-71
-3,-3,0.119699,-TIA- 7,121,109,159,-68
-2,-2,0.119734,-TIA- 7,121,109,157,-66
-3,-3,0.119745,-TIA- 7,121,109,154,-63
-3,-3,0.119757,-TIA- 7,121,109,151,-60
-3,-3,0.11978,-TIA- 7,121,109,148,-57
-3,-3,0.119821,-TIA- 7,121,109,145,-54
-2,-1,0.119861,-TIA- 7,121,109,143,-53
-3,-3,0.119896,-TIA- 7,121,109,140,-50
-3,-3,0.119925,-TIA- 7,121,109,137,-47
-2,-2,0.119948,-TIA- 7,121,109,135,-45
-3,-3,0.119972,-TIA- 7,121,109,132,-42
-3,-3,0.119983,-TIA- 7,121,109,129,-39
-3,-3,0.120024,-TIA- 7,121,109,126,-36
-3,-3,0.120036,-TIA- 7,121,109,123,-33
-2,-2,0.12007,-TIA- 7,121,109,121,-31
-2,-3,0.120094,-TIA- 7,121,109,119,-28
-2,-3,0.120123,-TIA- 7,121,109,117,-25
-2,-3,0.120134,-TIA- 7,121,109,115,-22
-2,-3,0.120157,-TIA- 7,121,109,113,-19
-2,-3,0.120181,-TIA- 7,121,109,111,-16
-2,-2,0.120216,-TIA- 7,121,109,109,-14
-2,-3,0.120245,-TIA- 7,121,109,107,-11
-1,-6,0.120279,-TIA- 7,121,109,106,-5
-4,-3,0.120303,-TIA- 7,121,109,102,-2
-2,-2,0.120332,-TIA- 7,121,109,100,0
-2,-3,0.120366,-TIA- 7,121,109,98,3
-2,-3,0.12039,-TIA- 7,121,109,96,6
-3,-6,0.12043,-TIA- 7,121,109,93,12
-5,-2,0.120459,-TIA- 7,121,109,88,14
-3,-3,0.120488,-TIA- 7,121,109,85,17
-3,-3,0.120512,-TIA- 7,121,109,82,20
-3,-2,0.120541,-TIA- 7,121,109,79,22
-2,-2,0.120575,-TIA- 7,121,109,77,24
-3,-2,0.120581,-TIA- 7,121,109,74,26
-3,-2,0.120616,-TIA- 7,121,109,71,28
-3,-1,0.120645,-TIA- 7,121,109,68,29
-2,-2,0.120662,-TIA- 7,121,109,66,31
-2,-2,0.120694,-TIA- 7,121,109,64,33
-2,-2,0.120726,-TIA- 7,121,109,62,35
-1,-2,0.120732,-TIA- 7,121,109,61,37
-2,-2,0.120767,-TIA- 7,121,109,59,39
-2,-2,0.12079,-TIA- 7,121,109,57,41
-2,-2,0.120825,-TIA- 7,121,109,55,43
-2,-1,0.120848,-TIA- 7,121,109,53,44
-2,-2,0.120877,-TIA- 7,121,109,51,46
-3,-2,0.120895,-TIA- 7,121,109,48,48
-2,-2,0.120924,-TIA- 7,121,109,46,50
-3,-2,0.120941,-TIA- 7,121,109,43,52
-3,-2,0.120976,-TIA- 7,121,109,40,54
-3,-2,0.121005,-TIA- 7,121,109,37,56
-3,-2,0.121022,-TIA- 7,121,109,34,58
-2,-1,0.121051,-TIA- 7,121,109,32,59
-1,1,0.121731,-TIA- 7,121,109,31,58
-1,1,0.121789,-TIA- 7,121,109,30,57
-1,1,0.121835,-TIA- 7,121,109,29,56
-1,1,0.121853,-TIA- 7,121,109,28,55
-1,1,0.12187,-TIA- 7,121,109,27,54
-1,2,0.121887,-TIA- 7,121,109,26,52
-1,2,0.121928,-TIA- 7,121,109,25,50
-1,2,0.121951,-TIA- 7,121,109,24,48
-1,2,0.121974,-TIA- 7,121,109,23,46
-1,3,0.122003,-TIA- 7,121,109,22,43
-1,3,0.122015,-TIA- 7,121,109,21,40
-1,2,0.12205,-TIA- 7,121,109,20,38
-1,3,0.122067,-TIA- 7,121,109,19,35
-1,3,0.122102,-TIA- 7,121,109,18,32
-1,6,0.122143,-TIA- 7,121,109,17,26
-1,2,0.122172,-TIA- 7,121,109,16,24
-1,3,0.122207,-TIA- 7,121,109,15,21
-1,2,0.122236,-TIA- 7,121,109,14,19
-1,2,0.122253,-TIA- 7,121,109,13,17
-1,2,0.122288,-TIA- 7,121,109,12,15
-1,-1,0.1324,GO 8,142,496,11,16
2,-1,0.132433,GO 8,142,496,13,17
1,-2,0.132464,GO 8,142,496,14,19
3,-2,0.132499,GO 8,142,496,17,21
3,-1,0.132505,GO 8,142,496,20,22
3,-1,0.132528,GO 8,142,496,23,23
1,1,0.133341,GO 8,142,496,24,22
-1,3,0.133358,GO 8,142,496,23,19
-1,3,0.133393,GO 8,142,496,22,16
-1,3,0.133404,GO 8,142,496,21,13
-1,3,0.133428,GO 8,142,496,20,10
-1,4,0.133462,GO 8,142,496,19,6
-1,4,0.133497,GO 8,142,496,18,2
-2,4,0.13353,GO 8,142,496,16,-2
-1,7,0.133556,GO 8,142,496,15,-9
-4,4,0.133584,GO 8,142,496,11,-13
-2,4,0.133613,GO 8,142,496,9,-17
-2,3,0.133648,GO 8,142,496,7,-20
-2,4,0.13366,GO 8,142,496,5,-24
-2,4,0.133677,GO 8,142,496,3,-28
-2,4,0.1337,GO 8,142,496,1,-32
-1,3,0.133724,GO 8,142,496,0,-35
-1,4,0.133747,GO 8,142,496,-1,-39
1,4,0.133777,GO 8,142,496,0,-43
2,4,0.133793,GO 8,142,496,2,-47
2,3,0.133828,GO 8,142,496,4,-50
2,4,0.133851,GO 8,142,496,6,-54
2,4,0.133875,GO 8,142,496,8,-58
2,4,0.133898,GO 8,142,496,10,-62
2,3,0.133933,GO 8,142,496,12,-65
1,4,0.133944,GO 8,142,496,13,-69
1,4,0.133979,GO 8,142,496,14,-73
1,4,0.134002,GO 8,142,496,15,-77
-1,3,0.134026,GO 8,142,496,14,-80
-1,4,0.13406,GO 8,142,496,13,-84
-2,4,0.134084,GO 8,142,496,11,-88
-2,4,0.134101,GO 8,142,496,9,-92
-2,3,0.134124,GO 8,142,496,7,-95
-2,4,0.134153,GO 8,142,496,5,-99
-1,4,0.134177,GO 8,142,496,4,-103
-1,4,0.134211,GO 8,142,496,3,-107
-1,3,0.134235,GO 8,142,496,2,-110
-1,4,0.134252,GO 8,142,496,1,-114
-1,4,0.134275,GO 8,142,496,0,-118
1,4,0.13431,GO 8,142,496,1,-122
1,3,0.134327,GO 8,142,496,2,-125
1,4,0.134362,GO 8,142,496,3,-129
1,4,0.13438,GO 8,142,496,4,-133
1,4,0.134403,GO 8,142,496,5,-137
1,3,0.134426,GO 8,142,496,6,-140
1,4,0.134461,GO 8,142,496,7,-144
-1,4,0.134484,GO 8,142,496,6,-148
-1,4,0.134507,GO 8,142,496,5,-152
-1,3,0.134536,GO 8,142,496,4,-155
-1,4,0.134554,GO 8,142,496,3,-159
-1,4,0.134583,GO 8,142,496,2,-163
-1,4,0.134604,GO 8,142,496,1,-167
-1,3,0.134635,GO 8,142,496,0,-170
1,4,0.134658,GO 8,142,496,1,-174
1,4,0.134682,GO 8,142,496,2,-178
1,4,0.134699,GO 8,142,496,3,-182
1,3,0.134722,GO 8,142,496,4,-185
2,4,0.134745,GO 8,142,496,6,-189
2,4,0.134774,GO 8,142,496,8,-193
2,4,0.134798,GO 8,142,496,10,-197
2,3,0.134832,GO 8,142,496,12,-200
2,4,0.13485,GO 8,142,496,14,-204
1,4,0.134873,GO 8,142,496,15,-208
2,4,0.134896,GO 8,142,496,17,-212
2,3,0.13492,GO 8,142,496,19,-215
2,4,0.134954,GO 8,142,496,21,-219
2,4,0.134978,GO 8,142,496,23,-223
2,4,0.135001,GO 8,142,496,25,-227
2,3,0.135024,GO 8,142,496,27,-230
1,4,0.135047,GO 8,142,496,28,-234
1,4,0.13507,GO 8,142,496,29,-238
1,4,0.135105,GO 8,142,496,30,-242
1,3,0.135129,GO 8,142,496,31,-245
1,4,0.135152,GO 8,142,496,32,-249
1,4,0.135181,GO 8,142,496,33,-253
1,4,0.135198,GO 8,142,496,34,-257
1,3,0.135233,GO 8,142,496,35,-260
1,4,0.135256,GO 8,142,496,36,-264
2,4,0.135286,GO 8,142,496,38,-268
2,4,0.135303,GO 8,142,496,40,-272
2,3,0.135332,GO 8,142,496,42,-275
2,4,0.135355,GO 8,142,496,44,-279
1,4,0.135384,GO 8,142,496,45,-283
2,4,0.135407,GO 8,142,496,47,-287
2,3,0.135436,GO 8,142,496,49,-290
2,4,0.135459,GO 8,142,496,51,-294
2,4,0.135483,GO 8,142,496,53,-298
2,4,0.135506,GO 8,142,496,55,-302
2,3,0.135538,GO 8,142,496,57,-305
2,4,0.13557,GO 8,142,496,59,-309
1,4,0.135587,GO 8,142,496,60,-313
2,4,0.13561,GO 8,142,496,62,-317
2,3,0.135634,GO 8,142,496,64,-320
2,4,0.135657,GO 8,142,496,66,-324
2,4,0.13568,GO 8,142,496,68,-328
2,4,0.135713,GO 8,142,496,70,-332
2,3,0.135726,GO 8,142,496,72,-335
2,4,0.135761,GO 8,142,496,74,-339
1,4,0.135784,GO 8,142,496,75,-343
2,4,0.135808,GO 8,142,496,77,-347
1,3,0.135831,GO 8,142,496,78,-350
1,4,0.135866,GO 8,142,496,79,-354
1,4,0.135883,GO 8,142,496,80,-358
1,4,0.135912,GO 8,142,496,81,-362
1,3,0.135935,GO 8,142,496,82,-365
1,4,0.135959,GO 8,142,496,83,-369
1,4,0.135982,GO 8,142,496,84,-373
1,4,0.136017,GO 8,142,496,85,-377
1,3,0.136034,GO 8,142,496,86,-380
1,4,0.136057,GO 8,142,496,87,-384
1,4,0.136086,GO 8,142,496,88,-388
1,4,0.13611,GO 8,142,496,89,-392
1,3,0.136138,GO 8,142,496,90,-395
1,4,0.136168,GO 8,142,496,91,-399
1,4,0.136185,GO 8,142,496,92,-403
1,4,0.136208,GO 8,142,496,93,-407
1,3,0.136243,GO 8,142,496,94,-410
1,4,0.136266,GO 8,142,496,95,-414
1,4,0.136295,GO 8,142,496,96,-418
1,4,0.136319,GO 8,142,496,97,-422
-1,3,0.136336,GO 8,142,496,96,-425
-1,4,0.136359,GO 8,142,496,95,-429
-1,4,0.136382,GO 8,142,496,94,-433
-1,4,0.136417,GO 8,142,496,93,-437
-1,3,0.136446,GO 8,142,496,92,-440
-1,4,0.136481,GO 8,142,496,91,-444
-1,4,0.136493,GO 8,142,496,90,-448
-1,4,0.13651,GO 8,142,496,89,-452
-1,3,0.136539,GO 8,142,496,88,-455
-1,4,0.136568,GO 8,142,496,87,-459
-1,4,0.136599,GO 8,142,496,86,-463
-1,4,0.136615,GO 8,142,496,85,-467
-1,3,0.136638,GO 8,142,496,84,-470
-1,4,0.136661,GO 8,142,496,83,-474
-1,4,0.136696,GO 8,142,496,82,-478
-1,4,0.136719,GO 8,142,496,81,-482
-1,3,0.136754,GO 8,142,496,80,-485
-1,4,0.136766,GO 8,142,496,79,-489
-1,4,0.136795,GO 8,142,496,78,-493
-1,4,0.136818,GO 8,142,496,77,-497
-1,3,0.136847,GO 8,142,496,76,-500
-1,4,0.136882,GO 8,142,496,75,-504
-2,4,0.136899,GO 8,142,496,73,-508
-2,4,0.136911,GO 8,142,496,71,-512
-2,3,0.136934,GO 8,142,496,69,-515
-2,4,0.136957,GO 8,142,496,67,-519
-2,4,0.13699,GO 8,142,496,65,-523
-1,4,0.137021,GO 8,142,496,64,-527
-2,3,0.137044,GO 8,142,496,62,-530
-2,4,0.137062,GO 8,142,496,60,-534
-2,4,0.137085,GO 8,142,496,58,-538
-2,4,0.137108,GO 8,142,496,56,-542
-2,3,0.137131,GO 8,142,496,54,-545
-2,4,0.137172,GO 8,142,496,52,-549
-1,4,0.137183,GO 8,142,496,51,-553
-2,4,0.137213,GO 8,142,496,49,-557
-2,3,0.137236,GO 8,142,496,47,-560
-2,4,0.137259,GO 8,142,496,45,-564
-2,4,0.137288,GO 8,142,496,43,-568
-2,4,0.137317,GO 8,142,496,41,-572
-2,3,0.137334,GO 8,142,496,39,-575
-2,4,0.137363,GO 8,142,496,37,-579
-1,3,0.137387,GO 8,142,496,36,-582
-2,3,0.137416,GO 8,142,496,34,-585
-2,3,0.137439,GO 8,142,496,32,-588
-2,3,0.137468,GO 8,142,496,30,-591
-2,3,0.137485,GO 8,142,496,28,-594
-2,2,0.137509,GO 8,142,496,26,-596
-2,3,0.137538,GO 8,142,496,24,-599
-1,3,0.137567,GO 8,142,496,23,-602
-1,3,0.13759,GO 8,142,496,22,-605
-1,3,0.137619,GO 8,142,496,21,-608
-1,1,0.137636,GO 8,142,496,20,-609
-1,2,0.13766,GO 8,142,496,19,-611
-1,1,0.137694,GO 8,142,496,18,-612
-1,1,0.137718,GO 8,142,496,17,-613
-1,1,0.137741,GO 8,142,496,16,-614
-1,-1,0.137892,GO 8,142,496,15,-613
-1,-1,0.137938,GO 8,142,496,14,-612
1,-1,0.137961,GO 8,142,496,15,-611
1,-1,0.13799,GO 8,142,496,16,-610
1,-1,0.138019,GO 8,142,496,17,-609
1,-1,0.138077,GO 8,142,496,18,-608
2,-1,0.138095,GO 8,142,496,20,-607
2,-1,0.138118,GO 8,142,496,22,-606
1,-1,0.138141,GO 8,142,496,23,-605
1,-1,0.13817,GO 8,142,496,24,-604
1,-1,0.138205,GO 8,142,496,25,-603
1,-2,0.13824,GO 8,142,496,26,-601
1,-2,0.138269,GO 8,142,496,27,-599
1,-2,0.138292,GO 8,142,496,28,-597
1,-2,0.138321,GO 8,142,496,29,-595
1,-2,0.138356,GO 8,142,496,30,-593
1,-2,0.138385,GO 8,142,496,31,-591
1,-1,0.138397,GO 8,142,496,32,-590
1,-2,0.13842,GO 8,142,496,33,-588
1,-2,0.138443,GO 8,142,496,34,-586
1,-2,0.138466,GO 8,142,496,35,-584
1,-2,0.13849,GO 8,142,496,36,-582
1,-2,0.138541,GO 8,142,496,37,-580
1,-1,0.138548,GO 8,142,496,38,-579
1,-3,0.143499,GO 8,142,496,39,-576
7,-2,0.143499,GO 8,142,496,46,-574
8,-3,0.143523,GO 8,142,496,54,-571
9,-1,0.14354,GO 8,142,496,63,-570
9,-2,0.143546,GO 8,142,496,72,-568
9,-1,0.143569,GO 8,142,496,81,-567
5,1,0.14361,GO 8,142,496,86,-568
4,1,0.143627,GO 8,142,496,90,-569
2,-1,0.143865,GO 8,142,496,92,-568
7,1,0.143923,GO 8,142,496,99,-569
9,1,0.143935,GO 8,142,496,108,-570
8,2,0.143946,GO 8,142,496,116,-572
9,2,0.143962,GO 8,142,496,125,-574
9,5,0.143993,GO 8,142,496,134,-579
19,5,0.144016,GO 8,142,496,153,-584
14,1,0.144255,GO 8,142,496,167,-585
5,1,0.144289,GO 8,142,496,172,-586
6,1,0.144295,GO 8,142,496,178,-587
7,1,0.144312,GO 8,142,496,185,-588
