dX,dY,WHEN,SYLLABLE,X,Y,cX,cY
-1,-1,0.0425854,Yield,0,0,-1,1
-1,-1,0.0426376,Yield,0,0,-2,2
-1,-1,0.0426667,Yield,0,0,-3,3
-1,-2,0.0426899,Yield,0,0,-4,5
-1,-2,0.0427189,Yield,0,0,-5,7
-1,-1,0.0427421,Yield,0,0,-6,8
-1,-1,0.0427595,Yield,0,0,-7,9
-1,-1,0.0428176,Yield,0,0,-8,10
-1,-2,0.0428524,Yield,0,0,-9,12
-1,-1,0.0429144,Yield,0,0,-10,13
-3,1,0.0433865,Yield,0,0,-13,12
-2,2,0.0434213,Yield,0,0,-15,10
-6,1,0.0434445,Yield,0,0,-21,9
-2,1,0.0434736,Yield,0,0,-23,8
-2,1,0.0434968,Yield,0,0,-25,7
-2,1,0.0435142,Yield,0,0,-27,6
-2,1,0.0435722,Yield,0,0,-29,5
-1,1,0.0436013,Yield,0,0,-30,4
-1,1,0.0436303,Yield,0,0,-31,3
-1,2,0.0436709,Yield,0,0,-32,1
-2,1,0.0437174,Yield,0,0,-34,0
-1,1,0.0437522,Yield,0,0,-35,-1
-1,1,0.0437812,Yield,0,0,-36,-2
-1,1,0.0437928,Yield,0,0,-37,-3
-2,1,0.0438161,Yield,0,0,-39,-4
-2,-1,0.0443037,Yield,0,0,-41,-3
-2,-1,0.0443153,Yield,0,0,-43,-2
-2,-1,0.0443388,Yield,0,0,-45,-1
-2,-1,0.0443559,Yield,0,0,-47,0
-2,-1,0.0443878,Yield,0,0,-49,1
-2,-1,0.0444024,Yield,0,0,-51,2
-1,-2,0.0444372,Yield,0,0,-52,4
-3,-2,0.0444488,Yield,0,0,-55,6
-3,-1,0.0444604,Yield,0,0,-58,7
-3,-2,0.044501,Yield,0,0,-61,9
-3,-2,0.0445127,Yield,0,0,-64,11
-3,-3,0.0445312,Yield,0,0,-67,14
-2,-3,0.0445707,Yield,0,0,-69,17
-3,-3,0.0445939,Yield,0,0,-72,20
-3,-2,0.0446171,Yield,0,0,-75,22
-3,-3,0.0446462,Yield,0,0,-78,25
-2,-3,0.0446578,Yield,0,0,-80,28
-2,-3,0.044681,Yield,0,0,-82,31
-1,-2,0.04471,Yield,0,0,-83,33
-2,-2,0.0447274,Yield,0,0,-85,35
-1,-2,0.0447565,Yield,0,0,-86,37
-1,-1,0.0447855,Yield,0,0,-87,38
-1,-2,0.0448087,Yield,0,0,-88,40
-1,-2,0.0448493,Yield,0,0,-89,42
-1,-2,0.0448784,Yield,0,0,-90,44
-2,-1,0.0449074,Yield,0,0,-92,45
-1,-1,0.0449364,Yield,0,0,-93,46
1,1,0.045424,Yield,0,0,-92,45
1,1,0.0454473,Yield,0,0,-91,44
1,1,0.0454763,Yield,0,0,-90,43
1,2,0.0455111,Yield,0,0,-89,41
1,2,0.0455169,Yield,0,0,-88,39
1,1,0.0455401,Yield,0,0,-87,38
1,2,0.0455808,Yield,0,0,-86,36
1,2,0.045604,Yield,0,0,-85,34
1,2,0.0456388,Yield,0,0,-84,32
1,1,0.0457027,Yield,0,0,-83,31
1,1,0.0457201,Yield,0,0,-82,30
1,1,0.0568018,FRAY 1,87,416,-81,29
-1,2,0.0568773,FRAY 1,87,416,-82,27
-1,2,0.0568831,FRAY 1,87,416,-83,25
-1,2,0.0569063,FRAY 1,87,416,-84,23
-1,3,0.0569411,FRAY 1,87,416,-85,20
-1,3,0.0569702,FRAY 1,87,416,-86,17
-1,2,0.0569992,FRAY 1,87,416,-87,15
-1,8,0.057034,FRAY 1,87,416,-88,7
-2,4,0.0570688,FRAY 1,87,416,-90,3
-1,3,0.0570921,FRAY 1,87,416,-91,0
-2,8,0.0571211,FRAY 1,87,416,-93,-8
-3,4,0.0571559,FRAY 1,87,416,-96,-12
-2,3,0.0571791,FRAY 1,87,416,-98,-15
-2,4,0.0572082,FRAY 1,87,416,-100,-19
-2,4,0.057243,FRAY 1,87,416,-102,-23
-1,4,0.0572546,FRAY 1,87,416,-103,-27
-1,3,0.0572737,FRAY 1,87,416,-104,-30
-1,4,0.0573068,FRAY 1,87,416,-105,-34
-1,4,0.0573417,FRAY 1,87,416,-106,-38
-1,4,0.0573707,FRAY 1,87,416,-107,-42
-2,3,0.0573765,FRAY 1,87,416,-109,-45
-1,4,0.0574113,FRAY 1,87,416,-110,-49
-2,4,0.0574288,FRAY 1,87,416,-112,-53
-2,4,0.057452,FRAY 1,87,416,-114,-57
-2,3,0.0574926,FRAY 1,87,416,-116,-60
-2,4,0.0575216,FRAY 1,87,416,-118,-64
-3,4,0.0575332,FRAY 1,87,416,-121,-68
-3,4,0.0575565,FRAY 1,87,416,-124,-72
-2,2,0.0575855,FRAY 1,87,416,-126,-74
-3,3,0.0576261,FRAY 1,87,416,-129,-77
-4,6,0.057661,FRAY 1,87,416,-133,-83
-7,3,0.05769,FRAY 1,87,416,-140,-86
-4,3,0.0577248,FRAY 1,87,416,-144,-89
-4,6,0.0577538,FRAY 1,87,416,-148,-95
-7,4,0.0577945,FRAY 1,87,416,-155,-99
-1,4,0.0578177,FRAY 1,87,416,-156,-103
-1,3,0.0578351,FRAY 1,87,416,-157,-106
-1,4,0.0578757,FRAY 1,87,416,-158,-110
1,4,0.0578873,FRAY 1,87,416,-157,-114
1,4,0.0579048,FRAY 1,87,416,-156,-118
1,3,0.0579396,FRAY 1,87,416,-155,-121
2,4,0.0579628,FRAY 1,87,416,-153,-125
2,4,0.057986,FRAY 1,87,416,-151,-129
1,4,0.0580209,FRAY 1,87,416,-150,-133
1,3,0.0580325,FRAY 1,87,416,-149,-136
1,4,0.0580557,FRAY 1,87,416,-148,-140
1,4,0.0580905,FRAY 1,87,416,-147,-144
1,4,0.0581254,FRAY 1,87,416,-146,-148
1,3,0.0581544,FRAY 1,87,416,-145,-151
1,4,0.0581544,FRAY 1,87,416,-144,-155
1,4,0.0581776,FRAY 1,87,416,-143,-159
1,4,0.0582008,FRAY 1,87,416,-142,-163
1,3,0.0582356,FRAY 1,87,416,-141,-166
1,4,0.0582473,FRAY 1,87,416,-140,-170
1,4,0.0582821,FRAY 1,87,416,-139,-174
1,4,0.0583053,FRAY 1,87,416,-138,-178
1,3,0.0583285,FRAY 1,87,416,-137,-181
1,4,0.0583633,FRAY 1,87,416,-136,-185
1,4,0.0583924,FRAY 1,87,416,-135,-189
2,4,0.058404,FRAY 1,87,416,-133,-193
1,3,0.058433,FRAY 1,87,416,-132,-196
2,4,0.0584678,FRAY 1,87,416,-130,-200
2,4,0.0584795,FRAY 1,87,416,-128,-204
3,4,0.0585143,FRAY 1,87,416,-125,-208
3,3,0.058531,FRAY 1,87,416,-122,-211
3,4,0.0585549,FRAY 1,87,416,-119,-215
2,4,0.0585781,FRAY 1,87,416,-117,-219
3,4,0.0586072,FRAY 1,87,416,-114,-223
3,3,0.058642,FRAY 1,87,416,-111,-226
2,4,0.0586652,FRAY 1,87,416,-109,-230
2,4,0.0586826,FRAY 1,87,416,-107,-234
2,4,0.0587059,FRAY 1,87,416,-105,-238
1,3,0.0587291,FRAY 1,87,416,-104,-241
1,4,0.0587639,FRAY 1,87,416,-103,-245
1,4,0.0587929,FRAY 1,87,416,-102,-249
1,4,0.0588278,FRAY 1,87,416,-101,-253
1,3,0.0588336,FRAY 1,87,416,-100,-256
1,4,0.0588684,FRAY 1,87,416,-99,-260
1,4,0.0588742,FRAY 1,87,416,-98,-264
1,4,0.0589069,FRAY 1,87,416,-97,-268
-1,3,0.058938,FRAY 1,87,416,-98,-271
-1,4,0.0589555,FRAY 1,87,416,-99,-275
-1,4,0.0589787,FRAY 1,87,416,-100,-279
-2,4,0.0590019,FRAY 1,87,416,-102,-283
-2,3,0.0590367,FRAY 1,87,416,-104,-286
-1,4,0.05906,FRAY 1,87,416,-105,-290
-1,4,0.059089,FRAY 1,87,416,-106,-294
-1,4,0.0591064,FRAY 1,87,416,-107,-298
-1,3,0.0591354,FRAY 1,87,416,-108,-301
1,4,0.0591528,FRAY 1,87,416,-107,-305
1,4,0.0591877,FRAY 1,87,416,-106,-309
2,4,0.0592047,FRAY 1,87,416,-104,-313
2,3,0.0592283,FRAY 1,87,416,-102,-316
2,4,0.0592573,FRAY 1,87,416,-100,-320
1,4,0.0592805,FRAY 1,87,416,-99,-324
3,4,0.0593096,FRAY 1,87,416,-96,-328
3,3,0.0593386,FRAY 1,87,416,-93,-331
3,4,0.0593734,FRAY 1,87,416,-90,-335
3,4,0.0593792,FRAY 1,87,416,-87,-339
2,4,0.0594141,FRAY 1,87,416,-85,-343
2,3,0.0594373,FRAY 1,87,416,-83,-346
2,4,0.0594605,FRAY 1,87,416,-81,-350
2,4,0.0594837,FRAY 1,87,416,-79,-354
2,4,0.0595069,FRAY 1,87,416,-77,-358
2,3,0.0595302,FRAY 1,87,416,-75,-361
2,4,0.0595534,FRAY 1,87,416,-73,-365
2,4,0.0595882,FRAY 1,87,416,-71,-369
1,4,0.0596114,FRAY 1,87,416,-70,-373
2,3,0.0596405,FRAY 1,87,416,-68,-376
2,4,0.0596579,FRAY 1,87,416,-66,-380
2,4,0.0596811,FRAY 1,87,416,-64,-384
2,4,0.0597043,FRAY 1,87,416,-62,-388
2,3,0.0597391,FRAY 1,87,416,-60,-391
2,4,0.0597624,FRAY 1,87,416,-58,-395
2,4,0.0597972,FRAY 1,87,416,-56,-399
1,4,0.0598146,FRAY 1,87,416,-55,-403
2,3,0.059832,FRAY 1,87,416,-53,-406
2,4,0.059861,FRAY 1,87,416,-51,-410
2,4,0.0598901,FRAY 1,87,416,-49,-414
2,4,0.0599249,FRAY 1,87,416,-47,-418
2,3,0.0599365,FRAY 1,87,416,-45,-421
2,4,0.0599655,FRAY 1,87,416,-43,-425
2,4,0.0599888,FRAY 1,87,416,-41,-429
1,4,0.060012,FRAY 1,87,416,-40,-433
2,3,0.060041,FRAY 1,87,416,-38,-436
2,4,0.06007,FRAY 1,87,416,-36,-440
2,4,0.060099,FRAY 1,87,416,-34,-444
2,4,0.0601107,FRAY 1,87,416,-32,-448
2,3,0.0601339,FRAY 1,87,416,-30,-451
2,4,0.0601571,FRAY 1,87,416,-28,-455
2,4,0.0601919,FRAY 1,87,416,-26,-459
1,4,0.0602151,FRAY 1,87,416,-25,-463
2,3,0.06025,FRAY 1,87,416,-23,-466
2,4,0.0602674,FRAY 1,87,416,-21,-470
2,4,0.0602906,FRAY 1,87,416,-19,-474
2,4,0.0603196,FRAY 1,87,416,-17,-478
2,3,0.0603545,FRAY 1,87,416,-15,-481
2,4,0.0603661,FRAY 1,87,416,-13,-485
2,4,0.0604009,FRAY 1,87,416,-11,-489
1,1,0.0604183,FRAY 1,87,416,-10,-490
2,4,0.0604415,FRAY 1,87,416,-8,-494
2,4,0.0604706,FRAY 1,87,416,-6,-498
2,3,0.0604938,FRAY 1,87,416,-4,-501
2,4,0.0605228,FRAY 1,87,416,-2,-505
2,4,0.0605518,FRAY 1,87,416,0,-509
2,4,0.0605693,FRAY 1,87,416,2,-513
1,3,0.0605925,FRAY 1,87,416,3,-516
2,4,0.0606157,FRAY 1,87,416,5,-520
2,4,0.0606502,FRAY 1,87,416,7,-524
2,4,0.0606737,FRAY 1,87,416,9,-528
2,3,0.0606912,FRAY 1,87,416,11,-531
2,4,0.0607202,FRAY 1,87,416,13,-535
2,4,0.0607434,FRAY 1,87,416,15,-539
2,4,0.0607666,FRAY 1,87,416,17,-543
1,3,0.0608015,FRAY 1,87,416,18,-546
2,8,0.0608421,FRAY 1,87,416,20,-554
4,3,0.0608711,FRAY 1,87,416,24,-557
1,2,0.0608943,FRAY 1,87,416,25,-559
1,1,0.0609176,FRAY 1,87,416,26,-560
1,2,0.0609524,FRAY 1,87,416,27,-562
1,1,0.0609814,FRAY 1,87,416,28,-563
1,1,0.060993,FRAY 1,87,416,29,-564
1,1,0.0610484,FRAY 1,87,416,30,-565
1,1,0.0613421,FRAY 1,87,416,31,-566
-1,1,0.0613994,FRAY 1,87,416,30,-567
-1,1,0.06144,FRAY 1,87,416,29,-568
1,1,0.0620147,FRAY 1,87,416,30,-569
1,1,0.0620379,FRAY 1,87,416,31,-570
1,-1,0.0624152,FRAY 1,87,416,32,-569
1,-1,0.0624791,FRAY 1,87,416,33,-568
1,-1,0.0624965,FRAY 1,87,416,34,-567
1,-1,0.0625429,FRAY 1,87,416,35,-566
1,-1,0.0625734,FRAY 1,87,416,36,-565
1,1,0.0629087,FRAY 1,87,416,37,-566
1,1,0.0629203,FRAY 1,87,416,38,-567
1,1,0.0629725,FRAY 1,87,416,39,-568
1,1,0.063019,FRAY 1,87,416,40,-569
1,1,0.0630538,FRAY 1,87,416,41,-570
1,1,0.0630712,FRAY 1,87,416,42,-571
1,1,0.0632802,FRAY 1,87,416,43,-572
1,1,0.0633266,FRAY 1,87,416,44,-573
1,1,0.0633731,FRAY 1,87,416,45,-574
1,1,0.0634021,FRAY 1,87,416,46,-575
1,1,0.0634543,FRAY 1,87,416,47,-576
1,1,0.0634776,FRAY 1,87,416,48,-577
1,1,0.0635298,FRAY 1,87,416,49,-578
1,1,0.063553,FRAY 1,87,416,50,-579
1,1,0.0636053,FRAY 1,87,416,51,-580
1,1,0.0636325,FRAY 1,87,416,52,-581
1,1,0.0636633,FRAY 1,87,416,53,-582
1,1,0.0636924,FRAY 1,87,416,54,-583
1,1,0.0637039,FRAY 1,87,416,55,-584
1,2,0.0637272,FRAY 1,87,416,56,-586
1,2,0.063762,FRAY 1,87,416,57,-588
2,2,0.0637852,FRAY 1,87,416,59,-590
2,2,0.0638142,FRAY 1,87,416,61,-592
2,2,0.0638433,FRAY 1,87,416,63,-594
2,2,0.0638549,FRAY 1,87,416,65,-596
2,2,0.0638781,FRAY 1,87,416,67,-598
2,1,0.0639013,FRAY 1,87,416,69,-599
2,1,0.0639361,FRAY 1,87,416,71,-600
2,1,0.0639652,FRAY 1,87,416,73,-601
1,1,0.0639942,FRAY 1,87,416,74,-602
1,1,0.0640058,FRAY 1,87,416,75,-603
1,1,0.0640639,FRAY 1,87,416,76,-604
3,1,0.0727539,SAN- 2,387,311,79,-605
3,1,0.0727829,SAN- 2,387,311,82,-606
2,1,0.0728004,SAN- 2,387,311,84,-607
2,1,0.0728236,SAN- 2,387,311,86,-608
2,1,0.0728468,SAN- 2,387,311,88,-609
2,2,0.07287,SAN- 2,387,311,90,-611
2,1,0.072899,SAN- 2,387,311,92,-612
2,2,0.0729281,SAN- 2,387,311,94,-614
2,2,0.0729455,SAN- 2,387,311,96,-616
1,2,0.0729687,SAN- 2,387,311,97,-618
2,2,0.0729919,SAN- 2,387,311,99,-620
2,2,0.0730268,SAN- 2,387,311,101,-622
2,2,0.07305,SAN- 2,387,311,103,-624
1,2,0.073079,SAN- 2,387,311,104,-626
1,1,0.0730964,SAN- 2,387,311,105,-627
1,2,0.0731196,SAN- 2,387,311,106,-629
1,2,0.0731429,SAN- 2,387,311,107,-631
1,2,0.0731777,SAN- 2,387,311,108,-633
2,2,0.0732009,SAN- 2,387,311,110,-635
2,2,0.0732183,SAN- 2,387,311,112,-637
1,2,0.0732473,SAN- 2,387,311,113,-639
2,2,0.0732706,SAN- 2,387,311,115,-641
2,1,0.0732996,SAN- 2,387,311,117,-642
2,1,0.0733634,SAN- 2,387,311,119,-643
3,-1,0.0734795,SAN- 2,387,311,122,-642
3,-1,0.0735202,SAN- 2,387,311,125,-641
3,-1,0.0735434,SAN- 2,387,311,128,-640
2,-1,0.0735782,SAN- 2,387,311,130,-639
3,-1,0.0736015,SAN- 2,387,311,133,-638
2,-1,0.0736305,SAN- 2,387,311,135,-637
2,-1,0.0736653,SAN- 2,387,311,137,-636
2,-1,0.0736769,SAN- 2,387,311,139,-635
2,-1,0.0736943,SAN- 2,387,311,141,-634
2,-1,0.0737292,SAN- 2,387,311,143,-633
1,-1,0.0737524,SAN- 2,387,311,144,-632
2,1,0.0742632,SAN- 2,387,311,146,-633
2,1,0.0742806,SAN- 2,387,311,148,-634
1,1,0.0743039,SAN- 2,387,311,149,-635
3,-1,0.0745477,SAN- 2,387,311,152,-634
3,-1,0.0745709,SAN- 2,387,311,155,-633
3,-1,0.0745883,SAN- 2,387,311,158,-632
2,-1,0.0746057,SAN- 2,387,311,160,-631
3,-2,0.0746347,SAN- 2,387,311,163,-629
3,-2,0.074658,SAN- 2,387,311,166,-627
2,-1,0.0746812,SAN- 2,387,311,168,-626
2,-2,0.0747276,SAN- 2,387,311,170,-624
2,-2,0.0747392,SAN- 2,387,311,172,-622
2,-2,0.0747624,SAN- 2,387,311,174,-620
1,-2,0.0747857,SAN- 2,387,311,175,-618
2,-2,0.0748089,SAN- 2,387,311,177,-616
2,-2,0.0748495,SAN- 2,387,311,179,-614
2,-2,0.0748727,SAN- 2,387,311,181,-612
2,-1,0.074896,SAN- 2,387,311,183,-611
2,-2,0.0749134,SAN- 2,387,311,185,-609
2,-2,0.0749366,SAN- 2,387,311,187,-607
2,-2,0.0749598,SAN- 2,387,311,189,-605
1,-2,0.0749946,SAN- 2,387,311,190,-603
1,-2,0.0750063,SAN- 2,387,311,191,-601
1,-4,0.0750643,SAN- 2,387,311,192,-597
2,-1,0.0750875,SAN- 2,387,311,194,-596
1,-1,0.0751107,SAN- 2,387,311,195,-595
1,-1,0.0751398,SAN- 2,387,311,196,-594
1,-1,0.075163,SAN- 2,387,311,197,-593
1,-1,0.0752094,SAN- 2,387,311,198,-592
1,-1,0.0752152,SAN- 2,387,311,199,-591
1,-1,0.0752641,SAN- 2,387,311,200,-590
1,-1,0.0754823,SAN- 2,387,311,201,-589
1,-1,0.0754881,SAN- 2,387,311,202,-588
1,-1,0.0755217,SAN- 2,387,311,203,-587
1,-1,0.0755693,SAN- 2,387,311,204,-586
1,-1,0.0756042,SAN- 2,387,311,205,-585
1,-1,0.0756332,SAN- 2,387,311,206,-584
1,-1,0.075639,SAN- 2,387,311,207,-583
1,-1,0.0756971,SAN- 2,387,311,208,-582
1,-1,0.0757261,SAN- 2,387,311,209,-581
1,-1,0.0757435,SAN- 2,387,311,210,-580
1,-1,0.0757841,SAN- 2,387,311,211,-579
1,-1,0.0757899,SAN- 2,387,311,212,-578
1,-1,0.0760221,SAN- 2,387,311,213,-577
1,-1,0.0760512,SAN- 2,387,311,214,-576
1,-1,0.0760802,SAN- 2,387,311,215,-575
1,-1,0.0761208,SAN- 2,387,311,216,-574
1,-1,0.076144,SAN- 2,387,311,217,-573
2,-1,0.0763298,SAN- 2,387,311,219,-572
1,-1,0.0763588,SAN- 2,387,311,220,-571
2,-1,0.0763878,SAN- 2,387,311,222,-570
2,-1,0.0763995,SAN- 2,387,311,224,-569
2,-1,0.0764227,SAN- 2,387,311,226,-568
2,-1,0.0764459,SAN- 2,387,311,228,-567
2,-1,0.0764807,SAN- 2,387,311,230,-566
2,-1,0.0765098,SAN- 2,387,311,232,-565
2,-1,0.0765272,SAN- 2,387,311,234,-564
2,-1,0.0765736,SAN- 2,387,311,236,-563
2,-1,0.0765968,SAN- 2,387,311,238,-562
2,-1,0.0766317,SAN- 2,387,311,240,-561
2,-1,0.0766491,SAN- 2,387,311,242,-560
2,-1,0.0766955,SAN- 2,387,311,244,-559
2,-1,0.0767013,SAN- 2,387,311,246,-558
2,-1,0.0767245,SAN- 2,387,311,248,-557
1,-1,0.0767594,SAN- 2,387,311,249,-556
2,-1,0.0767768,SAN- 2,387,311,251,-555
2,-1,0.0768058,SAN- 2,387,311,253,-554
2,-1,0.0768392,SAN- 2,387,311,255,-553
2,-1,0.0768522,SAN- 2,387,311,257,-552
2,-1,0.0768755,SAN- 2,387,311,259,-551
2,-1,0.0769103,SAN- 2,387,311,261,-550
2,-1,0.0769277,SAN- 2,387,311,263,-549
2,-1,0.0769916,SAN- 2,387,311,265,-548
2,-1,0.077009,SAN- 2,387,311,267,-547
2,-1,0.0770322,SAN- 2,387,311,269,-546
2,-1,0.0770612,SAN- 2,387,311,271,-545
3,1,0.0772296,SAN- 2,387,311,274,-546
3,1,0.0772643,SAN- 2,387,311,277,-547
2,1,0.077276,SAN- 2,387,311,279,-548
3,-1,0.0774792,SAN- 2,387,311,282,-547
3,-1,0.0775024,SAN- 2,387,311,285,-546
2,-1,0.0775314,SAN- 2,387,311,287,-545
3,-1,0.0775663,SAN- 2,387,311,290,-544
3,-1,0.0775721,SAN- 2,387,311,293,-543
3,-1,0.0775953,SAN- 2,387,311,296,-542
3,-1,0.0776301,SAN- 2,387,311,299,-541
3,-1,0.0776533,SAN- 2,387,311,302,-540
1,-1,0.0776882,SAN- 2,387,311,303,-539
2,-1,0.0777172,SAN- 2,387,311,305,-538
2,-1,0.0777288,SAN- 2,387,311,307,-537
2,-1,0.077752,SAN- 2,387,311,309,-536
2,-1,0.0777752,SAN- 2,387,311,311,-535
2,-1,0.0778043,SAN- 2,387,311,313,-534
2,-1,0.07817,SAN- 2,387,311,315,-533
2,-1,0.0781816,SAN- 2,387,311,317,-532
1,-1,0.0782048,SAN- 2,387,311,318,-531
1,-1,0.0782338,SAN- 2,387,311,319,-530
1,-1,0.0782745,SAN- 2,387,311,320,-529
1,-1,0.0782938,SAN- 2,387,311,321,-528
2,-1,0.0783209,SAN- 2,387,311,323,-527
2,-1,0.0783325,SAN- 2,387,311,325,-526
2,-1,0.0783615,SAN- 2,387,311,327,-525
2,-1,0.0784138,SAN- 2,387,311,329,-524
1,-1,0.0784312,SAN- 2,387,311,330,-523
2,-1,0.078466,SAN- 2,387,311,332,-522
2,-1,0.0784776,SAN- 2,387,311,334,-521
2,-1,0.0785009,SAN- 2,387,311,336,-520
2,-1,0.0785299,SAN- 2,387,311,338,-519
2,-1,0.0785589,SAN- 2,387,311,340,-518
2,-1,0.0785821,SAN- 2,387,311,342,-517
1,-1,0.078617,SAN- 2,387,311,343,-516
1,-1,0.0786576,SAN- 2,387,311,344,-515
1,-1,0.0786808,SAN- 2,387,311,345,-514
1,-1,0.0787098,SAN- 2,387,311,346,-513
2,-1,0.0795574,SAN- 2,387,311,348,-512
2,-1,0.0795864,SAN- 2,387,311,350,-511
2,-1,0.0796328,SAN- 2,387,311,352,-510
1,-1,0.0796444,SAN- 2,387,311,353,-509
2,-1,0.0796619,SAN- 2,387,311,355,-508
2,-1,0.0796851,SAN- 2,387,311,357,-507
2,-1,0.0797083,SAN- 2,387,311,359,-506
2,-1,0.0797315,SAN- 2,387,311,361,-505
2,-1,0.0797663,SAN- 2,387,311,363,-504
2,-2,0.079807,SAN- 2,387,311,365,-502
3,-1,0.0798302,SAN- 2,387,311,368,-501
2,-1,0.0798534,SAN- 2,387,311,370,-500
2,-1,0.0798824,SAN- 2,387,311,372,-499
2,-1,0.0799463,SAN- 2,387,311,374,-498
2,-1,0.0799579,SAN- 2,387,311,376,-497
2,-1,0.0799869,SAN- 2,387,311,378,-496
2,-1,0.0800044,SAN- 2,387,311,380,-495
1,-1,0.0800334,SAN- 2,387,311,381,-494
2,-1,0.0800682,SAN- 2,387,311,383,-493
2,-1,0.0800972,SAN- 2,387,311,385,-492
2,-1,0.0801088,SAN- 2,387,311,387,-491
2,-1,0.0801321,SAN- 2,387,311,389,-490
2,-1,0.0801553,SAN- 2,387,311,391,-489
2,-1,0.0801785,SAN- 2,387,311,393,-488
2,-1,0.0802191,SAN- 2,387,311,395,-487
1,-1,0.0802424,SAN- 2,387,311,396,-486
2,-1,0.0802598,SAN- 2,387,311,398,-485
2,-1,0.080283,SAN- 2,387,311,400,-484
2,-1,0.0803294,SAN- 2,387,311,402,-483
2,-1,0.0803643,SAN- 2,387,311,404,-482
2,-1,0.0803933,SAN- 2,387,311,406,-481
2,-1,0.0803991,SAN- 2,387,311,408,-480
1,-1,0.0804223,SAN- 2,387,311,409,-479
2,-1,0.0804571,SAN- 2,387,311,411,-478
2,-1,0.0804688,SAN- 2,387,311,413,-477
2,-1,0.0805036,SAN- 2,387,311,415,-476
2,-1,0.080521,SAN- 2,387,311,417,-475
2,-1,0.08055,SAN- 2,387,311,419,-474
2,-1,0.0805732,SAN- 2,387,311,421,-473
2,-1,0.0805965,SAN- 2,387,311,423,-472
2,-1,0.0806313,SAN- 2,387,311,425,-471
1,-1,0.0806719,SAN- 2,387,311,426,-470
1,-1,0.080701,SAN- 2,387,311,427,-469
1,-1,0.08073,SAN- 2,387,311,428,-468
1,-1,0.0807532,SAN- 2,387,311,429,-467
1,-1,0.0808054,SAN- 2,387,311,430,-466
1,-1,0.0808229,SAN- 2,387,311,431,-465
1,-1,0.0808461,SAN- 2,387,311,432,-464
1,-1,0.0808809,SAN- 2,387,311,433,-463
1,-1,0.0809332,SAN- 2,387,311,434,-462
1,-1,0.0809564,SAN- 2,387,311,435,-461
1,-1,0.0809738,SAN- 2,387,311,436,-460
1,-1,0.080997,SAN- 2,387,311,437,-459
1,-1,0.0810318,SAN- 2,387,311,438,-458
1,-1,0.0810841,SAN- 2,387,311,439,-457
1,-1,0.0811189,SAN- 2,387,311,440,-456
1,-1,0.0811247,SAN- 2,387,311,441,-455
1,-1,0.0811595,SAN- 2,387,311,442,-454
1,-1,0.081206,SAN- 2,387,311,443,-453
1,-1,0.0812408,SAN- 2,387,311,444,-452
1,-1,0.0812524,SAN- 2,387,311,445,-451
1,-1,0.0812815,SAN- 2,387,311,446,-450
1,-1,0.0813029,SAN- 2,387,311,447,-449
1,-1,0.0813279,SAN- 2,387,311,448,-448
1,-2,0.0813569,SAN- 2,387,311,449,-446
1,-2,0.0813801,SAN- 2,387,311,450,-444
1,-2,0.081415,SAN- 2,387,311,451,-442
1,-2,0.0814382,SAN- 2,387,311,452,-440
1,-2,0.0814556,SAN- 2,387,311,453,-438
1,-2,0.0814788,SAN- 2,387,311,454,-436
1,-1,0.0815078,SAN- 2,387,311,455,-435
1,-2,0.0815369,SAN- 2,387,311,456,-433
1,-2,0.0815659,SAN- 2,387,311,457,-431
1,-2,0.0816007,SAN- 2,387,311,458,-429
1,-2,0.0816065,SAN- 2,387,311,459,-427
1,-2,0.0816298,SAN- 2,387,311,460,-425
1,-2,0.081653,SAN- 2,387,311,461,-423
1,-2,0.0816878,SAN- 2,387,311,462,-421
1,-1,0.0817168,SAN- 2,387,311,463,-420
1,-2,0.0817342,SAN- 2,387,311,464,-418
1,-2,0.0817575,SAN- 2,387,311,465,-416
1,-2,0.0817807,SAN- 2,387,311,466,-414
1,-2,0.0818052,SAN- 2,387,311,467,-412
1,-2,0.0818387,SAN- 2,387,311,468,-410
1,-2,0.0818678,SAN- 2,387,311,469,-408
1,-2,0.0819026,SAN- 2,387,311,470,-406
1,-1,0.0819084,SAN- 2,387,311,471,-405
1,-2,0.0819374,SAN- 2,387,311,472,-403
1,-2,0.0819599,SAN- 2,387,311,473,-401
1,-2,0.0819839,SAN- 2,387,311,474,-399
1,-2,0.0820129,SAN- 2,387,311,475,-397
1,-2,0.0820535,SAN- 2,387,311,476,-395
1,-1,0.0820651,SAN- 2,387,311,477,-394
1,-1,0.0820883,SAN- 2,387,311,478,-393
1,-1,0.0821406,SAN- 2,387,311,479,-392
1,-1,0.0821754,SAN- 2,387,311,480,-391
1,-1,0.0822044,SAN- 2,387,311,481,-390
1,-1,0.0822161,SAN- 2,387,311,482,-389
1,-1,0.0822683,SAN- 2,387,311,483,-388
1,-1,0.0822973,SAN- 2,387,311,484,-387
1,-1,0.0823263,SAN- 2,387,311,485,-386
1,-1,0.0823496,SAN- 2,387,311,486,-385
1,-1,0.082367,SAN- 2,387,311,487,-384
1,-1,0.0829359,SAN- 2,387,311,488,-383
1,-1,0.0829649,SAN- 2,387,311,489,-382
1,-1,0.0829997,SAN- 2,387,311,490,-381
1,1,0.0831971,SAN- 2,387,311,491,-382
1,1,0.0832377,SAN- 2,387,311,492,-383
-1,1,0.0832726,SAN- 2,387,311,491,-384
-1,1,0.0832958,SAN- 2,387,311,490,-385
-1,1,0.0833248,SAN- 2,387,311,489,-386
-1,-1,0.0870748,-TIA- 3,36,429,488,-385
1,-1,0.0871039,-TIA- 3,36,429,489,-384
1,-2,0.0871387,-TIA- 3,36,429,490,-382
1,-2,0.0871619,-TIA- 3,36,429,491,-380
1,-2,0.0871909,-TIA- 3,36,429,492,-378
1,-1,0.0872258,-TIA- 3,36,429,493,-377
1,-3,0.0872316,-TIA- 3,36,429,494,-374
1,-3,0.0872548,-TIA- 3,36,429,495,-371
1,-2,0.0872838,-TIA- 3,36,429,496,-369
1,-2,0.0873128,-TIA- 3,36,429,497,-367
1,-2,0.0873419,-TIA- 3,36,429,498,-365
1,-2,0.0873767,-TIA- 3,36,429,499,-363
-1,-1,0.0873883,-TIA- 3,36,429,498,-362
-1,-2,0.0874115,-TIA- 3,36,429,497,-360
-1,-2,0.0874405,-TIA- 3,36,429,496,-358
-2,-2,0.0874638,-TIA- 3,36,429,494,-356
-2,-1,0.087487,-TIA- 3,36,429,492,-355
-1,-1,0.0875276,-TIA- 3,36,429,491,-354
-1,-1,0.0875392,-TIA- 3,36,429,490,-353
-1,1,0.0877134,-TIA- 3,36,429,489,-354
-1,2,0.0877424,-TIA- 3,36,429,488,-356
-1,2,0.0877772,-TIA- 3,36,429,487,-358
-1,1,0.0878005,-TIA- 3,36,429,486,-359
-1,3,0.0878295,-TIA- 3,36,429,485,-362
-1,3,0.0878411,-TIA- 3,36,429,484,-365
1,3,0.0878643,-TIA- 3,36,429,485,-368
1,3,0.0878875,-TIA- 3,36,429,486,-371
1,2,0.0879282,-TIA- 3,36,429,487,-373
1,3,0.0879514,-TIA- 3,36,429,488,-376
1,3,0.0879746,-TIA- 3,36,429,489,-379
1,3,0.087992,-TIA- 3,36,429,490,-382
1,3,0.0880152,-TIA- 3,36,429,491,-385
1,2,0.0880385,-TIA- 3,36,429,492,-387
1,3,0.0880733,-TIA- 3,36,429,493,-390
1,3,0.0881023,-TIA- 3,36,429,494,-393
1,3,0.0881371,-TIA- 3,36,429,495,-396
1,3,0.0881429,-TIA- 3,36,429,496,-399
1,3,0.0881546,-TIA- 3,36,429,497,-402
1,2,0.0881778,-TIA- 3,36,429,498,-404
-1,3,0.0882126,-TIA- 3,36,429,497,-407
-1,3,0.0882358,-TIA- 3,36,429,496,-410
-1,3,0.0882532,-TIA- 3,36,429,495,-413
-1,3,0.0882825,-TIA- 3,36,429,494,-416
-2,2,0.0883113,-TIA- 3,36,429,492,-418
-2,3,0.0883345,-TIA- 3,36,429,490,-421
-2,3,0.0883635,-TIA- 3,36,429,488,-424
-2,3,0.0883984,-TIA- 3,36,429,486,-427
-2,3,0.0884042,-TIA- 3,36,429,484,-430
-3,2,0.088439,-TIA- 3,36,429,481,-432
-2,3,0.0884622,-TIA- 3,36,429,479,-435
-3,3,0.0884854,-TIA- 3,36,429,476,-438
-3,3,0.0885087,-TIA- 3,36,429,473,-441
-3,3,0.0885435,-TIA- 3,36,429,470,-444
-4,3,0.0885609,-TIA- 3,36,429,466,-447
-3,2,0.0885817,-TIA- 3,36,429,463,-449
-4,3,0.0886132,-TIA- 3,36,429,459,-452
-4,3,0.0886422,-TIA- 3,36,429,455,-455
-4,3,0.0886712,-TIA- 3,36,429,451,-458
-3,3,0.0886944,-TIA- 3,36,429,448,-461
-4,2,0.0887118,-TIA- 3,36,429,444,-463
-4,3,0.0887351,-TIA- 3,36,429,440,-466
-4,3,0.0887641,-TIA- 3,36,429,436,-469
-3,3,0.0887873,-TIA- 3,36,429,433,-472
-4,3,0.0888279,-TIA- 3,36,429,429,-475
-4,2,0.0888454,-TIA- 3,36,429,425,-477
-4,3,0.088857,-TIA- 3,36,429,421,-480
-3,3,0.0888744,-TIA- 3,36,429,418,-483
-4,3,0.0888976,-TIA- 3,36,429,414,-486
-4,3,0.0889281,-TIA- 3,36,429,410,-489
-4,3,0.0889615,-TIA- 3,36,429,406,-492
-3,2,0.0889847,-TIA- 3,36,429,403,-494
-4,3,0.0890021,-TIA- 3,36,429,399,-497
-4,3,0.0890253,-TIA- 3,36,429,395,-500
-4,3,0.0890485,-TIA- 3,36,429,391,-503
-3,3,0.0890776,-TIA- 3,36,429,388,-506
-4,2,0.0891124,-TIA- 3,36,429,384,-508
-4,6,0.089153,-TIA- 3,36,429,380,-514
-7,3,0.0891762,-TIA- 3,36,429,373,-517
-4,3,0.0891995,-TIA- 3,36,429,369,-520
-4,2,0.0892343,-TIA- 3,36,429,365,-522
-4,3,0.0892633,-TIA- 3,36,429,361,-525
-3,3,0.0892807,-TIA- 3,36,429,358,-528
-4,3,0.0893039,-TIA- 3,36,429,354,-531
-4,3,0.0893272,-TIA- 3,36,429,350,-534
-4,3,0.0893504,-TIA- 3,36,429,346,-537
-3,2,0.0893852,-TIA- 3,36,429,343,-539
-4,3,0.0894142,-TIA- 3,36,429,339,-542
-4,3,0.0894317,-TIA- 3,36,429,335,-545
-4,2,0.0894549,-TIA- 3,36,429,331,-547
-3,2,0.0894781,-TIA- 3,36,429,328,-549
-4,2,0.0895071,-TIA- 3,36,429,324,-551
-4,1,0.0895303,-TIA- 3,36,429,320,-552
-4,2,0.0895594,-TIA- 3,36,429,316,-554
-3,2,0.0896,-TIA- 3,36,429,313,-556
-4,2,0.0896116,-TIA- 3,36,429,309,-558
-4,2,0.0896348,-TIA- 3,36,429,305,-560
-4,2,0.0896639,-TIA- 3,36,429,301,-562
-3,2,0.0896813,-TIA- 3,36,429,298,-564
-4,2,0.0897045,-TIA- 3,36,429,294,-566
-4,1,0.0897393,-TIA- 3,36,429,290,-567
-4,2,0.0897564,-TIA- 3,36,429,286,-569
-3,2,0.08978,-TIA- 3,36,429,283,-571
-4,2,0.089809,-TIA- 3,36,429,279,-573
-4,2,0.0898322,-TIA- 3,36,429,275,-575
-4,2,0.0898554,-TIA- 3,36,429,271,-577
-3,2,0.0898902,-TIA- 3,36,429,268,-579
-4,2,0.0899077,-TIA- 3,36,429,264,-581
-4,1,0.0899309,-TIA- 3,36,429,260,-582
-4,2,0.0899599,-TIA- 3,36,429,256,-584
-3,2,0.0899947,-TIA- 3,36,429,253,-586
-4,2,0.0900122,-TIA- 3,36,429,249,-588
-4,2,0.0900238,-TIA- 3,36,429,245,-590
-4,2,0.0900586,-TIA- 3,36,429,241,-592
-3,2,0.0900818,-TIA- 3,36,429,238,-594
-4,2,0.090105,-TIA- 3,36,429,234,-596
-4,1,0.0901399,-TIA- 3,36,429,230,-597
-3,2,0.0901631,-TIA- 3,36,429,227,-599
-4,2,0.0901805,-TIA- 3,36,429,223,-601
-4,2,0.0902269,-TIA- 3,36,429,219,-603
-4,2,0.0902327,-TIA- 3,36,429,215,-605
-3,2,0.090256,-TIA- 3,36,429,212,-607
-4,2,0.0902908,-TIA- 3,36,429,208,-609
-4,2,0.090314,-TIA- 3,36,429,204,-611
-4,1,0.0903314,-TIA- 3,36,429,200,-612
-3,2,0.0903546,-TIA- 3,36,429,197,-614
-4,-5,0.0903837,-TIA- 3,36,429,193,-609
-1,-9,0.0904011,-TIA- 3,36,429,192,-600
2,2,0.0904107,-TIA- 3,36,429,194,-602
-4,-10,0.0904243,-TIA- 3,36,429,190,-592
5,-17,0.0904417,-TIA- 3,36,429,195,-575
3,-8,0.0904533,-TIA- 3,36,429,198,-567
4,-5,0.0904707,-TIA- 3,36,429,202,-562
-1,-4,0.0904824,-TIA- 3,36,429,201,-558
-1,-4,0.0904998,-TIA- 3,36,429,200,-554
2,-2,0.0905056,-TIA- 3,36,429,202,-552
-2,-3,0.090523,-TIA- 3,36,429,200,-549
2,-1,0.0905288,-TIA- 3,36,429,202,-548
1,2,0.090539,-TIA- 3,36,429,203,-550
2,2,0.0905636,-TIA- 3,36,429,205,-552
-4,1,0.0905694,-TIA- 3,36,429,201,-553
-4,8,0.0905927,-TIA- 3,36,429,197,-561
-5,6,0.0906275,-TIA- 3,36,429,192,-567
-7,2,0.0906433,-TIA- 3,36,429,185,-569
-3,2,0.0906507,-TIA- 3,36,429,182,-571
-3,1,0.0906739,-TIA- 3,36,429,179,-572
-2,-2,0.0906797,-TIA- 3,36,429,177,-570
-2,-3,0.0907029,-TIA- 3,36,429,175,-567
-1,-4,0.0907204,-TIA- 3,36,429,174,-563
2,-2,0.0907378,-TIA- 3,36,429,176,-561
-1,-4,0.0907436,-TIA- 3,36,429,175,-557
3,2,0.0907668,-TIA- 3,36,429,178,-559
-2,2,0.0907784,-TIA- 3,36,429,176,-561
-3,2,0.0908016,-TIA- 3,36,429,173,-563
-2,2,0.0908307,-TIA- 3,36,429,171,-565
-2,2,0.0908539,-TIA- 3,36,429,169,-567
-2,2,0.0908887,-TIA- 3,36,429,167,-569
-2,1,0.0909119,-TIA- 3,36,429,165,-570
-2,2,0.0909293,-TIA- 3,36,429,163,-572
-2,2,0.0909526,-TIA- 3,36,429,161,-574
-1,-11,0.0909816,-TIA- 3,36,429,160,-563
8,-7,0.090999,-TIA- 3,36,429,168,-556
6,-10,0.0910106,-TIA- 3,36,429,174,-546
7,-9,0.091028,-TIA- 3,36,429,181,-537
8,-16,0.0910512,-TIA- 3,36,429,189,-521
14,-6,0.0910629,-TIA- 3,36,429,203,-515
6,-6,0.0910716,-TIA- 3,36,429,209,-509
6,2,0.0910803,-TIA- 3,36,429,215,-511
-1,-10,0.0911035,-TIA- 3,36,429,214,-501
10,2,0.0911035,-TIA- 3,36,429,224,-503
-1,2,0.0911267,-TIA- 3,36,429,223,-505
-1,2,0.0911499,-TIA- 3,36,429,222,-507
-2,2,0.0912022,-TIA- 3,36,429,220,-509
-2,2,0.091208,-TIA- 3,36,429,218,-511
-1,2,0.091237,-TIA- 3,36,429,217,-513
-1,1,0.0912544,-TIA- 3,36,429,216,-514
-1,1,0.0913125,-TIA- 3,36,429,215,-515
-1,-5,0.0913531,-TIA- 3,36,429,214,-510
2,-6,0.0913705,-TIA- 3,36,429,216,-504
3,-6,0.0913763,-TIA- 3,36,429,219,-498
2,-6,0.0913879,-TIA- 3,36,429,221,-492
2,-10,0.091417,-TIA- 3,36,429,223,-482
5,-4,0.0914286,-TIA- 3,36,429,228,-478
1,-3,0.0914402,-TIA- 3,36,429,229,-475
2,-6,0.0914634,-TIA- 3,36,429,231,-469
1,-4,0.0916782,-TIA- 3,36,429,232,-465
4,-5,0.0916898,-TIA- 3,36,429,236,-460
5,-5,0.0916956,-TIA- 3,36,429,241,-455
5,-4,0.091713,-TIA- 3,36,429,246,-451
4,-5,0.0917304,-TIA- 3,36,429,250,-446
3,-4,0.091742,-TIA- 3,36,429,253,-442
4,-4,0.0917537,-TIA- 3,36,429,257,-438
2,-3,0.0917666,-TIA- 3,36,429,259,-435
2,-3,0.0917769,-TIA- 3,36,429,261,-432
2,-3,0.0917943,-TIA- 3,36,429,263,-429
1,-1,0.0918233,-TIA- 3,36,429,264,-428
1,2,0.0918814,-TIA- 3,36,429,265,-430
-1,3,0.0918988,-TIA- 3,36,429,264,-433
-2,4,0.0919162,-TIA- 3,36,429,262,-437
-3,5,0.0919162,-TIA- 3,36,429,259,-442
-2,5,0.0919336,-TIA- 3,36,429,257,-447
-4,5,0.0919394,-TIA- 3,36,429,253,-452
-4,12,0.0919626,-TIA- 3,36,429,249,-464
-7,10,0.0919917,-TIA- 3,36,429,242,-474
-4,5,0.0920033,-TIA- 3,36,429,238,-479
-1,-3,0.092636,-TIA- 3,36,429,237,-476
-5,-3,0.0926534,-TIA- 3,36,429,232,-473
-4,-10,0.0926766,-TIA- 3,36,429,228,-463
-7,-5,0.0926941,-TIA- 3,36,429,221,-458
-3,-6,0.0926999,-TIA- 3,36,429,218,-452
-1,-5,0.0927103,-TIA- 3,36,429,217,-447
-1,-5,0.0927347,-TIA- 3,36,429,216,-442
1,-9,0.0929901,-TIA- 3,36,429,217,-433
-5,-8,0.0929959,-TIA- 3,36,429,212,-425
-8,-9,0.0930133,-TIA- 3,36,429,204,-416
-7,-7,0.0930307,-TIA- 3,36,429,197,-409
-6,-5,0.0930482,-TIA- 3,36,429,191,-404
-6,-5,0.0930714,-TIA- 3,36,429,185,-399
-5,-5,0.0932922,-TIA- 3,36,429,180,-394
-6,-4,0.0933094,-TIA- 3,36,429,174,-390
-6,-7,0.093321,-TIA- 3,36,429,168,-383
-7,-6,0.0933326,-TIA- 3,36,429,161,-377
-6,-6,0.09335,-TIA- 3,36,429,155,-371
-6,-6,0.0933674,-TIA- 3,36,429,149,-365
-5,-5,0.0933732,-TIA- 3,36,429,144,-360
-4,-3,0.0933907,-TIA- 3,36,429,140,-357
-4,-2,0.0933965,-TIA- 3,36,429,136,-355
-3,-1,0.0934139,-TIA- 3,36,429,133,-354
-1,1,0.0936809,-TIA- 3,36,429,132,-355
-6,1,0.0936983,-TIA- 3,36,429,126,-356
-9,2,0.0937099,-TIA- 3,36,429,117,-358
-9,2,0.0937332,-TIA- 3,36,429,108,-360
-8,1,0.093768,-TIA- 3,36,429,100,-361
-7,-5,0.0940408,-TIA- 3,36,429,93,-356
-6,-7,0.0940524,-TIA- 3,36,429,87,-349
-6,-9,0.094064,-TIA- 3,36,429,81,-340
-8,-18,0.0940873,-TIA- 3,36,429,73,-322
-12,-7,0.0940931,-TIA- 3,36,429,61,-315
-5,-7,0.0941047,-TIA- 3,36,429,56,-308
-4,-6,0.0941105,-TIA- 3,36,429,52,-302
-3,-9,0.0941337,-TIA- 3,36,429,49,-293
-3,-7,0.0943253,-TIA- 3,36,429,46,-286
-4,-9,0.0943311,-TIA- 3,36,429,42,-277
-4,-18,0.0943543,-TIA- 3,36,429,38,-259
-7,-17,0.0943794,-TIA- 3,36,429,31,-242
-6,-6,0.0943891,-TIA- 3,36,429,25,-236
-3,-9,0.0944065,-TIA- 3,36,429,22,-227
-2,-4,0.0944239,-TIA- 3,36,429,20,-223
-1,-1,0.0944378,-TIA- 3,36,429,19,-222
-1,-2,0.0944588,-TIA- 3,36,429,18,-220
2,1,0.0946626,-TIA- 3,36,429,20,-221
2,3,0.094691,-TIA- 3,36,429,22,-224
5,4,0.0946968,-TIA- 3,36,429,27,-228
3,6,0.0947142,-TIA- 3,36,429,30,-234
5,8,0.0947432,-TIA- 3,36,429,35,-242
2,4,0.094749,-TIA- 3,36,429,37,-246
2,10,0.0947664,-TIA- 3,36,429,39,-256
2,5,0.0948013,-TIA- 3,36,429,41,-261
2,1,0.0950335,-TIA- 3,36,429,43,-262
3,-1,0.0950915,-TIA- 3,36,429,46,-261
2,-1,0.0951205,-TIA- 3,36,429,48,-260
1,-7,0.0951438,-TIA- 3,36,429,49,-253
1,-7,0.095167,-TIA- 3,36,429,50,-246
1,-8,0.095196,-TIA- 3,36,429,51,-238
1,-2,0.095225,-TIA- 3,36,429,52,-236
1,-1,0.0952366,-TIA- 3,36,429,53,-235
3,1,0.0953818,-TIA- 3,36,429,56,-236
3,1,0.0953876,-TIA- 3,36,429,59,-237
5,2,0.095405,-TIA- 3,36,429,64,-239
6,4,0.0954282,-TIA- 3,36,429,70,-243
7,2,0.0957301,-TIA- 3,36,429,77,-245
7,1,0.0957475,-TIA- 3,36,429,84,-246
9,4,0.0957707,-TIA- 3,36,429,93,-250
24,4,0.0957997,-TIA- 3,36,429,117,-254
11,5,0.0960784,-TIA- 3,36,429,128,-259
15,2,0.0960958,-TIA- 3,36,429,143,-261
11,3,0.0961016,-TIA- 3,36,429,154,-264
10,4,0.096119,-TIA- 3,36,429,164,-268
11,6,0.0961422,-TIA- 3,36,429,175,-274
7,5,0.0964731,-TIA- 3,36,429,182,-279
20,3,0.0964847,-TIA- 3,36,429,202,-282
12,5,0.0965021,-TIA- 3,36,429,214,-287
11,6,0.0965195,-TIA- 3,36,429,225,-293
18,3,0.0968388,-TIA- 3,36,429,243,-296
24,5,0.0968504,-TIA- 3,36,429,267,-301
11,2,0.0971434,-TIA- 3,36,429,278,-303
8,4,0.0971581,-TIA- 3,36,429,286,-307
8,4,0.0971755,-TIA- 3,36,429,294,-311
9,9,0.0971987,-TIA- 3,36,429,303,-320
13,7,0.097222,-TIA- 3,36,429,316,-327
9,3,0.0974392,-TIA- 3,36,429,325,-330
3,8,0.0974716,-TIA- 3,36,429,328,-338
9,5,0.0974774,-TIA- 3,36,429,337,-343
3,5,0.0975006,-TIA- 3,36,429,340,-348
5,6,0.0975122,-TIA- 3,36,429,345,-354
4,12,0.0975354,-TIA- 3,36,429,349,-366
8,19,0.0975761,-TIA- 3,36,429,357,-385
9,10,0.0976051,-TIA- 3,36,429,366,-395
2,-3,0.0979127,-TIA- 3,36,429,368,-392
-2,-4,0.0979275,-TIA- 3,36,429,366,-388
-3,-4,0.097936,-TIA- 3,36,429,363,-384
-2,-2,0.0979522,-TIA- 3,36,429,361,-382
-2,-3,0.0979592,-TIA- 3,36,429,359,-379
-2,-3,0.0979824,-TIA- 3,36,429,357,-376
-3,-4,0.097994,-TIA- 3,36,429,354,-372
-2,-4,0.0979998,-TIA- 3,36,429,352,-368
-2,-3,0.0980172,-TIA- 3,36,429,350,-365
-2,-2,0.098023,-TIA- 3,36,429,348,-363
-2,-5,0.0980579,-TIA- 3,36,429,346,-358
-3,-5,0.0983017,-TIA- 3,36,429,343,-353
-3,-7,0.0983191,-TIA- 3,36,429,340,-346
-6,-7,0.0983249,-TIA- 3,36,429,334,-339
-4,-8,0.0983525,-TIA- 3,36,429,330,-331
-4,-6,0.0983597,-TIA- 3,36,429,326,-325
-5,-10,0.0983946,-TIA- 3,36,429,321,-315
-7,-5,0.0984004,-TIA- 3,36,429,314,-310
-2,-3,0.0984004,-TIA- 3,36,429,312,-307
-2,-2,0.0984178,-TIA- 3,36,429,310,-305
-2,-2,0.0984294,-TIA- 3,36,429,308,-303
1,1,0.0988183,GO 4,33,149,309,-304
1,1,0.0988299,GO 4,33,149,310,-305
1,1,0.0988415,GO 4,33,149,311,-306
2,3,0.0988648,GO 4,33,149,313,-309
3,2,0.0988938,GO 4,33,149,316,-311
3,1,0.0989054,GO 4,33,149,319,-312
1,1,0.0990157,GO 4,33,149,320,-313
2,-1,0.0990795,GO 4,33,149,322,-312
1,1,0.0991202,GO 4,33,149,323,-313
1,1,0.0994453,GO 4,33,149,324,-314
1,-3,0.101947,GO 4,33,149,325,-311
-8,-4,0.101959,GO 4,33,149,317,-307
-11,-5,0.101982,GO 4,33,149,306,-302
-11,-5,0.101994,GO 4,33,149,295,-297
-12,-6,0.102005,GO 4,33,149,283,-291
-13,-5,0.102011,GO 4,33,149,270,-286
-11,-3,0.102028,GO 4,33,149,259,-283
-10,-3,0.102046,GO 4,33,149,249,-280
-9,-2,0.102052,GO 4,33,149,240,-278
-7,-1,0.102075,GO 4,33,149,233,-277
-5,-3,0.102325,GO 4,33,149,228,-274
-7,-3,0.102342,GO 4,33,149,221,-271
-9,-2,0.102354,GO 4,33,149,212,-269
-11,-3,0.102371,GO 4,33,149,201,-266
-12,-2,0.102383,GO 4,33,149,189,-264
-11,-1,0.102394,GO 4,33,149,178,-263
-10,1,0.102435,GO 4,33,149,168,-264
-16,1,0.102446,GO 4,33,149,152,-265
-5,2,0.102713,GO 4,33,149,147,-267
-7,2,0.102737,GO 4,33,149,140,-269
-9,3,0.102745,GO 4,33,149,131,-272
-10,3,0.102754,GO 4,33,149,121,-275
-11,2,0.10276,GO 4,33,149,110,-277
-12,2,0.102777,GO 4,33,149,98,-279
-11,1,0.102795,GO 4,33,149,87,-280
-10,2,0.102801,GO 4,33,149,77,-282
-8,2,0.102835,GO 4,33,149,69,-284
-3,-3,0.103085,GO 4,33,149,66,-281
-5,-4,0.103097,GO 4,33,149,61,-277
-7,-5,0.103114,GO 4,33,149,54,-272
-7,-12,0.103131,GO 4,33,149,47,-260
-14,-9,0.103143,GO 4,33,149,33,-251
-7,-7,0.10316,GO 4,33,149,26,-244
-6,-8,0.103172,GO 4,33,149,20,-236
-6,-12,0.103195,GO 4,33,149,14,-224
-9,-6,0.103236,GO 4,33,149,5,-218
-3,-3,0.103457,GO 4,33,149,2,-215
-5,-4,0.103474,GO 4,33,149,-3,-211
-4,-4,0.103491,GO 4,33,149,-7,-207
-4,-4,0.103497,GO 4,33,149,-11,-203
-4,-5,0.10352,GO 4,33,149,-15,-198
-5,-2,0.103555,GO 4,33,149,-20,-196
-4,-1,0.103561,GO 4,33,149,-24,-195
-2,-2,0.103596,GO 4,33,149,-26,-193
-2,-2,0.103619,GO 4,33,149,-28,-191
-2,-1,0.10365,GO 4,33,149,-30,-190
-5,-1,0.10366,GO 4,33,149,-35,-189
-3,-1,0.103671,GO 4,33,149,-38,-188
-3,-1,0.103695,GO 4,33,149,-41,-187
-1,-2,0.103886,GO 4,33,149,-42,-185
-1,-3,0.103921,GO 4,33,149,-43,-182
1,-4,0.10395,GO 4,33,149,-42,-178
1,-2,0.103962,GO 4,33,149,-41,-176
1,-1,0.103979,GO 4,33,149,-40,-175
-1,-3,0.103991,GO 4,33,149,-41,-172
-1,-2,0.104002,GO 4,33,149,-42,-170
-1,-1,0.104025,GO 4,33,149,-43,-169
-1,-1,0.104031,GO 4,33,149,-44,-168
-1,-1,0.104234,GO 4,33,149,-45,-167
-1,-1,0.104246,GO 4,33,149,-46,-166
-1,-2,0.104258,GO 4,33,149,-47,-164
-1,-1,0.104275,GO 4,33,149,-48,-163
1,1,0.107947,GO 4,33,149,-47,-164
5,3,0.107961,GO 4,33,149,-42,-167
7,3,0.107973,GO 4,33,149,-35,-170
8,5,0.108002,GO 4,33,149,-27,-175
-1,4,0.108484,GO 4,33,149,-28,-179
-1,3,0.108501,GO 4,33,149,-29,-182
-1,4,0.108513,GO 4,33,149,-30,-186
-1,3,0.108524,GO 4,33,149,-31,-189
-2,6,0.108565,GO 4,33,149,-33,-195
-5,8,0.108594,GO 4,33,149,-38,-203
-8,5,0.108623,GO 4,33,149,-46,-208
-6,4,0.108658,GO 4,33,149,-52,-212
-1,2,0.108704,GO 4,33,149,-53,-214
-5,-1,0.109,GO 4,33,149,-58,-213
-12,-5,0.109035,GO 4,33,149,-70,-208
-16,-5,0.109041,GO 4,33,149,-86,-203
-7,-4,0.109058,GO 4,33,149,-93,-199
-7,-4,0.109076,GO 4,33,149,-100,-195
-6,-4,0.109082,GO 4,33,149,-106,-191
-5,-3,0.109093,GO 4,33,149,-111,-188
-4,-4,0.109116,GO 4,33,149,-115,-184
-4,-3,0.109436,GO 4,33,149,-119,-181
-2,-8,0.109459,GO 4,33,149,-121,-173
-2,-3,0.109476,GO 4,33,149,-123,-170
-2,-4,0.109482,GO 4,33,149,-125,-166
-2,-6,0.109505,GO 4,33,149,-127,-160
-3,-5,0.10954,GO 4,33,149,-130,-155
-2,-2,0.109546,GO 4,33,149,-132,-153
1,-4,0.109778,GO 4,33,149,-131,-149
-1,-4,0.10979,GO 4,33,149,-132,-145
-2,-6,0.109813,GO 4,33,149,-134,-139
-2,-2,0.109825,GO 4,33,149,-136,-137
-1,-2,0.109848,GO 4,33,149,-137,-135
-1,-1,0.109871,GO 4,33,149,-138,-134
-1,-2,0.109929,GO 4,33,149,-139,-132
-1,-1,0.109946,GO 4,33,149,-140,-131
-1,-1,0.109958,GO 4,33,149,-141,-130
-1,-2,0.10997,GO 4,33,149,-142,-128
-1,-2,0.109976,GO 4,33,149,-143,-126
-1,-3,0.11001,GO 4,33,149,-144,-123
1,1,0.110353,GO 4,33,149,-143,-124
1,1,0.110481,GO 4,33,149,-142,-125
-2,1,0.119147,FRAY 5,331,221,-144,-126
-3,2,0.119159,FRAY 5,331,221,-147,-128
-1,1,0.1192,FRAY 5,331,221,-148,-129
-1,1,0.119577,FRAY 5,331,221,-149,-130
-1,2,0.119594,FRAY 5,331,221,-150,-132
-3,2,0.119606,FRAY 5,331,221,-153,-134
-2,1,0.119618,FRAY 5,331,221,-155,-135
-2,1,0.119635,FRAY 5,331,221,-157,-136
-2,1,0.119641,FRAY 5,331,221,-159,-137
-2,1,0.119658,FRAY 5,331,221,-161,-138
-3,1,0.119681,FRAY 5,331,221,-164,-139
-3,1,0.119722,FRAY 5,331,221,-167,-140
-3,1,0.120225,FRAY 5,331,221,-170,-141
-5,1,0.120233,FRAY 5,331,221,-175,-142
-3,1,0.120268,FRAY 5,331,221,-178,-143
-6,1,0.120291,FRAY 5,331,221,-184,-144
-8,1,0.12032,FRAY 5,331,221,-192,-145
-3,1,0.120355,FRAY 5,331,221,-195,-146
-3,1,0.120419,FRAY 5,331,221,-198,-147
-1,-1,0.120715,FRAY 5,331,221,-199,-146
1,-1,0.121139,FRAY 5,331,221,-198,-145
1,-1,0.121168,FRAY 5,331,221,-197,-144
1,-2,0.121197,FRAY 5,331,221,-196,-142
1,-1,0.121231,FRAY 5,331,221,-195,-141
1,1,0.121386,FRAY 5,331,221,-194,-142
-2,1,0.121452,FRAY 5,331,221,-196,-143
-6,3,0.121481,FRAY 5,331,221,-202,-146
-6,4,0.121522,FRAY 5,331,221,-208,-150
-3,3,0.121545,FRAY 5,331,221,-211,-153
-4,3,0.121574,FRAY 5,331,221,-215,-156
-5,-1,0.121661,FRAY 5,331,221,-220,-155
1,-1,0.122091,FRAY 5,331,221,-219,-154
1,-1,0.122096,FRAY 5,331,221,-218,-153
1,-2,0.122131,FRAY 5,331,221,-217,-151
3,-1,0.12216,FRAY 5,331,221,-214,-150
10,-1,0.122233,FRAY 5,331,221,-204,-149
12,-1,0.122268,FRAY 5,331,221,-192,-148
2,-1,0.122474,FRAY 5,331,221,-190,-147
5,-2,0.122497,FRAY 5,331,221,-185,-145
10,-2,0.122538,FRAY 5,331,221,-175,-143
17,-1,0.122561,FRAY 5,331,221,-158,-142
9,-1,0.122596,FRAY 5,331,221,-149,-141
7,-2,0.122619,FRAY 5,331,221,-142,-139
4,-1,0.122636,FRAY 5,331,221,-138,-138
2,-2,0.122648,FRAY 5,331,221,-136,-136
2,-1,0.122659,FRAY 5,331,221,-134,-135
1,-2,0.122665,FRAY 5,331,221,-133,-133
2,-2,0.122683,FRAY 5,331,221,-131,-131
2,-5,0.122712,FRAY 5,331,221,-129,-126
6,-4,0.122735,FRAY 5,331,221,-123,-122
4,-2,0.12277,FRAY 5,331,221,-119,-120
5,-1,0.122776,FRAY 5,331,221,-114,-119
4,-1,0.122793,FRAY 5,331,221,-110,-118
1,3,0.122897,FRAY 5,331,221,-109,-121
-3,1,0.123314,FRAY 5,331,221,-112,-122
-2,2,0.123327,FRAY 5,331,221,-114,-124
-3,2,0.123344,FRAY 5,331,221,-117,-126
-2,2,0.12335,FRAY 5,331,221,-119,-128
-3,2,0.123379,FRAY 5,331,221,-122,-130
-2,1,0.123408,FRAY 5,331,221,-124,-131
-1,2,0.125736,FRAY 5,331,221,-125,-133
-3,1,0.125748,FRAY 5,331,221,-128,-134
-3,1,0.125765,FRAY 5,331,221,-131,-135
-3,2,0.125788,FRAY 5,331,221,-134,-137
-6,3,0.125812,FRAY 5,331,221,-140,-140
-6,1,0.125829,FRAY 5,331,221,-146,-141
-2,1,0.125835,FRAY 5,331,221,-148,-142
-1,1,0.12587,FRAY 5,331,221,-149,-143
-3,2,0.125904,FRAY 5,331,221,-152,-145
-5,1,0.125928,FRAY 5,331,221,-157,-146
-3,1,0.125968,FRAY 5,331,221,-160,-147
-3,1,0.12627,FRAY 5,331,221,-163,-148
-1,1,0.126322,FRAY 5,331,221,-164,-149
-1,1,0.126409,FRAY 5,331,221,-165,-150
-2,2,0.126433,FRAY 5,331,221,-167,-152
-5,1,0.126438,FRAY 5,331,221,-172,-153
-2,3,0.126456,FRAY 5,331,221,-174,-156
-4,1,0.126473,FRAY 5,331,221,-178,-157
-2,1,0.126531,FRAY 5,331,221,-180,-158
1,1,0.130473,SAN- 6,338,307,-179,-159
-1,1,0.133027,SAN- 6,338,307,-180,-160
-1,2,0.133381,SAN- 6,338,307,-181,-162
-6,2,0.133395,SAN- 6,338,307,-187,-164
-8,1,0.133404,SAN- 6,338,307,-195,-165
-7,2,0.133422,SAN- 6,338,307,-202,-167
-8,2,0.133433,SAN- 6,338,307,-210,-169
-8,1,0.133445,SAN- 6,338,307,-218,-170
-7,2,0.133468,SAN- 6,338,307,-225,-172
-6,3,0.133474,SAN- 6,338,307,-231,-175
-5,2,0.133486,SAN- 6,338,307,-236,-177
-5,2,0.133509,SAN- 6,338,307,-241,-179
-7,1,0.13355,SAN- 6,338,307,-248,-180
-7,-1,0.133811,SAN- 6,338,307,-255,-179
-5,-1,0.133846,SAN- 6,338,307,-260,-178
-3,-2,0.134171,SAN- 6,338,307,-263,-176
-5,-1,0.134188,SAN- 6,338,307,-268,-175
-5,-1,0.134206,SAN- 6,338,307,-273,-174
-4,-1,0.134211,SAN- 6,338,307,-277,-173
-5,-1,0.134235,SAN- 6,338,307,-282,-172
-10,-2,0.134275,SAN- 6,338,307,-292,-170
-2,-1,0.134699,SAN- 6,338,307,-294,-169
-3,-1,0.134716,SAN- 6,338,307,-297,-168
-3,-1,0.134722,SAN- 6,338,307,-300,-167
-4,-2,0.134757,SAN- 6,338,307,-304,-165
-1,-1,0.13478,SAN- 6,338,307,-305,-164
-1,-1,0.134908,SAN- 6,338,307,-306,-163
1,-1,0.134931,SAN- 6,338,307,-305,-162
1,-1,0.134966,SAN- 6,338,307,-304,-161
-4,-1,0.135094,SAN- 6,338,307,-308,-160
-4,-1,0.135104,SAN- 6,338,307,-312,-159
-2,-3,0.135123,SAN- 6,338,307,-314,-156
-4,-3,0.135148,SAN- 6,338,307,-318,-153
-1,-2,0.13543,SAN- 6,338,307,-319,-151
-4,-2,0.135436,SAN- 6,338,307,-323,-149
-4,-3,0.135454,SAN- 6,338,307,-327,-146
-3,-3,0.135477,SAN- 6,338,307,-330,-143
-1,-1,0.135506,SAN- 6,338,307,-331,-142
-1,-1,0.135541,SAN- 6,338,307,-332,-141
-3,1,0.13557,SAN- 6,338,307,-335,-142
-1,1,0.135616,SAN- 6,338,307,-336,-143
-2,1,0.135674,SAN- 6,338,307,-338,-144
1,2,0.136702,SAN- 6,338,307,-337,-146
1,4,0.136719,SAN- 6,338,307,-336,-150
1,4,0.136725,SAN- 6,338,307,-335,-154
1,5,0.136742,SAN- 6,338,307,-334,-159
1,4,0.13676,SAN- 6,338,307,-333,-163
2,6,0.136783,SAN- 6,338,307,-331,-169
1,2,0.1368,SAN- 6,338,307,-330,-171
1,2,0.136812,SAN- 6,338,307,-329,-173
1,1,0.136824,SAN- 6,338,307,-328,-174
-1,-1,0.136998,SAN- 6,338,307,-329,-173
-1,-2,0.137006,SAN- 6,338,307,-330,-171
-1,-3,0.137021,SAN- 6,338,307,-331,-168
-1,-5,0.13705,SAN- 6,338,307,-332,-163
-1,-2,0.137062,SAN- 6,338,307,-333,-161
-2,-2,0.137079,SAN- 6,338,307,-335,-159
-1,-2,0.137085,SAN- 6,338,307,-336,-157
-1,-5,0.137108,SAN- 6,338,307,-337,-152
-2,-4,0.137149,SAN- 6,338,307,-339,-148
-1,-2,0.13716,SAN- 6,338,307,-340,-146
-1,-2,0.137183,SAN- 6,338,307,-341,-144
-1,-3,0.137247,SAN- 6,338,307,-342,-141
-1,-5,0.137282,SAN- 6,338,307,-343,-136
-1,-4,0.137305,SAN- 6,338,307,-344,-132
-1,-2,0.137329,SAN- 6,338,307,-345,-130
-1,-1,0.137392,SAN- 6,338,307,-346,-129
-1,4,0.138246,SAN- 6,338,307,-347,-133
2,5,0.138263,SAN- 6,338,307,-345,-138
3,15,0.138286,SAN- 6,338,307,-342,-153
5,9,0.138304,SAN- 6,338,307,-337,-162
3,11,0.138321,SAN- 6,338,307,-334,-173
3,11,0.138327,SAN- 6,338,307,-331,-184
2,12,0.138344,SAN- 6,338,307,-329,-196
3,10,0.138362,SAN- 6,338,307,-326,-206
2,17,0.138385,SAN- 6,338,307,-324,-223
3,3,0.138652,SAN- 6,338,307,-321,-226
3,6,0.138681,SAN- 6,338,307,-318,-232
1,4,0.138687,SAN- 6,338,307,-317,-236
1,5,0.138693,SAN- 6,338,307,-316,-241
1,5,0.13871,SAN- 6,338,307,-315,-246
1,5,0.138728,SAN- 6,338,307,-314,-251
1,3,0.138745,SAN- 6,338,307,-313,-254
1,3,0.138751,SAN- 6,338,307,-312,-257
1,3,0.138774,SAN- 6,338,307,-311,-260
1,1,0.138791,SAN- 6,338,307,-310,-261
-1,1,0.138809,SAN- 6,338,307,-311,-262
-1,1,0.138815,SAN- 6,338,307,-312,-263
-1,1,0.138838,SAN- 6,338,307,-313,-264
-2,1,0.138861,SAN- 6,338,307,-315,-265
-1,1,0.138902,SAN- 6,338,307,-316,-266
-1,2,0.13896,SAN- 6,338,307,-317,-268
-1,2,0.138977,SAN- 6,338,307,-318,-270
-1,2,0.138989,SAN- 6,338,307,-319,-272
-1,1,0.139,SAN- 6,338,307,-320,-273
-1,3,0.139024,SAN- 6,338,307,-321,-276
-2,2,0.139041,SAN- 6,338,307,-323,-278
-1,1,0.139047,SAN- 6,338,307,-324,-279
-1,1,0.13907,SAN- 6,338,307,-325,-280
