dX,dY,WHEN,SYLLABLE,X,Y,cX,cY
-1,1,0.173871,Yield,0,0,-1,-1
-1,1,0.1739,Yield,0,0,-2,-2
-2,1,0.173917,Yield,0,0,-4,-3
-2,1,0.173946,Yield,0,0,-6,-4
-2,1,0.173964,Yield,0,0,-8,-5
-3,1,0.173999,Yield,0,0,-11,-6
-2,1,0.174016,Yield,0,0,-13,-7
-3,1,0.174045,Yield,0,0,-16,-8
-3,1,0.17408,Yield,0,0,-19,-9
-3,1,0.174092,Yield,0,0,-22,-10
-3,2,0.174167,Yield,0,0,-25,-12
-1,1,0.188836,FRAY 1,87,416,-26,-13
-1,1,0.188894,FRAY 1,87,416,-27,-14
-1,2,0.188929,FRAY 1,87,416,-28,-16
-1,2,0.188947,FRAY 1,87,416,-29,-18
-1,1,0.188987,FRAY 1,87,416,-30,-19
1,2,0.188993,FRAY 1,87,416,-29,-21
1,3,0.189016,FRAY 1,87,416,-28,-24
1,3,0.189051,FRAY 1,87,416,-27,-27
1,3,0.189074,FRAY 1,87,416,-26,-30
1,3,0.189086,FRAY 1,87,416,-25,-33
1,2,0.189121,FRAY 1,87,416,-24,-35
1,3,0.189144,FRAY 1,87,416,-23,-38
1,3,0.189179,FRAY 1,87,416,-22,-41
1,3,0.189208,FRAY 1,87,416,-21,-44
1,3,0.189218,FRAY 1,87,416,-20,-47
1,2,0.189243,FRAY 1,87,416,-19,-49
1,3,0.189277,FRAY 1,87,416,-18,-52
1,3,0.189295,FRAY 1,87,416,-17,-55
1,3,0.18933,FRAY 1,87,416,-16,-58
1,3,0.189343,FRAY 1,87,416,-15,-61
1,3,0.18937,FRAY 1,87,416,-14,-64
1,2,0.189394,FRAY 1,87,416,-13,-66
1,3,0.189423,FRAY 1,87,416,-12,-69
1,3,0.189457,FRAY 1,87,416,-11,-72
1,3,0.189486,FRAY 1,87,416,-10,-75
1,3,0.189498,FRAY 1,87,416,-9,-78
1,3,0.189521,FRAY 1,87,416,-8,-81
1,4,0.189544,FRAY 1,87,416,-7,-85
1,4,0.189574,FRAY 1,87,416,-6,-89
1,4,0.189608,FRAY 1,87,416,-5,-93
1,3,0.189626,FRAY 1,87,416,-4,-96
1,4,0.189649,FRAY 1,87,416,-3,-100
1,4,0.189672,FRAY 1,87,416,-2,-104
1,4,0.189701,FRAY 1,87,416,-1,-108
1,3,0.189719,FRAY 1,87,416,0,-111
1,4,0.189742,FRAY 1,87,416,1,-115
1,4,0.189777,FRAY 1,87,416,2,-119
1,4,0.189812,FRAY 1,87,416,3,-123
1,3,0.189841,FRAY 1,87,416,4,-126
1,4,0.189846,FRAY 1,87,416,5,-130
1,4,0.189875,FRAY 1,87,416,6,-134
1,4,0.189887,FRAY 1,87,416,7,-138
1,3,0.189922,FRAY 1,87,416,8,-141
1,4,0.189951,FRAY 1,87,416,9,-145
1,4,0.189986,FRAY 1,87,416,10,-149
1,4,0.189991,FRAY 1,87,416,11,-153
1,3,0.190015,FRAY 1,87,416,12,-156
1,4,0.19005,FRAY 1,87,416,13,-160
1,4,0.190079,FRAY 1,87,416,14,-164
1,7,0.190119,FRAY 1,87,416,15,-171
1,4,0.190142,FRAY 1,87,416,16,-175
1,4,0.190166,FRAY 1,87,416,17,-179
1,4,0.1902,FRAY 1,87,416,18,-183
1,3,0.190212,FRAY 1,87,416,19,-186
1,4,0.190247,FRAY 1,87,416,20,-190
1,4,0.19027,FRAY 1,87,416,21,-194
1,4,0.190293,FRAY 1,87,416,22,-198
1,3,0.19034,FRAY 1,87,416,23,-201
1,4,0.190351,FRAY 1,87,416,24,-205
1,4,0.190369,FRAY 1,87,416,25,-209
1,4,0.190404,FRAY 1,87,416,26,-213
1,3,0.190421,FRAY 1,87,416,27,-216
1,4,0.19045,FRAY 1,87,416,28,-220
1,4,0.190479,FRAY 1,87,416,29,-224
1,4,0.190497,FRAY 1,87,416,30,-228
1,3,0.19052,FRAY 1,87,416,31,-231
1,4,0.190543,FRAY 1,87,416,32,-235
1,4,0.190584,FRAY 1,87,416,33,-239
1,4,0.190623,FRAY 1,87,416,34,-243
1,3,0.190624,FRAY 1,87,416,35,-246
1,4,0.190647,FRAY 1,87,416,36,-250
1,4,0.190682,FRAY 1,87,416,37,-254
1,4,0.190711,FRAY 1,87,416,38,-258
1,7,0.19074,FRAY 1,87,416,39,-265
1,4,0.190764,FRAY 1,87,416,40,-269
1,4,0.190787,FRAY 1,87,416,41,-273
1,3,0.190822,FRAY 1,87,416,42,-276
1,4,0.190856,FRAY 1,87,416,43,-280
1,4,0.190862,FRAY 1,87,416,44,-284
1,4,0.190891,FRAY 1,87,416,45,-288
1,3,0.190914,FRAY 1,87,416,46,-291
1,4,0.190949,FRAY 1,87,416,47,-295
1,4,0.190973,FRAY 1,87,416,48,-299
1,3,0.19099,FRAY 1,87,416,49,-302
1,4,0.191013,FRAY 1,87,416,50,-306
1,4,0.191042,FRAY 1,87,416,51,-310
1,4,0.191065,FRAY 1,87,416,52,-314
1,3,0.1911,FRAY 1,87,416,53,-317
1,4,0.191118,FRAY 1,87,416,54,-321
1,4,0.191141,FRAY 1,87,416,55,-325
1,4,0.191176,FRAY 1,87,416,56,-329
1,3,0.191199,FRAY 1,87,416,57,-332
1,4,0.191222,FRAY 1,87,416,58,-336
1,4,0.191262,FRAY 1,87,416,59,-340
1,4,0.191274,FRAY 1,87,416,60,-344
1,3,0.191292,FRAY 1,87,416,61,-347
1,4,0.191323,FRAY 1,87,416,62,-351
1,4,0.191356,FRAY 1,87,416,63,-355
1,4,0.191379,FRAY 1,87,416,64,-359
1,3,0.19139,FRAY 1,87,416,65,-362
1,4,0.19142,FRAY 1,87,416,66,-366
1,4,0.191431,FRAY 1,87,416,67,-370
1,4,0.19146,FRAY 1,87,416,68,-374
1,3,0.191483,FRAY 1,87,416,69,-377
1,4,0.191507,FRAY 1,87,416,70,-381
1,4,0.191536,FRAY 1,87,416,71,-385
1,4,0.191559,FRAY 1,87,416,72,-389
1,3,0.191588,FRAY 1,87,416,73,-392
1,4,0.191628,FRAY 1,87,416,74,-396
1,4,0.191628,FRAY 1,87,416,75,-400
1,4,0.191658,FRAY 1,87,416,76,-404
1,3,0.191687,FRAY 1,87,416,77,-407
1,4,0.191698,FRAY 1,87,416,78,-411
1,4,0.191733,FRAY 1,87,416,79,-415
1,4,0.191762,FRAY 1,87,416,80,-419
1,3,0.191774,FRAY 1,87,416,81,-422
1,4,0.191797,FRAY 1,87,416,82,-426
1,4,0.191832,FRAY 1,87,416,83,-430
1,4,0.191861,FRAY 1,87,416,84,-434
1,3,0.191884,FRAY 1,87,416,85,-437
1,4,0.191901,FRAY 1,87,416,86,-441
1,4,0.191925,FRAY 1,87,416,87,-445
1,4,0.191936,FRAY 1,87,416,88,-449
1,3,0.191971,FRAY 1,87,416,89,-452
1,4,0.192,FRAY 1,87,416,90,-456
1,4,0.192035,FRAY 1,87,416,91,-460
1,4,0.192041,FRAY 1,87,416,92,-464
1,3,0.192064,FRAY 1,87,416,93,-467
1,4,0.192099,FRAY 1,87,416,94,-471
1,4,0.192122,FRAY 1,87,416,95,-475
1,4,0.192157,FRAY 1,87,416,96,-479
1,4,0.192164,FRAY 1,87,416,97,-483
1,4,0.192192,FRAY 1,87,416,98,-487
1,3,0.192209,FRAY 1,87,416,99,-490
1,4,0.192244,FRAY 1,87,416,100,-494
1,4,0.192267,FRAY 1,87,416,101,-498
1,4,0.192284,FRAY 1,87,416,102,-502
1,3,0.192313,FRAY 1,87,416,103,-505
1,4,0.192337,FRAY 1,87,416,104,-509
1,4,0.192354,FRAY 1,87,416,105,-513
1,4,0.192389,FRAY 1,87,416,106,-517
1,3,0.192418,FRAY 1,87,416,107,-520
1,4,0.19243,FRAY 1,87,416,108,-524
1,4,0.192459,FRAY 1,87,416,109,-528
1,4,0.192482,FRAY 1,87,416,110,-532
1,3,0.192499,FRAY 1,87,416,111,-535
1,4,0.19254,FRAY 1,87,416,112,-539
1,4,0.192575,FRAY 1,87,416,113,-543
1,4,0.19258,FRAY 1,87,416,114,-547
1,3,0.19261,FRAY 1,87,416,115,-550
1,4,0.192639,FRAY 1,87,416,116,-554
1,4,0.192662,FRAY 1,87,416,117,-558
1,4,0.192685,FRAY 1,87,416,118,-562
1,3,0.192714,FRAY 1,87,416,119,-565
1,4,0.192731,FRAY 1,87,416,120,-569
1,4,0.192755,FRAY 1,87,416,121,-573
1,4,0.192789,FRAY 1,87,416,122,-577
1,3,0.192813,FRAY 1,87,416,123,-580
1,4,0.192836,FRAY 1,87,416,124,-584
1,4,0.192859,FRAY 1,87,416,125,-588
1,4,0.192871,FRAY 1,87,416,126,-592
1,3,0.1929,FRAY 1,87,416,127,-595
1,4,0.192935,FRAY 1,87,416,128,-599
1,4,0.192958,FRAY 1,87,416,129,-603
1,4,0.192981,FRAY 1,87,416,130,-607
1,3,0.192998,FRAY 1,87,416,131,-610
1,4,0.193027,FRAY 1,87,416,132,-614
1,4,0.193051,FRAY 1,87,416,133,-618
1,4,0.193074,FRAY 1,87,416,134,-622
1,3,0.193115,FRAY 1,87,416,135,-625
1,4,0.193149,FRAY 1,87,416,136,-629
1,4,0.193155,FRAY 1,87,416,137,-633
1,4,0.193184,FRAY 1,87,416,138,-637
1,3,0.193202,FRAY 1,87,416,139,-640
1,3,0.193231,FRAY 1,87,416,140,-643
1,3,0.19326,FRAY 1,87,416,141,-646
1,3,0.193295,FRAY 1,87,416,142,-649
1,2,0.193306,FRAY 1,87,416,143,-651
1,1,0.193347,FRAY 1,87,416,144,-652
1,1,0.193382,FRAY 1,87,416,145,-653
1,-1,0.203941,SAN- 2,387,311,146,-652
2,-1,0.203947,SAN- 2,387,311,148,-651
2,-1,0.20397,SAN- 2,387,311,150,-650
2,-1,0.203993,SAN- 2,387,311,152,-649
2,-1,0.204016,SAN- 2,387,311,154,-648
2,-1,0.204057,SAN- 2,387,311,156,-647
1,-1,0.204069,SAN- 2,387,311,157,-646
2,-1,0.204098,SAN- 2,387,311,159,-645
2,-1,0.204144,SAN- 2,387,311,161,-644
2,-1,0.20419,SAN- 2,387,311,163,-643
2,-1,0.204212,SAN- 2,387,311,165,-642
2,-1,0.20422,SAN- 2,387,311,167,-641
2,-1,0.204254,SAN- 2,387,311,169,-640
1,-1,0.204278,SAN- 2,387,311,170,-639
2,-1,0.204301,SAN- 2,387,311,172,-638
2,-1,0.20433,SAN- 2,387,311,174,-637
2,-1,0.204347,SAN- 2,387,311,176,-636
2,-1,0.204376,SAN- 2,387,311,178,-635
2,-1,0.204405,SAN- 2,387,311,180,-634
2,-1,0.204428,SAN- 2,387,311,182,-633
2,-1,0.204463,SAN- 2,387,311,184,-632
1,-1,0.204487,SAN- 2,387,311,185,-631
2,-1,0.20451,SAN- 2,387,311,187,-630
2,-1,0.20455,SAN- 2,387,311,189,-629
2,-1,0.204579,SAN- 2,387,311,191,-628
3,-1,0.204603,SAN- 2,387,311,194,-627
3,-1,0.204637,SAN- 2,387,311,197,-626
2,-1,0.204661,SAN- 2,387,311,199,-625
3,-1,0.204678,SAN- 2,387,311,202,-624
3,-1,0.204701,SAN- 2,387,311,205,-623
3,-1,0.204736,SAN- 2,387,311,208,-622
3,-1,0.204759,SAN- 2,387,311,211,-621
2,-1,0.204788,SAN- 2,387,311,213,-620
3,-1,0.204812,SAN- 2,387,311,216,-619
3,-1,0.204829,SAN- 2,387,311,219,-618
3,-1,0.204852,SAN- 2,387,311,222,-617
3,-1,0.204875,SAN- 2,387,311,225,-616
2,-1,0.20491,SAN- 2,387,311,227,-615
3,-1,0.204974,SAN- 2,387,311,230,-614
3,-1,0.20498,SAN- 2,387,311,233,-613
3,-1,0.205003,SAN- 2,387,311,236,-612
3,-1,0.205026,SAN- 2,387,311,239,-611
2,-1,0.205061,SAN- 2,387,311,241,-610
3,-1,0.205096,SAN- 2,387,311,244,-609
3,-1,0.205119,SAN- 2,387,311,247,-608
3,-1,0.205125,SAN- 2,387,311,250,-607
3,-1,0.205148,SAN- 2,387,311,253,-606
2,-1,0.205172,SAN- 2,387,311,255,-605
3,-1,0.205201,SAN- 2,387,311,258,-604
3,-1,0.205235,SAN- 2,387,311,261,-603
3,-1,0.205259,SAN- 2,387,311,264,-602
3,-1,0.205276,SAN- 2,387,311,267,-601
2,-1,0.205305,SAN- 2,387,311,269,-600
3,-1,0.205351,SAN- 2,387,311,272,-599
3,-1,0.20538,SAN- 2,387,311,275,-598
3,-1,0.205415,SAN- 2,387,311,278,-597
3,-1,0.205432,SAN- 2,387,311,281,-596
2,-1,0.205456,SAN- 2,387,311,283,-595
3,-1,0.205485,SAN- 2,387,311,286,-594
3,-1,0.205502,SAN- 2,387,311,289,-593
3,-1,0.205537,SAN- 2,387,311,292,-592
3,-1,0.205566,SAN- 2,387,311,295,-591
2,-1,0.205584,SAN- 2,387,311,297,-590
3,-1,0.205607,SAN- 2,387,311,300,-589
3,-1,0.20563,SAN- 2,387,311,303,-588
3,-1,0.205659,SAN- 2,387,311,306,-587
3,-1,0.205682,SAN- 2,387,311,309,-586
2,-1,0.205717,SAN- 2,387,311,311,-585
3,-1,0.205758,SAN- 2,387,311,314,-584
3,-1,0.205781,SAN- 2,387,311,317,-583
3,-1,0.205822,SAN- 2,387,311,320,-582
2,-1,0.205839,SAN- 2,387,311,322,-581
3,-1,0.205868,SAN- 2,387,311,325,-580
3,-1,0.205886,SAN- 2,387,311,328,-579
3,-1,0.205909,SAN- 2,387,311,331,-578
3,-1,0.205932,SAN- 2,387,311,334,-577
3,-1,0.205967,SAN- 2,387,311,337,-576
2,-1,0.205996,SAN- 2,387,311,339,-575
3,-1,0.206007,SAN- 2,387,311,342,-574
3,-1,0.206036,SAN- 2,387,311,345,-573
3,-1,0.206064,SAN- 2,387,311,348,-572
3,-1,0.206089,SAN- 2,387,311,351,-571
2,-1,0.206118,SAN- 2,387,311,353,-570
3,-1,0.206158,SAN- 2,387,311,356,-569
3,-1,0.206191,SAN- 2,387,311,359,-568
3,-1,0.206216,SAN- 2,387,311,362,-567
2,-1,0.206228,SAN- 2,387,311,364,-566
3,-1,0.206251,SAN- 2,387,311,367,-565
3,-1,0.206292,SAN- 2,387,311,370,-564
3,-1,0.206295,SAN- 2,387,311,373,-563
3,-1,0.206315,SAN- 2,387,311,376,-562
3,-1,0.206344,SAN- 2,387,311,379,-561
2,-1,0.206367,SAN- 2,387,311,381,-560
3,-1,0.206391,SAN- 2,387,311,384,-559
3,-1,0.206431,SAN- 2,387,311,387,-558
3,-1,0.206443,SAN- 2,387,311,390,-557
3,-1,0.206466,SAN- 2,387,311,393,-556
2,-1,0.206495,SAN- 2,387,311,395,-555
3,-1,0.206536,SAN- 2,387,311,398,-554
3,-1,0.206571,SAN- 2,387,311,401,-553
3,-1,0.2066,SAN- 2,387,311,404,-552
2,-1,0.206611,SAN- 2,387,311,406,-551
3,-1,0.206634,SAN- 2,387,311,409,-550
3,-1,0.206663,SAN- 2,387,311,412,-549
3,-1,0.206692,SAN- 2,387,311,415,-548
3,-1,0.206721,SAN- 2,387,311,418,-547
3,-1,0.206739,SAN- 2,387,311,421,-546
2,-1,0.206762,SAN- 2,387,311,423,-545
3,-1,0.206785,SAN- 2,387,311,426,-544
3,-1,0.20682,SAN- 2,387,311,429,-543
3,-1,0.206843,SAN- 2,387,311,432,-542
3,-1,0.206867,SAN- 2,387,311,435,-541
2,-1,0.20689,SAN- 2,387,311,437,-540
3,-1,0.206936,SAN- 2,387,311,440,-539
3,-1,0.206971,SAN- 2,387,311,443,-538
3,-1,0.206994,SAN- 2,387,311,446,-537
2,-1,0.207018,SAN- 2,387,311,448,-536
3,-1,0.207058,SAN- 2,387,311,451,-535
3,-1,0.207064,SAN- 2,387,311,454,-534
3,-1,0.207087,SAN- 2,387,311,457,-533
3,-1,0.207122,SAN- 2,387,311,460,-532
2,-1,0.207145,SAN- 2,387,311,462,-531
3,-1,0.207168,SAN- 2,387,311,465,-530
3,-1,0.207192,SAN- 2,387,311,468,-529
3,-1,0.207221,SAN- 2,387,311,471,-528
3,-1,0.20724,SAN- 2,387,311,474,-527
3,-1,0.207267,SAN- 2,387,311,477,-526
2,-1,0.207296,SAN- 2,387,311,479,-525
3,-1,0.207348,SAN- 2,387,311,482,-524
3,-1,0.207366,SAN- 2,387,311,485,-523
3,-1,0.207389,SAN- 2,387,311,488,-522
2,-1,0.207412,SAN- 2,387,311,490,-521
3,-1,0.207441,SAN- 2,387,311,493,-520
3,-1,0.207464,SAN- 2,387,311,496,-519
3,-2,0.207488,SAN- 2,387,311,499,-517
3,-2,0.207517,SAN- 2,387,311,502,-515
2,-2,0.20754,SAN- 2,387,311,504,-513
3,-2,0.207563,SAN- 2,387,311,507,-511
3,-1,0.207592,SAN- 2,387,311,510,-510
3,-2,0.207627,SAN- 2,387,311,513,-508
3,-2,0.207656,SAN- 2,387,311,516,-506
3,-2,0.207668,SAN- 2,387,311,519,-504
2,-2,0.207697,SAN- 2,387,311,521,-502
3,-2,0.20772,SAN- 2,387,311,524,-500
3,-2,0.207749,SAN- 2,387,311,527,-498
3,-2,0.20779,SAN- 2,387,311,530,-496
3,-1,0.207813,SAN- 2,387,311,533,-495
2,-2,0.207819,SAN- 2,387,311,535,-493
3,-2,0.207842,SAN- 2,387,311,538,-491
3,-2,0.207865,SAN- 2,387,311,541,-489
3,-2,0.2079,SAN- 2,387,311,544,-487
3,-2,0.207929,SAN- 2,387,311,547,-485
2,-2,0.207964,SAN- 2,387,311,549,-483
3,-2,0.20797,SAN- 2,387,311,552,-481
3,-1,0.207993,SAN- 2,387,311,555,-480
3,-2,0.208022,SAN- 2,387,311,558,-478
3,-2,0.208051,SAN- 2,387,311,561,-476
2,-2,0.208086,SAN- 2,387,311,563,-474
3,-1,0.208091,SAN- 2,387,311,566,-473
3,-1,0.208126,SAN- 2,387,311,569,-472
3,-1,0.208145,SAN- 2,387,311,572,-471
3,-1,0.208173,SAN- 2,387,311,575,-470
3,-1,0.208202,SAN- 2,387,311,578,-469
2,-1,0.208237,SAN- 2,387,311,580,-468
3,-1,0.208242,SAN- 2,387,311,583,-467
3,-1,0.208277,SAN- 2,387,311,586,-466
3,-1,0.2083,SAN- 2,387,311,589,-465
2,-1,0.208353,SAN- 2,387,311,591,-464
3,-1,0.20837,SAN- 2,387,311,594,-463
3,-1,0.208393,SAN- 2,387,311,597,-462
3,-1,0.208428,SAN- 2,387,311,600,-461
3,-1,0.208451,SAN- 2,387,311,603,-460
2,-1,0.20848,SAN- 2,387,311,605,-459
3,-1,0.208504,SAN- 2,387,311,608,-458
3,-1,0.208521,SAN- 2,387,311,611,-457
3,-1,0.20855,SAN- 2,387,311,614,-456
3,-1,0.208573,SAN- 2,387,311,617,-455
3,-1,0.208602,SAN- 2,387,311,620,-454
2,-1,0.208637,SAN- 2,387,311,622,-453
3,-1,0.208666,SAN- 2,387,311,625,-452
3,-1,0.208678,SAN- 2,387,311,628,-451
3,-1,0.208701,SAN- 2,387,311,631,-450
2,-1,0.208753,SAN- 2,387,311,633,-449
3,-1,0.208782,SAN- 2,387,311,636,-448
3,-1,0.208823,SAN- 2,387,311,639,-447
3,-1,0.208829,SAN- 2,387,311,642,-446
3,-1,0.208852,SAN- 2,387,311,645,-445
2,-1,0.208875,SAN- 2,387,311,647,-444
3,-1,0.208893,SAN- 2,387,311,650,-443
3,-1,0.208927,SAN- 2,387,311,653,-442
3,-1,0.208956,SAN- 2,387,311,656,-441
3,-1,0.208991,SAN- 2,387,311,659,-440
3,-1,0.208997,SAN- 2,387,311,662,-439
2,-1,0.20902,SAN- 2,387,311,664,-438
3,-1,0.209043,SAN- 2,387,311,667,-437
1,-1,0.218726,-TIA- 3,329,115,668,-436
1,-2,0.218767,-TIA- 3,329,115,669,-434
1,-2,0.218784,-TIA- 3,329,115,670,-432
1,-2,0.218807,-TIA- 3,329,115,671,-430
1,-1,0.218836,-TIA- 3,329,115,672,-429
1,-2,0.218865,-TIA- 3,329,115,673,-427
1,-2,0.218889,-TIA- 3,329,115,674,-425
-1,-2,0.218929,-TIA- 3,329,115,673,-423
-1,-2,0.218935,-TIA- 3,329,115,672,-421
-1,-2,0.218964,-TIA- 3,329,115,671,-419
-1,-3,0.218993,-TIA- 3,329,115,670,-416
-1,-2,0.219016,-TIA- 3,329,115,669,-414
-1,-3,0.219034,-TIA- 3,329,115,668,-411
-1,-3,0.219057,-TIA- 3,329,115,667,-408
-1,-3,0.21908,-TIA- 3,329,115,666,-405
-1,-3,0.219103,-TIA- 3,329,115,665,-402
-1,-3,0.219133,-TIA- 3,329,115,664,-399
-1,-2,0.219167,-TIA- 3,329,115,663,-397
-1,-3,0.219179,-TIA- 3,329,115,662,-394
-1,-3,0.219202,-TIA- 3,329,115,661,-391
-1,-3,0.219231,-TIA- 3,329,115,660,-388
-1,-3,0.219254,-TIA- 3,329,115,659,-385
-1,-2,0.219295,-TIA- 3,329,115,658,-383
-1,-3,0.219318,-TIA- 3,329,115,657,-380
-2,-3,0.21933,-TIA- 3,329,115,655,-377
-2,-3,0.219353,-TIA- 3,329,115,653,-374
-2,-3,0.219382,-TIA- 3,329,115,651,-371
-2,-2,0.219417,-TIA- 3,329,115,649,-369
-2,-3,0.219446,-TIA- 3,329,115,647,-366
-2,-3,0.219469,-TIA- 3,329,115,645,-363
-2,-3,0.219481,-TIA- 3,329,115,643,-360
-1,-3,0.219504,-TIA- 3,329,115,642,-357
-2,-3,0.219539,-TIA- 3,329,115,640,-354
-2,-2,0.219568,-TIA- 3,329,115,638,-352
-2,-3,0.219588,-TIA- 3,329,115,636,-349
-2,-3,0.219614,-TIA- 3,329,115,634,-346
-2,-3,0.219632,-TIA- 3,329,115,632,-343
-2,-3,0.219655,-TIA- 3,329,115,630,-340
-2,-2,0.219678,-TIA- 3,329,115,628,-338
-1,-3,0.219719,-TIA- 3,329,115,627,-335
-2,-3,0.219754,-TIA- 3,329,115,625,-332
-2,-3,0.219771,-TIA- 3,329,115,623,-329
-2,-3,0.219788,-TIA- 3,329,115,621,-326
-2,-2,0.219806,-TIA- 3,329,115,619,-324
-2,-3,0.219831,-TIA- 3,329,115,617,-321
-2,-3,0.219864,-TIA- 3,329,115,615,-318
-1,-3,0.219905,-TIA- 3,329,115,614,-315
-1,-3,0.219922,-TIA- 3,329,115,613,-312
-1,-3,0.219939,-TIA- 3,329,115,612,-309
-1,-2,0.219963,-TIA- 3,329,115,611,-307
-1,-3,0.219986,-TIA- 3,329,115,610,-304
-1,-3,0.220015,-TIA- 3,329,115,609,-301
-1,-3,0.22005,-TIA- 3,329,115,608,-298
-1,-3,0.220073,-TIA- 3,329,115,607,-295
-1,-2,0.22009,-TIA- 3,329,115,606,-293
-1,-3,0.220114,-TIA- 3,329,115,605,-290
-1,-3,0.220143,-TIA- 3,329,115,604,-287
-1,-3,0.220172,-TIA- 3,329,115,603,-284
-1,-3,0.220201,-TIA- 3,329,115,602,-281
-1,-2,0.22023,-TIA- 3,329,115,601,-279
-1,-3,0.220241,-TIA- 3,329,115,600,-276
-1,-3,0.220264,-TIA- 3,329,115,599,-273
-1,-3,0.220288,-TIA- 3,329,115,598,-270
-1,-3,0.220323,-TIA- 3,329,115,597,-267
-1,-3,0.220352,-TIA- 3,329,115,596,-264
-1,-2,0.220386,-TIA- 3,329,115,595,-262
-1,-3,0.22041,-TIA- 3,329,115,594,-259
-1,-3,0.220415,-TIA- 3,329,115,593,-256
-1,-3,0.220439,-TIA- 3,329,115,592,-253
-1,-3,0.220473,-TIA- 3,329,115,591,-250
-1,-2,0.220502,-TIA- 3,329,115,590,-248
-1,-3,0.220514,-TIA- 3,329,115,589,-245
-1,-6,0.220566,-TIA- 3,329,115,588,-239
-2,-3,0.220594,-TIA- 3,329,115,586,-236
-1,-2,0.220624,-TIA- 3,329,115,585,-234
-1,-3,0.220659,-TIA- 3,329,115,584,-231
-1,-3,0.220677,-TIA- 3,329,115,583,-228
-1,-6,0.22072,-TIA- 3,329,115,582,-222
-1,-3,0.220752,-TIA- 3,329,115,581,-219
-1,-2,0.220771,-TIA- 3,329,115,580,-217
-1,-3,0.220799,-TIA- 3,329,115,579,-214
-1,-3,0.220816,-TIA- 3,329,115,578,-211
-1,-3,0.220839,-TIA- 3,329,115,577,-208
-1,-3,0.220874,-TIA- 3,329,115,576,-205
-1,-2,0.220903,-TIA- 3,329,115,575,-203
-1,-3,0.22092,-TIA- 3,329,115,574,-200
-1,-3,0.220955,-TIA- 3,329,115,573,-197
-1,-3,0.220973,-TIA- 3,329,115,572,-194
-1,-3,0.22099,-TIA- 3,329,115,571,-191
-1,-2,0.221025,-TIA- 3,329,115,570,-189
-1,-3,0.221048,-TIA- 3,329,115,569,-186
-1,-3,0.221089,-TIA- 3,329,115,568,-183
-1,-6,0.221124,-TIA- 3,329,115,567,-177
-1,-3,0.221153,-TIA- 3,329,115,566,-174
-1,-2,0.221176,-TIA- 3,329,115,565,-172
-1,-3,0.221211,-TIA- 3,329,115,564,-169
-1,-3,0.22124,-TIA- 3,329,115,563,-166
-1,-6,0.221269,-TIA- 3,329,115,562,-160
-2,-2,0.221298,-TIA- 3,329,115,560,-158
-1,-3,0.221315,-TIA- 3,329,115,559,-155
-1,-3,0.22135,-TIA- 3,329,115,558,-152
-1,-3,0.221379,-TIA- 3,329,115,557,-149
-1,-5,0.221408,-TIA- 3,329,115,556,-144
-1,-3,0.221431,-TIA- 3,329,115,555,-141
-1,-3,0.221455,-TIA- 3,329,115,554,-138
-1,-3,0.221495,-TIA- 3,329,115,553,-135
-1,-3,0.221518,-TIA- 3,329,115,552,-132
-1,-2,0.221553,-TIA- 3,329,115,551,-130
-1,-1,0.221559,-TIA- 3,329,115,550,-129
-1,-1,0.221582,-TIA- 3,329,115,549,-128
-1,-1,0.221617,-TIA- 3,329,115,548,-127
-1,1,0.233929,GO 4,282,431,547,-128
-1,1,0.233976,GO 4,282,431,546,-129
-1,2,0.234005,GO 4,282,431,545,-131
-1,2,0.234028,GO 4,282,431,544,-133
-1,2,0.234063,GO 4,282,431,543,-135
-1,1,0.234092,GO 4,282,431,542,-136
-1,2,0.234115,GO 4,282,431,541,-138
-1,2,0.234133,GO 4,282,431,540,-140
-1,2,0.234156,GO 4,282,431,539,-142
-1,2,0.234179,GO 4,282,431,538,-144
-1,2,0.234208,GO 4,282,431,537,-146
-1,2,0.234243,GO 4,282,431,536,-148
-1,2,0.234272,GO 4,282,431,535,-150
-1,1,0.234284,GO 4,282,431,534,-151
-1,2,0.234307,GO 4,282,431,533,-153
-1,2,0.23433,GO 4,282,431,532,-155
-1,2,0.234365,GO 4,282,431,531,-157
-1,2,0.234394,GO 4,282,431,530,-159
-1,2,0.234427,GO 4,282,431,529,-161
-1,2,0.234434,GO 4,282,431,528,-163
-1,2,0.234458,GO 4,282,431,527,-165
-1,1,0.234481,GO 4,282,431,526,-166
-1,2,0.234504,GO 4,282,431,525,-168
-1,2,0.234539,GO 4,282,431,524,-170
-1,2,0.23458,GO 4,282,431,523,-172
-1,2,0.234585,GO 4,282,431,522,-174
-1,2,0.234609,GO 4,282,431,521,-176
-1,2,0.234632,GO 4,282,431,520,-178
-1,2,0.234661,GO 4,282,431,519,-180
-1,1,0.23469,GO 4,282,431,518,-181
-1,2,0.234731,GO 4,282,431,517,-183
-1,2,0.234736,GO 4,282,431,516,-185
-1,2,0.23476,GO 4,282,431,515,-187
-1,2,0.234794,GO 4,282,431,514,-189
-1,2,0.234812,GO 4,282,431,513,-191
-1,2,0.234841,GO 4,282,431,512,-193
-1,1,0.234876,GO 4,282,431,511,-194
-1,2,0.234893,GO 4,282,431,510,-196
-1,2,0.234916,GO 4,282,431,509,-198
-1,2,0.23494,GO 4,282,431,508,-200
-1,2,0.234963,GO 4,282,431,507,-202
-1,2,0.235003,GO 4,282,431,506,-204
-1,2,0.235021,GO 4,282,431,505,-206
-1,2,0.235044,GO 4,282,431,504,-208
-1,1,0.235067,GO 4,282,431,503,-209
-1,2,0.23509,GO 4,282,431,502,-211
-1,2,0.235125,GO 4,282,431,501,-213
-1,2,0.235154,GO 4,282,431,500,-215
-1,2,0.23516,GO 4,282,431,499,-217
-1,2,0.235195,GO 4,282,431,498,-219
-1,2,0.235218,GO 4,282,431,497,-221
-1,2,0.235241,GO 4,282,431,496,-223
-1,2,0.235276,GO 4,282,431,495,-225
-1,3,0.235305,GO 4,282,431,494,-228
-1,3,0.235317,GO 4,282,431,493,-231
-1,3,0.235346,GO 4,282,431,492,-234
-1,3,0.235369,GO 4,282,431,491,-237
-1,2,0.235392,GO 4,282,431,490,-239
-1,3,0.235427,GO 4,282,431,489,-242
-1,3,0.235456,GO 4,282,431,488,-245
-1,3,0.235468,GO 4,282,431,487,-248
-1,3,0.235491,GO 4,282,431,486,-251
-1,3,0.23552,GO 4,282,431,485,-254
-1,2,0.235555,GO 4,282,431,484,-256
-1,3,0.235571,GO 4,282,431,483,-259
-1,3,0.235601,GO 4,282,431,482,-262
-1,3,0.235607,GO 4,282,431,481,-265
-1,3,0.235636,GO 4,282,431,480,-268
-1,2,0.235665,GO 4,282,431,479,-270
-1,3,0.235694,GO 4,282,431,478,-273
-1,3,0.235723,GO 4,282,431,477,-276
-1,3,0.235735,GO 4,282,431,476,-279
-1,3,0.235758,GO 4,282,431,475,-282
-1,2,0.235787,GO 4,282,431,474,-284
-1,3,0.235816,GO 4,282,431,473,-287
-1,3,0.235851,GO 4,282,431,472,-290
-1,3,0.235874,GO 4,282,431,471,-293
-1,3,0.235892,GO 4,282,431,470,-296
-1,3,0.235915,GO 4,282,431,469,-299
-1,2,0.235938,GO 4,282,431,468,-301
-1,3,0.235967,GO 4,282,431,467,-304
-1,3,0.236002,GO 4,282,431,466,-307
-1,3,0.236031,GO 4,282,431,465,-310
-1,3,0.236042,GO 4,282,431,464,-313
-1,2,0.236066,GO 4,282,431,463,-315
-1,3,0.236089,GO 4,282,431,462,-318
-1,3,0.236112,GO 4,282,431,461,-321
-1,3,0.236147,GO 4,282,431,460,-324
-1,3,0.236176,GO 4,282,431,459,-327
-1,2,0.236193,GO 4,282,431,458,-329
-1,3,0.236217,GO 4,282,431,457,-332
-1,3,0.23624,GO 4,282,431,456,-335
-1,3,0.236263,GO 4,282,431,455,-338
-1,3,0.236298,GO 4,282,431,454,-341
-1,3,0.236327,GO 4,282,431,453,-344
-1,2,0.236344,GO 4,282,431,452,-346
-1,3,0.236368,GO 4,282,431,451,-349
-1,3,0.236391,GO 4,282,431,450,-352
-1,3,0.236431,GO 4,282,431,449,-355
-1,3,0.236443,GO 4,282,431,448,-358
-1,2,0.236481,GO 4,282,431,447,-360
-1,3,0.236501,GO 4,282,431,446,-363
-1,3,0.236518,GO 4,282,431,445,-366
-1,3,0.236547,GO 4,282,431,444,-369
-1,3,0.236582,GO 4,282,431,443,-372
-1,2,0.236594,GO 4,282,431,442,-374
-1,3,0.236617,GO 4,282,431,441,-377
-1,3,0.236652,GO 4,282,431,440,-380
-1,3,0.236675,GO 4,282,431,439,-383
-1,3,0.236698,GO 4,282,431,438,-386
-1,3,0.236727,GO 4,282,431,437,-389
-1,5,0.236768,GO 4,282,431,436,-394
-2,3,0.236803,GO 4,282,431,434,-397
-1,3,0.236826,GO 4,282,431,433,-400
-1,3,0.236849,GO 4,282,431,432,-403
-1,2,0.236878,GO 4,282,431,431,-405
-1,3,0.236913,GO 4,282,431,430,-408
-1,3,0.236925,GO 4,282,431,429,-411
-1,3,0.236942,GO 4,282,431,428,-414
-1,3,0.236977,GO 4,282,431,427,-417
-1,2,0.237,GO 4,282,431,426,-419
-1,3,0.237035,GO 4,282,431,425,-422
-1,3,0.237064,GO 4,282,431,424,-425
-1,3,0.23707,GO 4,282,431,423,-428
-1,3,0.237099,GO 4,282,431,422,-431
-1,3,0.237128,GO 4,282,431,421,-434
-1,2,0.237151,GO 4,282,431,420,-436
-1,3,0.237186,GO 4,282,431,419,-439
-1,3,0.237215,GO 4,282,431,418,-442
-1,3,0.237222,GO 4,282,431,417,-445
-1,3,0.23725,GO 4,282,431,416,-448
-1,2,0.237279,GO 4,282,431,415,-450
-1,3,0.237308,GO 4,282,431,414,-453
-1,3,0.237331,GO 4,282,431,413,-456
-1,3,0.23736,GO 4,282,431,412,-459
-1,3,0.237378,GO 4,282,431,411,-462
-1,2,0.237401,GO 4,282,431,410,-464
-1,3,0.237431,GO 4,282,431,409,-467
-1,3,0.237465,GO 4,282,431,408,-470
-1,3,0.237482,GO 4,282,431,407,-473
-1,3,0.237505,GO 4,282,431,406,-476
-1,3,0.237529,GO 4,282,431,405,-479
-1,2,0.237552,GO 4,282,431,404,-481
-1,3,0.237575,GO 4,282,431,403,-484
-1,3,0.23761,GO 4,282,431,402,-487
-1,3,0.237633,GO 4,282,431,401,-490
-1,3,0.237668,GO 4,282,431,400,-493
-1,2,0.237679,GO 4,282,431,399,-495
-1,3,0.237703,GO 4,282,431,398,-498
-1,3,0.237728,GO 4,282,431,397,-501
-1,3,0.237761,GO 4,282,431,396,-504
-1,3,0.237784,GO 4,282,431,395,-507
-1,2,0.237819,GO 4,282,431,394,-509
-1,3,0.23783,GO 4,282,431,393,-512
-1,3,0.237859,GO 4,282,431,392,-515
-1,3,0.237883,GO 4,282,431,391,-518
-1,3,0.237912,GO 4,282,431,390,-521
-1,3,0.237935,GO 4,282,431,389,-524
-1,2,0.23797,GO 4,282,431,388,-526
-1,3,0.237987,GO 4,282,431,387,-529
-1,3,0.23801,GO 4,282,431,386,-532
-1,3,0.238034,GO 4,282,431,385,-535
-1,3,0.238063,GO 4,282,431,384,-538
-1,2,0.238103,GO 4,282,431,383,-540
-1,3,0.238126,GO 4,282,431,382,-543
-1,3,0.238138,GO 4,282,431,381,-546
-1,3,0.238161,GO 4,282,431,380,-549
-1,3,0.238184,GO 4,282,431,379,-552
-1,2,0.238208,GO 4,282,431,378,-554
-1,3,0.238243,GO 4,282,431,377,-557
-1,3,0.238283,GO 4,282,431,376,-560
-1,3,0.238289,GO 4,282,431,375,-563
-1,3,0.238312,GO 4,282,431,374,-566
-1,3,0.238335,GO 4,282,431,373,-569
-1,2,0.238364,GO 4,282,431,372,-571
-1,3,0.238405,GO 4,282,431,371,-574
-1,3,0.238411,GO 4,282,431,370,-577
-1,3,0.23844,GO 4,282,431,369,-580
-1,3,0.238469,GO 4,282,431,368,-583
-1,2,0.238492,GO 4,282,431,367,-585
-1,3,0.238515,GO 4,282,431,366,-588
-1,3,0.238544,GO 4,282,431,365,-591
-1,3,0.238562,GO 4,282,431,364,-594
-1,3,0.238597,GO 4,282,431,363,-597
-1,2,0.23862,GO 4,282,431,362,-599
-1,3,0.238643,GO 4,282,431,361,-602
-1,3,0.238666,GO 4,282,431,360,-605
-1,3,0.238701,GO 4,282,431,359,-608
-1,3,0.238713,GO 4,282,431,358,-611
-1,3,0.238742,GO 4,282,431,357,-614
-1,2,0.238771,GO 4,282,431,356,-616
-1,3,0.238794,GO 4,282,431,355,-619
-1,3,0.238817,GO 4,282,431,354,-622
-1,3,0.238852,GO 4,282,431,353,-625
-1,3,0.238869,GO 4,282,431,352,-628
-1,2,0.238893,GO 4,282,431,351,-630
-1,3,0.238922,GO 4,282,431,350,-633
-1,3,0.238945,GO 4,282,431,349,-636
-1,3,0.23898,GO 4,282,431,348,-639
-1,3,0.239003,GO 4,282,431,347,-642
-1,2,0.23902,GO 4,282,431,346,-644
-1,3,0.239044,GO 4,282,431,345,-647
-1,3,0.239073,GO 4,282,431,344,-650
-1,3,0.239096,GO 4,282,431,343,-653
-1,3,0.23912,GO 4,282,431,342,-656
-1,3,0.239154,GO 4,282,431,341,-659
-1,2,0.239189,GO 4,282,431,340,-661
-1,3,0.239195,GO 4,282,431,339,-664
-1,3,0.239218,GO 4,282,431,338,-667
-1,3,0.239253,GO 4,282,431,337,-670
-1,3,0.239282,GO 4,282,431,336,-673
-1,3,0.239299,GO 4,282,431,335,-676
-1,2,0.239328,GO 4,282,431,334,-678
-1,3,0.239345,GO 4,282,431,333,-681
-1,3,0.239369,GO 4,282,431,332,-684
-1,3,0.239404,GO 4,282,431,331,-687
-1,3,0.239427,GO 4,282,431,330,-690
-1,2,0.239462,GO 4,282,431,329,-692
-1,3,0.239473,GO 4,282,431,328,-695
-1,3,0.239502,GO 4,282,431,327,-698
-1,3,0.23952,GO 4,282,431,326,-701
-1,3,0.239554,GO 4,282,431,325,-704
-1,1,0.239578,GO 4,282,431,324,-705
-1,2,0.239618,GO 4,282,431,323,-707
-1,1,0.239636,GO 4,282,431,322,-708
-1,1,0.239653,GO 4,282,431,321,-709
-1,1,0.239676,GO 4,282,431,320,-710
1,-1,0.249011,FRAY 5,338,307,321,-709
1,-1,0.249046,FRAY 5,338,307,322,-708
1,-1,0.249069,FRAY 5,338,307,323,-707
1,-2,0.249098,FRAY 5,338,307,324,-705
2,-4,0.249139,FRAY 5,338,307,326,-701
4,-2,0.249168,FRAY 5,338,307,330,-699
2,-2,0.249197,FRAY 5,338,307,332,-697
2,-2,0.249226,FRAY 5,338,307,334,-695
1,-2,0.249252,FRAY 5,338,307,335,-693
2,-3,0.249289,FRAY 5,338,307,337,-690
4,-2,0.249324,FRAY 5,338,307,341,-688
2,-2,0.249347,FRAY 5,338,307,343,-686
2,-2,0.249382,FRAY 5,338,307,345,-684
2,-2,0.249411,FRAY 5,338,307,347,-682
2,-2,0.249435,FRAY 5,338,307,349,-680
1,-2,0.249446,FRAY 5,338,307,350,-678
2,-1,0.249469,FRAY 5,338,307,352,-677
2,-2,0.249498,FRAY 5,338,307,354,-675
2,-2,0.249533,FRAY 5,338,307,356,-673
2,-2,0.249539,FRAY 5,338,307,358,-671
2,-3,0.249574,FRAY 5,338,307,360,-668
2,-3,0.249597,FRAY 5,338,307,362,-665
2,-3,0.24962,FRAY 5,338,307,364,-662
1,-2,0.249649,FRAY 5,338,307,365,-660
2,-3,0.249684,FRAY 5,338,307,367,-657
2,-3,0.249695,FRAY 5,338,307,369,-654
2,-6,0.249748,FRAY 5,338,307,371,-648
4,-2,0.249771,FRAY 5,338,307,375,-646
2,-3,0.249806,FRAY 5,338,307,377,-643
2,-3,0.249829,FRAY 5,338,307,379,-640
1,-3,0.249858,FRAY 5,338,307,380,-637
2,-3,0.24987,FRAY 5,338,307,382,-634
2,-2,0.249899,FRAY 5,338,307,384,-632
2,-3,0.249934,FRAY 5,338,307,386,-629
2,-3,0.249951,FRAY 5,338,307,388,-626
2,-3,0.24998,FRAY 5,338,307,390,-623
2,-3,0.249998,FRAY 5,338,307,392,-620
1,-3,0.250021,FRAY 5,338,307,393,-617
1,-2,0.250055,FRAY 5,338,307,394,-615
1,-3,0.250085,FRAY 5,338,307,395,-612
1,-3,0.25012,FRAY 5,338,307,396,-609
1,-3,0.250131,FRAY 5,338,307,397,-606
1,-3,0.250149,FRAY 5,338,307,398,-603
1,-2,0.250172,FRAY 5,338,307,399,-601
1,-3,0.250195,FRAY 5,338,307,400,-598
1,-3,0.25023,FRAY 5,338,307,401,-595
1,-3,0.25027,FRAY 5,338,307,402,-592
1,-3,0.250282,FRAY 5,338,307,403,-589
1,-2,0.2503,FRAY 5,338,307,404,-587
1,-3,0.250323,FRAY 5,338,307,405,-584
1,-3,0.250346,FRAY 5,338,307,406,-581
1,-3,0.250381,FRAY 5,338,307,407,-578
1,-3,0.25041,FRAY 5,338,307,408,-575
1,-3,0.250445,FRAY 5,338,307,409,-572
1,-2,0.25045,FRAY 5,338,307,410,-570
1,-3,0.250474,FRAY 5,338,307,411,-567
1,-3,0.250503,FRAY 5,338,307,412,-564
1,-3,0.250532,FRAY 5,338,307,413,-561
1,-3,0.250567,FRAY 5,338,307,414,-558
1,-2,0.250596,FRAY 5,338,307,415,-556
1,-6,0.25063,FRAY 5,338,307,416,-550
2,-3,0.250654,FRAY 5,338,307,418,-547
1,-3,0.250683,FRAY 5,338,307,419,-544
1,-2,0.250717,FRAY 5,338,307,420,-542
1,-3,0.250746,FRAY 5,338,307,421,-539
1,-3,0.250758,FRAY 5,338,307,422,-536
1,-3,0.250781,FRAY 5,338,307,423,-533
1,-3,0.250805,FRAY 5,338,307,424,-530
1,-3,0.250839,FRAY 5,338,307,425,-527
1,-2,0.250863,FRAY 5,338,307,426,-525
1,-3,0.250892,FRAY 5,338,307,427,-522
1,-3,0.250909,FRAY 5,338,307,428,-519
1,-3,0.250932,FRAY 5,338,307,429,-516
1,-3,0.250967,FRAY 5,338,307,430,-513
1,-1,0.250979,FRAY 5,338,307,431,-512
1,-2,0.251014,FRAY 5,338,307,432,-510
1,-1,0.251043,FRAY 5,338,307,433,-509
1,-1,0.25106,FRAY 5,338,307,434,-508
-1,-1,0.26375,SAN- 6,280,234,433,-507
-1,-1,0.263808,SAN- 6,280,234,432,-506
-1,-1,0.263831,SAN- 6,280,234,431,-505
-1,-1,0.263854,SAN- 6,280,234,430,-504
-1,-1,0.263877,SAN- 6,280,234,429,-503
-1,-1,0.263912,SAN- 6,280,234,428,-502
-1,-2,0.26393,SAN- 6,280,234,427,-500
-1,-2,0.263976,SAN- 6,280,234,426,-498
-1,-2,0.263988,SAN- 6,280,234,425,-496
-1,-2,0.264011,SAN- 6,280,234,424,-494
-1,-2,0.26404,SAN- 6,280,234,423,-492
-1,-2,0.264075,SAN- 6,280,234,422,-490
-1,-2,0.264081,SAN- 6,280,234,421,-488
-1,-1,0.264104,SAN- 6,280,234,420,-487
-1,-2,0.264139,SAN- 6,280,234,419,-485
-1,-2,0.264162,SAN- 6,280,234,418,-483
-1,-2,0.264191,SAN- 6,280,234,417,-481
-1,-2,0.264226,SAN- 6,280,234,416,-479
-1,-2,0.264231,SAN- 6,280,234,415,-477
-1,-2,0.264255,SAN- 6,280,234,414,-475
-1,-2,0.26429,SAN- 6,280,234,413,-473
-2,-1,0.264313,SAN- 6,280,234,411,-472
-2,-2,0.264336,SAN- 6,280,234,409,-470
-2,-2,0.264377,SAN- 6,280,234,407,-468
-2,-2,0.264388,SAN- 6,280,234,405,-466
-2,-2,0.264406,SAN- 6,280,234,403,-464
-2,-2,0.26444,SAN- 6,280,234,401,-462
-2,-2,0.264464,SAN- 6,280,234,399,-460
-1,-2,0.264487,SAN- 6,280,234,398,-458
-2,-1,0.264522,SAN- 6,280,234,396,-457
-2,-2,0.264539,SAN- 6,280,234,394,-455
-2,-2,0.26456,SAN- 6,280,234,392,-453
-2,-2,0.264591,SAN- 6,280,234,390,-451
-2,-2,0.264626,SAN- 6,280,234,388,-449
-2,-3,0.264649,SAN- 6,280,234,386,-446
-1,-3,0.264673,SAN- 6,280,234,385,-443
-2,-2,0.26469,SAN- 6,280,234,383,-441
-2,-3,0.264713,SAN- 6,280,234,381,-438
-2,-3,0.264737,SAN- 6,280,234,379,-435
-2,-3,0.264777,SAN- 6,280,234,377,-432
-2,-3,0.264812,SAN- 6,280,234,375,-429
-2,-5,0.264835,SAN- 6,280,234,373,-424
-3,-3,0.264847,SAN- 6,280,234,370,-421
-2,-3,0.264873,SAN- 6,280,234,368,-418
-2,-3,0.264905,SAN- 6,280,234,366,-415
-2,-2,0.264934,SAN- 6,280,234,364,-413
-2,-3,0.264963,SAN- 6,280,234,362,-410
-2,-3,0.264975,SAN- 6,280,234,360,-407
-2,-3,0.264998,SAN- 6,280,234,358,-404
-2,-3,0.265021,SAN- 6,280,234,356,-401
-1,-3,0.26505,SAN- 6,280,234,355,-398
-2,-2,0.265085,SAN- 6,280,234,353,-396
-2,-3,0.265108,SAN- 6,280,234,351,-393
-2,-3,0.26512,SAN- 6,280,234,349,-390
-2,-3,0.265149,SAN- 6,280,234,347,-387
-2,-3,0.265172,SAN- 6,280,234,345,-384
-2,-2,0.265201,SAN- 6,280,234,343,-382
-2,-3,0.265224,SAN- 6,280,234,341,-379
-1,-3,0.265259,SAN- 6,280,234,340,-376
-2,-3,0.265265,SAN- 6,280,234,338,-373
-2,-3,0.2653,SAN- 6,280,234,336,-370
-2,-2,0.265311,SAN- 6,280,234,334,-368
-2,-3,0.265337,SAN- 6,280,234,332,-365
-2,-3,0.265375,SAN- 6,280,234,330,-362
-2,-3,0.26541,SAN- 6,280,234,328,-359
-2,-3,0.265416,SAN- 6,280,234,326,-356
-1,-3,0.265443,SAN- 6,280,234,325,-353
-1,-1,0.265468,SAN- 6,280,234,324,-352
-1,-2,0.265491,SAN- 6,280,234,323,-350
-1,-2,0.265514,SAN- 6,280,234,322,-348
-1,-2,0.265549,SAN- 6,280,234,321,-346
-1,-1,0.265567,SAN- 6,280,234,320,-345
-1,-1,0.265584,SAN- 6,280,234,319,-344
-1,-1,0.278765,-TIA- 7,121,109,318,-343
-2,-1,0.278808,-TIA- 7,121,109,316,-342
-2,-1,0.278831,-TIA- 7,121,109,314,-341
-2,-1,0.27886,-TIA- 7,121,109,312,-340
-1,-1,0.278883,-TIA- 7,121,109,311,-339
-2,-1,0.278918,-TIA- 7,121,109,309,-338
-2,-1,0.278947,-TIA- 7,121,109,307,-337
-3,-2,0.278959,-TIA- 7,121,109,304,-335
-3,-2,0.278982,-TIA- 7,121,109,301,-333
-3,-2,0.279005,-TIA- 7,121,109,298,-331
-2,-2,0.279034,-TIA- 7,121,109,296,-329
-3,-1,0.279063,-TIA- 7,121,109,293,-328
-3,-2,0.279098,-TIA- 7,121,109,290,-326
-3,-2,0.27911,-TIA- 7,121,109,287,-324
-3,-2,0.279133,-TIA- 7,121,109,284,-322
-2,-2,0.279168,-TIA- 7,121,109,282,-320
-3,-2,0.279191,-TIA- 7,121,109,279,-318
-3,-2,0.279214,-TIA- 7,121,109,276,-316
-3,-2,0.279243,-TIA- 7,121,109,273,-314
-3,-1,0.279261,-TIA- 7,121,109,270,-313
-2,-2,0.279284,-TIA- 7,121,109,268,-311
-3,-2,0.279307,-TIA- 7,121,109,265,-309
-3,-2,0.27933,-TIA- 7,121,109,262,-307
-3,-2,0.279365,-TIA- 7,121,109,259,-305
-3,-2,0.279394,-TIA- 7,121,109,256,-303
-3,-2,0.279412,-TIA- 7,121,109,253,-301
-2,-2,0.279441,-TIA- 7,121,109,251,-299
-3,-1,0.279464,-TIA- 7,121,109,248,-298
-3,-2,0.279487,-TIA- 7,121,109,245,-296
-3,-2,0.279516,-TIA- 7,121,109,242,-294
-3,-2,0.279557,-TIA- 7,121,109,239,-292
-2,-2,0.279562,-TIA- 7,121,109,237,-290
-3,-2,0.279591,-TIA- 7,121,109,234,-288
-3,-2,0.279615,-TIA- 7,121,109,231,-286
-3,-2,0.279644,-TIA- 7,121,109,228,-284
-3,-1,0.279667,-TIA- 7,121,109,225,-283
-2,-2,0.279702,-TIA- 7,121,109,223,-281
-3,-2,0.279719,-TIA- 7,121,109,220,-279
-3,-2,0.279742,-TIA- 7,121,109,217,-277
-3,-2,0.279766,-TIA- 7,121,109,214,-275
-3,-3,0.279795,-TIA- 7,121,109,211,-272
-3,-3,0.279812,-TIA- 7,121,109,208,-269
-2,-2,0.279853,-TIA- 7,121,109,206,-267
-3,-3,0.279864,-TIA- 7,121,109,203,-264
-3,-3,0.279893,-TIA- 7,121,109,200,-261
-3,-3,0.279917,-TIA- 7,121,109,197,-258
-3,-3,0.27994,-TIA- 7,121,109,194,-255
-2,-2,0.27998,-TIA- 7,121,109,192,-253
-3,-3,0.280009,-TIA- 7,121,109,189,-250
-3,-3,0.280021,-TIA- 7,121,109,186,-247
-3,-3,0.280044,-TIA- 7,121,109,183,-244
-3,-3,0.280067,-TIA- 7,121,109,180,-241
-2,-2,0.280097,-TIA- 7,121,109,178,-239
-3,-3,0.280126,-TIA- 7,121,109,175,-236
-3,-3,0.280137,-TIA- 7,121,109,172,-233
-3,-3,0.280172,-TIA- 7,121,109,169,-230
-3,-3,0.280195,-TIA- 7,121,109,166,-227
-2,-3,0.280218,-TIA- 7,121,109,164,-224
-3,-2,0.280242,-TIA- 7,121,109,161,-222
-3,-3,0.280276,-TIA- 7,121,109,158,-219
-3,-3,0.280288,-TIA- 7,121,109,155,-216
-3,-3,0.280323,-TIA- 7,121,109,152,-213
-3,-3,0.280346,-TIA- 7,121,109,149,-210
-2,-2,0.280369,-TIA- 7,121,109,147,-208
-3,-3,0.280393,-TIA- 7,121,109,144,-205
-3,-3,0.280427,-TIA- 7,121,109,141,-202
-3,-3,0.280445,-TIA- 7,121,109,138,-199
-3,-3,0.280468,-TIA- 7,121,109,135,-196
-2,-2,0.280497,-TIA- 7,121,109,133,-194
-3,-3,0.280538,-TIA- 7,121,109,130,-191
-3,-3,0.280567,-TIA- 7,121,109,127,-188
-3,-3,0.280573,-TIA- 7,121,109,124,-185
-3,-3,0.280596,-TIA- 7,121,109,121,-182
-2,-3,0.280625,-TIA- 7,121,109,119,-179
-3,-2,0.280648,-TIA- 7,121,109,116,-177
-3,-3,0.280677,-TIA- 7,121,109,113,-174
-3,-3,0.280718,-TIA- 7,121,109,110,-171
-3,-3,0.280723,-TIA- 7,121,109,107,-168
-3,-3,0.280747,-TIA- 7,121,109,104,-165
-2,-2,0.280781,-TIA- 7,121,109,102,-163
-3,-3,0.280811,-TIA- 7,121,109,99,-160
-3,-3,0.280828,-TIA- 7,121,109,96,-157
-3,-3,0.280869,-TIA- 7,121,109,93,-154
-3,-3,0.280874,-TIA- 7,121,109,90,-151
-2,-2,0.280898,-TIA- 7,121,109,88,-149
-3,-3,0.280923,-TIA- 7,121,109,85,-146
-3,-3,0.280956,-TIA- 7,121,109,82,-143
-3,-3,0.280979,-TIA- 7,121,109,79,-140
-3,-3,0.281002,-TIA- 7,121,109,76,-137
-2,-1,0.28102,-TIA- 7,121,109,74,-136
-3,-2,0.281043,-TIA- 7,121,109,71,-134
-3,-2,0.281078,-TIA- 7,121,109,68,-132
-3,-2,0.281107,-TIA- 7,121,109,65,-130
-2,-1,0.281147,-TIA- 7,121,109,63,-129
-2,-2,0.281165,-TIA- 7,121,109,61,-127
-1,-1,0.28117,-TIA- 7,121,109,60,-126
-2,-1,0.281194,-TIA- 7,121,109,58,-125
-1,-1,0.281223,-TIA- 7,121,109,57,-124
-2,1,0.293703,GO 8,142,496,55,-125
-1,1,0.293727,GO 8,142,496,54,-126
-1,2,0.293756,GO 8,142,496,53,-128
-1,1,0.293779,GO 8,142,496,52,-129
-1,2,0.293808,GO 8,142,496,51,-131
-1,2,0.293831,GO 8,142,496,50,-133
-1,3,0.293872,GO 8,142,496,49,-136
-1,3,0.293889,GO 8,142,496,48,-139
-1,3,0.293907,GO 8,142,496,47,-142
-1,2,0.29393,GO 8,142,496,46,-144
-1,3,0.293959,GO 8,142,496,45,-147
-1,3,0.293982,GO 8,142,496,44,-150
-1,3,0.294017,GO 8,142,496,43,-153
-1,5,0.294046,GO 8,142,496,42,-158
-2,3,0.294081,GO 8,142,496,40,-161
-1,3,0.29411,GO 8,142,496,39,-164
-1,3,0.294133,GO 8,142,496,38,-167
-1,3,0.294145,GO 8,142,496,37,-170
-1,3,0.294174,GO 8,142,496,36,-173
-1,2,0.294197,GO 8,142,496,35,-175
-1,3,0.294232,GO 8,142,496,34,-178
-1,3,0.294266,GO 8,142,496,33,-181
-1,6,0.294296,GO 8,142,496,32,-187
-1,2,0.294325,GO 8,142,496,31,-189
-1,3,0.294354,GO 8,142,496,30,-192
-1,3,0.294383,GO 8,142,496,29,-195
-1,3,0.294417,GO 8,142,496,28,-198
-1,5,0.294446,GO 8,142,496,27,-203
-1,3,0.294481,GO 8,142,496,26,-206
-1,3,0.294504,GO 8,142,496,25,-209
-1,3,0.294528,GO 8,142,496,24,-212
-1,3,0.294557,GO 8,142,496,23,-215
-1,5,0.294592,GO 8,142,496,22,-220
-1,3,0.294621,GO 8,142,496,21,-223
-1,3,0.294655,GO 8,142,496,20,-226
-1,3,0.294667,GO 8,142,496,19,-229
-1,3,0.294708,GO 8,142,496,18,-232
-1,2,0.294719,GO 8,142,496,17,-234
-1,3,0.294742,GO 8,142,496,16,-237
-1,3,0.294772,GO 8,142,496,15,-240
-1,3,0.294796,GO 8,142,496,14,-243
-1,3,0.29483,GO 8,142,496,13,-246
-1,2,0.294853,GO 8,142,496,12,-248
-1,3,0.29487,GO 8,142,496,11,-251
-1,3,0.294893,GO 8,142,496,10,-254
-1,3,0.294917,GO 8,142,496,9,-257
-1,3,0.294951,GO 8,142,496,8,-260
-1,3,0.29498,GO 8,142,496,7,-263
-1,2,0.295004,GO 8,142,496,6,-265
-1,3,0.295039,GO 8,142,496,5,-268
-1,3,0.295044,GO 8,142,496,4,-271
-1,3,0.295068,GO 8,142,496,3,-274
-1,3,0.295102,GO 8,142,496,2,-277
-1,2,0.295131,GO 8,142,496,1,-279
-1,3,0.295166,GO 8,142,496,0,-282
-1,3,0.295184,GO 8,142,496,-1,-285
-1,3,0.295195,GO 8,142,496,-2,-288
-1,3,0.295219,GO 8,142,496,-3,-291
-1,2,0.295253,GO 8,142,496,-4,-293
-1,3,0.295288,GO 8,142,496,-5,-296
-1,3,0.295317,GO 8,142,496,-6,-299
-1,3,0.29534,GO 8,142,496,-7,-302
-1,3,0.295352,GO 8,142,496,-8,-305
-1,3,0.295375,GO 8,142,496,-9,-308
-1,2,0.295404,GO 8,142,496,-10,-310
-1,3,0.295439,GO 8,142,496,-11,-313
1,3,0.295468,GO 8,142,496,-10,-316
1,3,0.295486,GO 8,142,496,-9,-319
1,3,0.295503,GO 8,142,496,-8,-322
1,2,0.295526,GO 8,142,496,-7,-324
1,3,0.295555,GO 8,142,496,-6,-327
1,3,0.29559,GO 8,142,496,-5,-330
1,3,0.295613,GO 8,142,496,-4,-333
1,5,0.295654,GO 8,142,496,-3,-338
2,3,0.295683,GO 8,142,496,-1,-341
1,3,0.2957,GO 8,142,496,0,-344
1,3,0.295735,GO 8,142,496,1,-347
1,3,0.295764,GO 8,142,496,2,-350
1,3,0.295799,GO 8,142,496,3,-353
1,2,0.295805,GO 8,142,496,4,-355
1,3,0.295828,GO 8,142,496,5,-358
1,3,0.295851,GO 8,142,496,6,-361
1,3,0.295886,GO 8,142,496,7,-364
1,3,0.295915,GO 8,142,496,8,-367
1,2,0.295927,GO 8,142,496,9,-369
1,3,0.295973,GO 8,142,496,10,-372
1,3,0.295979,GO 8,142,496,11,-375
1,3,0.296008,GO 8,142,496,12,-378
1,3,0.296031,GO 8,142,496,13,-381
1,2,0.296068,GO 8,142,496,14,-383
1,3,0.296078,GO 8,142,496,15,-386
1,3,0.296112,GO 8,142,496,16,-389
1,3,0.296136,GO 8,142,496,17,-392
1,3,0.296159,GO 8,142,496,18,-395
1,3,0.296188,GO 8,142,496,19,-398
1,2,0.296223,GO 8,142,496,20,-400
1,3,0.296229,GO 8,142,496,21,-403
1,3,0.296252,GO 8,142,496,22,-406
1,3,0.296287,GO 8,142,496,23,-409
1,3,0.296316,GO 8,142,496,24,-412
1,2,0.296339,GO 8,142,496,25,-414
1,3,0.296362,GO 8,142,496,26,-417
1,3,0.29638,GO 8,142,496,27,-420
1,3,0.296403,GO 8,142,496,28,-423
1,3,0.296438,GO 8,142,496,29,-426
1,2,0.296467,GO 8,142,496,30,-428
1,3,0.296484,GO 8,142,496,31,-431
1,3,0.296517,GO 8,142,496,32,-434
1,3,0.29653,GO 8,142,496,33,-437
1,3,0.296554,GO 8,142,496,34,-440
1,3,0.296588,GO 8,142,496,35,-443
1,2,0.296612,GO 8,142,496,36,-445
1,3,0.296635,GO 8,142,496,37,-448
1,3,0.296658,GO 8,142,496,38,-451
1,3,0.296687,GO 8,142,496,39,-454
1,3,0.296706,GO 8,142,496,40,-457
1,2,0.296734,GO 8,142,496,41,-459
1,3,0.296763,GO 8,142,496,42,-462
1,3,0.296803,GO 8,142,496,43,-465
1,3,0.296821,GO 8,142,496,44,-468
1,3,0.29685,GO 8,142,496,45,-471
1,2,0.296861,GO 8,142,496,46,-473
1,3,0.296885,GO 8,142,496,47,-476
1,3,0.296914,GO 8,142,496,48,-479
1,3,0.296948,GO 8,142,496,49,-482
1,3,0.296972,GO 8,142,496,50,-485
1,3,0.297006,GO 8,142,496,51,-488
1,2,0.297012,GO 8,142,496,52,-490
1,3,0.297035,GO 8,142,496,53,-493
1,3,0.29707,GO 8,142,496,54,-496
1,3,0.297099,GO 8,142,496,55,-499
1,3,0.297117,GO 8,142,496,56,-502
1,2,0.297157,GO 8,142,496,57,-504
1,3,0.297163,GO 8,142,496,58,-507
1,3,0.297186,GO 8,142,496,59,-510
1,3,0.297221,GO 8,142,496,60,-513
1,3,0.29725,GO 8,142,496,61,-516
1,2,0.297273,GO 8,142,496,62,-518
1,3,0.297308,GO 8,142,496,63,-521
1,3,0.29732,GO 8,142,496,64,-524
1,3,0.297337,GO 8,142,496,65,-527
1,3,0.297366,GO 8,142,496,66,-530
1,3,0.297401,GO 8,142,496,67,-533
1,2,0.297436,GO 8,142,496,68,-535
1,3,0.297453,GO 8,142,496,69,-538
1,3,0.297471,GO 8,142,496,70,-541
1,3,0.297494,GO 8,142,496,71,-544
1,3,0.297511,GO 8,142,496,72,-547
1,2,0.297546,GO 8,142,496,73,-549
1,3,0.29757,GO 8,142,496,74,-552
1,3,0.297599,GO 8,142,496,75,-555
1,3,0.29761,GO 8,142,496,76,-558
1,3,0.297639,GO 8,142,496,77,-561
1,2,0.297668,GO 8,142,496,78,-563
1,3,0.297691,GO 8,142,496,79,-566
1,3,0.297726,GO 8,142,496,80,-569
1,3,0.297773,GO 8,142,496,81,-572
1,3,0.297779,GO 8,142,496,82,-575
1,3,0.29779,GO 8,142,496,83,-578
1,2,0.297819,GO 8,142,496,84,-580
1,4,0.297846,GO 8,142,496,85,-584
1,4,0.297877,GO 8,142,496,86,-588
1,4,0.29791,GO 8,142,496,87,-592
1,3,0.297924,GO 8,142,496,88,-595
1,4,0.297941,GO 8,142,496,89,-599
1,4,0.29797,GO 8,142,496,90,-603
1,4,0.297999,GO 8,142,496,91,-607
1,3,0.298028,GO 8,142,496,92,-610
1,4,0.298063,GO 8,142,496,93,-614
1,4,0.298075,GO 8,142,496,94,-618
1,4,0.298092,GO 8,142,496,95,-622
1,3,0.298115,GO 8,142,496,96,-625
1,4,0.29815,GO 8,142,496,97,-629
1,4,0.298173,GO 8,142,496,98,-633
1,4,0.298191,GO 8,142,496,99,-637
1,3,0.29822,GO 8,142,496,100,-640
1,4,0.298243,GO 8,142,496,101,-644
1,4,0.298278,GO 8,142,496,102,-648
1,4,0.298301,GO 8,142,496,103,-652
1,3,0.298334,GO 8,142,496,104,-655
1,4,0.298342,GO 8,142,496,105,-659
1,4,0.298382,GO 8,142,496,106,-663
1,4,0.298405,GO 8,142,496,107,-667
1,1,0.298429,GO 8,142,496,108,-668
1,4,0.298452,GO 8,142,496,109,-672
1,4,0.298475,GO 8,142,496,110,-676
1,3,0.298493,GO 8,142,496,111,-679
1,4,0.298516,GO 8,142,496,112,-683
1,4,0.298551,GO 8,142,496,113,-687
1,4,0.29858,GO 8,142,496,114,-691
1,3,0.298614,GO 8,142,496,115,-694
1,4,0.298626,GO 8,142,496,116,-698
1,4,0.298661,GO 8,142,496,117,-702
1,4,0.298667,GO 8,142,496,118,-706
1,3,0.298701,GO 8,142,496,119,-709
1,4,0.298725,GO 8,142,496,120,-713
1,4,0.298765,GO 8,142,496,121,-717
1,4,0.298783,GO 8,142,496,122,-721
1,3,0.298812,GO 8,142,496,123,-724
1,4,0.298819,GO 8,142,496,124,-728
1,4,0.298847,GO 8,142,496,125,-732
1,4,0.298876,GO 8,142,496,126,-736
1,3,0.29891,GO 8,142,496,127,-739
1,4,0.29894,GO 8,142,496,128,-743
1,4,0.298957,GO 8,142,496,129,-747
1,4,0.298974,GO 8,142,496,130,-751
1,3,0.299003,GO 8,142,496,131,-754
1,4,0.299027,GO 8,142,496,132,-758
1,4,0.299061,GO 8,142,496,133,-762
1,4,0.29909,GO 8,142,496,134,-766
1,6,0.299125,GO 8,142,496,135,-772
2,3,0.299154,GO 8,142,496,137,-775
1,3,0.299178,GO 8,142,496,138,-778
1,2,0.299201,GO 8,142,496,139,-780
1,2,0.299241,GO 8,142,496,140,-782
1,1,0.299276,GO 8,142,496,141,-783
1,1,0.299299,GO 8,142,496,142,-784
