dX,dY,WHEN,SYLLABLE,X,Y,cX,cY
0,-5,0.0104141,Yield,0,0,0,5
-21,-3,0.0104141,Yield,0,0,-21,8
-10,-4,0.01042,Yield,0,0,-31,12
-15,-5,0.0104316,Yield,0,0,-46,17
-15,-4,0.0104432,Yield,0,0,-61,21
-11,-4,0.0104548,Yield,0,0,-72,25
-10,-3,0.0104664,Yield,0,0,-82,28
-10,-4,0.0104762,Yield,0,0,-92,32
-10,-4,0.0104838,Yield,0,0,-102,36
-7,-5,0.0104954,Yield,0,0,-109,41
-6,-12,0.010507,Yield,0,0,-115,53
-5,-20,0.0105186,Yield,0,0,-120,73
-3,-26,0.0105302,Yield,0,0,-123,99
-3,-21,0.0105419,Yield,0,0,-126,120
-5,-21,0.0105535,Yield,0,0,-131,141
-9,-18,0.0105651,Yield,0,0,-140,159
-8,-20,0.0105767,Yield,0,0,-148,179
-2,-20,0.0105883,Yield,0,0,-150,199
2,-22,0.0105999,Yield,0,0,-148,221
8,-22,0.0106115,Yield,0,0,-140,243
10,-22,0.0106231,Yield,0,0,-130,265
8,-22,0.0106347,Yield,0,0,-122,287
8,-20,0.0106463,Yield,0,0,-114,307
7,-26,0.010658,Yield,0,0,-107,333
8,-26,0.0106638,Yield,0,0,-99,359
6,-23,0.0106754,Yield,0,0,-93,382
3,-22,0.010687,Yield,0,0,-90,404
3,-20,0.0106986,Yield,0,0,-87,424
3,-20,0.0107102,Yield,0,0,-84,444
-1,-16,0.0107218,Yield,0,0,-85,460
-1,-17,0.0107334,Yield,0,0,-86,477
-1,-14,0.010745,Yield,0,0,-87,491
1,-16,0.0107566,Yield,0,0,-86,507
1,-17,0.0107683,Yield,0,0,-85,524
1,-15,0.0107799,Yield,0,0,-84,539
-3,-15,0.0107915,Yield,0,0,-87,554
-3,-15,0.0108031,Yield,0,0,-90,569
-2,-12,0.0108147,Yield,0,0,-92,581
-1,-11,0.0108263,Yield,0,0,-93,592
-1,-9,0.0108379,Yield,0,0,-94,601
-1,-6,0.0108553,Yield,0,0,-95,607
-1,-4,0.0108669,Yield,0,0,-96,611
-1,-3,0.0108785,Yield,0,0,-97,614
-1,-1,0.0108902,Yield,0,0,-98,615
-1,19,0.0142571,FRAY 1,109,495,-99,596
-3,24,0.0142687,FRAY 1,109,495,-102,572
-3,15,0.0142745,FRAY 1,109,495,-105,557
1,12,0.0142861,FRAY 1,109,495,-104,545
3,10,0.0142977,FRAY 1,109,495,-101,535
2,8,0.0143093,FRAY 1,109,495,-99,527
1,6,0.0143209,FRAY 1,109,495,-98,521
1,4,0.0143325,FRAY 1,109,495,-97,517
1,3,0.0143441,FRAY 1,109,495,-96,514
1,3,0.014466,FRAY 1,109,495,-95,511
1,12,0.0144776,FRAY 1,109,495,-94,499
3,9,0.0144893,FRAY 1,109,495,-91,490
1,8,0.0145009,FRAY 1,109,495,-90,482
1,8,0.0145125,FRAY 1,109,495,-89,474
1,9,0.0145241,FRAY 1,109,495,-88,465
2,12,0.0145357,FRAY 1,109,495,-86,453
1,14,0.0145473,FRAY 1,109,495,-85,439
2,13,0.0145589,FRAY 1,109,495,-83,426
1,16,0.0145705,FRAY 1,109,495,-82,410
1,18,0.0145821,FRAY 1,109,495,-81,392
2,20,0.0145937,FRAY 1,109,495,-79,372
3,21,0.0146054,FRAY 1,109,495,-76,351
2,21,0.014617,FRAY 1,109,495,-74,330
2,22,0.0146286,FRAY 1,109,495,-72,308
2,22,0.0146402,FRAY 1,109,495,-70,286
1,18,0.014646,FRAY 1,109,495,-69,268
1,12,0.0146576,FRAY 1,109,495,-68,256
1,13,0.0146692,FRAY 1,109,495,-67,243
1,11,0.0146808,FRAY 1,109,495,-66,232
1,11,0.0146924,FRAY 1,109,495,-65,221
-1,11,0.014704,FRAY 1,109,495,-66,210
-1,11,0.0147156,FRAY 1,109,495,-67,199
-1,13,0.0147273,FRAY 1,109,495,-68,186
-1,13,0.0147389,FRAY 1,109,495,-69,173
-1,14,0.0147505,FRAY 1,109,495,-70,159
-1,16,0.0147621,FRAY 1,109,495,-71,143
-1,12,0.0147737,FRAY 1,109,495,-72,131
-1,14,0.0147853,FRAY 1,109,495,-73,117
-1,12,0.0147969,FRAY 1,109,495,-74,105
-1,11,0.0148085,FRAY 1,109,495,-75,94
-1,12,0.0148201,FRAY 1,109,495,-76,82
2,13,0.0148259,FRAY 1,109,495,-74,69
2,12,0.0148376,FRAY 1,109,495,-72,57
2,11,0.0148492,FRAY 1,109,495,-70,46
1,9,0.0148608,FRAY 1,109,495,-69,37
1,10,0.0148724,FRAY 1,109,495,-68,27
1,9,0.014884,FRAY 1,109,495,-67,18
1,8,0.0148956,FRAY 1,109,495,-66,10
1,3,0.0149072,FRAY 1,109,495,-65,7
1,1,0.0149188,FRAY 1,109,495,-64,6
1,11,0.0151336,FRAY 1,109,495,-63,-5
4,17,0.0151452,FRAY 1,109,495,-59,-22
6,21,0.0151568,FRAY 1,109,495,-53,-43
7,26,0.0151684,FRAY 1,109,495,-46,-69
8,26,0.01518,FRAY 1,109,495,-38,-95
7,33,0.0151859,FRAY 1,109,495,-31,-128
8,37,0.0151975,FRAY 1,109,495,-23,-165
11,40,0.0152091,FRAY 1,109,495,-12,-205
12,42,0.0152207,FRAY 1,109,495,0,-247
15,44,0.0152323,FRAY 1,109,495,15,-291
14,44,0.0152439,FRAY 1,109,495,29,-335
12,45,0.0152555,FRAY 1,109,495,41,-380
11,43,0.0152671,FRAY 1,109,495,52,-423
11,37,0.0152787,FRAY 1,109,495,63,-460
10,41,0.0152903,FRAY 1,109,495,73,-501
9,37,0.015302,FRAY 1,109,495,82,-538
10,32,0.0153136,FRAY 1,109,495,92,-570
7,28,0.0153252,FRAY 1,109,495,99,-598
6,23,0.0153368,FRAY 1,109,495,105,-621
4,19,0.0153484,FRAY 1,109,495,109,-640
3,16,0.01536,FRAY 1,109,495,112,-656
2,14,0.0153671,FRAY 1,109,495,114,-670
1,8,0.0153774,FRAY 1,109,495,115,-678
1,7,0.015389,FRAY 1,109,495,116,-685
1,3,0.0154006,FRAY 1,109,495,117,-688
-1,1,0.0155167,FRAY 1,109,495,116,-689
8,1,0.0155283,FRAY 1,109,495,124,-690
60,-3,0.0155458,FRAY 1,109,495,184,-687
57,-4,0.0155574,FRAY 1,109,495,241,-683
49,-3,0.015569,FRAY 1,109,495,290,-680
-1,3,0.0156154,FRAY 1,109,495,289,-683
-24,8,0.015627,FRAY 1,109,495,265,-691
-43,9,0.0156386,FRAY 1,109,495,222,-700
-47,9,0.0156502,FRAY 1,109,495,175,-709
-42,8,0.0156619,FRAY 1,109,495,133,-717
-38,8,0.0156735,FRAY 1,109,495,95,-725
-30,5,0.0156851,FRAY 1,109,495,65,-730
-18,3,0.0156967,FRAY 1,109,495,47,-733
-12,1,0.0157083,FRAY 1,109,495,35,-734
22,-1,0.0157838,FRAY 1,109,495,57,-733
26,-1,0.0157954,FRAY 1,109,495,83,-732
7,2,0.0158418,FRAY 1,109,495,90,-734
-4,11,0.0158534,FRAY 1,109,495,86,-745
-21,10,0.015865,FRAY 1,109,495,65,-755
-14,7,0.0158766,FRAY 1,109,495,51,-762
-14,7,0.0158883,FRAY 1,109,495,37,-769
5,9,0.0158999,FRAY 1,109,495,42,-778
13,7,0.0159115,FRAY 1,109,495,55,-785
17,5,0.0159173,FRAY 1,109,495,72,-790
17,3,0.0159289,FRAY 1,109,495,89,-793
1,2,0.0159637,FRAY 1,109,495,90,-795
-3,7,0.0159753,FRAY 1,109,495,87,-802
-17,6,0.0159869,FRAY 1,109,495,70,-808
-14,2,0.0159985,FRAY 1,109,495,56,-810
-5,1,0.0163352,FRAY 1,109,495,51,-811
-5,24,0.0163468,FRAY 1,109,495,46,-835
-2,30,0.0163585,FRAY 1,109,495,44,-865
-4,28,0.0163701,FRAY 1,109,495,40,-893
-4,28,0.0163817,FRAY 1,109,495,36,-921
-4,35,0.0163933,FRAY 1,109,495,32,-956
3,36,0.0164049,FRAY 1,109,495,35,-992
1,37,0.0164165,FRAY 1,109,495,36,-1029
1,37,0.0164281,FRAY 1,109,495,37,-1066
2,36,0.0164397,FRAY 1,109,495,39,-1102
2,37,0.0164513,FRAY 1,109,495,41,-1139
2,36,0.0164571,FRAY 1,109,495,43,-1175
1,34,0.0164688,FRAY 1,109,495,44,-1209
1,27,0.0164804,FRAY 1,109,495,45,-1236
1,32,0.016492,FRAY 1,109,495,46,-1268
-1,30,0.0165036,FRAY 1,109,495,45,-1298
-1,31,0.0165152,FRAY 1,109,495,44,-1329
-1,31,0.0165268,FRAY 1,109,495,43,-1360
-1,29,0.0165384,FRAY 1,109,495,42,-1389
1,29,0.01655,FRAY 1,109,495,43,-1418
5,28,0.0165616,FRAY 1,109,495,48,-1446
3,28,0.0165732,FRAY 1,109,495,51,-1474
2,28,0.0165849,FRAY 1,109,495,53,-1502
2,24,0.0165965,FRAY 1,109,495,55,-1526
2,29,0.0166081,FRAY 1,109,495,57,-1555
-2,30,0.0166197,FRAY 1,109,495,55,-1585
-4,30,0.0166313,FRAY 1,109,495,51,-1615
-2,31,0.0166429,FRAY 1,109,495,49,-1646
-1,31,0.0166487,FRAY 1,109,495,48,-1677
-1,32,0.0166603,FRAY 1,109,495,47,-1709
-1,30,0.0166719,FRAY 1,109,495,46,-1739
-1,26,0.0166835,FRAY 1,109,495,45,-1765
2,31,0.0166951,FRAY 1,109,495,47,-1796
7,31,0.0167068,FRAY 1,109,495,54,-1827
8,32,0.0167184,FRAY 1,109,495,62,-1859
10,31,0.01673,FRAY 1,109,495,72,-1890
11,31,0.0167416,FRAY 1,109,495,83,-1921
10,32,0.0167532,FRAY 1,109,495,93,-1953
9,32,0.0167648,FRAY 1,109,495,102,-1985
9,35,0.0167764,FRAY 1,109,495,111,-2020
11,29,0.016788,FRAY 1,109,495,122,-2049
8,35,0.0167996,FRAY 1,109,495,130,-2084
9,33,0.0168112,FRAY 1,109,495,139,-2117
8,30,0.0168229,FRAY 1,109,495,147,-2147
10,32,0.0168287,FRAY 1,109,495,157,-2179
11,30,0.0168403,FRAY 1,109,495,168,-2209
12,29,0.0168519,FRAY 1,109,495,180,-2238
11,28,0.0168635,FRAY 1,109,495,191,-2266
9,26,0.0168751,FRAY 1,109,495,200,-2292
7,21,0.0168867,FRAY 1,109,495,207,-2313
6,25,0.0168983,FRAY 1,109,495,213,-2338
6,25,0.0169099,FRAY 1,109,495,219,-2363
6,25,0.0169215,FRAY 1,109,495,225,-2388
6,26,0.0169332,FRAY 1,109,495,231,-2414
8,26,0.0169448,FRAY 1,109,495,239,-2440
7,27,0.0169564,FRAY 1,109,495,246,-2467
8,27,0.016968,FRAY 1,109,495,254,-2494
7,28,0.0169796,FRAY 1,109,495,261,-2522
8,25,0.0169912,FRAY 1,109,495,269,-2547
6,31,0.0170028,FRAY 1,109,495,275,-2578
7,31,0.0170086,FRAY 1,109,495,282,-2609
8,34,0.0170202,FRAY 1,109,495,290,-2643
9,35,0.0170318,FRAY 1,109,495,299,-2678
10,32,0.0170434,FRAY 1,109,495,309,-2710
12,31,0.0170551,FRAY 1,109,495,321,-2741
11,29,0.0170667,FRAY 1,109,495,332,-2770
9,27,0.0170783,FRAY 1,109,495,341,-2797
7,22,0.0170899,FRAY 1,109,495,348,-2819
6,25,0.0171015,FRAY 1,109,495,354,-2844
6,24,0.0171131,FRAY 1,109,495,360,-2868
3,23,0.0171247,FRAY 1,109,495,363,-2891
3,20,0.0171363,FRAY 1,109,495,366,-2911
3,19,0.0171479,FRAY 1,109,495,369,-2930
1,17,0.0171595,FRAY 1,109,495,370,-2947
2,17,0.0171712,FRAY 1,109,495,372,-2964
2,15,0.0171828,FRAY 1,109,495,374,-2979
2,13,0.0171886,FRAY 1,109,495,376,-2992
2,15,0.0172002,FRAY 1,109,495,378,-3007
3,14,0.0172118,FRAY 1,109,495,381,-3021
1,13,0.0172234,FRAY 1,109,495,382,-3034
2,12,0.017235,FRAY 1,109,495,384,-3046
2,12,0.0172466,FRAY 1,109,495,386,-3058
2,15,0.0172582,FRAY 1,109,495,388,-3073
3,15,0.0172698,FRAY 1,109,495,391,-3088
2,14,0.0172815,FRAY 1,109,495,393,-3102
2,19,0.0172931,FRAY 1,109,495,395,-3121
1,20,0.0173047,FRAY 1,109,495,396,-3141
4,20,0.0173163,FRAY 1,109,495,400,-3161
5,14,0.0173279,FRAY 1,109,495,405,-3175
2,9,0.0173395,FRAY 1,109,495,407,-3184
2,6,0.0173511,FRAY 1,109,495,409,-3190
1,-1,0.0188198,SAN- 2,484,363,410,-3189
10,-10,0.0188314,SAN- 2,484,363,420,-3179
35,-9,0.018843,SAN- 2,484,363,455,-3170
31,-13,0.0188546,SAN- 2,484,363,486,-3157
39,-14,0.0188662,SAN- 2,484,363,525,-3143
40,-10,0.0188778,SAN- 2,484,363,565,-3133
30,-12,0.0188894,SAN- 2,484,363,595,-3121
34,-11,0.018901,SAN- 2,484,363,629,-3110
31,-12,0.0189127,SAN- 2,484,363,660,-3098
34,-9,0.0189243,SAN- 2,484,363,694,-3089
30,-10,0.0189359,SAN- 2,484,363,724,-3079
42,-10,0.0189475,SAN- 2,484,363,766,-3069
44,-8,0.0189591,SAN- 2,484,363,810,-3061
32,-12,0.0189707,SAN- 2,484,363,842,-3049
39,-12,0.0189823,SAN- 2,484,363,881,-3037
39,-13,0.0189939,SAN- 2,484,363,920,-3024
40,-10,0.0190047,SAN- 2,484,363,960,-3014
32,-12,0.0190113,SAN- 2,484,363,992,-3002
40,-12,0.0190229,SAN- 2,484,363,1032,-2990
40,-10,0.0190346,SAN- 2,484,363,1072,-2980
31,-13,0.0190462,SAN- 2,484,363,1103,-2967
39,-12,0.0190578,SAN- 2,484,363,1142,-2955
37,-12,0.0190694,SAN- 2,484,363,1179,-2943
35,-10,0.019081,SAN- 2,484,363,1214,-2933
23,-11,0.0190926,SAN- 2,484,363,1237,-2922
24,-10,0.0191042,SAN- 2,484,363,1261,-2912
20,-6,0.0191158,SAN- 2,484,363,1281,-2906
14,-6,0.0191274,SAN- 2,484,363,1295,-2900
15,-5,0.019139,SAN- 2,484,363,1310,-2895
15,-5,0.0191507,SAN- 2,484,363,1325,-2890
16,-3,0.0191623,SAN- 2,484,363,1341,-2887
14,-4,0.0191739,SAN- 2,484,363,1355,-2883
22,-6,0.0191846,SAN- 2,484,363,1377,-2877
28,-8,0.0191913,SAN- 2,484,363,1405,-2869
25,-11,0.0192029,SAN- 2,484,363,1430,-2858
36,-13,0.0192145,SAN- 2,484,363,1466,-2845
40,-10,0.0192261,SAN- 2,484,363,1506,-2835
32,-13,0.0192377,SAN- 2,484,363,1538,-2822
42,-14,0.0192493,SAN- 2,484,363,1580,-2808
46,-16,0.019261,SAN- 2,484,363,1626,-2792
47,-12,0.0192726,SAN- 2,484,363,1673,-2780
36,-14,0.0192842,SAN- 2,484,363,1709,-2766
42,-11,0.0193074,SAN- 2,484,363,1751,-2755
36,-9,0.0193074,SAN- 2,484,363,1787,-2746
25,-12,0.019319,SAN- 2,484,363,1812,-2734
32,-11,0.0193306,SAN- 2,484,363,1844,-2723
29,-9,0.0193422,SAN- 2,484,363,1873,-2714
27,-6,0.0193538,SAN- 2,484,363,1900,-2708
17,-5,0.0193654,SAN- 2,484,363,1917,-2703
18,-5,0.0193771,SAN- 2,484,363,1935,-2698
16,-4,0.0193829,SAN- 2,484,363,1951,-2694
12,-4,0.0193945,SAN- 2,484,363,1963,-2690
15,-5,0.0194061,SAN- 2,484,363,1978,-2685
16,-5,0.0194177,SAN- 2,484,363,1994,-2680
16,-4,0.0194293,SAN- 2,484,363,2010,-2676
16,-6,0.0194409,SAN- 2,484,363,2026,-2670
23,-8,0.0194525,SAN- 2,484,363,2049,-2662
25,-7,0.0194641,SAN- 2,484,363,2074,-2655
27,-4,0.0194757,SAN- 2,484,363,2101,-2651
23,-7,0.0194873,SAN- 2,484,363,2124,-2644
27,-6,0.019499,SAN- 2,484,363,2151,-2638
30,-6,0.0195106,SAN- 2,484,363,2181,-2632
23,-8,0.0195222,SAN- 2,484,363,2204,-2624
31,-8,0.0195338,SAN- 2,484,363,2235,-2616
29,-6,0.0195454,SAN- 2,484,363,2264,-2610
22,-8,0.0195512,SAN- 2,484,363,2286,-2602
26,-10,0.0195628,SAN- 2,484,363,2312,-2592
25,-8,0.0195744,SAN- 2,484,363,2337,-2584
20,-10,0.019586,SAN- 2,484,363,2357,-2574
26,-13,0.0195976,SAN- 2,484,363,2383,-2561
29,-12,0.0196093,SAN- 2,484,363,2412,-2549
28,-11,0.0196209,SAN- 2,484,363,2440,-2538
27,-13,0.0196325,SAN- 2,484,363,2467,-2525
37,-14,0.0196441,SAN- 2,484,363,2504,-2511
41,-12,0.0196557,SAN- 2,484,363,2545,-2499
33,-16,0.0196673,SAN- 2,484,363,2578,-2483
42,-16,0.0196789,SAN- 2,484,363,2620,-2467
43,-17,0.0196905,SAN- 2,484,363,2663,-2450
45,-13,0.0197021,SAN- 2,484,363,2708,-2437
36,-16,0.0197137,SAN- 2,484,363,2744,-2421
47,-17,0.0197254,SAN- 2,484,363,2791,-2404
46,-13,0.0197312,SAN- 2,484,363,2837,-2391
36,-16,0.0197428,SAN- 2,484,363,2873,-2375
42,-15,0.0197544,SAN- 2,484,363,2915,-2360
36,-14,0.019766,SAN- 2,484,363,2951,-2346
27,-8,0.0197776,SAN- 2,484,363,2978,-2338
18,-8,0.0197892,SAN- 2,484,363,2996,-2330
22,-6,0.0198008,SAN- 2,484,363,3018,-2324
21,-5,0.0198124,SAN- 2,484,363,3039,-2319
14,-3,0.019824,SAN- 2,484,363,3053,-2316
10,-1,0.0198356,SAN- 2,484,363,3063,-2315
7,-2,0.0198473,SAN- 2,484,363,3070,-2313
3,-6,0.0222679,-TIA- 3,411,118,3073,-2307
-2,-21,0.0222737,-TIA- 3,411,118,3071,-2286
-7,-21,0.0222854,-TIA- 3,411,118,3064,-2265
-6,-28,0.022297,-TIA- 3,411,118,3058,-2237
-9,-29,0.0223086,-TIA- 3,411,118,3049,-2208
-11,-31,0.0223202,-TIA- 3,411,118,3038,-2177
-12,-27,0.0223318,-TIA- 3,411,118,3026,-2150
-10,-33,0.0223434,-TIA- 3,411,118,3016,-2117
-12,-34,0.022355,-TIA- 3,411,118,3004,-2083
-11,-27,0.0223666,-TIA- 3,411,118,2993,-2056
-9,-37,0.0223782,-TIA- 3,411,118,2984,-2019
-12,-37,0.0223898,-TIA- 3,411,118,2972,-1982
-14,-37,0.0224015,-TIA- 3,411,118,2958,-1945
-14,-30,0.0224131,-TIA- 3,411,118,2944,-1915
-11,-37,0.0224247,-TIA- 3,411,118,2933,-1878
-14,-38,0.0224363,-TIA- 3,411,118,2919,-1840
-12,-30,0.0224479,-TIA- 3,411,118,2907,-1810
-10,-38,0.022455,-TIA- 3,411,118,2897,-1772
-13,-39,0.0224653,-TIA- 3,411,118,2884,-1733
-11,-31,0.0224769,-TIA- 3,411,118,2873,-1702
-9,-39,0.0224885,-TIA- 3,411,118,2864,-1663
-10,-40,0.0225001,-TIA- 3,411,118,2854,-1623
-11,-41,0.0225117,-TIA- 3,411,118,2843,-1582
-13,-33,0.0225234,-TIA- 3,411,118,2830,-1549
-11,-42,0.022535,-TIA- 3,411,118,2819,-1507
-14,-43,0.0225466,-TIA- 3,411,118,2805,-1464
-14,-33,0.0225582,-TIA- 3,411,118,2791,-1431
-11,-42,0.0225698,-TIA- 3,411,118,2780,-1389
-14,-41,0.0225814,-TIA- 3,411,118,2766,-1348
-13,-40,0.022593,-TIA- 3,411,118,2753,-1308
-10,-33,0.0226046,-TIA- 3,411,118,2743,-1275
-6,-41,0.0226162,-TIA- 3,411,118,2737,-1234
-6,-42,0.0226278,-TIA- 3,411,118,2731,-1192
-7,-33,0.0226395,-TIA- 3,411,118,2724,-1159
-4,-42,0.0226453,-TIA- 3,411,118,2720,-1117
-7,-42,0.0226569,-TIA- 3,411,118,2713,-1075
-7,-42,0.0226685,-TIA- 3,411,118,2706,-1033
-8,-32,0.0226801,-TIA- 3,411,118,2698,-1001
-8,-39,0.0226917,-TIA- 3,411,118,2690,-962
-9,-39,0.0227033,-TIA- 3,411,118,2681,-923
-6,-36,0.0227149,-TIA- 3,411,118,2675,-887
-5,-29,0.0227265,-TIA- 3,411,118,2670,-858
-4,-36,0.0227381,-TIA- 3,411,118,2666,-822
-3,-33,0.0227498,-TIA- 3,411,118,2663,-789
-4,-26,0.0227614,-TIA- 3,411,118,2659,-763
-1,-31,0.022773,-TIA- 3,411,118,2658,-732
-1,-30,0.0227846,-TIA- 3,411,118,2657,-702
-1,-23,0.0227962,-TIA- 3,411,118,2656,-679
-1,-26,0.0228078,-TIA- 3,411,118,2655,-653
-1,-23,0.0228252,-TIA- 3,411,118,2654,-630
-1,-20,0.022831,-TIA- 3,411,118,2653,-610
-1,-13,0.0228368,-TIA- 3,411,118,2652,-597
-2,-10,0.0228484,-TIA- 3,411,118,2650,-587
-1,-9,0.02286,-TIA- 3,411,118,2649,-578
-2,-3,0.0228717,-TIA- 3,411,118,2647,-575
-1,14,0.0261805,GO 4,353,513,2646,-589
-2,20,0.0261921,GO 4,353,513,2644,-609
-5,14,0.0262037,GO 4,353,513,2639,-623
-3,23,0.0262153,GO 4,353,513,2636,-646
-5,27,0.0262269,GO 4,353,513,2631,-673
-7,26,0.0262385,GO 4,353,513,2624,-699
-10,21,0.0262502,GO 4,353,513,2614,-720
-7,29,0.0262618,GO 4,353,513,2607,-749
-6,34,0.0262792,GO 4,353,513,2601,-783
-5,28,0.026285,GO 4,353,513,2596,-811
-4,35,0.0262908,GO 4,353,513,2592,-846
-4,36,0.0263024,GO 4,353,513,2588,-882
-2,38,0.0263256,GO 4,353,513,2586,-920
-2,31,0.0263256,GO 4,353,513,2584,-951
-2,39,0.0263372,GO 4,353,513,2582,-990
-4,38,0.0263488,GO 4,353,513,2578,-1028
-4,30,0.0263605,GO 4,353,513,2574,-1058
-3,39,0.0263721,GO 4,353,513,2571,-1097
-3,39,0.0263837,GO 4,353,513,2568,-1136
-4,40,0.0263953,GO 4,353,513,2564,-1176
-3,33,0.0264069,GO 4,353,513,2561,-1209
-2,42,0.0264185,GO 4,353,513,2559,-1251
-1,42,0.0264301,GO 4,353,513,2558,-1293
-1,35,0.0264417,GO 4,353,513,2557,-1328
-1,45,0.0264533,GO 4,353,513,2556,-1373
-1,45,0.0264591,GO 4,353,513,2555,-1418
-1,45,0.0264707,GO 4,353,513,2554,-1463
-2,36,0.0264824,GO 4,353,513,2552,-1499
-1,45,0.026494,GO 4,353,513,2551,-1544
-1,46,0.0265056,GO 4,353,513,2550,-1590
-5,39,0.0265172,GO 4,353,513,2545,-1629
-3,49,0.0265288,GO 4,353,513,2542,-1678
-3,50,0.0265404,GO 4,353,513,2539,-1728
-1,40,0.026552,GO 4,353,513,2538,-1768
-2,51,0.0265636,GO 4,353,513,2536,-1819
-3,51,0.0265752,GO 4,353,513,2533,-1870
-6,52,0.0265868,GO 4,353,513,2527,-1922
-5,41,0.0265985,GO 4,353,513,2522,-1963
-3,52,0.0266101,GO 4,353,513,2519,-2015
-4,51,0.0266217,GO 4,353,513,2515,-2066
-4,51,0.0266391,GO 4,353,513,2511,-2117
-5,40,0.0266449,GO 4,353,513,2506,-2157
-5,49,0.0266507,GO 4,353,513,2501,-2206
-7,49,0.0266623,GO 4,353,513,2494,-2255
-8,38,0.0266739,GO 4,353,513,2486,-2293
-7,50,0.0266855,GO 4,353,513,2479,-2343
-7,48,0.0266971,GO 4,353,513,2472,-2391
-8,38,0.0267088,GO 4,353,513,2464,-2429
-5,47,0.0267204,GO 4,353,513,2459,-2476
-5,45,0.026732,GO 4,353,513,2454,-2521
-4,44,0.0267436,GO 4,353,513,2450,-2565
-4,35,0.0267552,GO 4,353,513,2446,-2600
-3,44,0.0267668,GO 4,353,513,2443,-2644
-5,41,0.0267784,GO 4,353,513,2438,-2685
-5,32,0.02679,GO 4,353,513,2433,-2717
-4,38,0.0268016,GO 4,353,513,2429,-2755
-5,39,0.0268132,GO 4,353,513,2424,-2794
-7,39,0.026819,GO 4,353,513,2417,-2833
-5,31,0.0268307,GO 4,353,513,2412,-2864
-4,37,0.0268423,GO 4,353,513,2408,-2901
-5,38,0.0268539,GO 4,353,513,2403,-2939
-3,29,0.0268655,GO 4,353,513,2400,-2968
-3,34,0.0268771,GO 4,353,513,2397,-3002
-3,30,0.0268887,GO 4,353,513,2394,-3032
-2,27,0.0269003,GO 4,353,513,2392,-3059
-2,23,0.0269235,GO 4,353,513,2390,-3082
-1,14,0.0269351,GO 4,353,513,2389,-3096
-1,11,0.0269351,GO 4,353,513,2388,-3107
-1,10,0.0269468,GO 4,353,513,2387,-3117
-1,7,0.0269584,GO 4,353,513,2386,-3124
-1,3,0.02697,GO 4,353,513,2385,-3127
-1,-8,0.030273,FRAY 5,422,359,2384,-3119
-1,-15,0.0302846,FRAY 5,422,359,2383,-3104
-1,-19,0.0302962,FRAY 5,422,359,2382,-3085
4,-20,0.0303078,FRAY 5,422,359,2386,-3065
5,-24,0.0303195,FRAY 5,422,359,2391,-3041
7,-26,0.0303311,FRAY 5,422,359,2398,-3015
8,-26,0.0303427,FRAY 5,422,359,2406,-2989
8,-25,0.0303543,FRAY 5,422,359,2414,-2964
7,-25,0.0303659,FRAY 5,422,359,2421,-2939
8,-24,0.0303775,FRAY 5,422,359,2429,-2915
8,-24,0.0303891,FRAY 5,422,359,2437,-2891
8,-22,0.0304007,FRAY 5,422,359,2445,-2869
6,-29,0.0304123,FRAY 5,422,359,2451,-2840
9,-28,0.0304239,FRAY 5,422,359,2460,-2812
9,-29,0.0304472,FRAY 5,422,359,2469,-2783
11,-31,0.0304472,FRAY 5,422,359,2480,-2752
11,-31,0.030453,FRAY 5,422,359,2491,-2721
12,-31,0.0304646,FRAY 5,422,359,2503,-2690
11,-33,0.0304762,FRAY 5,422,359,2514,-2657
16,-33,0.0304878,FRAY 5,422,359,2530,-2624
20,-29,0.0304994,FRAY 5,422,359,2550,-2595
20,-35,0.030511,FRAY 5,422,359,2570,-2560
25,-38,0.0305226,FRAY 5,422,359,2595,-2522
29,-38,0.0305342,FRAY 5,422,359,2624,-2484
25,-39,0.0305459,FRAY 5,422,359,2649,-2445
24,-41,0.0305575,FRAY 5,422,359,2673,-2404
21,-39,0.0305691,FRAY 5,422,359,2694,-2365
16,-38,0.0305807,FRAY 5,422,359,2710,-2327
12,-38,0.0305923,FRAY 5,422,359,2722,-2289
11,-31,0.0306039,FRAY 5,422,359,2733,-2258
10,-35,0.0306155,FRAY 5,422,359,2743,-2223
11,-31,0.0306271,FRAY 5,422,359,2754,-2192
9,-29,0.030637,FRAY 5,422,359,2763,-2163
7,-25,0.0306445,FRAY 5,422,359,2770,-2138
8,-23,0.0306561,FRAY 5,422,359,2778,-2115
7,-20,0.0306678,FRAY 5,422,359,2785,-2095
5,-18,0.0306794,FRAY 5,422,359,2790,-2077
4,-15,0.030691,FRAY 5,422,359,2794,-2062
3,-11,0.0307026,FRAY 5,422,359,2797,-2051
2,-11,0.0307258,FRAY 5,422,359,2799,-2040
2,-4,0.0307258,FRAY 5,422,359,2801,-2036
2,-2,0.0307374,FRAY 5,422,359,2803,-2034
2,-1,0.0340869,SAN- 6,349,268,2805,-2033
-4,-2,0.0340985,SAN- 6,349,268,2801,-2031
-9,-11,0.0341101,SAN- 6,349,268,2792,-2020
-15,-13,0.0341217,SAN- 6,349,268,2777,-2007
-15,-14,0.0341333,SAN- 6,349,268,2762,-1993
-15,-15,0.0341449,SAN- 6,349,268,2747,-1978
-14,-16,0.0341566,SAN- 6,349,268,2733,-1962
-14,-18,0.0341682,SAN- 6,349,268,2719,-1944
-17,-16,0.0341798,SAN- 6,349,268,2702,-1928
-16,-13,0.0341914,SAN- 6,349,268,2686,-1915
-13,-17,0.034203,SAN- 6,349,268,2673,-1898
-17,-19,0.0342146,SAN- 6,349,268,2656,-1879
-17,-20,0.0342262,SAN- 6,349,268,2639,-1859
-17,-18,0.0342378,SAN- 6,349,268,2622,-1841
-16,-17,0.0342494,SAN- 6,349,268,2606,-1824
-15,-19,0.034261,SAN- 6,349,268,2591,-1805
-16,-19,0.0342727,SAN- 6,349,268,2575,-1786
-17,-19,0.0342785,SAN- 6,349,268,2558,-1767
-16,-20,0.0343017,SAN- 6,349,268,2542,-1747
-16,-18,0.0343075,SAN- 6,349,268,2526,-1729
-14,-21,0.0343133,SAN- 6,349,268,2512,-1708
-16,-22,0.0343249,SAN- 6,349,268,2496,-1686
-16,-23,0.0343365,SAN- 6,349,268,2480,-1663
-17,-22,0.0343481,SAN- 6,349,268,2463,-1641
-16,-23,0.0343597,SAN- 6,349,268,2447,-1618
-17,-23,0.0343713,SAN- 6,349,268,2430,-1595
-19,-22,0.0343829,SAN- 6,349,268,2411,-1573
-19,-19,0.0343946,SAN- 6,349,268,2392,-1554
-16,-20,0.0344062,SAN- 6,349,268,2376,-1534
-19,-20,0.0344178,SAN- 6,349,268,2357,-1514
-17,-19,0.0344294,SAN- 6,349,268,2340,-1495
-16,-16,0.034441,SAN- 6,349,268,2324,-1479
-13,-15,0.0344526,SAN- 6,349,268,2311,-1464
-13,-15,0.0344584,SAN- 6,349,268,2298,-1449
-11,-14,0.03447,SAN- 6,349,268,2287,-1435
-13,-13,0.0344816,SAN- 6,349,268,2274,-1422
-11,-11,0.0344932,SAN- 6,349,268,2263,-1411
-10,-11,0.0345049,SAN- 6,349,268,2253,-1400
-12,-10,0.0345165,SAN- 6,349,268,2241,-1390
-10,-11,0.0345281,SAN- 6,349,268,2231,-1379
-9,-9,0.0345397,SAN- 6,349,268,2222,-1370
-10,-9,0.0345513,SAN- 6,349,268,2212,-1361
-8,-9,0.0345629,SAN- 6,349,268,2204,-1352
-8,-6,0.0345745,SAN- 6,349,268,2196,-1346
-5,-4,0.0345861,SAN- 6,349,268,2191,-1342
-2,-1,0.0345977,SAN- 6,349,268,2189,-1341
-1,-10,0.0383187,-TIA- 7,151,112,2188,-1331
-26,-11,0.0383303,-TIA- 7,151,112,2162,-1320
-41,-10,0.038342,-TIA- 7,151,112,2121,-1310
-37,-11,0.0383536,-TIA- 7,151,112,2084,-1299
-32,-14,0.0383652,-TIA- 7,151,112,2052,-1285
-34,-15,0.0383768,-TIA- 7,151,112,2018,-1270
-38,-14,0.0383884,-TIA- 7,151,112,1980,-1256
-38,-13,0.0384,-TIA- 7,151,112,1942,-1243
-37,-15,0.0384232,-TIA- 7,151,112,1905,-1228
-35,-15,0.0384232,-TIA- 7,151,112,1870,-1213
-33,-9,0.0384348,-TIA- 7,151,112,1837,-1204
-20,-11,0.0384464,-TIA- 7,151,112,1817,-1193
-20,-12,0.038458,-TIA- 7,151,112,1797,-1181
-16,-15,0.0384639,-TIA- 7,151,112,1781,-1166
-15,-19,0.0384755,-TIA- 7,151,112,1766,-1147
-18,-19,0.0384871,-TIA- 7,151,112,1748,-1128
-21,-17,0.0384987,-TIA- 7,151,112,1727,-1111
-21,-19,0.0385103,-TIA- 7,151,112,1706,-1092
-23,-22,0.0385219,-TIA- 7,151,112,1683,-1070
-28,-17,0.0385335,-TIA- 7,151,112,1655,-1053
-27,-20,0.0385451,-TIA- 7,151,112,1628,-1033
-36,-21,0.0385567,-TIA- 7,151,112,1592,-1012
-42,-19,0.0385683,-TIA- 7,151,112,1550,-993
-45,-16,0.03858,-TIA- 7,151,112,1505,-977
-45,-17,0.0385916,-TIA- 7,151,112,1460,-960
-44,-17,0.0386032,-TIA- 7,151,112,1416,-943
-41,-15,0.0386148,-TIA- 7,151,112,1375,-928
-39,-16,0.0386264,-TIA- 7,151,112,1336,-912
-37,-14,0.0386322,-TIA- 7,151,112,1299,-898
-28,-16,0.0386438,-TIA- 7,151,112,1271,-882
-30,-17,0.0386612,-TIA- 7,151,112,1241,-865
-25,-16,0.038667,-TIA- 7,151,112,1216,-849
-23,-16,0.0386786,-TIA- 7,151,112,1193,-833
-22,-14,0.0386902,-TIA- 7,151,112,1171,-819
-22,-15,0.0387019,-TIA- 7,151,112,1149,-804
-22,-15,0.0387135,-TIA- 7,151,112,1127,-789
-21,-14,0.0387251,-TIA- 7,151,112,1106,-775
-19,-14,0.0387367,-TIA- 7,151,112,1087,-761
-13,-17,0.0387483,-TIA- 7,151,112,1074,-744
-15,-17,0.0387599,-TIA- 7,151,112,1059,-727
-10,-20,0.0387715,-TIA- 7,151,112,1049,-707
-9,-19,0.0387831,-TIA- 7,151,112,1040,-688
-8,-20,0.0387947,-TIA- 7,151,112,1032,-668
-9,-23,0.0388063,-TIA- 7,151,112,1023,-645
-8,-22,0.0388126,-TIA- 7,151,112,1015,-623
-9,-22,0.0388238,-TIA- 7,151,112,1006,-601
-11,-19,0.0388354,-TIA- 7,151,112,995,-582
-10,-22,0.038847,-TIA- 7,151,112,985,-560
-11,-25,0.0388586,-TIA- 7,151,112,974,-535
-13,-27,0.0388702,-TIA- 7,151,112,961,-508
-15,-27,0.0388818,-TIA- 7,151,112,946,-481
-16,-27,0.0388934,-TIA- 7,151,112,930,-454
-15,-27,0.038905,-TIA- 7,151,112,915,-427
-12,-29,0.0389166,-TIA- 7,151,112,903,-398
-12,-26,0.0389283,-TIA- 7,151,112,891,-372
-11,-23,0.0389399,-TIA- 7,151,112,880,-349
-8,-26,0.0389515,-TIA- 7,151,112,872,-323
-11,-24,0.0389631,-TIA- 7,151,112,861,-299
-8,-24,0.0389747,-TIA- 7,151,112,853,-275
-9,-23,0.0389863,-TIA- 7,151,112,844,-252
-9,-22,0.0389979,-TIA- 7,151,112,835,-230
-8,-21,0.0390037,-TIA- 7,151,112,827,-209
-10,-20,0.0390153,-TIA- 7,151,112,817,-189
-10,-18,0.0390269,-TIA- 7,151,112,807,-171
-11,-14,0.0390385,-TIA- 7,151,112,796,-157
-8,-14,0.0390502,-TIA- 7,151,112,788,-143
-10,-13,0.0390618,-TIA- 7,151,112,778,-130
-9,-10,0.0390734,-TIA- 7,151,112,769,-120
-8,-6,0.039085,-TIA- 7,151,112,761,-114
-4,-4,0.0390966,-TIA- 7,151,112,757,-110
-3,4,0.0422676,GO 8,178,594,754,-114
-3,11,0.0422777,GO 8,178,594,751,-125
-3,17,0.0422893,GO 8,178,594,748,-142
-3,23,0.042301,GO 8,178,594,745,-165
-1,25,0.0423126,GO 8,178,594,744,-190
-1,27,0.0423242,GO 8,178,594,743,-217
-2,31,0.0423358,GO 8,178,594,741,-248
-1,36,0.0423474,GO 8,178,594,740,-284
-1,39,0.042359,GO 8,178,594,739,-323
-1,40,0.0423706,GO 8,178,594,738,-363
2,43,0.0423822,GO 8,178,594,740,-406
3,37,0.0423938,GO 8,178,594,743,-443
2,44,0.0424054,GO 8,178,594,745,-487
4,45,0.0424171,GO 8,178,594,749,-532
2,44,0.0424287,GO 8,178,594,751,-576
3,42,0.0424403,GO 8,178,594,754,-618
2,41,0.0424519,GO 8,178,594,756,-659
4,42,0.0424577,GO 8,178,594,760,-701
3,39,0.0424693,GO 8,178,594,763,-740
2,41,0.0424809,GO 8,178,594,765,-781
3,33,0.0424925,GO 8,178,594,768,-814
3,41,0.0425041,GO 8,178,594,771,-855
3,40,0.0425157,GO 8,178,594,774,-895
4,42,0.0425273,GO 8,178,594,778,-937
5,42,0.042539,GO 8,178,594,783,-979
6,43,0.0425506,GO 8,178,594,789,-1022
6,44,0.0425622,GO 8,178,594,795,-1066
6,43,0.0425738,GO 8,178,594,801,-1109
5,45,0.0425854,GO 8,178,594,806,-1154
3,36,0.042597,GO 8,178,594,809,-1190
1,45,0.0426086,GO 8,178,594,810,-1235
1,45,0.0426202,GO 8,178,594,811,-1280
1,46,0.0426318,GO 8,178,594,812,-1326
1,44,0.0426376,GO 8,178,594,813,-1370
1,43,0.0426493,GO 8,178,594,814,-1413
4,43,0.0426609,GO 8,178,594,818,-1456
4,42,0.0426725,GO 8,178,594,822,-1498
6,41,0.0426841,GO 8,178,594,828,-1539
7,35,0.0426957,GO 8,178,594,835,-1574
6,42,0.0427073,GO 8,178,594,841,-1616
7,42,0.0427189,GO 8,178,594,848,-1658
8,41,0.0427305,GO 8,178,594,856,-1699
10,41,0.0427421,GO 8,178,594,866,-1740
10,38,0.0427537,GO 8,178,594,876,-1778
9,39,0.0427654,GO 8,178,594,885,-1817
10,37,0.042777,GO 8,178,594,895,-1854
9,37,0.0427886,GO 8,178,594,904,-1891
8,28,0.0428002,GO 8,178,594,912,-1919
3,35,0.0428118,GO 8,178,594,915,-1954
2,33,0.0428176,GO 8,178,594,917,-1987
2,32,0.0428292,GO 8,178,594,919,-2019
2,32,0.0428408,GO 8,178,594,921,-2051
-1,32,0.0428524,GO 8,178,594,920,-2083
-3,31,0.042864,GO 8,178,594,917,-2114
-2,32,0.0428756,GO 8,178,594,915,-2146
-5,32,0.0428873,GO 8,178,594,910,-2178
-4,27,0.0428989,GO 8,178,594,906,-2205
-3,31,0.0429105,GO 8,178,594,903,-2236
-3,33,0.0429221,GO 8,178,594,900,-2269
-3,31,0.0429337,GO 8,178,594,897,-2300
-2,31,0.0429453,GO 8,178,594,895,-2331
-2,31,0.0429569,GO 8,178,594,893,-2362
-2,30,0.0429685,GO 8,178,594,891,-2392
-2,29,0.0429801,GO 8,178,594,889,-2421
-2,27,0.0429917,GO 8,178,594,887,-2448
-2,22,0.0429976,GO 8,178,594,885,-2470
-2,26,0.0430092,GO 8,178,594,883,-2496
-2,24,0.0430208,GO 8,178,594,881,-2520
1,23,0.0430324,GO 8,178,594,882,-2543
2,24,0.043044,GO 8,178,594,884,-2567
1,22,0.0430556,GO 8,178,594,885,-2589
1,22,0.0430672,GO 8,178,594,886,-2611
1,21,0.0430788,GO 8,178,594,887,-2632
1,22,0.0430904,GO 8,178,594,888,-2654
1,23,0.043102,GO 8,178,594,889,-2677
1,18,0.0431137,GO 8,178,594,890,-2695
1,23,0.0431253,GO 8,178,594,891,-2718
1,22,0.0431369,GO 8,178,594,892,-2740
1,23,0.0431485,GO 8,178,594,893,-2763
-2,22,0.0431601,GO 8,178,594,891,-2785
-1,23,0.0431717,GO 8,178,594,890,-2808
-1,24,0.0431775,GO 8,178,594,889,-2832
-1,23,0.0431891,GO 8,178,594,888,-2855
-1,21,0.0432007,GO 8,178,594,887,-2876
-1,24,0.0432123,GO 8,178,594,886,-2900
2,23,0.0432239,GO 8,178,594,888,-2923
1,23,0.0432356,GO 8,178,594,889,-2946
1,23,0.0432472,GO 8,178,594,890,-2969
1,24,0.0432588,GO 8,178,594,891,-2993
-1,25,0.0432704,GO 8,178,594,890,-3018
-3,24,0.043282,GO 8,178,594,887,-3042
-3,25,0.0432936,GO 8,178,594,884,-3067
-6,21,0.0433052,GO 8,178,594,878,-3088
-5,25,0.0433168,GO 8,178,594,873,-3113
-6,25,0.0433284,GO 8,178,594,867,-3138
-6,24,0.04334,GO 8,178,594,861,-3162
-8,25,0.0433517,GO 8,178,594,853,-3187
-8,26,0.0433633,GO 8,178,594,845,-3213
-8,25,0.0433691,GO 8,178,594,837,-3238
-7,23,0.0433807,GO 8,178,594,830,-3261
-5,22,0.0433923,GO 8,178,594,825,-3283
-5,19,0.0434039,GO 8,178,594,820,-3302
-3,22,0.0434155,GO 8,178,594,817,-3324
-3,21,0.0434271,GO 8,178,594,814,-3345
-4,19,0.0434387,GO 8,178,594,810,-3364
-3,18,0.0434503,GO 8,178,594,807,-3382
-2,17,0.043462,GO 8,178,594,805,-3399
-2,16,0.0434736,GO 8,178,594,803,-3415
-2,17,0.0434852,GO 8,178,594,801,-3432
-1,12,0.0434968,GO 8,178,594,800,-3444
-1,15,0.0435084,GO 8,178,594,799,-3459
-1,13,0.04352,GO 8,178,594,798,-3472
-1,11,0.0435316,GO 8,178,594,797,-3483
-1,10,0.0435396,GO 8,178,594,796,-3493
-1,9,0.043549,GO 8,178,594,795,-3502
-1,8,0.0435606,GO 8,178,594,794,-3510
-1,6,0.0435722,GO 8,178,594,793,-3516
-1,5,0.0435839,GO 8,178,594,792,-3521
-1,3,0.0435955,GO 8,178,594,791,-3524
-1,1,0.0436071,GO 8,178,594,790,-3525
