deltaX,deltaY,WHEN,SYLLABLE,XofButton,YofButton,XofTrace,YofTrace
-4,-1,0.00772644,Yield,0,0,-4,1
-4,-4,0.00778449,Yield,0,0,-8,5
-7,-2,0.00781932,Yield,0,0,-15,7
-4,-2,0.00784254,Yield,0,0,-19,9
-4,-3,0.00787737,Yield,0,0,-23,12
-3,-3,0.00788898,Yield,0,0,-26,15
-4,-2,0.00790639,Yield,0,0,-30,17
-4,-3,0.00794122,Yield,0,0,-34,20
-4,-3,0.00797025,Yield,0,0,-38,23
-3,-3,0.00800508,Yield,0,0,-41,26
-4,-5,0.0080341,Yield,0,0,-45,31
-8,-3,0.00808054,Yield,0,0,-53,34
-3,-3,0.00810957,Yield,0,0,-56,37
-4,-6,0.00814204,Yield,0,0,-60,43
-8,-2,0.00817342,Yield,0,0,-68,45
-2,-1,0.00820245,Yield,0,0,-70,46
1,-2,0.00900934,Yield,0,0,-69,48
1,1,0.00915447,Yield,0,0,-68,47
1,2,0.0091893,Yield,0,0,-67,45
1,1,0.00922993,Yield,0,0,-66,44
1,6,0.00925315,Yield,0,0,-65,38
2,3,0.00927637,Yield,0,0,-63,35
2,3,0.0093054,Yield,0,0,-61,32
2,3,0.00934023,Yield,0,0,-59,29
3,1,0.00936925,Yield,0,0,-56,28
2,1,0.00938086,Yield,0,0,-54,27
1,1,0.00941569,Yield,0,0,-53,26
1,1,0.00943311,Yield,0,0,-52,25
1,1,0.00946213,Yield,0,0,-51,24
1,1,0.010182,Yield,0,0,-50,23
1,1,0.0102342,Yield,0,0,-49,22
-1,2,0.0102922,Yield,0,0,-50,20
-1,2,0.0103097,Yield,0,0,-51,18
-1,2,0.0103387,Yield,0,0,-52,16
-1,3,0.0103735,Yield,0,0,-53,13
-1,3,0.0104025,Yield,0,0,-54,10
1,2,0.0104141,Yield,0,0,-53,8
1,4,0.0104432,Yield,0,0,-52,4
1,4,0.010478,Yield,0,0,-51,0
2,4,0.0105012,Yield,0,0,-49,-4
1,3,0.0105244,Yield,0,0,-48,-7
1,1,0.0105709,Yield,0,0,-47,-8
1,1,0.0105883,Yield,0,0,-46,-9
1,1,0.0106522,Yield,0,0,-45,-10
1,-1,0.0143325,FRAY 1,87,416,-44,-9
1,-1,0.0143557,FRAY 1,87,416,-43,-8
1,-1,0.014379,FRAY 1,87,416,-42,-7
1,-1,0.0144022,FRAY 1,87,416,-41,-6
2,-1,0.014437,FRAY 1,87,416,-39,-5
2,-1,0.0144834,FRAY 1,87,416,-37,-4
2,-1,0.0145125,FRAY 1,87,416,-35,-3
2,-1,0.0145415,FRAY 1,87,416,-33,-2
1,-1,0.0148666,FRAY 1,87,416,-32,-1
1,-1,0.014884,FRAY 1,87,416,-31,0
2,-1,0.0149246,FRAY 1,87,416,-29,1
2,-1,0.0149304,FRAY 1,87,416,-27,2
2,1,0.0149885,FRAY 1,87,416,-25,1
3,1,0.0150175,FRAY 1,87,416,-22,0
3,2,0.0150523,FRAY 1,87,416,-19,-2
3,2,0.0150756,FRAY 1,87,416,-16,-4
3,3,0.0150814,FRAY 1,87,416,-13,-7
2,3,0.0151162,FRAY 1,87,416,-11,-10
3,2,0.0151452,FRAY 1,87,416,-8,-12
3,3,0.0151742,FRAY 1,87,416,-5,-15
3,3,0.0152033,FRAY 1,87,416,-2,-18
3,3,0.0152149,FRAY 1,87,416,1,-21
2,3,0.0152265,FRAY 1,87,416,3,-24
3,2,0.0152681,FRAY 1,87,416,6,-26
3,3,0.0152903,FRAY 1,87,416,9,-29
3,4,0.0153143,FRAY 1,87,416,12,-33
3,7,0.0153542,FRAY 1,87,416,15,-40
5,4,0.0153774,FRAY 1,87,416,20,-44
3,4,0.0154122,FRAY 1,87,416,23,-48
3,4,0.0154529,FRAY 1,87,416,26,-52
3,3,0.0154819,FRAY 1,87,416,29,-55
3,4,0.0154993,FRAY 1,87,416,32,-59
2,4,0.0155051,FRAY 1,87,416,34,-63
3,4,0.0155225,FRAY 1,87,416,37,-67
3,3,0.0155516,FRAY 1,87,416,40,-70
3,4,0.0155864,FRAY 1,87,416,43,-74
3,4,0.0156154,FRAY 1,87,416,46,-78
2,4,0.0156328,FRAY 1,87,416,48,-82
3,3,0.0156502,FRAY 1,87,416,51,-85
3,4,0.0156735,FRAY 1,87,416,54,-89
3,4,0.0157037,FRAY 1,87,416,57,-93
3,4,0.0157373,FRAY 1,87,416,60,-97
3,3,0.0157431,FRAY 1,87,416,63,-100
2,4,0.0157838,FRAY 1,87,416,65,-104
3,4,0.0158012,FRAY 1,87,416,68,-108
3,4,0.0158244,FRAY 1,87,416,71,-112
3,3,0.0158592,FRAY 1,87,416,74,-115
3,4,0.0158708,FRAY 1,87,416,77,-119
2,4,0.0158941,FRAY 1,87,416,79,-123
3,4,0.0159289,FRAY 1,87,416,82,-127
2,3,0.0159521,FRAY 1,87,416,84,-130
2,4,0.0159927,FRAY 1,87,416,86,-134
1,4,0.0160218,FRAY 1,87,416,87,-138
1,4,0.016045,FRAY 1,87,416,88,-142
-1,3,0.0160508,FRAY 1,87,416,87,-145
-2,4,0.016074,FRAY 1,87,416,85,-149
-2,4,0.0161088,FRAY 1,87,416,83,-153
-2,4,0.0161379,FRAY 1,87,416,81,-157
-2,3,0.0161727,FRAY 1,87,416,79,-160
-1,4,0.0161843,FRAY 1,87,416,78,-164
-1,4,0.0162017,FRAY 1,87,416,77,-168
-1,4,0.0162366,FRAY 1,87,416,76,-172
1,3,0.0162598,FRAY 1,87,416,77,-175
1,4,0.0162946,FRAY 1,87,416,78,-179
1,4,0.0163236,FRAY 1,87,416,79,-183
2,4,0.0163352,FRAY 1,87,416,81,-187
2,3,0.0163585,FRAY 1,87,416,83,-190
2,4,0.0163875,FRAY 1,87,416,85,-194
2,4,0.0164107,FRAY 1,87,416,87,-198
1,4,0.0164455,FRAY 1,87,416,88,-202
1,3,0.0164746,FRAY 1,87,416,89,-205
1,4,0.0164862,FRAY 1,87,416,90,-209
1,4,0.0165094,FRAY 1,87,416,91,-213
-1,4,0.0165384,FRAY 1,87,416,90,-217
-1,3,0.0165732,FRAY 1,87,416,89,-220
-2,4,0.0166023,FRAY 1,87,416,87,-224
-3,4,0.0166255,FRAY 1,87,416,84,-228
-3,4,0.0166371,FRAY 1,87,416,81,-232
-2,3,0.0166603,FRAY 1,87,416,79,-235
-4,4,0.0166951,FRAY 1,87,416,75,-239
-4,4,0.0167184,FRAY 1,87,416,71,-243
-4,4,0.016759,FRAY 1,87,416,67,-247
-3,7,0.016788,FRAY 1,87,416,64,-254
-8,4,0.0168112,FRAY 1,87,416,56,-258
-4,4,0.0168461,FRAY 1,87,416,52,-262
-3,3,0.0168635,FRAY 1,87,416,49,-265
-4,4,0.0168867,FRAY 1,87,416,45,-269
-4,8,0.016939,FRAY 1,87,416,41,-277
-6,3,0.0169796,FRAY 1,87,416,35,-280
-2,4,0.016997,FRAY 1,87,416,33,-284
-3,4,0.0170202,FRAY 1,87,416,30,-288
-3,4,0.0170551,FRAY 1,87,416,27,-292
-3,7,0.0170957,FRAY 1,87,416,24,-299
-5,1,0.0171247,FRAY 1,87,416,19,-300
-3,4,0.0171595,FRAY 1,87,416,16,-304
-3,4,0.0171828,FRAY 1,87,416,13,-308
-3,3,0.0171944,FRAY 1,87,416,10,-311
-3,4,0.0172118,FRAY 1,87,416,7,-315
-3,4,0.0172466,FRAY 1,87,416,4,-319
-2,4,0.0172756,FRAY 1,87,416,2,-323
-4,3,0.0172989,FRAY 1,87,416,-2,-326
-4,4,0.0173337,FRAY 1,87,416,-6,-330
-4,4,0.0173395,FRAY 1,87,416,-10,-334
-3,4,0.0173685,FRAY 1,87,416,-13,-338
-4,3,0.0173893,FRAY 1,87,416,-17,-341
-4,4,0.017415,FRAY 1,87,416,-21,-345
-4,4,0.017444,FRAY 1,87,416,-25,-349
-3,7,0.0174788,FRAY 1,87,416,-28,-356
-7,4,0.0175137,FRAY 1,87,416,-35,-360
-3,4,0.0175311,FRAY 1,87,416,-38,-364
-2,4,0.0175601,FRAY 1,87,416,-40,-368
-1,3,0.0175937,FRAY 1,87,416,-41,-371
-1,4,0.0176239,FRAY 1,87,416,-42,-375
1,4,0.0176298,FRAY 1,87,416,-41,-379
1,4,0.0176646,FRAY 1,87,416,-40,-383
2,3,0.0176936,FRAY 1,87,416,-38,-386
2,4,0.0177178,FRAY 1,87,416,-36,-390
2,4,0.0177459,FRAY 1,87,416,-34,-394
2,4,0.0177749,FRAY 1,87,416,-32,-398
3,3,0.0177865,FRAY 1,87,416,-29,-401
2,4,0.0178097,FRAY 1,87,416,-27,-405
3,4,0.0178329,FRAY 1,87,416,-24,-409
3,4,0.017862,FRAY 1,87,416,-21,-413
3,3,0.0178968,FRAY 1,87,416,-18,-416
3,4,0.0179258,FRAY 1,87,416,-15,-420
3,4,0.0179374,FRAY 1,87,416,-12,-424
2,4,0.0179606,FRAY 1,87,416,-10,-428
3,3,0.0179897,FRAY 1,87,416,-7,-431
3,4,0.0180187,FRAY 1,87,416,-4,-435
3,4,0.0180477,FRAY 1,87,416,-1,-439
3,4,0.0180651,FRAY 1,87,416,2,-443
2,3,0.0180883,FRAY 1,87,416,4,-446
3,4,0.0181116,FRAY 1,87,416,7,-450
3,4,0.0181406,FRAY 1,87,416,10,-454
3,4,0.0181754,FRAY 1,87,416,13,-458
3,3,0.0182044,FRAY 1,87,416,16,-461
2,4,0.0182335,FRAY 1,87,416,18,-465
3,4,0.0182393,FRAY 1,87,416,21,-469
3,4,0.0182625,FRAY 1,87,416,24,-473
3,3,0.0182973,FRAY 1,87,416,27,-476
3,4,0.0183263,FRAY 1,87,416,30,-480
3,4,0.0183612,FRAY 1,87,416,33,-484
2,4,0.0183786,FRAY 1,87,416,35,-488
3,4,0.0183902,FRAY 1,87,416,38,-492
3,4,0.0184134,FRAY 1,87,416,41,-496
3,3,0.0184366,FRAY 1,87,416,44,-499
3,4,0.0184773,FRAY 1,87,416,47,-503
2,4,0.0185121,FRAY 1,87,416,49,-507
3,7,0.0185469,FRAY 1,87,416,52,-514
6,4,0.018576,FRAY 1,87,416,58,-518
3,4,0.0185934,FRAY 1,87,416,61,-522
2,4,0.0186224,FRAY 1,87,416,63,-526
3,7,0.0186514,FRAY 1,87,416,66,-533
6,4,0.0186863,FRAY 1,87,416,72,-537
3,4,0.0187211,FRAY 1,87,416,75,-541
2,3,0.0187385,FRAY 1,87,416,77,-544
3,4,0.0187617,FRAY 1,87,416,80,-548
3,4,0.0187966,FRAY 1,87,416,83,-552
3,4,0.0188024,FRAY 1,87,416,86,-556
3,3,0.0188372,FRAY 1,87,416,89,-559
3,4,0.0188662,FRAY 1,87,416,92,-563
2,4,0.0188836,FRAY 1,87,416,94,-567
3,4,0.0189136,FRAY 1,87,416,97,-571
3,3,0.0189533,FRAY 1,87,416,100,-574
3,4,0.0189591,FRAY 1,87,416,103,-578
3,4,0.0189823,FRAY 1,87,416,106,-582
2,4,0.0190171,FRAY 1,87,416,108,-586
3,3,0.0190404,FRAY 1,87,416,111,-589
3,4,0.0190694,FRAY 1,87,416,114,-593
3,4,0.0191042,FRAY 1,87,416,117,-597
3,3,0.01911,FRAY 1,87,416,120,-600
2,2,0.0191332,FRAY 1,87,416,122,-602
3,3,0.0191681,FRAY 1,87,416,125,-605
2,2,0.0192029,FRAY 1,87,416,127,-607
1,1,0.0192261,FRAY 1,87,416,128,-608
1,1,0.0192551,FRAY 1,87,416,129,-609
1,1,0.01929,FRAY 1,87,416,130,-610
1,-1,0.019766,FRAY 1,87,416,131,-609
1,-1,0.0197912,FRAY 1,87,416,132,-608
-1,-1,0.0198589,FRAY 1,87,416,131,-607
-1,-1,0.0198995,FRAY 1,87,416,130,-606
-2,-1,0.0199213,FRAY 1,87,416,128,-605
-2,-1,0.0199634,FRAY 1,87,416,126,-604
-2,-2,0.0199866,FRAY 1,87,416,124,-602
-3,-2,0.0200098,FRAY 1,87,416,121,-600
-3,-2,0.0200156,FRAY 1,87,416,118,-598
-3,-2,0.0200156,FRAY 1,87,416,115,-596
-3,-3,0.0200272,FRAY 1,87,416,112,-593
-3,-3,0.0200562,FRAY 1,87,416,109,-590
-2,-3,0.0200911,FRAY 1,87,416,107,-587
-3,-5,0.0201201,FRAY 1,87,416,104,-582
-6,-3,0.0201491,FRAY 1,87,416,98,-579
-3,-3,0.0201781,FRAY 1,87,416,95,-576
-2,-3,0.0202072,FRAY 1,87,416,93,-573
-3,-3,0.020242,FRAY 1,87,416,90,-570
-2,-3,0.020271,FRAY 1,87,416,88,-567
-2,-2,0.0202826,FRAY 1,87,416,86,-565
-2,-2,0.0203059,FRAY 1,87,416,84,-563
-2,-2,0.0203291,FRAY 1,87,416,82,-561
-2,-1,0.0203581,FRAY 1,87,416,80,-560
-2,-1,0.0203987,FRAY 1,87,416,78,-559
1,-1,0.0224769,SAN- 2,387,311,79,-558
1,-1,0.022535,SAN- 2,387,311,80,-557
1,-1,0.022564,SAN- 2,387,311,81,-556
1,-2,0.022593,SAN- 2,387,311,82,-554
1,-2,0.022622,SAN- 2,387,311,83,-552
1,-2,0.0226278,SAN- 2,387,311,84,-550
1,-1,0.0226562,SAN- 2,387,311,85,-549
1,-2,0.0226859,SAN- 2,387,311,86,-547
1,-3,0.0227207,SAN- 2,387,311,87,-544
1,-3,0.0227498,SAN- 2,387,311,88,-541
1,-6,0.022773,SAN- 2,387,311,89,-535
2,-2,0.0227962,SAN- 2,387,311,91,-533
2,-3,0.022831,SAN- 2,387,311,93,-530
1,-3,0.0228637,SAN- 2,387,311,94,-527
2,-3,0.0228949,SAN- 2,387,311,96,-524
2,-5,0.0229297,SAN- 2,387,311,98,-519
6,-3,0.0229529,SAN- 2,387,311,104,-516
3,-3,0.0229761,SAN- 2,387,311,107,-513
2,-3,0.0230052,SAN- 2,387,311,109,-510
3,-3,0.0230284,SAN- 2,387,311,112,-507
3,-5,0.023069,SAN- 2,387,311,115,-502
6,-3,0.0230922,SAN- 2,387,311,121,-499
2,-3,0.0231213,SAN- 2,387,311,123,-496
3,-3,0.0231606,SAN- 2,387,311,126,-493
3,-3,0.0231851,SAN- 2,387,311,129,-490
3,-2,0.0232141,SAN- 2,387,311,132,-488
3,-3,0.0232258,SAN- 2,387,311,135,-485
2,-3,0.0232548,SAN- 2,387,311,137,-482
3,-3,0.0232722,SAN- 2,387,311,140,-479
3,-3,0.0233012,SAN- 2,387,311,143,-476
3,-2,0.0233361,SAN- 2,387,311,146,-474
3,-3,0.0233651,SAN- 2,387,311,149,-471
3,-2,0.0233767,SAN- 2,387,311,152,-469
2,-2,0.0234058,SAN- 2,387,311,154,-467
3,-2,0.0234231,SAN- 2,387,311,157,-465
3,-2,0.0234522,SAN- 2,387,311,160,-463
3,-2,0.023487,SAN- 2,387,311,163,-461
3,-1,0.023516,SAN- 2,387,311,166,-460
2,-1,0.0235276,SAN- 2,387,311,168,-459
3,-1,0.0235508,SAN- 2,387,311,171,-458
3,-1,0.0235799,SAN- 2,387,311,174,-457
3,-2,0.0235973,SAN- 2,387,311,177,-455
3,-2,0.0236379,SAN- 2,387,311,180,-453
2,-2,0.0236611,SAN- 2,387,311,182,-451
3,-2,0.0236727,SAN- 2,387,311,185,-449
3,-2,0.023696,SAN- 2,387,311,188,-447
3,-2,0.023725,SAN- 2,387,311,191,-445
3,-2,0.023754,SAN- 2,387,311,194,-443
3,-2,0.023783,SAN- 2,387,311,197,-441
2,-1,0.0237888,SAN- 2,387,311,199,-440
3,-1,0.0238237,SAN- 2,387,311,202,-439
3,-1,0.0238469,SAN- 2,387,311,205,-438
3,-1,0.0238817,SAN- 2,387,311,208,-437
2,-2,0.0239456,SAN- 2,387,311,210,-435
6,-1,0.0239746,SAN- 2,387,311,216,-434
3,-1,0.0239978,SAN- 2,387,311,219,-433
3,-1,0.0240327,SAN- 2,387,311,222,-432
3,-1,0.0240617,SAN- 2,387,311,225,-431
2,-2,0.0240965,SAN- 2,387,311,227,-429
6,-1,0.0241197,SAN- 2,387,311,233,-428
3,-1,0.0241488,SAN- 2,387,311,236,-427
3,-1,0.0241836,SAN- 2,387,311,239,-426
2,-1,0.024215,SAN- 2,387,311,241,-425
3,-2,0.0242474,SAN- 2,387,311,244,-423
6,-1,0.0242823,SAN- 2,387,311,250,-422
3,-1,0.0242939,SAN- 2,387,311,253,-421
2,-2,0.0243244,SAN- 2,387,311,255,-419
3,-2,0.0243577,SAN- 2,387,311,258,-417
3,-4,0.0243868,SAN- 2,387,311,261,-413
6,-2,0.0244216,SAN- 2,387,311,267,-411
2,-1,0.0244564,SAN- 2,387,311,269,-410
3,-1,0.0244912,SAN- 2,387,311,272,-409
3,-1,0.0245087,SAN- 2,387,311,275,-408
3,-1,0.0245203,SAN- 2,387,311,278,-407
3,-1,0.0245725,SAN- 2,387,311,281,-406
2,-1,0.0246073,SAN- 2,387,311,283,-405
3,-1,0.0246364,SAN- 2,387,311,286,-404
3,-1,0.0246596,SAN- 2,387,311,289,-403
3,-1,0.0246712,SAN- 2,387,311,292,-402
3,-1,0.0246944,SAN- 2,387,311,295,-401
2,-1,0.0247176,SAN- 2,387,311,297,-400
3,-1,0.0247467,SAN- 2,387,311,300,-399
3,-1,0.0247931,SAN- 2,387,311,303,-398
3,-1,0.0248163,SAN- 2,387,311,306,-397
3,-2,0.0248221,SAN- 2,387,311,309,-395
2,-2,0.0248454,SAN- 2,387,311,311,-393
3,-1,0.0248744,SAN- 2,387,311,314,-392
3,-2,0.0249034,SAN- 2,387,311,317,-390
3,-2,0.0249382,SAN- 2,387,311,320,-388
3,-2,0.0249789,SAN- 2,387,311,323,-386
3,-2,0.0249847,SAN- 2,387,311,326,-384
2,-2,0.0250021,SAN- 2,387,311,328,-382
3,-2,0.0250253,SAN- 2,387,311,331,-380
3,-2,0.0250485,SAN- 2,387,311,334,-378
3,-1,0.0250892,SAN- 2,387,311,337,-377
2,-1,0.0251298,SAN- 2,387,311,339,-376
3,1,0.0254549,SAN- 2,387,311,342,-377
3,2,0.0255187,SAN- 2,387,311,345,-379
3,2,0.0255452,SAN- 2,387,311,348,-381
3,2,0.0255536,SAN- 2,387,311,351,-383
3,2,0.0255768,SAN- 2,387,311,354,-385
2,2,0.0256058,SAN- 2,387,311,356,-387
3,2,0.0256406,SAN- 2,387,311,359,-389
3,2,0.0256736,SAN- 2,387,311,362,-391
3,3,0.0257045,SAN- 2,387,311,365,-394
6,2,0.0257277,SAN- 2,387,311,371,-396
2,2,0.0257625,SAN- 2,387,311,373,-398
3,2,0.0257916,SAN- 2,387,311,376,-400
3,2,0.0258264,SAN- 2,387,311,379,-402
3,4,0.0258554,SAN- 2,387,311,382,-406
5,1,0.0258961,SAN- 2,387,311,387,-407
3,1,0.0259367,SAN- 2,387,311,390,-408
3,1,0.0259715,SAN- 2,387,311,393,-409
3,2,0.0260063,SAN- 2,387,311,396,-411
5,1,0.0260412,SAN- 2,387,311,401,-412
3,1,0.0260702,SAN- 2,387,311,404,-413
3,1,0.0260992,SAN- 2,387,311,407,-414
3,1,0.0261224,SAN- 2,387,311,410,-415
2,1,0.0261457,SAN- 2,387,311,412,-416
3,1,0.0261631,SAN- 2,387,311,415,-417
3,1,0.0261921,SAN- 2,387,311,418,-418
3,1,0.0262153,SAN- 2,387,311,421,-419
3,1,0.026256,SAN- 2,387,311,424,-420
3,1,0.0262792,SAN- 2,387,311,427,-421
2,1,0.026289,SAN- 2,387,311,429,-422
2,1,0.0264185,SAN- 2,387,311,431,-423
3,1,0.0264475,SAN- 2,387,311,434,-424
3,1,0.0264649,SAN- 2,387,311,437,-425
3,1,0.0264882,SAN- 2,387,311,440,-426
3,2,0.0265188,SAN- 2,387,311,443,-428
2,2,0.0265578,SAN- 2,387,311,445,-430
3,4,0.0265927,SAN- 2,387,311,448,-434
6,2,0.0266217,SAN- 2,387,311,454,-436
3,2,0.0266391,SAN- 2,387,311,457,-438
3,3,0.0266739,SAN- 2,387,311,460,-441
2,3,0.0267029,SAN- 2,387,311,462,-444
3,2,0.0267097,SAN- 2,387,311,465,-446
3,2,0.0267436,SAN- 2,387,311,468,-448
3,2,0.0267668,SAN- 2,387,311,471,-450
3,2,0.02679,SAN- 2,387,311,474,-452
3,-2,0.0269177,SAN- 2,387,311,477,-450
2,-2,0.0269526,SAN- 2,387,311,479,-448
3,-2,0.0269758,SAN- 2,387,311,482,-446
3,-3,0.0270088,SAN- 2,387,311,485,-443
3,-3,0.0270164,SAN- 2,387,311,488,-440
3,-3,0.0270396,SAN- 2,387,311,491,-437
2,-2,0.0270691,SAN- 2,387,311,493,-435
3,-3,0.0271035,SAN- 2,387,311,496,-432
3,-3,0.0271267,SAN- 2,387,311,499,-429
3,-3,0.0271499,SAN- 2,387,311,502,-426
2,-3,0.0271732,SAN- 2,387,311,504,-423
3,-2,0.0271906,SAN- 2,387,311,507,-421
3,-3,0.0272254,SAN- 2,387,311,510,-418
3,-3,0.0272544,SAN- 2,387,311,513,-415
3,-3,0.0272776,SAN- 2,387,311,516,-412
2,-3,0.0273052,SAN- 2,387,311,518,-409
3,-2,0.0273183,SAN- 2,387,311,521,-407
3,-3,0.0273415,SAN- 2,387,311,524,-404
3,-2,0.0273763,SAN- 2,387,311,527,-402
3,-2,0.0274054,SAN- 2,387,311,530,-400
2,-1,0.0274402,SAN- 2,387,311,532,-399
1,-1,0.0274692,SAN- 2,387,311,533,-398
-1,-2,0.030928,-TIA- 3,329,115,532,-396
-2,-2,0.030958,-TIA- 3,329,115,530,-394
-2,-2,0.0309923,-TIA- 3,329,115,528,-392
-2,-2,0.0310219,-TIA- 3,329,115,526,-390
-3,-2,0.0310335,-TIA- 3,329,115,523,-388
-3,-2,0.0310567,-TIA- 3,329,115,520,-386
-3,-3,0.0310857,-TIA- 3,329,115,517,-383
-3,-2,0.0311089,-TIA- 3,329,115,514,-381
-3,-3,0.0311496,-TIA- 3,329,115,511,-378
-2,-2,0.0311728,-TIA- 3,329,115,509,-376
-3,-2,0.0311844,-TIA- 3,329,115,506,-374
-3,-2,0.0312134,-TIA- 3,329,115,503,-372
-3,-1,0.0312366,-TIA- 3,329,115,500,-371
-1,-1,0.0317127,-TIA- 3,329,115,499,-370
-1,-1,0.0317359,-TIA- 3,329,115,498,-369
-1,-1,0.0319681,-TIA- 3,329,115,497,-368
-1,-1,0.0319971,-TIA- 3,329,115,496,-367
-1,-2,0.0320203,-TIA- 3,329,115,495,-365
-1,-3,0.0320435,-TIA- 3,329,115,494,-362
-1,-2,0.0320726,-TIA- 3,329,115,493,-360
-2,-3,0.0320842,-TIA- 3,329,115,491,-357
-2,-3,0.032119,-TIA- 3,329,115,489,-354
-3,-3,0.032148,-TIA- 3,329,115,486,-351
-3,-5,0.0321887,-TIA- 3,329,115,483,-346
-5,-3,0.0322293,-TIA- 3,329,115,478,-343
-4,-3,0.0322351,-TIA- 3,329,115,474,-340
-4,-3,0.0322583,-TIA- 3,329,115,470,-337
-4,-3,0.0322932,-TIA- 3,329,115,466,-334
-3,-2,0.0323222,-TIA- 3,329,115,463,-332
-4,-3,0.032328,-TIA- 3,329,115,459,-329
-3,-3,0.0323559,-TIA- 3,329,115,456,-326
-3,-3,0.0323976,-TIA- 3,329,115,453,-323
-3,-3,0.0324209,-TIA- 3,329,115,450,-320
-2,-3,0.0324325,-TIA- 3,329,115,448,-317
-3,-2,0.0324673,-TIA- 3,329,115,445,-315
-2,-3,0.0324731,-TIA- 3,329,115,443,-312
-2,-3,0.0325021,-TIA- 3,329,115,441,-309
-2,-3,0.032537,-TIA- 3,329,115,439,-306
-2,-5,0.0325718,-TIA- 3,329,115,437,-301
-3,-3,0.032601,-TIA- 3,329,115,434,-298
-2,-3,0.0326298,-TIA- 3,329,115,432,-295
-2,-3,0.0326705,-TIA- 3,329,115,430,-292
-2,-3,0.0326995,-TIA- 3,329,115,428,-289
-1,-5,0.0327227,-TIA- 3,329,115,427,-284
-2,-3,0.0327459,-TIA- 3,329,115,425,-281
-2,-3,0.0327808,-TIA- 3,329,115,423,-278
-2,-3,0.032804,-TIA- 3,329,115,421,-275
-2,-3,0.032833,-TIA- 3,329,115,419,-272
-2,-2,0.0328678,-TIA- 3,329,115,417,-270
-2,-3,0.0328911,-TIA- 3,329,115,415,-267
-2,-3,0.0329011,-TIA- 3,329,115,413,-264
-2,-2,0.0329317,-TIA- 3,329,115,411,-262
-2,-2,0.0329549,-TIA- 3,329,115,409,-260
-2,-2,0.0329781,-TIA- 3,329,115,407,-258
-2,-1,0.033013,-TIA- 3,329,115,405,-257
-2,-4,0.033042,-TIA- 3,329,115,403,-253
-2,-2,0.0330768,-TIA- 3,329,115,401,-251
-2,-3,0.0331,-TIA- 3,329,115,399,-248
-2,-3,0.0331233,-TIA- 3,329,115,397,-245
-2,-2,0.0331523,-TIA- 3,329,115,395,-243
-1,-6,0.0331929,-TIA- 3,329,115,394,-237
-2,-3,0.0332278,-TIA- 3,329,115,392,-234
-1,-3,0.033251,-TIA- 3,329,115,391,-231
-1,-3,0.03328,-TIA- 3,329,115,390,-228
-1,-2,0.0333032,-TIA- 3,329,115,389,-226
-1,-3,0.033338,-TIA- 3,329,115,388,-223
-1,-3,0.0333439,-TIA- 3,329,115,387,-220
-1,-3,0.0333701,-TIA- 3,329,115,386,-217
-1,-2,0.0334077,-TIA- 3,329,115,385,-215
-1,-1,0.0334425,-TIA- 3,329,115,384,-214
-1,-2,0.0334658,-TIA- 3,329,115,383,-212
-1,-2,0.0334716,-TIA- 3,329,115,382,-210
-1,-2,0.0335064,-TIA- 3,329,115,381,-208
1,-2,0.0335296,-TIA- 3,329,115,382,-206
1,-2,0.033547,-TIA- 3,329,115,383,-204
1,-2,0.0335935,-TIA- 3,329,115,384,-202
1,-2,0.0336051,-TIA- 3,329,115,385,-200
1,-1,0.0336283,-TIA- 3,329,115,386,-199
1,-2,0.0336573,-TIA- 3,329,115,387,-197
1,-2,0.0336922,-TIA- 3,329,115,388,-195
-1,-2,0.0337154,-TIA- 3,329,115,387,-193
-1,-2,0.0337502,-TIA- 3,329,115,386,-191
-1,-2,0.0337618,-TIA- 3,329,115,385,-189
-1,-2,0.0337792,-TIA- 3,329,115,384,-187
-1,-2,0.0338083,-TIA- 3,329,115,383,-185
-2,-1,0.0338431,-TIA- 3,329,115,381,-184
-2,-2,0.0338489,-TIA- 3,329,115,379,-182
-2,-3,0.0338721,-TIA- 3,329,115,377,-179
-2,-3,0.0339069,-TIA- 3,329,115,375,-176
-2,-3,0.0339302,-TIA- 3,329,115,373,-173
-2,-3,0.033965,-TIA- 3,329,115,371,-170
-1,-2,0.033994,-TIA- 3,329,115,370,-168
-1,-3,0.0339998,-TIA- 3,329,115,369,-165
-1,-3,0.0340346,-TIA- 3,329,115,368,-162
-1,-3,0.0340579,-TIA- 3,329,115,367,-159
-1,-3,0.0340811,-TIA- 3,329,115,366,-156
-1,-2,0.0341159,-TIA- 3,329,115,365,-154
-1,-3,0.0341449,-TIA- 3,329,115,364,-151
1,-3,0.034151,-TIA- 3,329,115,365,-148
1,-3,0.0341798,-TIA- 3,329,115,366,-145
1,-3,0.034203,-TIA- 3,329,115,367,-142
1,-3,0.034232,-TIA- 3,329,115,368,-139
1,-2,0.034261,-TIA- 3,329,115,369,-137
1,-6,0.0342959,-TIA- 3,329,115,370,-131
2,-3,0.0343191,-TIA- 3,329,115,372,-128
1,-3,0.0343481,-TIA- 3,329,115,373,-125
1,-2,0.0343829,-TIA- 3,329,115,374,-123
1,-3,0.034412,-TIA- 3,329,115,375,-120
1,-2,0.0344236,-TIA- 3,329,115,376,-118
1,-2,0.0344468,-TIA- 3,329,115,377,-116
2,-2,0.0344758,-TIA- 3,329,115,379,-114
2,-2,0.0345107,-TIA- 3,329,115,381,-112
2,-2,0.0345397,-TIA- 3,329,115,383,-110
1,-1,0.0345687,-TIA- 3,329,115,384,-109
1,-2,0.0345803,-TIA- 3,329,115,385,-107
1,-2,0.0345977,-TIA- 3,329,115,386,-105
1,-2,0.0346326,-TIA- 3,329,115,387,-103
1,-2,0.0346616,-TIA- 3,329,115,388,-101
1,-2,0.0346906,-TIA- 3,329,115,389,-99
1,-2,0.0347196,-TIA- 3,329,115,390,-97
1,-2,0.0347254,-TIA- 3,329,115,391,-95
1,-1,0.0347487,-TIA- 3,329,115,392,-94
1,-2,0.0347719,-TIA- 3,329,115,393,-92
1,-2,0.0348125,-TIA- 3,329,115,394,-90
1,-1,0.0348473,-TIA- 3,329,115,395,-89
1,-2,0.0348764,-TIA- 3,329,115,396,-87
1,-1,0.0349344,-TIA- 3,329,115,397,-86
1,-1,0.0349576,-TIA- 3,329,115,398,-85
1,-1,0.0349925,-TIA- 3,329,115,399,-84
1,-1,0.0349983,-TIA- 3,329,115,400,-83
1,-1,0.0350273,-TIA- 3,329,115,401,-82
1,-2,0.0350795,-TIA- 3,329,115,402,-80
1,-2,0.0351086,-TIA- 3,329,115,403,-78
1,-4,0.0351434,-TIA- 3,329,115,404,-74
1,-2,0.0351782,-TIA- 3,329,115,405,-72
1,-2,0.0352073,-TIA- 3,329,115,406,-70
1,-1,0.0352247,-TIA- 3,329,115,407,-69
1,-1,0.0352537,-TIA- 3,329,115,408,-68
1,-1,0.0352711,-TIA- 3,329,115,409,-67
1,-1,0.0352943,-TIA- 3,329,115,410,-66
1,-1,0.0355672,-TIA- 3,329,115,411,-65
1,-1,0.0355788,-TIA- 3,329,115,412,-64
1,-1,0.035631,-TIA- 3,329,115,413,-63
1,-1,0.0356484,-TIA- 3,329,115,414,-62
1,-1,0.0357042,-TIA- 3,329,115,415,-61
1,-1,0.0357297,-TIA- 3,329,115,416,-60
1,-1,0.0357529,-TIA- 3,329,115,417,-59
-1,-1,0.0386893,GO 4,282,431,416,-58
-2,-2,0.0387135,GO 4,282,431,414,-56
-2,-1,0.0387425,GO 4,282,431,412,-55
-2,-2,0.0387773,GO 4,282,431,410,-53
-2,-3,0.0388063,GO 4,282,431,408,-50
1,1,0.0394391,GO 4,282,431,409,-51
1,1,0.0394739,GO 4,282,431,410,-52
1,1,0.0395029,GO 4,282,431,411,-53
1,2,0.0395119,GO 4,282,431,412,-55
2,2,0.0395436,GO 4,282,431,414,-57
2,3,0.0395668,GO 4,282,431,416,-60
2,2,0.0396016,GO 4,282,431,418,-62
3,3,0.0396307,GO 4,282,431,421,-65
3,4,0.0396597,GO 4,282,431,424,-69
2,4,0.0396655,GO 4,282,431,426,-73
3,4,0.0396887,GO 4,282,431,429,-77
3,3,0.0397235,GO 4,282,431,432,-80
3,4,0.0397468,GO 4,282,431,435,-84
3,4,0.0397865,GO 4,282,431,438,-88
3,4,0.0397932,GO 4,282,431,441,-92
1,3,0.0398164,GO 4,282,431,442,-95
2,4,0.0398571,GO 4,282,431,444,-99
1,4,0.0398745,GO 4,282,431,445,-103
1,4,0.0399035,GO 4,282,431,446,-107
1,7,0.0399441,GO 4,282,431,447,-114
1,4,0.039979,GO 4,282,431,448,-118
1,3,0.040008,GO 4,282,431,449,-121
1,2,0.0400312,GO 4,282,431,450,-123
1,3,0.0400566,GO 4,282,431,451,-126
-1,3,0.0400776,GO 4,282,431,450,-129
-1,2,0.0400951,GO 4,282,431,449,-131
-2,2,0.0401241,GO 4,282,431,447,-133
-2,1,0.0401531,GO 4,282,431,445,-134
-2,1,0.0401877,GO 4,282,431,443,-135
-3,1,0.040275,GO 4,282,431,440,-136
-1,1,0.040304,GO 4,282,431,439,-137
-1,1,0.0406988,GO 4,282,431,438,-138
1,1,0.040751,GO 4,282,431,439,-139
1,2,0.0407684,GO 4,282,431,440,-141
2,2,0.0407917,GO 4,282,431,442,-143
2,2,0.0408184,GO 4,282,431,444,-145
3,2,0.0408497,GO 4,282,431,447,-147
3,2,0.0408845,GO 4,282,431,450,-149
2,1,0.0409078,GO 4,282,431,452,-150
3,2,0.0409368,GO 4,282,431,455,-152
3,2,0.0409484,GO 4,282,431,458,-154
3,2,0.0409716,GO 4,282,431,461,-156
3,2,0.0410006,GO 4,282,431,464,-158
2,2,0.0410355,GO 4,282,431,466,-160
1,2,0.0410645,GO 4,282,431,467,-162
1,2,0.0410877,GO 4,282,431,468,-164
1,1,0.0410935,GO 4,282,431,469,-165
-1,2,0.0411167,GO 4,282,431,468,-167
-1,2,0.0411516,GO 4,282,431,467,-169
-3,2,0.0411806,GO 4,282,431,464,-171
-3,2,0.0412154,GO 4,282,431,461,-173
-4,2,0.0412212,GO 4,282,431,457,-175
-4,2,0.0412444,GO 4,282,431,453,-177
-3,2,0.0412793,GO 4,282,431,450,-179
-4,1,0.0413025,GO 4,282,431,446,-180
-4,2,0.0413373,GO 4,282,431,442,-182
-4,2,0.0413402,GO 4,282,431,438,-184
-3,6,0.0413896,GO 4,282,431,435,-190
-8,3,0.0414186,GO 4,282,431,427,-193
-3,2,0.0414534,GO 4,282,431,424,-195
-4,4,0.0414708,GO 4,282,431,420,-199
-3,4,0.0414883,GO 4,282,431,417,-203
-3,4,0.0415173,GO 4,282,431,414,-207
-2,3,0.0415289,GO 4,282,431,412,-210
-1,4,0.0415579,GO 4,282,431,411,-214
-1,4,0.0415927,GO 4,282,431,410,-218
-1,4,0.041616,GO 4,282,431,409,-222
-1,3,0.0416218,GO 4,282,431,408,-225
-1,4,0.0416566,GO 4,282,431,407,-229
1,4,0.0416798,GO 4,282,431,408,-233
1,4,0.0417088,GO 4,282,431,409,-237
2,3,0.0417379,GO 4,282,431,411,-240
2,4,0.0417669,GO 4,282,431,413,-244
3,4,0.0417738,GO 4,282,431,416,-248
3,4,0.0418075,GO 4,282,431,419,-252
2,3,0.0418307,GO 4,282,431,421,-255
3,4,0.0418656,GO 4,282,431,424,-259
3,4,0.0418946,GO 4,282,431,427,-263
3,7,0.0419294,GO 4,282,431,430,-270
5,4,0.0419585,GO 4,282,431,435,-274
3,4,0.0419817,GO 4,282,431,438,-278
3,4,0.0420049,GO 4,282,431,441,-282
3,3,0.0420397,GO 4,282,431,444,-285
2,4,0.0420688,GO 4,282,431,446,-289
2,4,0.0420804,GO 4,282,431,448,-293
1,4,0.0421036,GO 4,282,431,449,-297
1,3,0.0421268,GO 4,282,431,450,-300
-1,4,0.0421616,GO 4,282,431,449,-304
-2,4,0.0421907,GO 4,282,431,447,-308
-2,4,0.0422255,GO 4,282,431,445,-312
-3,3,0.0422313,GO 4,282,431,442,-315
-3,4,0.0422545,GO 4,282,431,439,-319
-3,4,0.0422893,GO 4,282,431,436,-323
-2,4,0.0423126,GO 4,282,431,434,-327
-3,3,0.0423416,GO 4,282,431,431,-330
-3,4,0.0423764,GO 4,282,431,428,-334
-3,4,0.042388,GO 4,282,431,425,-338
-3,4,0.0424054,GO 4,282,431,422,-342
-2,3,0.0424403,GO 4,282,431,420,-345
-3,4,0.0424693,GO 4,282,431,417,-349
-2,4,0.0424925,GO 4,282,431,415,-353
-2,4,0.0425273,GO 4,282,431,413,-357
-2,3,0.0425332,GO 4,282,431,411,-360
-1,4,0.0425622,GO 4,282,431,410,-364
-1,4,0.042597,GO 4,282,431,409,-368
-1,4,0.042626,GO 4,282,431,408,-372
-1,3,0.0426551,GO 4,282,431,407,-375
-1,4,0.0426828,GO 4,282,431,406,-379
-1,4,0.0426899,GO 4,282,431,405,-383
-1,4,0.0427131,GO 4,282,431,404,-387
-1,3,0.0427479,GO 4,282,431,403,-390
-1,4,0.042777,GO 4,282,431,402,-394
-1,4,0.0428002,GO 4,282,431,401,-398
-1,4,0.0428118,GO 4,282,431,400,-402
-1,3,0.042835,GO 4,282,431,399,-405
-1,4,0.042864,GO 4,282,431,398,-409
1,4,0.0428873,GO 4,282,431,399,-413
1,4,0.0429221,GO 4,282,431,400,-417
1,3,0.0429337,GO 4,282,431,401,-420
1,4,0.0429627,GO 4,282,431,402,-424
1,4,0.0429859,GO 4,282,431,403,-428
1,4,0.043015,GO 4,282,431,404,-432
1,3,0.043044,GO 4,282,431,405,-435
1,4,0.043073,GO 4,282,431,406,-439
1,4,0.0430788,GO 4,282,431,407,-443
1,4,0.0431137,GO 4,282,431,408,-447
1,3,0.0431369,GO 4,282,431,409,-450
1,4,0.0431717,GO 4,282,431,410,-454
-1,4,0.0432007,GO 4,282,431,409,-458
-2,7,0.0432414,GO 4,282,431,407,-465
-3,4,0.0432588,GO 4,282,431,404,-469
-3,4,0.0432878,GO 4,282,431,401,-473
-3,4,0.0433226,GO 4,282,431,398,-477
-3,3,0.0433517,GO 4,282,431,395,-480
-4,8,0.0433865,GO 4,282,431,391,-488
-7,4,0.0434155,GO 4,282,431,384,-492
-4,3,0.0434387,GO 4,282,431,380,-495
-4,4,0.0434736,GO 4,282,431,376,-499
-3,3,0.0435084,GO 4,282,431,373,-502
-4,6,0.0435374,GO 4,282,431,369,-508
-7,1,0.0435722,GO 4,282,431,362,-509
-1,2,0.0436071,GO 4,282,431,361,-511
-2,1,0.0436245,GO 4,282,431,359,-512
-1,1,0.0436477,GO 4,282,431,358,-513
-1,1,0.0436651,GO 4,282,431,357,-514
-1,1,0.0436883,GO 4,282,431,356,-515
-1,-1,0.0481466,FRAY 5,295,438,355,-514
-1,-1,0.0481698,FRAY 5,295,438,354,-513
-1,-2,0.0482104,FRAY 5,295,438,353,-511
-2,-1,0.048222,FRAY 5,295,438,351,-510
-2,-1,0.0482453,FRAY 5,295,438,349,-509
-2,-1,0.0482685,FRAY 5,295,438,347,-508
-3,1,0.0483614,FRAY 5,295,438,344,-509
-3,2,0.0483962,FRAY 5,295,438,341,-511
-5,1,0.0484252,FRAY 5,295,438,336,-512
-4,1,0.048449,FRAY 5,295,438,332,-513
-4,1,0.0484833,FRAY 5,295,438,328,-514
-1,1,0.0485239,FRAY 5,295,438,327,-515
-1,1,0.048611,FRAY 5,295,438,326,-516
-1,1,0.048849,FRAY 5,295,438,325,-517
1,1,0.0488722,FRAY 5,295,438,326,-518
2,2,0.0489128,FRAY 5,295,438,328,-520
2,4,0.0489477,FRAY 5,295,438,330,-524
4,3,0.0489767,FRAY 5,295,438,334,-527
3,3,0.0490173,FRAY 5,295,438,337,-530
3,3,0.0490347,FRAY 5,295,438,340,-533
3,3,0.049058,FRAY 5,295,438,343,-536
3,2,0.0490928,FRAY 5,295,438,346,-538
2,3,0.0490986,FRAY 5,295,438,348,-541
3,3,0.0491334,FRAY 5,295,438,351,-544
3,2,0.0491508,FRAY 5,295,438,354,-546
3,1,0.0491857,FRAY 5,295,438,357,-547
3,-1,0.0492263,FRAY 5,295,438,360,-546
2,-2,0.0492495,FRAY 5,295,438,362,-544
3,-2,0.0492844,FRAY 5,295,438,365,-542
3,-2,0.0493134,FRAY 5,295,438,368,-540
3,-3,0.0493482,FRAY 5,295,438,371,-537
3,-5,0.0493772,FRAY 5,295,438,374,-532
5,-3,0.0494121,FRAY 5,295,438,379,-529
3,-3,0.0494353,FRAY 5,295,438,382,-526
3,-3,0.0494643,FRAY 5,295,438,385,-523
3,-2,0.0494875,FRAY 5,295,438,388,-521
2,-3,0.0495224,FRAY 5,295,438,390,-518
3,-3,0.0495282,FRAY 5,295,438,393,-515
3,-3,0.0495514,FRAY 5,295,438,396,-512
3,-3,0.0495862,FRAY 5,295,438,399,-509
3,-2,0.0496036,FRAY 5,295,438,402,-507
3,-1,0.0496443,FRAY 5,295,438,405,-506
2,-1,0.0496733,FRAY 5,295,438,407,-505
3,-1,0.0496791,FRAY 5,295,438,410,-504
3,1,0.0497371,FRAY 5,295,438,413,-505
3,1,0.0497604,FRAY 5,295,438,416,-506
3,1,0.0498242,FRAY 5,295,438,419,-507
3,1,0.0498358,FRAY 5,295,438,422,-508
3,1,0.0498997,FRAY 5,295,438,425,-509
1,1,0.0499113,FRAY 5,295,438,426,-510
1,-2,0.054921,SAN- 6,280,234,427,-508
1,-2,0.0549442,SAN- 6,280,234,428,-506
1,-1,0.0549907,SAN- 6,280,234,429,-505
-1,-1,0.055368,SAN- 6,280,234,428,-504
-2,-2,0.0554086,SAN- 6,280,234,426,-502
-2,-2,0.0554376,SAN- 6,280,234,424,-500
-2,-2,0.0554493,SAN- 6,280,234,422,-498
-3,-3,0.0554783,SAN- 6,280,234,419,-495
-2,-2,0.0554957,SAN- 6,280,234,417,-493
-3,-3,0.0555247,SAN- 6,280,234,414,-490
-3,-3,0.0555537,SAN- 6,280,234,411,-487
-3,-3,0.0555712,SAN- 6,280,234,408,-484
-3,-3,0.0556002,SAN- 6,280,234,405,-481
-2,-2,0.0556234,SAN- 6,280,234,403,-479
-2,-3,0.0556524,SAN- 6,280,234,401,-476
-2,-3,0.0556815,SAN- 6,280,234,399,-473
-1,-3,0.0557105,SAN- 6,280,234,398,-470
-1,-3,0.0557214,SAN- 6,280,234,397,-467
-1,-3,0.0557511,SAN- 6,280,234,396,-464
-1,-2,0.0557743,SAN- 6,280,234,395,-462
-1,-3,0.0558092,SAN- 6,280,234,394,-459
-1,-3,0.0558382,SAN- 6,280,234,393,-456
-1,-3,0.0558498,SAN- 6,280,234,392,-453
-1,-3,0.055873,SAN- 6,280,234,391,-450
-1,-2,0.055902,SAN- 6,280,234,390,-448
-1,-3,0.0559253,SAN- 6,280,234,389,-445
-1,-3,0.05596,SAN- 6,280,234,388,-442
-1,-3,0.0559891,SAN- 6,280,234,387,-439
-1,-3,0.0560007,SAN- 6,280,234,386,-436
-1,-2,0.0560239,SAN- 6,280,234,385,-434
-1,-3,0.056053,SAN- 6,280,234,384,-431
-1,-3,0.0560762,SAN- 6,280,234,383,-428
-1,-3,0.056111,SAN- 6,280,234,382,-425
-1,-3,0.0561342,SAN- 6,280,234,381,-422
-1,-3,0.0561517,SAN- 6,280,234,380,-419
-1,-2,0.0561749,SAN- 6,280,234,379,-417
-2,-3,0.0562039,SAN- 6,280,234,377,-414
-2,-3,0.0562271,SAN- 6,280,234,375,-411
-2,-3,0.056262,SAN- 6,280,234,373,-408
-1,-3,0.0562852,SAN- 6,280,234,372,-405
-2,-2,0.0563026,SAN- 6,280,234,370,-403
-2,-3,0.05632,SAN- 6,280,234,368,-400
-2,-3,0.056349,SAN- 6,280,234,366,-397
-1,-3,0.0563839,SAN- 6,280,234,365,-394
-1,-3,0.0564129,SAN- 6,280,234,364,-391
-1,-2,0.0564361,SAN- 6,280,234,363,-389
-1,-3,0.0564477,SAN- 6,280,234,362,-386
-1,-3,0.0564709,SAN- 6,280,234,361,-383
-1,-3,0.0565,SAN- 6,280,234,360,-380
-1,-3,0.0565232,SAN- 6,280,234,359,-377
-1,-3,0.0565638,SAN- 6,280,234,358,-374
-1,-5,0.0565986,SAN- 6,280,234,357,-369
-1,-3,0.0566277,SAN- 6,280,234,356,-366
-1,-3,0.0566509,SAN- 6,280,234,355,-363
-1,-3,0.0566857,SAN- 6,280,234,354,-360
-1,-2,0.0566973,SAN- 6,280,234,353,-358
-1,-3,0.0567263,SAN- 6,280,234,352,-355
-1,-3,0.0567496,SAN- 6,280,234,351,-352
-1,-3,0.0567844,SAN- 6,280,234,350,-349
-1,-3,0.0568134,SAN- 6,280,234,349,-346
-1,-2,0.0568308,SAN- 6,280,234,348,-344
-1,-3,0.0568483,SAN- 6,280,234,347,-341
-2,-3,0.0568773,SAN- 6,280,234,345,-338
-2,-3,0.0569005,SAN- 6,280,234,343,-335
-2,-3,0.0569353,SAN- 6,280,234,341,-332
-2,-3,0.0569585,SAN- 6,280,234,339,-329
-2,-2,0.0569818,SAN- 6,280,234,337,-327
-2,-3,0.0569934,SAN- 6,280,234,335,-324
-1,-3,0.0570224,SAN- 6,280,234,334,-321
-2,-3,0.057034,SAN- 6,280,234,332,-318
-2,-3,0.0570572,SAN- 6,280,234,330,-315
-1,-2,0.0571037,SAN- 6,280,234,329,-313
-1,-6,0.0571327,SAN- 6,280,234,328,-307
-2,-3,0.0571617,SAN- 6,280,234,326,-304
-1,-3,0.0571907,SAN- 6,280,234,325,-301
-1,-2,0.057214,SAN- 6,280,234,324,-299
-1,-3,0.057243,SAN- 6,280,234,323,-296
-1,-3,0.0572778,SAN- 6,280,234,322,-293
-1,-3,0.0572836,SAN- 6,280,234,321,-290
-1,-3,0.0573068,SAN- 6,280,234,320,-287
-1,-3,0.0573359,SAN- 6,280,234,319,-284
-1,-2,0.0573591,SAN- 6,280,234,318,-282
-1,-3,0.0573881,SAN- 6,280,234,317,-279
-1,-6,0.0574288,SAN- 6,280,234,316,-273
-2,-3,0.057452,SAN- 6,280,234,314,-270
-1,-2,0.057481,SAN- 6,280,234,313,-268
-1,-3,0.05751,SAN- 6,280,234,312,-265
-1,-3,0.0575449,SAN- 6,280,234,311,-262
-1,-3,0.0575739,SAN- 6,280,234,310,-259
-1,-5,0.0576087,SAN- 6,280,234,309,-254
-1,-3,0.0576319,SAN- 6,280,234,308,-251
-1,-3,0.057661,SAN- 6,280,234,307,-248
-1,-3,0.0576958,SAN- 6,280,234,306,-245
1,-3,0.0577248,SAN- 6,280,234,307,-242
1,-5,0.0577596,SAN- 6,280,234,308,-237
2,-3,0.0577829,SAN- 6,280,234,310,-234
1,-3,0.0578119,SAN- 6,280,234,311,-231
1,-3,0.0578351,SAN- 6,280,234,312,-228
1,-3,0.0578757,SAN- 6,280,234,313,-225
1,-5,0.0579106,SAN- 6,280,234,314,-220
3,-3,0.0579454,SAN- 6,280,234,317,-217
2,-3,0.0579686,SAN- 6,280,234,319,-214
2,-3,0.0579918,SAN- 6,280,234,321,-211
2,-2,0.0580151,SAN- 6,280,234,323,-209
2,-6,0.0580557,SAN- 6,280,234,325,-203
4,-3,0.0580789,SAN- 6,280,234,329,-200
4,-3,0.0581021,SAN- 6,280,234,333,-197
1,-3,0.058137,SAN- 6,280,234,334,-194
1,-2,0.0581544,SAN- 6,280,234,335,-192
1,-3,0.0581892,SAN- 6,280,234,336,-189
1,-3,0.058195,SAN- 6,280,234,337,-186
1,-3,0.0582182,SAN- 6,280,234,338,-183
1,-3,0.0582531,SAN- 6,280,234,339,-180
1,-2,0.0582821,SAN- 6,280,234,340,-178
1,-3,0.0583111,SAN- 6,280,234,341,-175
1,-3,0.0583285,SAN- 6,280,234,342,-172
1,-3,0.0583517,SAN- 6,280,234,343,-169
1,-3,0.058375,SAN- 6,280,234,344,-166
1,-2,0.058404,SAN- 6,280,234,345,-164
1,-3,0.058433,SAN- 6,280,234,346,-161
1,-6,0.058462,SAN- 6,280,234,347,-155
1,-3,0.0585027,SAN- 6,280,234,348,-152
1,-3,0.0585143,SAN- 6,280,234,349,-149
1,-2,0.0585433,SAN- 6,280,234,350,-147
1,-3,0.0585781,SAN- 6,280,234,351,-144
1,-3,0.0585898,SAN- 6,280,234,352,-141
1,-2,0.0586188,SAN- 6,280,234,353,-139
1,-2,0.058642,SAN- 6,280,234,354,-137
1,-2,0.0586652,SAN- 6,280,234,355,-135
1,-1,0.0586942,SAN- 6,280,234,356,-134
1,-1,0.0587291,SAN- 6,280,234,357,-133
1,-1,0.0587349,SAN- 6,280,234,358,-132
-1,-1,0.0629734,-TIA- 7,121,109,357,-131
-1,-1,0.0630015,-TIA- 7,121,109,356,-130
-1,-2,0.0630248,-TIA- 7,121,109,355,-128
-2,-3,0.0630596,-TIA- 7,121,109,353,-125
-2,-3,0.0630828,-TIA- 7,121,109,351,-122
-2,-3,0.063106,-TIA- 7,121,109,349,-119
-2,-3,0.0631351,-TIA- 7,121,109,347,-116
-1,-2,0.0631525,-TIA- 7,121,109,346,-114
-1,-2,0.0631757,-TIA- 7,121,109,345,-112
-1,-1,0.0631989,-TIA- 7,121,109,344,-111
-1,-1,0.0632221,-TIA- 7,121,109,343,-110
-1,-1,0.0634412,-TIA- 7,121,109,342,-109
-1,-2,0.0634834,-TIA- 7,121,109,341,-107
-2,-2,0.0635124,-TIA- 7,121,109,339,-105
-2,-3,0.063553,-TIA- 7,121,109,337,-102
-2,-6,0.0635878,-TIA- 7,121,109,335,-96
-4,-2,0.0636053,-TIA- 7,121,109,331,-94
-2,-3,0.0636302,-TIA- 7,121,109,329,-91
-1,-3,0.0636633,-TIA- 7,121,109,328,-88
-2,-3,0.0636865,-TIA- 7,121,109,326,-85
-2,-3,0.0637214,-TIA- 7,121,109,324,-82
-2,-2,0.063733,-TIA- 7,121,109,322,-80
-2,-3,0.063762,-TIA- 7,121,109,320,-77
-2,-3,0.0637852,-TIA- 7,121,109,318,-74
-2,-3,0.0638084,-TIA- 7,121,109,316,-71
-2,-3,0.0638426,-TIA- 7,121,109,314,-68
-2,-4,0.0638781,-TIA- 7,121,109,312,-64
-6,-2,0.0639129,-TIA- 7,121,109,306,-62
-3,-2,0.0639361,-TIA- 7,121,109,303,-60
-3,-2,0.0639594,-TIA- 7,121,109,300,-58
-2,-2,0.0639942,-TIA- 7,121,109,298,-56
-3,-2,0.0640232,-TIA- 7,121,109,295,-54
-3,-1,0.0640348,-TIA- 7,121,109,292,-53
-3,-1,0.064058,-TIA- 7,121,109,289,-52
-3,-1,0.0640697,-TIA- 7,121,109,286,-51
-2,-1,0.0640987,-TIA- 7,121,109,284,-50
-3,-1,0.0641567,-TIA- 7,121,109,281,-49
-3,-1,0.0641625,-TIA- 7,121,109,278,-48
-3,-1,0.0641916,-TIA- 7,121,109,275,-47
-2,-1,0.0642148,-TIA- 7,121,109,273,-46
-3,-1,0.0642438,-TIA- 7,121,109,270,-45
-3,-1,0.0642786,-TIA- 7,121,109,267,-44
-3,-1,0.0643077,-TIA- 7,121,109,264,-43
-3,-1,0.0643251,-TIA- 7,121,109,261,-42
-3,-1,0.0643425,-TIA- 7,121,109,258,-41
-2,-1,0.0643715,-TIA- 7,121,109,256,-40
-3,-1,0.0643947,-TIA- 7,121,109,253,-39
-3,-1,0.0644296,-TIA- 7,121,109,250,-38
-3,-1,0.0644586,-TIA- 7,121,109,247,-37
-3,-1,0.0644702,-TIA- 7,121,109,244,-36
-2,-1,0.0644934,-TIA- 7,121,109,242,-35
-3,-1,0.0645573,-TIA- 7,121,109,239,-34
-3,-1,0.0645921,-TIA- 7,121,109,236,-33
-3,-1,0.0646153,-TIA- 7,121,109,233,-32
-2,-1,0.0646211,-TIA- 7,121,109,231,-31
-3,-1,0.0646444,-TIA- 7,121,109,228,-30
-3,-1,0.0646792,-TIA- 7,121,109,225,-29
-3,-1,0.0647082,-TIA- 7,121,109,222,-28
-3,-1,0.0647372,-TIA- 7,121,109,219,-27
-3,-1,0.0647663,-TIA- 7,121,109,216,-26
-2,-1,0.0647721,-TIA- 7,121,109,214,-25
-2,-1,0.0647837,-TIA- 7,121,109,212,-24
-2,-1,0.0648069,-TIA- 7,121,109,210,-23
-2,-1,0.0648417,-TIA- 7,121,109,208,-22
-2,-1,0.0648475,-TIA- 7,121,109,206,-21
-2,-1,0.0649056,-TIA- 7,121,109,204,-20
-3,-1,0.0649288,-TIA- 7,121,109,201,-19
-2,-1,0.0649625,-TIA- 7,121,109,199,-18
-3,-1,0.0649868,-TIA- 7,121,109,196,-17
-3,-1,0.0650043,-TIA- 7,121,109,193,-16
-3,-1,0.0650507,-TIA- 7,121,109,190,-15
-3,-1,0.0650642,-TIA- 7,121,109,187,-14
-2,-1,0.0650913,-TIA- 7,121,109,185,-13
-3,-1,0.0651146,-TIA- 7,121,109,182,-12
-3,-1,0.0651378,-TIA- 7,121,109,179,-11
-3,-1,0.0651552,-TIA- 7,121,109,176,-10
-3,-1,0.0651784,-TIA- 7,121,109,173,-9
-2,-1,0.0652074,-TIA- 7,121,109,171,-8
-3,-1,0.0652423,-TIA- 7,121,109,168,-7
-3,-1,0.0652713,-TIA- 7,121,109,165,-6
-3,-1,0.0652887,-TIA- 7,121,109,162,-5
-2,-1,0.0653293,-TIA- 7,121,109,160,-4
-3,-1,0.0653602,-TIA- 7,121,109,157,-3
-3,-1,0.0653874,-TIA- 7,121,109,154,-2
-3,-1,0.065428,-TIA- 7,121,109,151,-1
-3,-2,0.0654571,-TIA- 7,121,109,148,1
-5,-1,0.0654919,-TIA- 7,121,109,143,2
-3,-1,0.0655093,-TIA- 7,121,109,140,3
-3,-1,0.0655383,-TIA- 7,121,109,137,4
-3,-1,0.0655673,-TIA- 7,121,109,134,5
-3,-2,0.065608,-TIA- 7,121,109,131,7
-3,-1,0.0656428,-TIA- 7,121,109,128,8
-2,-1,0.0656544,-TIA- 7,121,109,126,9
-2,-1,0.0656893,-TIA- 7,121,109,124,10
-2,-1,0.0657531,-TIA- 7,121,109,122,11
-2,-1,0.0657647,-TIA- 7,121,109,120,12
-2,-1,0.0657858,-TIA- 7,121,109,118,13
-1,-1,0.065817,-TIA- 7,121,109,117,14
-2,-1,0.0658402,-TIA- 7,121,109,115,15
-2,-1,0.065875,-TIA- 7,121,109,113,16
-2,-1,0.065904,-TIA- 7,121,109,111,17
-2,-1,0.0659156,-TIA- 7,121,109,109,18
-2,-1,0.0659389,-TIA- 7,121,109,107,19
-2,-1,0.0659679,-TIA- 7,121,109,105,20
-2,-1,0.0660143,-TIA- 7,121,109,103,21
-1,-1,0.0660317,-TIA- 7,121,109,102,22
-2,-1,0.0660434,-TIA- 7,121,109,100,23
-2,-1,0.0660666,-TIA- 7,121,109,98,24
-2,-1,0.0660898,-TIA- 7,121,109,96,25
-1,-1,0.0661537,-TIA- 7,121,109,95,26
-1,-2,0.0661943,-TIA- 7,121,109,94,28
-1,-1,0.0662407,-TIA- 7,121,109,93,29
-1,-1,0.0662698,-TIA- 7,121,109,92,30
-1,-1,0.0663162,-TIA- 7,121,109,91,31
-1,-1,0.0663452,-TIA- 7,121,109,90,32
-1,-1,0.0664019,-TIA- 7,121,109,89,33
-1,-1,0.0664265,-TIA- 7,121,109,88,34
-1,-1,0.0664555,-TIA- 7,121,109,87,35
-1,-1,0.0664671,-TIA- 7,121,109,86,36
-1,-1,0.0664845,-TIA- 7,121,109,85,37
-1,-1,0.0665136,-TIA- 7,121,109,84,38
-1,-1,0.0665368,-TIA- 7,121,109,83,39
-1,-1,0.0665716,-TIA- 7,121,109,82,40
-1,-1,0.0666006,-TIA- 7,121,109,81,41
-1,-1,0.0666355,-TIA- 7,121,109,80,42
-1,-1,0.0666993,-TIA- 7,121,109,79,43
-1,-1,0.0667089,-TIA- 7,121,109,78,44
-1,-1,0.0667574,-TIA- 7,121,109,77,45
-1,-1,0.0667864,-TIA- 7,121,109,76,46
-1,-1,0.0668502,-TIA- 7,121,109,75,47
-1,-1,0.0668619,-TIA- 7,121,109,74,48
-1,-1,0.0669141,-TIA- 7,121,109,73,49
-1,-1,0.0669373,-TIA- 7,121,109,72,50
-1,-1,0.0669954,-TIA- 7,121,109,71,51
-1,-1,0.0670128,-TIA- 7,121,109,70,52
-1,-1,0.067065,-TIA- 7,121,109,69,53
-1,-1,0.0670999,-TIA- 7,121,109,68,54
-1,-1,0.0671521,-TIA- 7,121,109,67,55
-1,-1,0.0671869,-TIA- 7,121,109,66,56
-1,-1,0.0672102,-TIA- 7,121,109,65,57
-1,-1,0.0672856,-TIA- 7,121,109,64,58
1,1,0.0674017,-TIA- 7,121,109,65,57
1,2,0.0674598,-TIA- 7,121,109,66,55
2,1,0.0674888,-TIA- 7,121,109,68,54
1,-1,0.0676339,-TIA- 7,121,109,69,55
1,-1,0.0676978,-TIA- 7,121,109,70,56
-1,-1,0.0677094,-TIA- 7,121,109,69,57
-1,-1,0.0677326,-TIA- 7,121,109,68,58
-1,-1,0.0677616,-TIA- 7,121,109,67,59
-1,-1,0.0678255,-TIA- 7,121,109,66,60
-1,-1,0.0678603,-TIA- 7,121,109,65,61
-1,-1,0.0678835,-TIA- 7,121,109,64,62
-1,-1,0.0679126,-TIA- 7,121,109,63,63
-1,-1,0.0679706,-TIA- 7,121,109,62,64
-1,1,0.0706525,GO 8,61,242,61,63
-1,1,0.0706873,GO 8,61,242,60,62
-1,2,0.0707106,GO 8,61,242,59,60
-1,1,0.0707396,GO 8,61,242,58,59
-1,3,0.0707744,GO 8,61,242,57,56
-2,3,0.0708034,GO 8,61,242,55,53
-1,7,0.0708383,GO 8,61,242,54,46
-4,3,0.0708673,GO 8,61,242,50,43
-2,4,0.0708905,GO 8,61,242,48,39
-2,4,0.0709137,GO 8,61,242,46,35
-3,4,0.0709544,GO 8,61,242,43,31
-3,3,0.070966,GO 8,61,242,40,28
-2,4,0.0709892,GO 8,61,242,38,24
-3,4,0.0710182,GO 8,61,242,35,20
-3,4,0.0710531,GO 8,61,242,32,16
-3,3,0.0710821,GO 8,61,242,29,13
-3,4,0.0711111,GO 8,61,242,26,9
-3,4,0.0711169,GO 8,61,242,23,5
-4,4,0.0711401,GO 8,61,242,19,1
-4,3,0.071175,GO 8,61,242,15,-2
-4,4,0.071204,GO 8,61,242,11,-6
-3,4,0.0712272,GO 8,61,242,8,-10
-4,4,0.0712272,GO 8,61,242,4,-14
-4,3,0.0712562,GO 8,61,242,0,-17
-4,4,0.0712795,GO 8,61,242,-4,-21
-3,4,0.0713027,GO 8,61,242,-7,-25
-4,4,0.0713433,GO 8,61,242,-11,-29
-4,3,0.0713491,GO 8,61,242,-15,-32
-4,8,0.0714072,GO 8,61,242,-19,-40
-7,4,0.0714478,GO 8,61,242,-26,-44
-4,3,0.0714594,GO 8,61,242,-30,-47
-4,4,0.0714942,GO 8,61,242,-34,-51
-3,4,0.0715059,GO 8,61,242,-37,-55
-4,4,0.0715349,GO 8,61,242,-41,-59
-3,3,0.0715639,GO 8,61,242,-44,-62
-3,4,0.0715871,GO 8,61,242,-47,-66
-2,4,0.0716161,GO 8,61,242,-49,-70
-3,7,0.071651,GO 8,61,242,-52,-77
-3,4,0.07168,GO 8,61,242,-55,-81
-1,3,0.071709,GO 8,61,242,-56,-84
-1,3,0.071738,GO 8,61,242,-57,-87
-1,3,0.0717671,GO 8,61,242,-58,-90
1,2,0.0717903,GO 8,61,242,-57,-92
1,3,0.0718076,GO 8,61,242,-56,-95
1,3,0.0718425,GO 8,61,242,-55,-98
1,3,0.07186,GO 8,61,242,-54,-101
1,3,0.0718832,GO 8,61,242,-53,-104
1,2,0.0719238,GO 8,61,242,-52,-106
1,2,0.071947,GO 8,61,242,-51,-108
1,2,0.0719586,GO 8,61,242,-50,-110
1,1,0.0719819,GO 8,61,242,-49,-111
1,1,0.0720051,GO 8,61,242,-48,-112
1,-1,0.0722489,GO 8,61,242,-47,-111
2,-2,0.0722779,GO 8,61,242,-45,-109
2,-2,0.0723185,GO 8,61,242,-43,-107
2,-2,0.0723476,GO 8,61,242,-41,-105
3,-2,0.072365,GO 8,61,242,-38,-103
2,-1,0.0723998,GO 8,61,242,-36,-102
2,-1,0.0724056,GO 8,61,242,-34,-101
2,-1,0.0724288,GO 8,61,242,-32,-100
1,-1,0.0724607,GO 8,61,242,-31,-99
