deltaX,deltaY,WHEN,SYLLABLE,XofButton,YofButton,XofTrace,YofTrace
-1,1,0.0119757,Yield,0,0,-1,-1
-1,1,0.0120047,Yield,0,0,-2,-2
-2,2,0.0120221,Yield,0,0,-4,-4
-3,2,0.0120454,Yield,0,0,-7,-6
-4,1,0.0120802,Yield,0,0,-11,-7
-3,2,0.0121092,Yield,0,0,-14,-9
-4,4,0.0121498,Yield,0,0,-18,-13
-8,2,0.0121789,Yield,0,0,-26,-15
-3,2,0.0122079,Yield,0,0,-29,-17
-4,2,0.0122485,Yield,0,0,-33,-19
-4,1,0.0122776,Yield,0,0,-37,-20
-4,-1,0.0123414,Yield,0,0,-41,-19
-4,-2,0.0123762,Yield,0,0,-45,-17
-7,-2,0.0124053,Yield,0,0,-52,-15
-4,-2,0.0124401,Yield,0,0,-56,-13
-4,-4,0.0124777,Yield,0,0,-60,-9
-7,-2,0.0125098,Yield,0,0,-67,-7
-4,-3,0.0125272,Yield,0,0,-71,-4
-3,-3,0.0125504,Yield,0,0,-74,-1
-3,-3,0.0125736,Yield,0,0,-77,2
-2,-2,0.0126084,Yield,0,0,-79,4
-3,-2,0.0126375,Yield,0,0,-82,6
-3,-2,0.0126491,Yield,0,0,-85,8
-3,-1,0.0126781,Yield,0,0,-88,9
-2,-1,0.0127129,Yield,0,0,-90,10
-2,-1,0.0127361,Yield,0,0,-92,11
-1,-1,0.012771,Yield,0,0,-93,12
-3,1,0.0136998,Yield,0,0,-96,11
-2,1,0.0137288,Yield,0,0,-98,10
-4,1,0.0137589,Yield,0,0,-102,9
-4,1,0.0137752,Yield,0,0,-106,8
-4,1,0.0138159,Yield,0,0,-110,7
-7,2,0.0138391,Yield,0,0,-117,5
-4,2,0.0138855,Yield,0,0,-121,3
-4,4,0.0139146,Yield,0,0,-125,-1
-7,2,0.0139436,Yield,0,0,-132,-3
-3,2,0.0139784,Yield,0,0,-135,-5
-3,1,0.0140074,Yield,0,0,-138,-6
-2,1,0.0140423,Yield,0,0,-140,-7
-1,1,0.0140655,Yield,0,0,-141,-8
-1,-1,0.02048,FRAY 1,146,229,-142,-7
-1,-1,0.0205032,FRAY 1,146,229,-143,-6
-1,-1,0.0205439,FRAY 1,146,229,-144,-5
-1,-2,0.0205787,FRAY 1,146,229,-145,-3
-1,-2,0.0205845,FRAY 1,146,229,-146,-1
-1,-2,0.0206077,FRAY 1,146,229,-147,1
-1,-2,0.0206483,FRAY 1,146,229,-148,3
-1,-2,0.0206774,FRAY 1,146,229,-149,5
-1,-2,0.0207122,FRAY 1,146,229,-150,7
-2,-1,0.020747,FRAY 1,146,229,-152,8
-1,1,0.0208573,FRAY 1,146,229,-153,7
-1,1,0.0208805,FRAY 1,146,229,-154,6
1,1,0.0209136,FRAY 1,146,229,-153,5
2,2,0.0209734,FRAY 1,146,229,-151,3
2,2,0.0209908,FRAY 1,146,229,-149,1
3,2,0.0210083,FRAY 1,146,229,-146,-1
3,3,0.0210489,FRAY 1,146,229,-143,-4
2,3,0.0210721,FRAY 1,146,229,-141,-7
3,2,0.0210953,FRAY 1,146,229,-138,-9
3,3,0.0211302,FRAY 1,146,229,-135,-12
3,3,0.021136,FRAY 1,146,229,-132,-15
3,3,0.0211534,FRAY 1,146,229,-129,-18
2,3,0.0211874,FRAY 1,146,229,-127,-21
3,3,0.0212172,FRAY 1,146,229,-124,-24
3,4,0.0212521,FRAY 1,146,229,-121,-28
3,4,0.0212579,FRAY 1,146,229,-118,-32
3,4,0.021289,FRAY 1,146,229,-115,-36
2,3,0.0213217,FRAY 1,146,229,-113,-39
2,4,0.0213507,FRAY 1,146,229,-111,-43
1,3,0.0213682,FRAY 1,146,229,-110,-46
1,3,0.021403,FRAY 1,146,229,-109,-49
-1,3,0.0214088,FRAY 1,146,229,-110,-52
-2,2,0.0214436,FRAY 1,146,229,-112,-54
-2,3,0.0214668,FRAY 1,146,229,-114,-57
-3,3,0.0214959,FRAY 1,146,229,-117,-60
-3,3,0.0215191,FRAY 1,146,229,-120,-63
-3,3,0.0215539,FRAY 1,146,229,-123,-66
-2,3,0.0215597,FRAY 1,146,229,-125,-69
-1,2,0.0215829,FRAY 1,146,229,-126,-71
-1,3,0.021612,FRAY 1,146,229,-127,-74
1,3,0.021641,FRAY 1,146,229,-126,-77
2,3,0.0216584,FRAY 1,146,229,-124,-80
2,3,0.0216642,FRAY 1,146,229,-122,-83
3,2,0.0216932,FRAY 1,146,229,-119,-85
3,3,0.0217165,FRAY 1,146,229,-116,-88
3,3,0.0217455,FRAY 1,146,229,-113,-91
2,6,0.0217861,FRAY 1,146,229,-111,-97
4,2,0.0218093,FRAY 1,146,229,-107,-99
2,3,0.0218384,FRAY 1,146,229,-105,-102
2,2,0.0218616,FRAY 1,146,229,-103,-104
2,2,0.0218906,FRAY 1,146,229,-101,-106
2,2,0.0219254,FRAY 1,146,229,-99,-108
1,2,0.0219312,FRAY 1,146,229,-98,-110
3,2,0.0219545,FRAY 1,146,229,-95,-112
3,2,0.0219893,FRAY 1,146,229,-92,-114
3,2,0.0220299,FRAY 1,146,229,-89,-116
3,3,0.0220532,FRAY 1,146,229,-86,-119
3,3,0.0220764,FRAY 1,146,229,-83,-122
2,3,0.022088,FRAY 1,146,229,-81,-125
3,3,0.0221112,FRAY 1,146,229,-78,-128
3,2,0.0221402,FRAY 1,146,229,-75,-130
3,4,0.0221701,FRAY 1,146,229,-72,-134
3,4,0.0222041,FRAY 1,146,229,-69,-138
2,4,0.0222273,FRAY 1,146,229,-67,-142
3,3,0.0222389,FRAY 1,146,229,-64,-145
3,4,0.0222679,FRAY 1,146,229,-61,-149
3,4,0.0222912,FRAY 1,146,229,-58,-153
3,4,0.022326,FRAY 1,146,229,-55,-157
2,3,0.022355,FRAY 1,146,229,-53,-160
3,6,0.0223898,FRAY 1,146,229,-50,-166
6,3,0.0224189,FRAY 1,146,229,-44,-169
3,3,0.0224363,FRAY 1,146,229,-41,-172
2,2,0.0224653,FRAY 1,146,229,-39,-174
3,3,0.0225117,FRAY 1,146,229,-36,-177
3,3,0.0225176,FRAY 1,146,229,-33,-180
3,3,0.0225408,FRAY 1,146,229,-30,-183
3,3,0.0225698,FRAY 1,146,229,-27,-186
3,3,0.0225977,FRAY 1,146,229,-24,-189
2,2,0.022622,FRAY 1,146,229,-22,-191
3,3,0.0226627,FRAY 1,146,229,-19,-194
3,3,0.0226685,FRAY 1,146,229,-16,-197
3,3,0.0226917,FRAY 1,146,229,-13,-200
3,3,0.0227265,FRAY 1,146,229,-10,-203
2,2,0.0227556,FRAY 1,146,229,-8,-205
3,3,0.0227672,FRAY 1,146,229,-5,-208
3,3,0.0227846,FRAY 1,146,229,-2,-211
3,3,0.0228136,FRAY 1,146,229,1,-214
3,2,0.0228368,FRAY 1,146,229,4,-216
2,2,0.0228717,FRAY 1,146,229,6,-218
3,1,0.0228949,FRAY 1,146,229,9,-219
3,4,0.0229355,FRAY 1,146,229,12,-223
6,2,0.0229645,FRAY 1,146,229,18,-225
2,1,0.022982,FRAY 1,146,229,20,-226
1,1,0.0230052,FRAY 1,146,229,21,-227
1,1,0.0230342,FRAY 1,146,229,22,-228
1,1,0.0230748,FRAY 1,146,229,23,-229
1,1,0.02322,FRAY 1,146,229,24,-230
1,1,0.0232606,FRAY 1,146,229,25,-231
1,1,0.0232838,FRAY 1,146,229,26,-232
1,1,0.023307,FRAY 1,146,229,27,-233
1,2,0.0233361,FRAY 1,146,229,28,-235
1,1,0.0233709,FRAY 1,146,229,29,-236
2,2,0.0233825,FRAY 1,146,229,31,-238
2,2,0.0233941,FRAY 1,146,229,33,-240
2,2,0.023424,FRAY 1,146,229,35,-242
2,2,0.0234405,FRAY 1,146,229,37,-244
2,2,0.0234754,FRAY 1,146,229,39,-246
3,2,0.0235044,FRAY 1,146,229,42,-248
3,2,0.023516,FRAY 1,146,229,45,-250
3,1,0.0235392,FRAY 1,146,229,48,-251
3,1,0.0235683,FRAY 1,146,229,51,-252
2,1,0.0235973,FRAY 1,146,229,53,-253
3,1,0.0236263,FRAY 1,146,229,56,-254
3,1,0.0236553,FRAY 1,146,229,59,-255
3,1,0.0236669,FRAY 1,146,229,62,-256
3,1,0.0236902,FRAY 1,146,229,65,-257
3,2,0.0237192,FRAY 1,146,229,68,-259
2,2,0.023754,FRAY 1,146,229,70,-261
3,2,0.0237714,FRAY 1,146,229,73,-263
3,2,0.0238121,FRAY 1,146,229,76,-265
3,2,0.0238179,FRAY 1,146,229,79,-267
3,3,0.0238411,FRAY 1,146,229,82,-270
2,3,0.0238759,FRAY 1,146,229,84,-273
3,3,0.0238991,FRAY 1,146,229,87,-276
3,4,0.0239398,FRAY 1,146,229,90,-280
3,3,0.0239456,FRAY 1,146,229,93,-283
3,4,0.0239688,FRAY 1,146,229,96,-287
2,4,0.023992,FRAY 1,146,229,98,-291
3,4,0.024021,FRAY 1,146,229,101,-295
3,3,0.0240501,FRAY 1,146,229,104,-298
3,4,0.024083,FRAY 1,146,229,107,-302
3,8,0.0241197,FRAY 1,146,229,110,-310
5,3,0.0241429,FRAY 1,146,229,115,-313
2,3,0.0241778,FRAY 1,146,229,117,-316
2,3,0.024201,FRAY 1,146,229,119,-319
1,3,0.0242416,FRAY 1,146,229,120,-322
1,4,0.0242765,FRAY 1,146,229,121,-326
1,2,0.0243055,FRAY 1,146,229,122,-328
1,2,0.0243229,FRAY 1,146,229,123,-330
1,1,0.0243519,FRAY 1,146,229,124,-331
1,1,0.0243693,FRAY 1,146,229,125,-332
1,1,0.0244506,FRAY 1,146,229,126,-333
1,1,0.0244971,FRAY 1,146,229,127,-334
1,1,0.0245203,FRAY 1,146,229,128,-335
1,1,0.0245435,FRAY 1,146,229,129,-336
1,1,0.0245783,FRAY 1,146,229,130,-337
1,1,0.0246015,FRAY 1,146,229,131,-338
2,2,0.0246306,FRAY 1,146,229,133,-340
2,4,0.0246716,FRAY 1,146,229,135,-344
4,2,0.0247002,FRAY 1,146,229,139,-346
2,2,0.0247234,FRAY 1,146,229,141,-348
2,2,0.0247525,FRAY 1,146,229,143,-350
2,1,0.0247873,FRAY 1,146,229,145,-351
1,1,0.0248279,FRAY 1,146,229,146,-352
1,1,0.024857,FRAY 1,146,229,147,-353
-1,1,0.0248744,FRAY 1,146,229,146,-354
-2,1,0.0249034,FRAY 1,146,229,144,-355
-1,1,0.0249673,FRAY 1,146,229,143,-356
-1,-2,0.0309116,SAN- 2,190,183,142,-354
-1,-1,0.0309348,SAN- 2,190,183,141,-353
-1,-3,0.0309696,SAN- 2,190,183,140,-350
-1,-3,0.0309986,SAN- 2,190,183,139,-347
-1,-3,0.0310277,SAN- 2,190,183,138,-344
-1,-3,0.0310393,SAN- 2,190,183,137,-341
-1,-3,0.0310625,SAN- 2,190,183,136,-338
-1,-2,0.0310915,SAN- 2,190,183,135,-336
-1,-3,0.0311205,SAN- 2,190,183,134,-333
1,-3,0.0311554,SAN- 2,190,183,135,-330
1,-3,0.0311844,SAN- 2,190,183,136,-327
1,-3,0.031196,SAN- 2,190,183,137,-324
1,-2,0.031225,SAN- 2,190,183,138,-322
1,-3,0.0312483,SAN- 2,190,183,139,-319
1,-3,0.0312715,SAN- 2,190,183,140,-316
1,-3,0.0313063,SAN- 2,190,183,141,-313
1,-3,0.0313353,SAN- 2,190,183,142,-310
1,-2,0.0313469,SAN- 2,190,183,143,-308
1,-3,0.0313702,SAN- 2,190,183,144,-305
1,-3,0.0313992,SAN- 2,190,183,145,-302
1,-3,0.0314267,SAN- 2,190,183,146,-299
1,-3,0.0314572,SAN- 2,190,183,147,-296
1,-3,0.0314863,SAN- 2,190,183,148,-293
1,-2,0.0314979,SAN- 2,190,183,149,-291
1,-3,0.0315211,SAN- 2,190,183,150,-288
1,-3,0.0315532,SAN- 2,190,183,151,-285
1,-3,0.0315791,SAN- 2,190,183,152,-282
1,-3,0.0316082,SAN- 2,190,183,153,-279
2,-2,0.031614,SAN- 2,190,183,155,-277
2,-2,0.0316488,SAN- 2,190,183,157,-275
2,-2,0.031672,SAN- 2,190,183,159,-273
2,-1,0.0317068,SAN- 2,190,183,161,-272
1,-1,0.0317359,SAN- 2,190,183,162,-271
4,1,0.0317997,SAN- 2,190,183,166,-272
2,1,0.0318229,SAN- 2,190,183,168,-273
2,1,0.031852,SAN- 2,190,183,170,-274
1,1,0.0318868,SAN- 2,190,183,171,-275
1,-1,0.0406581,-TIA- 3,134,246,172,-274
1,-1,0.0407046,-TIA- 3,134,246,173,-273
1,-2,0.0407162,-TIA- 3,134,246,174,-271
1,-2,0.0407452,-TIA- 3,134,246,175,-269
-1,-3,0.0407684,-TIA- 3,134,246,174,-266
-1,-2,0.0408033,-TIA- 3,134,246,173,-264
-1,-6,0.0408439,-TIA- 3,134,246,172,-258
-2,-3,0.0408729,-TIA- 3,134,246,170,-255
-1,-3,0.0409078,-TIA- 3,134,246,169,-252
-1,-2,0.0409368,-TIA- 3,134,246,168,-250
-2,-2,0.0409542,-TIA- 3,134,246,166,-248
-2,-2,0.0409832,-TIA- 3,134,246,164,-246
-2,-2,0.0409948,-TIA- 3,134,246,162,-244
-1,-1,0.041018,-TIA- 3,134,246,161,-243
-2,-1,0.0410342,-TIA- 3,134,246,159,-242
-1,1,0.0411051,-TIA- 3,134,246,158,-243
-1,2,0.0411283,-TIA- 3,134,246,157,-245
-1,2,0.0411341,-TIA- 3,134,246,156,-247
-1,1,0.0411632,-TIA- 3,134,246,155,-248
-1,3,0.0411864,-TIA- 3,134,246,154,-251
-1,3,0.0412154,-TIA- 3,134,246,153,-254
1,3,0.0412444,-TIA- 3,134,246,154,-257
1,3,0.0412735,-TIA- 3,134,246,155,-260
1,2,0.0412851,-TIA- 3,134,246,156,-262
1,4,0.0413083,-TIA- 3,134,246,157,-266
2,4,0.0413373,-TIA- 3,134,246,159,-270
2,4,0.0413722,-TIA- 3,134,246,161,-274
2,3,0.0413954,-TIA- 3,134,246,163,-277
2,4,0.0414244,-TIA- 3,134,246,165,-281
2,4,0.041436,-TIA- 3,134,246,167,-285
3,4,0.0414592,-TIA- 3,134,246,170,-289
3,3,0.0414883,-TIA- 3,134,246,173,-292
3,4,0.0415231,-TIA- 3,134,246,176,-296
3,4,0.0415521,-TIA- 3,134,246,179,-300
2,4,0.0415753,-TIA- 3,134,246,181,-304
3,3,0.0415869,-TIA- 3,134,246,184,-307
2,4,0.0415985,-TIA- 3,134,246,186,-311
1,4,0.0416218,-TIA- 3,134,246,187,-315
1,4,0.0416504,-TIA- 3,134,246,188,-319
-1,3,0.0416624,-TIA- 3,134,246,187,-322
-2,8,0.0417088,-TIA- 3,134,246,185,-330
-5,4,0.0417379,-TIA- 3,134,246,180,-334
-4,3,0.0417669,-TIA- 3,134,246,176,-337
-4,4,0.0417901,-TIA- 3,134,246,172,-341
-4,4,0.0418075,-TIA- 3,134,246,168,-345
-3,4,0.0418402,-TIA- 3,134,246,165,-349
-4,3,0.0418656,-TIA- 3,134,246,161,-352
-4,4,0.0418946,-TIA- 3,134,246,157,-356
-4,3,0.041912,-TIA- 3,134,246,153,-359
-3,3,0.041941,-TIA- 3,134,246,150,-362
-4,3,0.0419585,-TIA- 3,134,246,146,-365
-4,2,0.0419933,-TIA- 3,134,246,142,-367
-4,1,0.0420165,-TIA- 3,134,246,138,-368
-3,1,0.0420397,-TIA- 3,134,246,135,-369
-4,1,0.0420804,-TIA- 3,134,246,131,-370
-3,-1,0.0421674,-TIA- 3,134,246,128,-369
-3,-1,0.0421907,-TIA- 3,134,246,125,-368
-2,-1,0.0422255,-TIA- 3,134,246,123,-367
-1,-1,0.0422661,-TIA- 3,134,246,122,-366
-1,-1,0.0422951,-TIA- 3,134,246,121,-365
-1,-1,0.0423184,-TIA- 3,134,246,120,-364
-1,-1,0.0423764,-TIA- 3,134,246,119,-363
2,-1,0.0509736,GO 4,340,238,121,-362
2,-1,0.0510026,GO 4,340,238,123,-361
2,-1,0.0510259,GO 4,340,238,125,-360
2,-1,0.0510607,GO 4,340,238,127,-359
3,-1,0.0510897,GO 4,340,238,130,-358
3,-1,0.0511245,GO 4,340,238,133,-357
3,-1,0.0511478,GO 4,340,238,136,-356
3,-2,0.0511826,GO 4,340,238,139,-354
2,-2,0.0512116,GO 4,340,238,141,-352
3,-2,0.0512464,GO 4,340,238,144,-350
3,-4,0.0512755,GO 4,340,238,147,-346
6,-2,0.0512987,GO 4,340,238,153,-344
2,-1,0.0513335,GO 4,340,238,155,-343
3,-1,0.0513858,GO 4,340,238,158,-342
2,-1,0.0514032,GO 4,340,238,160,-341
2,-1,0.0514264,GO 4,340,238,162,-340
2,-1,0.0514612,GO 4,340,238,164,-339
1,1,0.0515541,GO 4,340,238,165,-340
1,2,0.0516122,GO 4,340,238,166,-342
1,2,0.051645,GO 4,340,238,167,-344
2,3,0.0516586,GO 4,340,238,169,-347
2,3,0.0516934,GO 4,340,238,171,-350
2,3,0.0517084,GO 4,340,238,173,-353
2,2,0.0517341,GO 4,340,238,175,-355
2,3,0.0517573,GO 4,340,238,177,-358
3,3,0.0517979,GO 4,340,238,180,-361
3,3,0.0518269,GO 4,340,238,183,-364
3,2,0.0518444,GO 4,340,238,186,-366
3,2,0.0518618,GO 4,340,238,189,-368
2,1,0.051885,GO 4,340,238,191,-369
3,2,0.0519082,GO 4,340,238,194,-371
3,1,0.0519488,GO 4,340,238,197,-372
3,1,0.0519721,GO 4,340,238,200,-373
3,2,0.0520127,GO 4,340,238,203,-375
5,1,0.0520417,GO 4,340,238,208,-376
3,1,0.052057,GO 4,340,238,211,-377
3,1,0.0520929,GO 4,340,238,214,-378
3,1,0.0521056,GO 4,340,238,217,-379
3,1,0.0521578,GO 4,340,238,220,-380
2,1,0.0521636,GO 4,340,238,222,-381
3,1,0.0521985,GO 4,340,238,225,-382
3,1,0.0522101,GO 4,340,238,228,-383
3,-1,0.0523146,GO 4,340,238,231,-382
3,-1,0.0523378,GO 4,340,238,234,-381
3,-1,0.0523668,GO 4,340,238,237,-380
3,-2,0.0523958,GO 4,340,238,240,-378
2,-2,0.0524301,GO 4,340,238,242,-376
3,-2,0.0524365,GO 4,340,238,245,-374
3,-2,0.0524713,GO 4,340,238,248,-372
3,-2,0.0524887,GO 4,340,238,251,-370
3,-2,0.0525177,GO 4,340,238,254,-368
3,-1,0.052541,GO 4,340,238,257,-367
2,-2,0.05257,GO 4,340,238,259,-365
3,-1,0.0525816,GO 4,340,238,262,-364
3,-1,0.0526048,GO 4,340,238,265,-363
3,-1,0.0526338,GO 4,340,238,268,-362
3,-1,0.0526687,GO 4,340,238,271,-361
2,-1,0.0526919,GO 4,340,238,273,-360
3,-1,0.0527151,GO 4,340,238,276,-359
3,-1,0.0527325,GO 4,340,238,279,-358
3,-1,0.0527557,GO 4,340,238,282,-357
3,-1,0.0527906,GO 4,340,238,285,-356
2,-1,0.0528196,GO 4,340,238,287,-355
2,1,0.053075,GO 4,340,238,289,-356
3,1,0.0531098,GO 4,340,238,292,-357
3,1,0.0531389,GO 4,340,238,295,-358
3,1,0.0531795,GO 4,340,238,298,-359
3,-1,0.0532956,GO 4,340,238,301,-358
3,-1,0.053313,GO 4,340,238,304,-357
2,-2,0.0533204,GO 4,340,238,306,-355
3,-2,0.0533537,GO 4,340,238,309,-353
3,-1,0.0533885,GO 4,340,238,312,-352
3,-2,0.0534001,GO 4,340,238,315,-350
3,-2,0.0534349,GO 4,340,238,318,-348
3,-2,0.0534639,GO 4,340,238,321,-346
2,-2,0.0534756,GO 4,340,238,323,-344
3,-2,0.0534988,GO 4,340,238,326,-342
3,-2,0.053522,GO 4,340,238,329,-340
3,-2,0.053551,GO 4,340,238,332,-338
3,-1,0.0535859,GO 4,340,238,335,-337
2,-2,0.0536207,GO 4,340,238,337,-335
3,-2,0.0536265,GO 4,340,238,340,-333
3,-2,0.0536497,GO 4,340,238,343,-331
3,-2,0.053681,GO 4,340,238,346,-329
3,-2,0.0536992,GO 4,340,238,349,-327
2,-2,0.0537484,GO 4,340,238,351,-325
3,-2,0.0537542,GO 4,340,238,354,-323
3,-1,0.0537658,GO 4,340,238,357,-322
3,-2,0.053789,GO 4,340,238,360,-320
3,-2,0.053818,GO 4,340,238,363,-318
3,-2,0.0538529,GO 4,340,238,366,-316
2,-2,0.0538645,GO 4,340,238,368,-314
3,-1,0.0538993,GO 4,340,238,371,-313
3,-1,0.0539167,GO 4,340,238,374,-312
3,-1,0.0539283,GO 4,340,238,377,-311
3,-1,0.0539516,GO 4,340,238,380,-310
2,-1,0.053981,GO 4,340,238,382,-309
3,-1,0.0540212,GO 4,340,238,385,-308
3,1,0.0541373,GO 4,340,238,388,-309
3,2,0.0541748,GO 4,340,238,391,-311
6,1,0.054207,GO 4,340,238,397,-312
2,2,0.0542418,GO 4,340,238,399,-314
3,2,0.0542534,GO 4,340,238,402,-316
3,2,0.0542883,GO 4,340,238,405,-318
3,1,0.0543057,GO 4,340,238,408,-319
2,1,0.0543289,GO 4,340,238,410,-320
1,1,0.0543579,GO 4,340,238,411,-321
1,1,0.054416,GO 4,340,238,412,-322
1,1,0.0544798,GO 4,340,238,413,-323
1,1,0.054503,GO 4,340,238,414,-324
1,1,0.0545379,GO 4,340,238,415,-325
1,1,0.0545901,GO 4,340,238,416,-326
1,1,0.0546249,GO 4,340,238,417,-327
-4,1,0.0618115,FRAY 5,68,208,413,-328
-4,1,0.0618405,FRAY 5,68,208,409,-329
-3,1,0.0618522,FRAY 5,68,208,406,-330
-4,2,0.0618928,FRAY 5,68,208,402,-332
-4,2,0.0618986,FRAY 5,68,208,398,-334
-4,2,0.0619218,FRAY 5,68,208,394,-336
-3,2,0.0619392,FRAY 5,68,208,391,-338
-4,3,0.0619857,FRAY 5,68,208,387,-341
-4,2,0.0619915,FRAY 5,68,208,383,-343
-4,2,0.0620205,FRAY 5,68,208,379,-345
-3,1,0.0620495,FRAY 5,68,208,376,-346
-4,2,0.0620727,FRAY 5,68,208,372,-348
-4,2,0.0621076,FRAY 5,68,208,368,-350
-4,2,0.0621366,FRAY 5,68,208,364,-352
-3,2,0.0621482,FRAY 5,68,208,361,-354
-4,2,0.0621714,FRAY 5,68,208,357,-356
-4,2,0.0622005,FRAY 5,68,208,353,-358
-4,2,0.0622353,FRAY 5,68,208,349,-360
-3,1,0.0622759,FRAY 5,68,208,346,-361
-4,4,0.0622991,FRAY 5,68,208,342,-365
-8,2,0.0623224,FRAY 5,68,208,334,-367
-3,1,0.0623514,FRAY 5,68,208,331,-368
-4,1,0.0623862,FRAY 5,68,208,327,-369
-4,1,0.0624152,FRAY 5,68,208,323,-370
-4,1,0.0624327,FRAY 5,68,208,319,-371
-3,1,0.0624733,FRAY 5,68,208,316,-372
-3,-1,0.062572,FRAY 5,68,208,313,-371
-4,-2,0.062601,FRAY 5,68,208,309,-369
-7,-1,0.0626358,FRAY 5,68,208,302,-368
-4,-1,0.0626649,FRAY 5,68,208,298,-367
-4,-2,0.0626823,FRAY 5,68,208,294,-365
-4,-2,0.0627229,FRAY 5,68,208,290,-363
-3,-3,0.0627577,FRAY 5,68,208,287,-360
-8,-2,0.0627868,FRAY 5,68,208,279,-358
-4,-2,0.0628042,FRAY 5,68,208,275,-356
-3,-2,0.0628332,FRAY 5,68,208,272,-354
-4,-2,0.062868,FRAY 5,68,208,268,-352
-4,-2,0.0628971,FRAY 5,68,208,264,-350
-4,-2,0.0629087,FRAY 5,68,208,260,-348
-3,-2,0.0629377,FRAY 5,68,208,257,-346
-4,-1,0.0629551,FRAY 5,68,208,253,-345
-4,-2,0.0629841,FRAY 5,68,208,249,-343
-4,-2,0.063019,FRAY 5,68,208,245,-341
-3,-2,0.063048,FRAY 5,68,208,242,-339
-4,-2,0.0630596,FRAY 5,68,208,238,-337
-4,-2,0.0630828,FRAY 5,68,208,234,-335
-4,-2,0.063106,FRAY 5,68,208,230,-333
-3,-2,0.0631409,FRAY 5,68,208,227,-331
-4,-1,0.0631699,FRAY 5,68,208,223,-330
-4,-2,0.0632047,FRAY 5,68,208,219,-328
-4,-2,0.0632105,FRAY 5,68,208,215,-326
-3,-2,0.0632337,FRAY 5,68,208,212,-324
-4,-2,0.0632686,FRAY 5,68,208,208,-322
-4,-2,0.0632918,FRAY 5,68,208,204,-320
-4,-2,0.063315,FRAY 5,68,208,200,-318
-3,-2,0.063344,FRAY 5,68,208,197,-316
-4,-1,0.0633615,FRAY 5,68,208,193,-315
-4,-2,0.0633847,FRAY 5,68,208,189,-313
-4,-2,0.0634195,FRAY 5,68,208,185,-311
-3,-2,0.0634311,FRAY 5,68,208,182,-309
-4,-2,0.0634659,FRAY 5,68,208,178,-307
-4,-2,0.0634834,FRAY 5,68,208,174,-305
-4,-3,0.0635414,FRAY 5,68,208,170,-302
-7,-1,0.0635704,FRAY 5,68,208,163,-301
-4,-1,0.0636004,FRAY 5,68,208,159,-300
-3,-1,0.0636343,FRAY 5,68,208,156,-299
-3,1,0.0638433,FRAY 5,68,208,153,-300
-4,1,0.0638955,FRAY 5,68,208,149,-301
-4,1,0.0639303,FRAY 5,68,208,145,-302
-3,1,0.063942,FRAY 5,68,208,142,-303
-4,1,0.0639594,FRAY 5,68,208,138,-304
-4,1,0.0639942,FRAY 5,68,208,134,-305
-4,1,0.0640174,FRAY 5,68,208,130,-306
-3,1,0.0640522,FRAY 5,68,208,127,-307
-4,1,0.0640813,FRAY 5,68,208,123,-308
-4,1,0.0640929,FRAY 5,68,208,119,-309
-4,2,0.0641161,FRAY 5,68,208,115,-311
-3,2,0.0641451,FRAY 5,68,208,112,-313
-4,2,0.0641683,FRAY 5,68,208,108,-315
-4,1,0.0642032,FRAY 5,68,208,104,-316
-4,2,0.0642322,FRAY 5,68,208,100,-318
-3,2,0.0642438,FRAY 5,68,208,97,-320
-4,2,0.064267,FRAY 5,68,208,93,-322
-4,1,0.0642902,FRAY 5,68,208,89,-323
-2,-1,0.0643947,FRAY 5,68,208,87,-322
-2,-1,0.064418,FRAY 5,68,208,85,-321
-1,-1,0.064447,FRAY 5,68,208,84,-320
-1,-1,0.064505,FRAY 5,68,208,83,-319
-1,-2,0.0645224,FRAY 5,68,208,82,-317
-1,-1,0.0645457,FRAY 5,68,208,81,-316
-1,-2,0.0645689,FRAY 5,68,208,80,-314
-1,-2,0.0646037,FRAY 5,68,208,79,-312
-1,-2,0.0646327,FRAY 5,68,208,78,-310
-1,-1,0.0646676,FRAY 5,68,208,77,-309
-1,-1,0.0646734,FRAY 5,68,208,76,-308
-1,-1,0.0647082,FRAY 5,68,208,75,-307
-1,-1,0.0647546,FRAY 5,68,208,74,-306
-1,-1,0.0647779,FRAY 5,68,208,73,-305
-1,-1,0.0648185,FRAY 5,68,208,72,-304
-1,-1,0.0648243,FRAY 5,68,208,71,-303
-1,-1,0.0648766,FRAY 5,68,208,70,-302
-1,-2,0.0649056,FRAY 5,68,208,69,-300
-1,-1,0.0649404,FRAY 5,68,208,68,-299
-1,-2,0.0649462,FRAY 5,68,208,67,-297
1,-4,0.0650043,FRAY 5,68,208,68,-293
1,-1,0.0650333,FRAY 5,68,208,69,-292
1,-1,0.0650623,FRAY 5,68,208,70,-291
1,-1,0.0650971,FRAY 5,68,208,71,-290
-1,-1,0.0717032,SAN- 6,49,185,70,-289
-1,-1,0.0717497,SAN- 6,49,185,69,-288
1,-1,0.0718077,SAN- 6,49,185,70,-287
1,-1,0.0718774,SAN- 6,49,185,71,-286
-1,-1,0.0719064,SAN- 6,49,185,70,-285
-1,-1,0.0719354,SAN- 6,49,185,69,-284
-2,-2,0.0719586,SAN- 6,49,185,67,-282
-2,-2,0.0719935,SAN- 6,49,185,65,-280
-2,-3,0.0720051,SAN- 6,49,185,63,-277
-2,-3,0.0720397,SAN- 6,49,185,61,-274
-1,-3,0.0720515,SAN- 6,49,185,60,-271
-1,-2,0.0720758,SAN- 6,49,185,59,-269
-1,-3,0.0721096,SAN- 6,49,185,58,-266
-1,-3,0.0721444,SAN- 6,49,185,57,-263
-1,-3,0.0721734,SAN- 6,49,185,56,-260
-2,-3,0.0721908,SAN- 6,49,185,54,-257
-2,-2,0.0722083,SAN- 6,49,185,52,-255
-2,-3,0.0722315,SAN- 6,49,185,50,-252
-3,-3,0.0722605,SAN- 6,49,185,47,-249
-3,-3,0.0722895,SAN- 6,49,185,44,-246
-2,-3,0.0723185,SAN- 6,49,185,42,-243
-3,-5,0.0723592,SAN- 6,49,185,39,-238
-6,-3,0.072394,SAN- 6,49,185,33,-235
-3,-3,0.0724161,SAN- 6,49,185,30,-232
-2,-3,0.0724405,SAN- 6,49,185,28,-229
-3,-3,0.0724695,SAN- 6,49,185,25,-226
-2,-1,0.0725043,SAN- 6,49,185,23,-225
-2,-2,0.0725101,SAN- 6,49,185,21,-223
-1,-1,0.0725333,SAN- 6,49,185,20,-222
-1,-1,0.0725566,SAN- 6,49,185,19,-221
1,1,0.0732357,SAN- 6,49,185,20,-222
2,1,0.0732532,SAN- 6,49,185,22,-223
2,1,0.073288,SAN- 6,49,185,24,-224
2,1,0.0733112,SAN- 6,49,185,26,-225
2,2,0.0733402,SAN- 6,49,185,28,-227
2,1,0.0733576,SAN- 6,49,185,30,-228
1,2,0.0733809,SAN- 6,49,185,31,-230
1,3,0.0734157,SAN- 6,49,185,32,-233
1,3,0.0734273,SAN- 6,49,185,33,-236
1,3,0.0734679,SAN- 6,49,185,34,-239
1,3,0.0734854,SAN- 6,49,185,35,-242
-1,2,0.0735086,SAN- 6,49,185,34,-244
-1,2,0.0735318,SAN- 6,49,185,33,-246
-1,1,0.0735666,SAN- 6,49,185,32,-247
-1,1,0.0735956,SAN- 6,49,185,31,-248
-1,1,0.0736131,SAN- 6,49,185,30,-249
-1,-1,0.0815717,-TIA- 7,94,419,29,-248
-1,-1,0.0816239,-TIA- 7,94,419,28,-247
-1,-1,0.0816472,-TIA- 7,94,419,27,-246
-1,-2,0.0816878,-TIA- 7,94,419,26,-244
-1,-1,0.0816936,-TIA- 7,94,419,25,-243
-1,-1,0.0817226,-TIA- 7,94,419,24,-242
-1,-1,0.0817517,-TIA- 7,94,419,23,-241
-1,-1,0.0817749,-TIA- 7,94,419,22,-240
-1,-1,0.0818387,-TIA- 7,94,419,21,-239
2,1,0.0819142,-TIA- 7,94,419,23,-240
3,1,0.0819432,-TIA- 7,94,419,26,-241
2,2,0.0819722,-TIA- 7,94,419,28,-243
3,3,0.0819955,-TIA- 7,94,419,31,-246
6,3,0.0820187,-TIA- 7,94,419,37,-249
3,3,0.0820535,-TIA- 7,94,419,40,-252
2,3,0.0820831,-TIA- 7,94,419,42,-255
3,3,0.0821116,-TIA- 7,94,419,45,-258
3,2,0.0821232,-TIA- 7,94,419,48,-260
2,3,0.0821464,-TIA- 7,94,419,50,-263
2,4,0.0821754,-TIA- 7,94,419,52,-267
2,4,0.0822044,-TIA- 7,94,419,54,-271
2,3,0.0822393,-TIA- 7,94,419,56,-274
1,4,0.0822451,-TIA- 7,94,419,57,-278
2,4,0.0822915,-TIA- 7,94,419,59,-282
2,4,0.0823031,-TIA- 7,94,419,61,-286
2,3,0.0823263,-TIA- 7,94,419,63,-289
2,4,0.0823554,-TIA- 7,94,419,65,-293
3,4,0.0823902,-TIA- 7,94,419,68,-297
3,4,0.082396,-TIA- 7,94,419,71,-301
2,3,0.0824425,-TIA- 7,94,419,73,-304
3,4,0.0824541,-TIA- 7,94,419,76,-308
3,4,0.0824773,-TIA- 7,94,419,79,-312
3,4,0.0825005,-TIA- 7,94,419,82,-316
3,3,0.0825353,-TIA- 7,94,419,85,-319
2,4,0.0825644,-TIA- 7,94,419,87,-323
3,4,0.0825876,-TIA- 7,94,419,90,-327
3,4,0.0825992,-TIA- 7,94,419,93,-331
3,3,0.0826224,-TIA- 7,94,419,96,-334
3,4,0.0826456,-TIA- 7,94,419,99,-338
2,4,0.0826805,-TIA- 7,94,419,101,-342
3,7,0.0827211,-TIA- 7,94,419,104,-349
6,4,0.0827501,-TIA- 7,94,419,110,-353
3,4,0.0827849,-TIA- 7,94,419,113,-357
3,4,0.0828082,-TIA- 7,94,419,116,-361
2,3,0.0828314,-TIA- 7,94,419,118,-364
3,4,0.0828477,-TIA- 7,94,419,121,-368
3,4,0.0828604,-TIA- 7,94,419,124,-372
3,4,0.0828952,-TIA- 7,94,419,127,-376
3,3,0.0829243,-TIA- 7,94,419,130,-379
2,4,0.0829591,-TIA- 7,94,419,132,-383
3,4,0.0829765,-TIA- 7,94,419,135,-387
2,4,0.0829881,-TIA- 7,94,419,137,-391
2,3,0.0830113,-TIA- 7,94,419,139,-394
2,4,0.0830404,-TIA- 7,94,419,141,-398
1,4,0.0830694,-TIA- 7,94,419,142,-402
1,3,0.0831042,-TIA- 7,94,419,143,-405
1,3,0.0831216,-TIA- 7,94,419,144,-408
1,2,0.0831449,-TIA- 7,94,419,145,-410
1,3,0.0831681,-TIA- 7,94,419,146,-413
1,3,0.0831913,-TIA- 7,94,419,147,-416
1,3,0.0832203,-TIA- 7,94,419,148,-419
1,2,0.0832551,-TIA- 7,94,419,149,-421
1,2,0.0832726,-TIA- 7,94,419,150,-423
1,1,0.0832958,-TIA- 7,94,419,151,-424
1,2,0.083319,-TIA- 7,94,419,152,-426
-1,2,0.0833422,-TIA- 7,94,419,151,-428
-1,2,0.0833712,-TIA- 7,94,419,150,-430
-1,1,0.0834061,-TIA- 7,94,419,149,-431
-1,1,0.0834409,-TIA- 7,94,419,148,-432
-1,1,0.0834467,-TIA- 7,94,419,147,-433
-2,1,0.0834699,-TIA- 7,94,419,145,-434
-2,1,0.0834932,-TIA- 7,94,419,143,-435
-1,1,0.0836789,-TIA- 7,94,419,142,-436
-1,2,0.0837254,-TIA- 7,94,419,141,-438
1,2,0.0837428,-TIA- 7,94,419,142,-440
2,3,0.0837486,-TIA- 7,94,419,144,-443
2,2,0.0837718,-TIA- 7,94,419,146,-445
2,3,0.0838066,-TIA- 7,94,419,148,-448
2,3,0.0838298,-TIA- 7,94,419,150,-451
2,3,0.0838647,-TIA- 7,94,419,152,-454
1,4,0.0838879,-TIA- 7,94,419,153,-458
1,3,0.0839053,-TIA- 7,94,419,154,-461
1,4,0.0839285,-TIA- 7,94,419,155,-465
1,4,0.0839576,-TIA- 7,94,419,156,-469
-2,4,0.0839924,-TIA- 7,94,419,154,-473
-3,7,0.0840214,-TIA- 7,94,419,151,-480
-6,4,0.0840562,-TIA- 7,94,419,145,-484
-4,4,0.0840795,-TIA- 7,94,419,141,-488
-3,3,0.0841027,-TIA- 7,94,419,138,-491
-4,4,0.0841317,-TIA- 7,94,419,134,-495
-4,4,0.0841491,-TIA- 7,94,419,130,-499
-4,4,0.0841723,-TIA- 7,94,419,126,-503
-3,3,0.0841956,-TIA- 7,94,419,123,-506
-4,4,0.0842188,-TIA- 7,94,419,119,-510
-3,4,0.0842536,-TIA- 7,94,419,116,-514
-2,4,0.0842826,-TIA- 7,94,419,114,-518
-1,2,0.0842942,-TIA- 7,94,419,113,-520
-1,3,0.0843175,-TIA- 7,94,419,112,-523
-1,3,0.0843465,-TIA- 7,94,419,111,-526
1,3,0.0843813,-TIA- 7,94,419,112,-529
1,3,0.0843929,-TIA- 7,94,419,113,-532
2,2,0.0844278,-TIA- 7,94,419,115,-534
2,2,0.0844452,-TIA- 7,94,419,117,-536
1,2,0.0844684,-TIA- 7,94,419,118,-538
1,2,0.0844916,-TIA- 7,94,419,119,-540
1,2,0.0845322,-TIA- 7,94,419,120,-542
1,2,0.0845671,-TIA- 7,94,419,121,-544
1,2,0.0845902,-TIA- 7,94,419,122,-546
1,1,0.0845961,-TIA- 7,94,419,123,-547
1,1,0.0846193,-TIA- 7,94,419,124,-548
1,1,0.0846425,-TIA- 7,94,419,125,-549
1,1,0.0846774,-TIA- 7,94,419,126,-550
-1,1,0.0854494,-TIA- 7,94,419,125,-551
-1,1,0.0855017,-TIA- 7,94,419,124,-552
-1,1,0.0855307,-TIA- 7,94,419,123,-553
-1,1,0.0855655,-TIA- 7,94,419,122,-554
-1,1,0.085854,-TIA- 7,94,419,121,-555
-1,1,0.0858906,-TIA- 7,94,419,120,-556
-1,1,0.0859312,-TIA- 7,94,419,119,-557
-1,1,0.0859603,-TIA- 7,94,419,118,-558
-1,1,0.0859661,-TIA- 7,94,419,117,-559
-1,-1,0.0912254,GO 8,134,308,116,-558
-1,-2,0.0912544,GO 8,134,308,115,-556
-1,-1,0.0912893,GO 8,134,308,114,-555
-2,-2,0.0913183,GO 8,134,308,112,-553
-2,-3,0.0913357,GO 8,134,308,110,-550
-1,-3,0.0913531,GO 8,134,308,109,-547
-2,-3,0.0913763,GO 8,134,308,107,-544
-2,-3,0.0913995,GO 8,134,308,105,-541
-2,-2,0.0914344,GO 8,134,308,103,-539
-2,-2,0.091475,GO 8,134,308,101,-537
-1,-2,0.0914982,GO 8,134,308,100,-535
-1,-2,0.091504,GO 8,134,308,99,-533
-1,-3,0.0915389,GO 8,134,308,98,-530
-1,-3,0.0915679,GO 8,134,308,97,-527
-1,-2,0.0915969,GO 8,134,308,96,-525
-1,-3,0.0916143,GO 8,134,308,95,-522
-1,-3,0.0916492,GO 8,134,308,94,-519
-1,-3,0.091655,GO 8,134,308,93,-516
-1,-3,0.0916898,GO 8,134,308,92,-513
1,-3,0.0917014,GO 8,134,308,93,-510
1,-2,0.0917362,GO 8,134,308,94,-508
1,-3,0.0917653,GO 8,134,308,95,-505
2,-3,0.0918001,GO 8,134,308,97,-502
2,-3,0.0918117,GO 8,134,308,99,-499
2,-3,0.0918291,GO 8,134,308,101,-496
2,-2,0.0918639,GO 8,134,308,103,-494
2,-3,0.0918756,GO 8,134,308,105,-491
2,-3,0.0919104,GO 8,134,308,107,-488
3,-3,0.0919441,GO 8,134,308,110,-485
3,-3,0.091951,GO 8,134,308,113,-482
3,-2,0.0919742,GO 8,134,308,116,-480
3,-2,0.0920149,GO 8,134,308,119,-478
2,-2,0.0920381,GO 8,134,308,121,-476
3,-1,0.0920613,GO 8,134,308,124,-475
3,-1,0.0920961,GO 8,134,308,127,-474
3,-1,0.092102,GO 8,134,308,130,-473
2,-1,0.0922471,GO 8,134,308,132,-472
2,-1,0.0922703,GO 8,134,308,134,-471
1,-1,0.0923109,GO 8,134,308,135,-470
1,-1,0.0923167,GO 8,134,308,136,-469
1,-1,0.0923748,GO 8,134,308,137,-468
1,-1,0.092398,GO 8,134,308,138,-467
1,-1,0.0924328,GO 8,134,308,139,-466
1,-1,0.0924561,GO 8,134,308,140,-465
1,-1,0.0924967,GO 8,134,308,141,-464
1,-1,0.0925199,GO 8,134,308,142,-463
1,-1,0.0925489,GO 8,134,308,143,-462
1,-1,0.0925838,GO 8,134,308,144,-461
1,-1,0.0926244,GO 8,134,308,145,-460
2,-1,0.0928334,GO 8,134,308,147,-459
2,-1,0.0928566,GO 8,134,308,149,-458
2,-1,0.0928856,GO 8,134,308,151,-457
2,-1,0.0929088,GO 8,134,308,153,-456
2,-1,0.0929263,GO 8,134,308,155,-455
1,-1,0.0929495,GO 8,134,308,156,-454
1,-1,0.0929843,GO 8,134,308,157,-453
1,-2,0.0930075,GO 8,134,308,158,-451
1,-1,0.0930366,GO 8,134,308,159,-450
1,-2,0.0930714,GO 8,134,308,160,-448
1,-2,0.093083,GO 8,134,308,161,-446
1,-2,0.0931062,GO 8,134,308,162,-444
1,-2,0.0931294,GO 8,134,308,163,-442
1,-2,0.0931585,GO 8,134,308,164,-440
1,-2,0.0931759,GO 8,134,308,165,-438
1,-2,0.0932107,GO 8,134,308,166,-436
1,-1,0.0932252,GO 8,134,308,167,-435
1,-2,0.0932513,GO 8,134,308,168,-433
1,-2,0.0932804,GO 8,134,308,169,-431
1,-2,0.0933152,GO 8,134,308,170,-429
1,-2,0.0933442,GO 8,134,308,171,-427
1,-2,0.0933616,GO 8,134,308,172,-425
2,-2,0.093379,GO 8,134,308,174,-423
2,-2,0.0934023,GO 8,134,308,176,-421
2,-1,0.0934545,GO 8,134,308,178,-420
2,-1,0.0934719,GO 8,134,308,180,-419
2,-1,0.0935126,GO 8,134,308,182,-418
2,-1,0.09353,GO 8,134,308,184,-417
1,-1,0.0935532,GO 8,134,308,185,-416
2,-1,0.0935764,GO 8,134,308,187,-415
2,-1,0.0936112,GO 8,134,308,189,-414
2,-1,0.0936403,GO 8,134,308,191,-413
2,-1,0.0936519,GO 8,134,308,193,-412
2,-1,0.0936809,GO 8,134,308,195,-411
2,-1,0.0937041,GO 8,134,308,197,-410
1,-1,0.0937273,GO 8,134,308,198,-409
1,-1,0.0937912,GO 8,134,308,199,-408
1,-1,0.0938028,GO 8,134,308,200,-407
1,-1,0.0938551,GO 8,134,308,201,-406
1,-1,0.0938783,GO 8,134,308,202,-405
1,-1,0.0939363,GO 8,134,308,203,-404
1,-1,0.0939479,GO 8,134,308,204,-403
-1,-1,0.0945575,GO 8,134,308,203,-402
-1,-1,0.0945771,GO 8,134,308,202,-401
-1,-1,0.0946039,GO 8,134,308,201,-400
-1,-1,0.0946329,GO 8,134,308,200,-399
-1,-3,0.0946736,GO 8,134,308,199,-396
-2,-2,0.0947084,GO 8,134,308,197,-394
-1,-2,0.0947432,GO 8,134,308,196,-392
-1,-2,0.0947548,GO 8,134,308,195,-390
-1,-2,0.0947839,GO 8,134,308,194,-388
-1,-2,0.0948187,GO 8,134,308,193,-386
-2,-2,0.0948245,GO 8,134,308,191,-384
-2,-1,0.0948593,GO 8,134,308,189,-383
-1,-2,0.0948883,GO 8,134,308,188,-381
-2,-1,0.0949058,GO 8,134,308,186,-380
-2,-1,0.0949406,GO 8,134,308,184,-379
-2,-1,0.0949696,GO 8,134,308,182,-378
-1,-1,0.0949754,GO 8,134,308,181,-377
