dX,dY,WHEN,SYLLABLE,X,Y,cX,cY
2,1,0.0461555,Yield,0,0,2,-1
4,1,0.0461903,Yield,0,0,6,-2
3,1,0.0462077,Yield,0,0,9,-3
3,2,0.0462658,Yield,0,0,12,-5
3,4,0.0463064,Yield,0,0,15,-9
5,2,0.0463354,Yield,0,0,20,-11
3,2,0.0463702,Yield,0,0,23,-13
3,2,0.0464004,Yield,0,0,26,-15
3,3,0.0464399,Yield,0,0,29,-18
5,2,0.0464747,Yield,0,0,34,-20
3,2,0.0465096,Yield,0,0,37,-22
3,3,0.0465386,Yield,0,0,40,-25
6,1,0.0465676,Yield,0,0,46,-26
2,1,0.0466083,Yield,0,0,48,-27
3,2,0.0466373,Yield,0,0,51,-29
6,1,0.0466721,Yield,0,0,57,-30
3,2,0.0467882,Yield,0,0,60,-32
6,1,0.0468172,Yield,0,0,66,-33
3,1,0.0468811,Yield,0,0,69,-34
3,1,0.0469057,Yield,0,0,72,-35
3,1,0.0469159,Yield,0,0,75,-36
3,2,0.0469391,Yield,0,0,78,-38
3,2,0.046974,Yield,0,0,81,-40
2,2,0.047003,Yield,0,0,83,-42
3,2,0.0470146,Yield,0,0,86,-44
2,2,0.0470436,Yield,0,0,88,-46
2,2,0.0470668,Yield,0,0,90,-48
2,1,0.0470964,Yield,0,0,92,-49
2,4,0.0471423,Yield,0,0,94,-53
3,2,0.0471771,Yield,0,0,97,-55
2,2,0.0472062,Yield,0,0,99,-57
1,1,0.0472352,Yield,0,0,100,-58
1,1,0.0472526,Yield,0,0,101,-59
1,1,0.0472816,Yield,0,0,102,-60
1,1,0.0477634,Yield,0,0,103,-61
1,2,0.0477867,Yield,0,0,104,-63
1,1,0.0478273,Yield,0,0,105,-64
1,2,0.0478331,Yield,0,0,106,-66
1,2,0.0478563,Yield,0,0,107,-68
1,3,0.0478912,Yield,0,0,108,-71
1,3,0.047926,Yield,0,0,109,-74
1,4,0.047955,Yield,0,0,110,-78
-1,1,0.0479869,Yield,0,0,109,-79
-1,2,0.0480189,Yield,0,0,108,-81
-1,2,0.0480479,Yield,0,0,107,-83
-1,1,0.0480769,Yield,0,0,106,-84
-1,1,0.0480827,Yield,0,0,105,-85
-1,1,0.0481001,Yield,0,0,104,-86
-1,1,0.0491624,FRAY 1,264,187,103,-87
1,4,0.0492263,FRAY 1,264,187,104,-91
4,2,0.0492495,FRAY 1,264,187,108,-93
2,2,0.0492785,FRAY 1,264,187,110,-95
2,2,0.0493018,FRAY 1,264,187,112,-97
1,1,0.0493424,FRAY 1,264,187,113,-98
1,1,0.0493656,FRAY 1,264,187,114,-99
1,1,0.0494005,FRAY 1,264,187,115,-100
-1,1,0.0496152,FRAY 1,264,187,114,-101
-1,1,0.0496443,FRAY 1,264,187,113,-102
-1,2,0.0496733,FRAY 1,264,187,112,-104
-2,2,0.0497023,FRAY 1,264,187,110,-106
-2,2,0.0497371,FRAY 1,264,187,108,-108
-2,2,0.0497488,FRAY 1,264,187,106,-110
-1,1,0.0497662,FRAY 1,264,187,105,-111
-1,1,0.049801,FRAY 1,264,187,104,-112
-1,1,0.050248,FRAY 1,264,187,103,-113
-1,2,0.0503002,FRAY 1,264,187,102,-115
-1,2,0.0503234,FRAY 1,264,187,101,-117
1,3,0.0503525,FRAY 1,264,187,102,-120
1,3,0.0503873,FRAY 1,264,187,103,-123
2,-3,0.0504163,FRAY 1,264,187,105,-120
2,-4,0.0504279,FRAY 1,264,187,107,-116
-1,1,0.0504512,FRAY 1,264,187,106,-117
3,-1,0.0504744,FRAY 1,264,187,109,-116
1,2,0.0505034,FRAY 1,264,187,110,-118
2,2,0.0505382,FRAY 1,264,187,112,-120
3,3,0.0505673,FRAY 1,264,187,115,-123
3,4,0.0505789,FRAY 1,264,187,118,-127
3,4,0.0506021,FRAY 1,264,187,121,-131
3,3,0.0506311,FRAY 1,264,187,124,-134
3,4,0.0506659,FRAY 1,264,187,127,-138
2,4,0.0506892,FRAY 1,264,187,129,-142
3,4,0.050724,FRAY 1,264,187,132,-146
3,3,0.0507298,FRAY 1,264,187,135,-149
2,4,0.050753,FRAY 1,264,187,137,-153
1,4,0.0507878,FRAY 1,264,187,138,-157
1,7,0.0508343,FRAY 1,264,187,139,-164
-3,2,0.0508633,FRAY 1,264,187,136,-166
-5,-4,0.0508923,FRAY 1,264,187,131,-162
-13,-5,0.0508981,FRAY 1,264,187,118,-157
-7,-3,0.0509272,FRAY 1,264,187,111,-154
-15,4,0.0509562,FRAY 1,264,187,96,-158
-17,-1,0.0509852,FRAY 1,264,187,79,-157
-13,3,0.0510142,FRAY 1,264,187,66,-160
-6,3,0.0510375,FRAY 1,264,187,60,-163
-1,3,0.0510665,FRAY 1,264,187,59,-166
-3,1,0.0510839,FRAY 1,264,187,56,-167
-3,8,0.0511071,FRAY 1,264,187,53,-175
-5,3,0.051142,FRAY 1,264,187,48,-178
-3,4,0.051171,FRAY 1,264,187,45,-182
-2,4,0.0511942,FRAY 1,264,187,43,-186
-2,4,0.0512232,FRAY 1,264,187,41,-190
-2,3,0.0512348,FRAY 1,264,187,39,-193
-2,3,0.051258,FRAY 1,264,187,37,-196
-1,2,0.0512813,FRAY 1,264,187,36,-198
-1,2,0.0513219,FRAY 1,264,187,35,-200
-1,1,0.0513567,FRAY 1,264,187,34,-201
-1,1,0.0513858,FRAY 1,264,187,33,-202
-1,1,0.0514206,FRAY 1,264,187,32,-203
-1,-2,0.0517121,FRAY 1,264,187,31,-201
2,-3,0.0517224,FRAY 1,264,187,33,-198
2,-3,0.0517399,FRAY 1,264,187,35,-195
2,-4,0.0517515,FRAY 1,264,187,37,-191
2,-6,0.0517805,FRAY 1,264,187,39,-185
5,-6,0.0518037,FRAY 1,264,187,44,-179
5,-2,0.0518173,FRAY 1,264,187,49,-177
3,-3,0.0518327,FRAY 1,264,187,52,-174
1,-2,0.0518444,FRAY 1,264,187,53,-172
2,-3,0.0518676,FRAY 1,264,187,55,-169
3,-1,0.0518834,FRAY 1,264,187,58,-168
1,-1,0.0519082,FRAY 1,264,187,59,-167
1,-1,0.0521535,FRAY 1,264,187,60,-166
1,-1,0.0521694,FRAY 1,264,187,61,-165
-1,-1,0.052181,FRAY 1,264,187,60,-164
-1,-3,0.0522043,FRAY 1,264,187,59,-161
2,-2,0.0522217,FRAY 1,264,187,61,-159
3,-2,0.0522333,FRAY 1,264,187,64,-157
4,-2,0.0522449,FRAY 1,264,187,68,-155
5,-4,0.0522739,FRAY 1,264,187,73,-151
13,1,0.0523088,FRAY 1,264,187,86,-152
23,5,0.0523436,FRAY 1,264,187,109,-157
13,3,0.0523784,FRAY 1,264,187,122,-160
5,1,0.0526396,FRAY 1,264,187,127,-161
7,3,0.0526687,FRAY 1,264,187,134,-164
18,5,0.0526803,FRAY 1,264,187,152,-169
10,13,0.0527093,FRAY 1,264,187,162,-182
22,9,0.0527383,FRAY 1,264,187,184,-191
10,1,0.0530344,FRAY 1,264,187,194,-192
5,4,0.0530423,FRAY 1,264,187,199,-196
6,4,0.0530576,FRAY 1,264,187,205,-200
7,5,0.0530654,FRAY 1,264,187,212,-205
6,15,0.0530982,FRAY 1,264,187,218,-220
15,9,0.0531098,FRAY 1,264,187,233,-229
8,23,0.0531389,FRAY 1,264,187,241,-252
15,3,0.0534639,FRAY 1,264,187,256,-255
6,5,0.0534756,FRAY 1,264,187,262,-260
6,6,0.053493,FRAY 1,264,187,268,-266
6,9,0.0535104,FRAY 1,264,187,274,-275
6,10,0.053522,FRAY 1,264,187,280,-285
7,12,0.0535283,FRAY 1,264,187,287,-297
5,4,0.0538877,FRAY 1,264,187,292,-301
4,5,0.0539051,FRAY 1,264,187,296,-306
4,5,0.0539167,FRAY 1,264,187,300,-311
4,6,0.0539319,FRAY 1,264,187,304,-317
6,15,0.0539574,FRAY 1,264,187,310,-332
14,14,0.0539864,FRAY 1,264,187,324,-346
14,1,0.0542824,FRAY 1,264,187,338,-347
4,2,0.0542999,FRAY 1,264,187,342,-349
5,4,0.0543231,FRAY 1,264,187,347,-353
8,3,0.0543579,FRAY 1,264,187,355,-356
2,1,0.0543869,FRAY 1,264,187,357,-357
3,1,0.054399,FRAY 1,264,187,360,-358
1,1,0.0544102,FRAY 1,264,187,361,-359
1,2,0.0546598,FRAY 1,264,187,362,-361
1,4,0.054683,FRAY 1,264,187,363,-365
2,2,0.0547004,FRAY 1,264,187,365,-367
1,3,0.0547236,FRAY 1,264,187,366,-370
1,1,0.0547527,FRAY 1,264,187,367,-371
1,2,0.055022,FRAY 1,264,187,368,-373
1,3,0.0550429,FRAY 1,264,187,369,-376
1,4,0.0550719,FRAY 1,264,187,370,-380
1,1,0.0550893,FRAY 1,264,187,371,-381
1,1,0.0550951,FRAY 1,264,187,372,-382
1,1,0.055159,FRAY 1,264,187,373,-383
1,3,0.0552144,FRAY 1,264,187,374,-386
1,1,0.0552229,FRAY 1,264,187,375,-387
1,2,0.0552461,FRAY 1,264,187,376,-389
1,1,0.0553506,FRAY 1,264,187,377,-390
1,1,0.055368,FRAY 1,264,187,378,-391
1,2,0.055397,FRAY 1,264,187,379,-393
1,1,0.0557337,FRAY 1,264,187,380,-394
