dX,dY,WHEN,SYLLABLE,X,Y,cX,cY
0,1,0.0157315,Yield,0,0,0,-1
-1,1,0.0157605,Yield,0,0,-1,-2
-1,1,0.0157954,Yield,0,0,-2,-3
-1,2,0.015807,Yield,0,0,-3,-5
-2,3,0.015836,Yield,0,0,-5,-8
-3,3,0.0158534,Yield,0,0,-8,-11
-3,3,0.0158766,Yield,0,0,-11,-14
-4,2,0.0159115,Yield,0,0,-15,-16
-3,3,0.0159289,Yield,0,0,-18,-19
-4,3,0.0159579,Yield,0,0,-22,-22
-4,3,0.0159869,Yield,0,0,-26,-25
-4,4,0.0160064,Yield,0,0,-30,-29
-3,3,0.0160276,Yield,0,0,-33,-32
-4,4,0.0160508,Yield,0,0,-37,-36
-4,4,0.0160856,Yield,0,0,-41,-40
-4,3,0.0161146,Yield,0,0,-45,-43
-3,5,0.0161553,Yield,0,0,-48,-48
-8,3,0.0161785,Yield,0,0,-56,-51
-4,3,0.0162017,Yield,0,0,-60,-54
-3,3,0.0162366,Yield,0,0,-63,-57
-4,3,0.0162656,Yield,0,0,-67,-60
-4,5,0.0163062,Yield,0,0,-71,-65
-7,2,0.016341,Yield,0,0,-78,-67
-4,2,0.0163527,Yield,0,0,-82,-69
-4,2,0.0163875,Yield,0,0,-86,-71
-4,1,0.0164223,Yield,0,0,-90,-72
-3,1,0.0164513,Yield,0,0,-93,-73
-4,1,0.0164629,Yield,0,0,-97,-74
-4,1,0.0164846,Yield,0,0,-101,-75
-3,1,0.0165094,Yield,0,0,-104,-76
-4,1,0.0165732,Yield,0,0,-108,-77
-4,1,0.0166023,Yield,0,0,-112,-78
-3,1,0.0166139,Yield,0,0,-115,-79
-4,1,0.0166371,Yield,0,0,-119,-80
-4,1,0.0166661,Yield,0,0,-123,-81
-1,-1,0.0168229,Yield,0,0,-124,-80
-1,-2,0.0168619,Yield,0,0,-125,-78
-1,-2,0.0169099,Yield,0,0,-126,-76
-1,-2,0.0169215,Yield,0,0,-127,-74
-1,-2,0.016939,Yield,0,0,-128,-72
-2,-3,0.0169738,Yield,0,0,-130,-69
-2,-3,0.0170028,Yield,0,0,-132,-66
-2,-3,0.0170121,Yield,0,0,-134,-63
-3,-3,0.0170376,Yield,0,0,-137,-60
-3,-2,0.0170667,Yield,0,0,-140,-58
-3,-3,0.0170899,Yield,0,0,-143,-55
-3,-3,0.0171247,Yield,0,0,-146,-52
-2,-3,0.0171537,Yield,0,0,-148,-49
-4,-3,0.0171654,Yield,0,0,-152,-46
-4,-3,0.0171886,Yield,0,0,-156,-43
-4,-2,0.0172176,Yield,0,0,-160,-41
-3,-3,0.0172524,Yield,0,0,-163,-38
-4,-3,0.0172815,Yield,0,0,-167,-35
-4,-3,0.0173047,Yield,0,0,-171,-32
-4,-3,0.0173221,Yield,0,0,-175,-29
-2,-2,0.0173395,Yield,0,0,-177,-27
-3,-3,0.0173685,Yield,0,0,-180,-24
-3,-3,0.0174034,Yield,0,0,-183,-21
-2,-3,0.0174382,Yield,0,0,-185,-18
-2,-3,0.017444,Yield,0,0,-187,-15
-1,-2,0.0174672,Yield,0,0,-188,-13
-1,-3,0.0174904,Yield,0,0,-189,-10
-1,-3,0.0175137,Yield,0,0,-190,-7
-1,-3,0.0175543,Yield,0,0,-191,-4
-1,-3,0.0175891,Yield,0,0,-192,-1
-1,-3,0.0175949,Yield,0,0,-193,2
-1,-2,0.0176181,Yield,0,0,-194,4
-1,-3,0.017653,Yield,0,0,-195,7
-1,-3,0.0176762,Yield,0,0,-196,10
-1,-2,0.0177052,Yield,0,0,-197,12
1,-2,0.0177226,Yield,0,0,-196,14
1,-2,0.0177459,Yield,0,0,-195,16
2,-1,0.0177691,Yield,0,0,-193,17
2,-2,0.0178039,Yield,0,0,-191,19
2,-2,0.0178329,Yield,0,0,-189,21
3,-1,0.0178445,Yield,0,0,-186,22
2,-1,0.0178713,Yield,0,0,-184,23
3,-1,0.017891,Yield,0,0,-181,24
3,-1,0.0179142,Yield,0,0,-178,25
3,-1,0.0179466,Yield,0,0,-175,26
3,-1,0.017978,Yield,0,0,-172,27
2,-1,0.0179839,Yield,0,0,-170,28
3,-1,0.0180187,Yield,0,0,-167,29
3,-2,0.0180419,Yield,0,0,-164,31
3,-1,0.0180651,Yield,0,0,-161,32
3,-2,0.0181,Yield,0,0,-158,34
2,-2,0.0181116,Yield,0,0,-156,36
3,-2,0.0181406,Yield,0,0,-153,38
3,-2,0.0181633,Yield,0,0,-150,40
3,-2,0.0181928,Yield,0,0,-147,42
3,-2,0.0182277,Yield,0,0,-144,44
3,-3,0.0182683,Yield,0,0,-141,47
4,-2,0.0182973,Yield,0,0,-137,49
2,-2,0.0183554,Yield,0,0,-135,51
1,-2,0.0183554,Yield,0,0,-134,53
1,-2,0.0183786,Yield,0,0,-133,55
-1,-2,0.0184076,Yield,0,0,-134,57
-2,-2,0.0184192,Yield,0,0,-136,59
-2,-1,0.0184483,Yield,0,0,-138,60
-2,-1,0.0184715,Yield,0,0,-140,61
-1,-1,0.0297854,FRAY 1,384,199,-141,62
2,-1,0.0298376,FRAY 1,384,199,-139,63
2,-1,0.0298725,FRAY 1,384,199,-137,64
2,-1,0.0299015,FRAY 1,384,199,-135,65
1,-1,0.0299363,FRAY 1,384,199,-134,66
2,1,0.0300408,FRAY 1,384,199,-132,65
2,1,0.0300698,FRAY 1,384,199,-130,64
2,2,0.0301047,FRAY 1,384,199,-128,62
3,1,0.0301105,FRAY 1,384,199,-125,61
3,3,0.0301221,FRAY 1,384,199,-122,58
3,3,0.0301511,FRAY 1,384,199,-119,55
3,3,0.0301859,FRAY 1,384,199,-116,52
3,3,0.0301917,FRAY 1,384,199,-113,49
2,3,0.0302433,FRAY 1,384,199,-111,46
3,4,0.0302498,FRAY 1,384,199,-108,42
3,4,0.030273,FRAY 1,384,199,-105,38
3,4,0.0303078,FRAY 1,384,199,-102,34
3,3,0.0303369,FRAY 1,384,199,-99,31
1,4,0.0303427,FRAY 1,384,199,-98,27
2,4,0.0303775,FRAY 1,384,199,-96,23
2,4,0.0304007,FRAY 1,384,199,-94,19
3,3,0.0304239,FRAY 1,384,199,-91,16
3,4,0.0304588,FRAY 1,384,199,-88,12
3,4,0.0304878,FRAY 1,384,199,-85,8
2,4,0.0304994,FRAY 1,384,199,-83,4
3,3,0.0305226,FRAY 1,384,199,-80,1
3,4,0.0305517,FRAY 1,384,199,-77,-3
3,4,0.0305865,FRAY 1,384,199,-74,-7
3,4,0.0306155,FRAY 1,384,199,-71,-11
3,3,0.0306387,FRAY 1,384,199,-68,-14
2,4,0.0306503,FRAY 1,384,199,-66,-18
3,4,0.0306736,FRAY 1,384,199,-63,-22
3,4,0.0307026,FRAY 1,384,199,-60,-26
3,3,0.0307374,FRAY 1,384,199,-57,-29
3,4,0.0307673,FRAY 1,384,199,-54,-33
2,8,0.0308071,FRAY 1,384,199,-52,-41
6,3,0.0308245,FRAY 1,384,199,-46,-44
3,4,0.0308593,FRAY 1,384,199,-43,-48
3,4,0.0308825,FRAY 1,384,199,-40,-52
2,4,0.0309232,FRAY 1,384,199,-38,-56
3,7,0.0309522,FRAY 1,384,199,-35,-63
6,4,0.030987,FRAY 1,384,199,-29,-67
3,4,0.0310102,FRAY 1,384,199,-26,-71
2,3,0.0310335,FRAY 1,384,199,-24,-74
3,4,0.0310683,FRAY 1,384,199,-21,-78
3,4,0.0310799,FRAY 1,384,199,-18,-82
3,4,0.0311031,FRAY 1,384,199,-15,-86
3,3,0.031138,FRAY 1,384,199,-12,-89
3,4,0.0311612,FRAY 1,384,199,-9,-93
2,4,0.0311844,FRAY 1,384,199,-7,-97
3,4,0.0312192,FRAY 1,384,199,-4,-101
3,3,0.0312366,FRAY 1,384,199,-1,-104
3,4,0.0312599,FRAY 1,384,199,2,-108
3,4,0.0312831,FRAY 1,384,199,5,-112
2,4,0.0313226,FRAY 1,384,199,7,-116
3,3,0.0313469,FRAY 1,384,199,10,-119
3,4,0.0313702,FRAY 1,384,199,13,-123
3,4,0.031376,FRAY 1,384,199,16,-127
3,4,0.0313992,FRAY 1,384,199,19,-131
2,3,0.0314262,FRAY 1,384,199,21,-134
3,4,0.0314572,FRAY 1,384,199,24,-138
3,4,0.0314921,FRAY 1,384,199,27,-142
3,3,0.0315153,FRAY 1,384,199,30,-145
3,3,0.0315327,FRAY 1,384,199,33,-148
3,2,0.0315559,FRAY 1,384,199,36,-150
2,3,0.0315791,FRAY 1,384,199,38,-153
3,3,0.0316082,FRAY 1,384,199,41,-156
3,3,0.031643,FRAY 1,384,199,44,-159
3,2,0.0316488,FRAY 1,384,199,47,-161
3,2,0.0316836,FRAY 1,384,199,50,-163
2,1,0.0317185,FRAY 1,384,199,52,-164
3,1,0.0317359,FRAY 1,384,199,55,-165
3,1,0.0317591,FRAY 1,384,199,58,-166
3,1,0.0320726,FRAY 1,384,199,61,-167
3,1,0.03209,FRAY 1,384,199,64,-168
2,2,0.0321074,FRAY 1,384,199,66,-170
3,2,0.0321306,FRAY 1,384,199,69,-172
3,2,0.0321596,FRAY 1,384,199,72,-174
3,2,0.0321945,FRAY 1,384,199,75,-176
3,2,0.0322119,FRAY 1,384,199,78,-178
2,3,0.0322351,FRAY 1,384,199,80,-181
3,3,0.0322525,FRAY 1,384,199,83,-184
3,3,0.0322757,FRAY 1,384,199,86,-187
3,2,0.0323048,FRAY 1,384,199,89,-189
3,2,0.0323396,FRAY 1,384,199,92,-191
2,2,0.0323686,FRAY 1,384,199,94,-193
3,1,0.032386,FRAY 1,384,199,97,-194
3,1,0.0324034,FRAY 1,384,199,100,-195
3,1,0.0324267,FRAY 1,384,199,103,-196
3,1,0.0324557,FRAY 1,384,199,106,-197
3,1,0.0324789,FRAY 1,384,199,109,-198
2,1,0.0325079,FRAY 1,384,199,111,-199
3,1,0.0325254,FRAY 1,384,199,114,-200
3,1,0.0325486,FRAY 1,384,199,117,-201
3,1,0.0325834,FRAY 1,384,199,120,-202
3,1,0.0326058,FRAY 1,384,199,123,-203
2,1,0.0326298,FRAY 1,384,199,125,-204
3,1,0.0326589,FRAY 1,384,199,128,-205
3,1,0.0326763,FRAY 1,384,199,131,-206
3,1,0.0326995,FRAY 1,384,199,134,-207
3,1,0.0327285,FRAY 1,384,199,137,-208
3,1,0.0327866,FRAY 1,384,199,140,-209
3,1,0.0328209,FRAY 1,384,199,143,-210
3,1,0.0328272,FRAY 1,384,199,146,-211
3,1,0.0328504,FRAY 1,384,199,149,-212
3,1,0.0328737,FRAY 1,384,199,152,-213
2,1,0.0329143,FRAY 1,384,199,154,-214
3,1,0.0329375,FRAY 1,384,199,157,-215
3,1,0.0329723,FRAY 1,384,199,160,-216
3,1,0.0329781,FRAY 1,384,199,163,-217
3,1,0.0330014,FRAY 1,384,199,166,-218
2,1,0.0330246,FRAY 1,384,199,168,-219
3,1,0.0330594,FRAY 1,384,199,171,-220
3,1,0.033094,FRAY 1,384,199,174,-221
3,1,0.0331,FRAY 1,384,199,177,-222
3,1,0.0331291,FRAY 1,384,199,180,-223
3,1,0.0331812,FRAY 1,384,199,183,-224
3,1,0.0332103,FRAY 1,384,199,186,-225
3,1,0.0332439,FRAY 1,384,199,189,-226
3,1,0.033251,FRAY 1,384,199,192,-227
2,1,0.0332858,FRAY 1,384,199,194,-228
3,1,0.0333148,FRAY 1,384,199,197,-229
3,1,0.0333322,FRAY 1,384,199,200,-230
3,1,0.0333613,FRAY 1,384,199,203,-231
3,1,0.0333961,FRAY 1,384,199,206,-232
3,1,0.0334019,FRAY 1,384,199,209,-233
2,1,0.0334367,FRAY 1,384,199,211,-234
3,1,0.03346,FRAY 1,384,199,214,-235
3,1,0.033489,FRAY 1,384,199,217,-236
3,1,0.033516,FRAY 1,384,199,220,-237
3,1,0.0335296,FRAY 1,384,199,223,-238
3,1,0.0335812,FRAY 1,384,199,226,-239
3,1,0.0336109,FRAY 1,384,199,229,-240
3,1,0.0336341,FRAY 1,384,199,232,-241
3,1,0.0336689,FRAY 1,384,199,235,-242
2,1,0.0336863,FRAY 1,384,199,237,-243
3,1,0.0337096,FRAY 1,384,199,240,-244
3,1,0.0337328,FRAY 1,384,199,243,-245
3,1,0.0337618,FRAY 1,384,199,246,-246
3,1,0.0337966,FRAY 1,384,199,249,-247
3,1,0.0338199,FRAY 1,384,199,252,-248
2,1,0.0338431,FRAY 1,384,199,254,-249
3,1,0.0338605,FRAY 1,384,199,257,-250
3,1,0.0338837,FRAY 1,384,199,260,-251
3,1,0.0339127,FRAY 1,384,199,263,-252
3,1,0.0339476,FRAY 1,384,199,266,-253
3,1,0.033994,FRAY 1,384,199,269,-254
3,1,0.0340114,FRAY 1,384,199,272,-255
3,1,0.0340346,FRAY 1,384,199,275,-256
3,1,0.0340579,FRAY 1,384,199,278,-257
2,1,0.0340985,FRAY 1,384,199,280,-258
3,1,0.0341333,FRAY 1,384,199,283,-259
3,1,0.0341624,FRAY 1,384,199,286,-260
3,1,0.0341624,FRAY 1,384,199,289,-261
3,1,0.0341856,FRAY 1,384,199,292,-262
2,1,0.0342088,FRAY 1,384,199,294,-263
3,1,0.0342436,FRAY 1,384,199,297,-264
3,1,0.0342727,FRAY 1,384,199,300,-265
3,1,0.0342901,FRAY 1,384,199,303,-266
3,1,0.0343133,FRAY 1,384,199,306,-267
3,1,0.0343365,FRAY 1,384,199,309,-268
3,1,0.0343946,FRAY 1,384,199,312,-269
3,1,0.0344281,FRAY 1,384,199,315,-270
3,1,0.0344584,FRAY 1,384,199,318,-271
3,1,0.0344642,FRAY 1,384,199,321,-272
2,1,0.0344932,FRAY 1,384,199,323,-273
3,1,0.0345165,FRAY 1,384,199,326,-274
3,1,0.0355556,FRAY 1,384,199,329,-275
3,1,0.0355788,FRAY 1,384,199,332,-276
3,1,0.0356136,FRAY 1,384,199,335,-277
3,1,0.0356252,FRAY 1,384,199,338,-278
2,1,0.0356484,FRAY 1,384,199,340,-279
3,1,0.0357007,FRAY 1,384,199,343,-280
3,-1,0.0358284,FRAY 1,384,199,346,-279
3,-2,0.0358922,FRAY 1,384,199,349,-277
3,-2,0.0359155,FRAY 1,384,199,352,-275
2,-2,0.0359329,FRAY 1,384,199,354,-273
3,-3,0.0359561,FRAY 1,384,199,357,-270
3,-3,0.0359793,FRAY 1,384,199,360,-267
3,-3,0.0360083,FRAY 1,384,199,363,-264
3,-2,0.0360548,FRAY 1,384,199,366,-262
2,-3,0.0360722,FRAY 1,384,199,368,-259
3,-3,0.0360838,FRAY 1,384,199,371,-256
3,-3,0.036107,FRAY 1,384,199,374,-253
3,-3,0.0361302,FRAY 1,384,199,377,-250
3,-2,0.0361651,FRAY 1,384,199,380,-248
3,-3,0.0361941,FRAY 1,384,199,383,-245
2,-3,0.0362115,FRAY 1,384,199,385,-242
3,-3,0.0362405,FRAY 1,384,199,388,-239
3,-3,0.0362522,FRAY 1,384,199,391,-236
3,-2,0.0362754,FRAY 1,384,199,394,-234
3,-3,0.0363044,FRAY 1,384,199,397,-231
2,-3,0.0363392,FRAY 1,384,199,399,-228
3,-3,0.0363687,FRAY 1,384,199,402,-225
3,-6,0.0364031,FRAY 1,384,199,405,-219
5,-2,0.0364263,FRAY 1,384,199,410,-217
2,-2,0.0364572,FRAY 1,384,199,412,-215
1,-2,0.0364844,FRAY 1,384,199,413,-213
1,-1,0.0365018,FRAY 1,384,199,414,-212
1,1,0.0365772,FRAY 1,384,199,415,-213
-2,1,0.0366353,FRAY 1,384,199,413,-214
-3,1,0.0366527,FRAY 1,384,199,410,-215
-2,2,0.0367049,FRAY 1,384,199,408,-217
-4,-1,0.0368501,FRAY 1,384,199,404,-216
-3,-1,0.0368849,FRAY 1,384,199,401,-215
-4,-1,0.0369081,FRAY 1,384,199,397,-214
-4,-1,0.0369313,FRAY 1,384,199,393,-213
-4,1,0.0369952,FRAY 1,384,199,389,-214
-4,2,0.0370184,FRAY 1,384,199,385,-216
-4,2,0.0370532,FRAY 1,384,199,381,-218
-3,1,0.0370612,FRAY 1,384,199,378,-219
-2,1,0.0371055,FRAY 1,384,199,376,-220
-1,1,0.0465386,SAN- 2,116,388,375,-221
-1,1,0.0465734,SAN- 2,116,388,374,-222
-1,1,0.0465966,SAN- 2,116,388,373,-223
-1,1,0.0466141,SAN- 2,116,388,372,-224
-1,1,0.0466431,SAN- 2,116,388,371,-225
-1,2,0.0466721,SAN- 2,116,388,370,-227
-1,1,0.0467011,SAN- 2,116,388,369,-228
-1,1,0.0467244,SAN- 2,116,388,368,-229
-3,1,0.0469391,SAN- 2,116,388,365,-230
-4,1,0.046974,SAN- 2,116,388,361,-231
-3,1,0.0469972,SAN- 2,116,388,358,-232
-4,2,0.047032,SAN- 2,116,388,354,-234
-4,3,0.0470552,SAN- 2,116,388,350,-237
-4,3,0.0470727,SAN- 2,116,388,346,-240
-3,4,0.0470959,SAN- 2,116,388,343,-244
-4,3,0.0471249,SAN- 2,116,388,339,-247
-4,4,0.0471481,SAN- 2,116,388,335,-251
-4,4,0.0471829,SAN- 2,116,388,331,-255
-3,4,0.0472062,SAN- 2,116,388,328,-259
-4,3,0.0472236,SAN- 2,116,388,324,-262
-4,4,0.0472468,SAN- 2,116,388,320,-266
-4,4,0.04727,SAN- 2,116,388,316,-270
-3,4,0.047299,SAN- 2,116,388,313,-274
-4,3,0.0473339,SAN- 2,116,388,309,-277
-4,4,0.0473687,SAN- 2,116,388,305,-281
-4,4,0.0473687,SAN- 2,116,388,301,-285
-3,4,0.0473977,SAN- 2,116,388,298,-289
-4,3,0.047421,SAN- 2,116,388,294,-292
-4,4,0.0474558,SAN- 2,116,388,290,-296
-4,4,0.0474848,SAN- 2,116,388,286,-300
-3,4,0.0475196,SAN- 2,116,388,283,-304
-4,3,0.0475254,SAN- 2,116,388,279,-307
-4,4,0.0475487,SAN- 2,116,388,275,-311
-4,4,0.0475719,SAN- 2,116,388,271,-315
-3,4,0.0476009,SAN- 2,116,388,268,-319
-4,3,0.0476299,SAN- 2,116,388,264,-322
-4,4,0.0476648,SAN- 2,116,388,260,-326
-4,4,0.0476764,SAN- 2,116,388,256,-330
-3,4,0.0476996,SAN- 2,116,388,253,-334
-4,3,0.0477286,SAN- 2,116,388,249,-337
-4,4,0.0477518,SAN- 2,116,388,245,-341
-4,4,0.0477809,SAN- 2,116,388,241,-345
-3,4,0.0478157,SAN- 2,116,388,238,-349
-4,3,0.0478447,SAN- 2,116,388,234,-352
-4,4,0.0478563,SAN- 2,116,388,230,-356
-4,4,0.0478854,SAN- 2,116,388,226,-360
-3,4,0.0479028,SAN- 2,116,388,223,-364
-4,3,0.0479376,SAN- 2,116,388,219,-367
-4,4,0.0479666,SAN- 2,116,388,215,-371
-4,4,0.0479956,SAN- 2,116,388,211,-375
-3,4,0.0480073,SAN- 2,116,388,208,-379
-4,3,0.0480305,SAN- 2,116,388,204,-382
-4,4,0.0480537,SAN- 2,116,388,200,-386
-4,4,0.0480885,SAN- 2,116,388,196,-390
-3,4,0.0481176,SAN- 2,116,388,193,-394
-4,3,0.0481524,SAN- 2,116,388,189,-397
-4,4,0.0481582,SAN- 2,116,388,185,-401
-4,4,0.0481814,SAN- 2,116,388,181,-405
-3,4,0.0482162,SAN- 2,116,388,178,-409
-4,3,0.0482395,SAN- 2,116,388,174,-412
-4,4,0.0482558,SAN- 2,116,388,170,-416
-4,4,0.0483033,SAN- 2,116,388,166,-420
-3,4,0.0483091,SAN- 2,116,388,163,-424
-4,3,0.0483323,SAN- 2,116,388,159,-427
-4,4,0.0483672,SAN- 2,116,388,155,-431
-4,4,0.0483962,SAN- 2,116,388,151,-435
-3,4,0.0484078,SAN- 2,116,388,148,-439
-4,3,0.0484426,SAN- 2,116,388,144,-442
-4,4,0.04846,SAN- 2,116,388,140,-446
-4,4,0.0484833,SAN- 2,116,388,136,-450
-3,4,0.0485181,SAN- 2,116,388,133,-454
-4,3,0.0485471,SAN- 2,116,388,129,-457
-4,4,0.0485587,SAN- 2,116,388,125,-461
-4,4,0.0485936,SAN- 2,116,388,121,-465
-3,4,0.0486168,SAN- 2,116,388,118,-469
-4,3,0.04864,SAN- 2,116,388,114,-472
-4,4,0.048669,SAN- 2,116,388,110,-476
-4,4,0.0486922,SAN- 2,116,388,106,-480
-3,4,0.0487097,SAN- 2,116,388,103,-484
-4,3,0.0487329,SAN- 2,116,388,99,-487
-4,4,0.0487677,SAN- 2,116,388,95,-491
-4,3,0.0487909,SAN- 2,116,388,91,-494
-3,3,0.04882,SAN- 2,116,388,88,-497
-4,3,0.0488432,SAN- 2,116,388,84,-500
-4,2,0.0488606,SAN- 2,116,388,80,-502
-4,3,0.0488838,SAN- 2,116,388,76,-505
-3,3,0.0489186,SAN- 2,116,388,73,-508
-4,3,0.0489477,SAN- 2,116,388,69,-511
-4,3,0.0489651,SAN- 2,116,388,65,-514
-4,2,0.0489941,SAN- 2,116,388,61,-516
-3,3,0.0490115,SAN- 2,116,388,58,-519
-4,3,0.0490405,SAN- 2,116,388,54,-522
-4,3,0.0490638,SAN- 2,116,388,50,-525
-4,3,0.0490928,SAN- 2,116,388,46,-528
-2,3,0.0491276,SAN- 2,116,388,44,-531
-3,2,0.0491508,SAN- 2,116,388,41,-533
-3,2,0.0491683,SAN- 2,116,388,38,-535
-2,2,0.0491915,SAN- 2,116,388,36,-537
-2,2,0.0492147,SAN- 2,116,388,34,-539
-2,1,0.0492437,SAN- 2,116,388,32,-540
-1,1,0.0493018,SAN- 2,116,388,31,-541
-1,-1,0.049772,SAN- 2,116,388,30,-540
-1,-1,0.0497952,SAN- 2,116,388,29,-539
-2,-2,0.0498242,SAN- 2,116,388,27,-537
-2,-2,0.0498532,SAN- 2,116,388,25,-535
-1,-2,0.0498765,SAN- 2,116,388,24,-533
-3,-2,0.0498939,SAN- 2,116,388,21,-531
-3,-1,0.0499171,SAN- 2,116,388,18,-530
-3,-2,0.0499519,SAN- 2,116,388,15,-528
-3,-2,0.0499751,SAN- 2,116,388,12,-526
-2,-2,0.0499984,SAN- 2,116,388,10,-524
-3,-2,0.0500216,SAN- 2,116,388,7,-522
-2,-2,0.0500448,SAN- 2,116,388,5,-520
-2,-2,0.050068,SAN- 2,116,388,3,-518
-2,-2,0.0501029,SAN- 2,116,388,1,-516
-1,-1,0.0501319,SAN- 2,116,388,0,-515
-1,-2,0.0501551,SAN- 2,116,388,-1,-513
-1,-2,0.0501841,SAN- 2,116,388,-2,-511
-1,-2,0.0502015,SAN- 2,116,388,-3,-509
-1,-2,0.0502217,SAN- 2,116,388,-4,-507
-1,-2,0.050248,SAN- 2,116,388,-5,-505
-1,-2,0.050277,SAN- 2,116,388,-6,-503
-1,-2,0.0503002,SAN- 2,116,388,-7,-501
-1,-1,0.0503351,SAN- 2,116,388,-8,-500
-1,-3,0.0503525,SAN- 2,116,388,-9,-497
-1,-3,0.0503757,SAN- 2,116,388,-10,-494
-1,-3,0.0503989,SAN- 2,116,388,-11,-491
-2,-3,0.0504279,SAN- 2,116,388,-13,-488
-2,-2,0.0504686,SAN- 2,116,388,-15,-486
-2,-6,0.0505034,SAN- 2,116,388,-17,-480
-6,-3,0.0505266,SAN- 2,116,388,-23,-477
-3,-3,0.0505498,SAN- 2,116,388,-26,-474
-1,-3,0.0505847,SAN- 2,116,388,-27,-471
-1,-2,0.0506137,SAN- 2,116,388,-28,-469
-1,-2,0.0506469,SAN- 2,116,388,-29,-467
-1,-2,0.0506543,SAN- 2,116,388,-30,-465
1,-2,0.0506892,SAN- 2,116,388,-29,-463
2,-2,0.0507008,SAN- 2,116,388,-27,-461
1,-2,0.0507356,SAN- 2,116,388,-26,-459
2,-2,0.0507646,SAN- 2,116,388,-24,-457
3,-1,0.0507995,SAN- 2,116,388,-21,-456
3,-2,0.0508053,SAN- 2,116,388,-18,-454
3,-2,0.0508285,SAN- 2,116,388,-15,-452
3,-2,0.0508517,SAN- 2,116,388,-12,-450
1,-2,0.0508807,SAN- 2,116,388,-11,-448
2,-2,0.0509206,SAN- 2,116,388,-9,-446
2,-2,0.0509504,SAN- 2,116,388,-7,-444
2,-2,0.0509562,SAN- 2,116,388,-5,-442
2,-1,0.0509794,SAN- 2,116,388,-3,-441
2,2,0.0511013,SAN- 2,116,388,-1,-443
2,2,0.0511245,SAN- 2,116,388,1,-445
1,2,0.0511594,SAN- 2,116,388,2,-447
1,1,0.0511826,SAN- 2,116,388,3,-448
1,1,0.0512058,SAN- 2,116,388,4,-449
1,1,0.0512464,SAN- 2,116,388,5,-450
1,-1,0.0595069,-TIA- 3,349,487,6,-449
1,-1,0.0595302,-TIA- 3,349,487,7,-448
1,-2,0.059565,-TIA- 3,349,487,8,-446
2,-2,0.059594,-TIA- 3,349,487,10,-444
2,-1,0.059623,-TIA- 3,349,487,12,-443
1,-2,0.0596346,-TIA- 3,349,487,13,-441
2,-2,0.0596579,-TIA- 3,349,487,15,-439
2,-1,0.0596869,-TIA- 3,349,487,17,-438
1,1,0.0599075,-TIA- 3,349,487,18,-439
1,2,0.0599423,-TIA- 3,349,487,19,-441
1,2,0.0599655,-TIA- 3,349,487,20,-443
2,2,0.0599888,-TIA- 3,349,487,22,-445
2,3,0.0600178,-TIA- 3,349,487,24,-448
3,3,0.0600468,-TIA- 3,349,487,27,-451
3,3,0.0600642,-TIA- 3,349,487,30,-454
2,4,0.0600874,-TIA- 3,349,487,32,-458
3,3,0.0601165,-TIA- 3,349,487,35,-461
3,4,0.0601397,-TIA- 3,349,487,38,-465
3,4,0.0601659,-TIA- 3,349,487,41,-469
3,4,0.0601977,-TIA- 3,349,487,44,-473
3,3,0.0602035,-TIA- 3,349,487,47,-476
2,4,0.060221,-TIA- 3,349,487,49,-480
3,4,0.0602558,-TIA- 3,349,487,52,-484
3,4,0.0602906,-TIA- 3,349,487,55,-488
3,3,0.0602964,-TIA- 3,349,487,58,-491
3,7,0.0603312,-TIA- 3,349,487,61,-498
5,3,0.0603545,-TIA- 3,349,487,66,-501
3,3,0.0603893,-TIA- 3,349,487,69,-504
3,2,0.0604125,-TIA- 3,349,487,72,-506
3,3,0.0604532,-TIA- 3,349,487,75,-509
2,2,0.0604764,-TIA- 3,349,487,77,-511
3,2,0.0604822,-TIA- 3,349,487,80,-513
2,1,0.0605054,-TIA- 3,349,487,82,-514
2,1,0.0605286,-TIA- 3,349,487,84,-515
1,1,0.0605693,-TIA- 3,349,487,85,-516
-1,1,0.0606273,-TIA- 3,349,487,84,-517
-2,1,0.0606331,-TIA- 3,349,487,82,-518
-2,1,0.0606679,-TIA- 3,349,487,80,-519
-3,2,0.0606854,-TIA- 3,349,487,77,-521
-4,2,0.0607144,-TIA- 3,349,487,73,-523
-4,2,0.0607492,-TIA- 3,349,487,69,-525
-3,2,0.0607782,-TIA- 3,349,487,66,-527
-4,2,0.0607898,-TIA- 3,349,487,62,-529
-3,3,0.0608189,-TIA- 3,349,487,59,-532
-2,3,0.0608363,-TIA- 3,349,487,57,-535
-1,4,0.0608653,-TIA- 3,349,487,56,-539
1,3,0.0608885,-TIA- 3,349,487,57,-542
1,4,0.0609292,-TIA- 3,349,487,58,-546
2,4,0.0609408,-TIA- 3,349,487,60,-550
2,4,0.060964,-TIA- 3,349,487,62,-554
3,3,0.0609872,-TIA- 3,349,487,65,-557
2,4,0.061022,-TIA- 3,349,487,67,-561
3,4,0.0610511,-TIA- 3,349,487,70,-565
3,4,0.0610859,-TIA- 3,349,487,73,-569
3,3,0.0610917,-TIA- 3,349,487,76,-572
3,4,0.0611149,-TIA- 3,349,487,79,-576
2,4,0.0611498,-TIA- 3,349,487,81,-580
3,4,0.061173,-TIA- 3,349,487,84,-584
3,3,0.061202,-TIA- 3,349,487,87,-587
3,4,0.0612368,-TIA- 3,349,487,90,-591
3,4,0.0612426,-TIA- 3,349,487,93,-595
3,4,0.0612659,-TIA- 3,349,487,96,-599
2,3,0.0613007,-TIA- 3,349,487,98,-602
3,4,0.0613239,-TIA- 3,349,487,101,-606
3,4,0.0613471,-TIA- 3,349,487,104,-610
3,4,0.0613703,-TIA- 3,349,487,107,-614
3,3,0.0613994,-TIA- 3,349,487,110,-617
2,4,0.0614168,-TIA- 3,349,487,112,-621
3,4,0.0614516,-TIA- 3,349,487,115,-625
3,4,0.0614806,-TIA- 3,349,487,118,-629
3,3,0.061498,-TIA- 3,349,487,121,-632
3,4,0.0615329,-TIA- 3,349,487,124,-636
2,4,0.0615503,-TIA- 3,349,487,126,-640
3,4,0.0615735,-TIA- 3,349,487,129,-644
3,3,0.0615967,-TIA- 3,349,487,132,-647
3,4,0.06162,-TIA- 3,349,487,135,-651
3,6,0.0616548,-TIA- 3,349,487,138,-657
5,3,0.0616896,-TIA- 3,349,487,143,-660
3,2,0.0617128,-TIA- 3,349,487,146,-662
3,3,0.0617361,-TIA- 3,349,487,149,-665
3,3,0.0617767,-TIA- 3,349,487,152,-668
3,3,0.0617825,-TIA- 3,349,487,155,-671
2,2,0.0618057,-TIA- 3,349,487,157,-673
3,2,0.0618289,-TIA- 3,349,487,160,-675
3,2,0.061858,-TIA- 3,349,487,163,-677
3,1,0.0619044,-TIA- 3,349,487,166,-678
2,1,0.0619276,-TIA- 3,349,487,168,-679
3,-1,0.0620321,-TIA- 3,349,487,171,-678
2,-1,0.0620643,-TIA- 3,349,487,173,-677
3,-2,0.0621018,-TIA- 3,349,487,176,-675
3,-2,0.0621308,-TIA- 3,349,487,179,-673
3,-2,0.0621598,-TIA- 3,349,487,182,-671
3,-2,0.0622005,-TIA- 3,349,487,185,-669
2,-2,0.0622179,-TIA- 3,349,487,187,-667
3,-2,0.0622353,-TIA- 3,349,487,190,-665
3,-2,0.0622469,-TIA- 3,349,487,193,-663
3,-1,0.0622701,-TIA- 3,349,487,196,-662
3,-2,0.0623049,-TIA- 3,349,487,199,-660
2,-1,0.062334,-TIA- 3,349,487,201,-659
3,-2,0.0623746,-TIA- 3,349,487,204,-657
6,-1,0.0624094,-TIA- 3,349,487,210,-656
3,-1,0.0624268,-TIA- 3,349,487,213,-655
2,-1,0.0624559,-TIA- 3,349,487,215,-654
3,-1,0.0624907,-TIA- 3,349,487,218,-653
3,-1,0.0625197,-TIA- 3,349,487,221,-652
3,-1,0.0625255,-TIA- 3,349,487,224,-651
3,-1,0.0625488,-TIA- 3,349,487,227,-650
3,-1,0.0625778,-TIA- 3,349,487,230,-649
2,-1,0.0626068,-TIA- 3,349,487,232,-648
3,-1,0.0626416,-TIA- 3,349,487,235,-647
3,-1,0.0626823,-TIA- 3,349,487,238,-646
3,-1,0.0627055,-TIA- 3,349,487,241,-645
2,-1,0.0627287,-TIA- 3,349,487,243,-644
3,-1,0.0627519,-TIA- 3,349,487,246,-643
3,-1,0.0627926,-TIA- 3,349,487,249,-642
3,-1,0.0628158,-TIA- 3,349,487,252,-641
3,-2,0.0628332,-TIA- 3,349,487,255,-639
2,-2,0.0628564,-TIA- 3,349,487,257,-637
3,-2,0.0628796,-TIA- 3,349,487,260,-635
3,-3,0.0629145,-TIA- 3,349,487,263,-632
3,-2,0.0629377,-TIA- 3,349,487,266,-630
3,-3,0.0629667,-TIA- 3,349,487,269,-627
2,-3,0.0629841,-TIA- 3,349,487,271,-624
3,-3,0.0630073,-TIA- 3,349,487,274,-621
3,-3,0.0630306,-TIA- 3,349,487,277,-618
3,-2,0.0630712,-TIA- 3,349,487,280,-616
3,-3,0.0630944,-TIA- 3,349,487,283,-613
2,-3,0.063106,-TIA- 3,349,487,285,-610
1,-3,0.0631409,-TIA- 3,349,487,286,-607
1,-3,0.0631583,-TIA- 3,349,487,287,-604
1,-2,0.0631815,-TIA- 3,349,487,288,-602
1,-2,0.0632221,-TIA- 3,349,487,289,-600
1,-2,0.0632454,-TIA- 3,349,487,290,-598
2,-2,0.063257,-TIA- 3,349,487,292,-596
2,-1,0.0632918,-TIA- 3,349,487,294,-595
2,-1,0.0633092,-TIA- 3,349,487,296,-594
3,-1,0.0633372,-TIA- 3,349,487,299,-593
2,-1,0.0633731,-TIA- 3,349,487,301,-592
3,-2,0.0634079,-TIA- 3,349,487,304,-590
6,-1,0.0634427,-TIA- 3,349,487,310,-589
3,-1,0.0634601,-TIA- 3,349,487,313,-588
3,-1,0.0634834,-TIA- 3,349,487,316,-587
2,-2,0.0635124,-TIA- 3,349,487,318,-585
2,-2,0.0635472,-TIA- 3,349,487,320,-583
2,-2,0.063553,-TIA- 3,349,487,322,-581
2,-2,0.0635878,-TIA- 3,349,487,324,-579
2,-2,0.0636111,-TIA- 3,349,487,326,-577
2,-2,0.0636343,-TIA- 3,349,487,328,-575
1,-2,0.0636575,-TIA- 3,349,487,329,-573
1,-1,0.0636981,-TIA- 3,349,487,330,-572
1,-2,0.0637039,-TIA- 3,349,487,331,-570
1,-2,0.0637272,-TIA- 3,349,487,332,-568
1,-2,0.0637678,-TIA- 3,349,487,333,-566
1,-1,0.063791,-TIA- 3,349,487,334,-565
1,-1,0.0638161,-TIA- 3,349,487,335,-564
1,-1,0.0638375,-TIA- 3,349,487,336,-563
2,1,0.0638839,-TIA- 3,349,487,338,-564
2,1,0.0639129,-TIA- 3,349,487,340,-565
1,2,0.0639536,-TIA- 3,349,487,341,-567
2,2,0.063971,-TIA- 3,349,487,343,-569
3,2,0.0639884,-TIA- 3,349,487,346,-571
2,3,0.0640174,-TIA- 3,349,487,348,-574
2,2,0.0640348,-TIA- 3,349,487,350,-576
1,1,0.0640639,-TIA- 3,349,487,351,-577
1,1,0.0641277,-TIA- 3,349,487,352,-578
1,1,0.0641393,-TIA- 3,349,487,353,-579
1,-1,0.0758015,GO 4,71,351,354,-578
1,-1,0.075819,GO 4,71,351,355,-577
-1,-2,0.0758596,GO 4,71,351,354,-575
-1,-2,0.0758886,GO 4,71,351,353,-573
-1,-2,0.0759118,GO 4,71,351,352,-571
-1,-2,0.0759525,GO 4,71,351,351,-569
-2,-4,0.0759873,GO 4,71,351,349,-565
-3,-1,0.0760163,GO 4,71,351,346,-564
-2,-2,0.0760395,GO 4,71,351,344,-562
-3,-2,0.0760744,GO 4,71,351,341,-560
-3,-2,0.0761034,GO 4,71,351,338,-558
-3,-2,0.076115,GO 4,71,351,335,-556
-2,-2,0.0761382,GO 4,71,351,333,-554
-3,-2,0.0761673,GO 4,71,351,330,-552
-3,-2,0.0761963,GO 4,71,351,327,-550
-3,-1,0.0762195,GO 4,71,351,324,-549
-3,-1,0.0762596,GO 4,71,351,321,-548
-2,-1,0.0762659,GO 4,71,351,319,-547
-2,-1,0.0762892,GO 4,71,351,317,-546
-2,-1,0.0763124,GO 4,71,351,315,-545
-1,-1,0.076353,GO 4,71,351,314,-544
-1,-1,0.0763878,GO 4,71,351,313,-543
-1,-1,0.0764169,GO 4,71,351,312,-542
-1,-1,0.0764401,GO 4,71,351,311,-541
-1,-1,0.0764981,GO 4,71,351,310,-540
-1,-1,0.0765156,GO 4,71,351,309,-539
-1,-2,0.076562,GO 4,71,351,308,-537
-1,-1,0.0765678,GO 4,71,351,307,-536
-1,-2,0.0766084,GO 4,71,351,306,-534
-2,-3,0.07662,GO 4,71,351,304,-531
-3,-3,0.0766607,GO 4,71,351,301,-528
-3,-3,0.0766665,GO 4,71,351,298,-525
-3,-3,0.0767129,GO 4,71,351,295,-522
-3,-2,0.0767242,GO 4,71,351,292,-520
-2,-3,0.0767478,GO 4,71,351,290,-517
-3,-3,0.0767768,GO 4,71,351,287,-514
-3,-3,0.0768,GO 4,71,351,284,-511
-3,-3,0.0768174,GO 4,71,351,281,-508
-3,-2,0.0768639,GO 4,71,351,278,-506
-3,-3,0.0768697,GO 4,71,351,275,-503
-4,-3,0.0768987,GO 4,71,351,271,-500
-4,-3,0.0769277,GO 4,71,351,267,-497
-4,-3,0.0769509,GO 4,71,351,263,-494
-3,-3,0.07698,GO 4,71,351,260,-491
-4,-2,0.0769916,GO 4,71,351,256,-489
-4,-3,0.0770264,GO 4,71,351,252,-486
-4,-3,0.0770496,GO 4,71,351,248,-483
-3,-3,0.0770786,GO 4,71,351,245,-480
-4,-3,0.0771135,GO 4,71,351,241,-477
-4,-2,0.0771251,GO 4,71,351,237,-475
-4,-3,0.0771425,GO 4,71,351,233,-472
-3,-3,0.0771773,GO 4,71,351,230,-469
-4,-3,0.0772005,GO 4,71,351,226,-466
-4,-3,0.0772354,GO 4,71,351,222,-463
-4,-2,0.0772644,GO 4,71,351,218,-461
-3,-1,0.0772702,GO 4,71,351,215,-460
-4,-2,0.0772957,GO 4,71,351,211,-458
-4,-2,0.0773224,GO 4,71,351,207,-456
-4,-2,0.0773515,GO 4,71,351,203,-454
-3,-2,0.0773747,GO 4,71,351,200,-452
-4,-2,0.0774095,GO 4,71,351,196,-450
-4,-2,0.0774269,GO 4,71,351,192,-448
-4,-2,0.0774502,GO 4,71,351,188,-446
-3,-1,0.0774792,GO 4,71,351,185,-445
-3,-2,0.0775073,GO 4,71,351,182,-443
-3,-2,0.0775372,GO 4,71,351,179,-441
-3,-2,0.0775546,GO 4,71,351,176,-439
-3,-2,0.0775779,GO 4,71,351,173,-437
-2,-2,0.0776011,GO 4,71,351,171,-435
-3,-2,0.0776301,GO 4,71,351,168,-433
-3,-2,0.0776649,GO 4,71,351,165,-431
-3,-1,0.0776824,GO 4,71,351,162,-430
-3,-2,0.0777114,GO 4,71,351,159,-428
-2,-2,0.0777288,GO 4,71,351,157,-426
-3,-2,0.077752,GO 4,71,351,154,-424
-3,-2,0.0777752,GO 4,71,351,151,-422
-3,-2,0.0778159,GO 4,71,351,148,-420
-3,-2,0.0778333,GO 4,71,351,145,-418
-3,-2,0.0778681,GO 4,71,351,142,-416
-2,-1,0.0778797,GO 4,71,351,140,-415
-3,-2,0.0779029,GO 4,71,351,137,-413
-3,-2,0.077932,GO 4,71,351,134,-411
-3,-2,0.077961,GO 4,71,351,131,-409
-3,-2,0.0780016,GO 4,71,351,128,-407
-2,-2,0.0780074,GO 4,71,351,126,-405
-3,-2,0.0780365,GO 4,71,351,123,-403
-3,-2,0.0780539,GO 4,71,351,120,-401
-3,-1,0.0780829,GO 4,71,351,117,-400
-3,-2,0.0781119,GO 4,71,351,114,-398
-2,-2,0.0781468,GO 4,71,351,112,-396
-3,-2,0.0781758,GO 4,71,351,109,-394
-3,-2,0.0781874,GO 4,71,351,106,-392
-3,-2,0.0782164,GO 4,71,351,103,-390
-3,-2,0.0782338,GO 4,71,351,100,-388
-3,-2,0.0782629,GO 4,71,351,97,-386
-2,-1,0.0782977,GO 4,71,351,95,-385
-3,-2,0.0783267,GO 4,71,351,92,-383
-3,-2,0.0783383,GO 4,71,351,89,-381
-3,-2,0.0783615,GO 4,71,351,86,-379
-3,-2,0.0783848,GO 4,71,351,83,-377
-2,-2,0.0784138,GO 4,71,351,81,-375
-3,-2,0.0784486,GO 4,71,351,78,-373
-3,-2,0.0784544,GO 4,71,351,75,-371
-3,-1,0.0784893,GO 4,71,351,72,-370
-3,-2,0.0785125,GO 4,71,351,69,-368
-2,-2,0.0785357,GO 4,71,351,67,-366
-3,-2,0.0785589,GO 4,71,351,64,-364
-3,-2,0.0785937,GO 4,71,351,61,-362
-3,-2,0.0786112,GO 4,71,351,58,-360
-3,-2,0.0786402,GO 4,71,351,55,-358
-2,-2,0.0786634,GO 4,71,351,53,-356
-3,-1,0.0786866,GO 4,71,351,50,-355
-2,-2,0.0787098,GO 4,71,351,48,-353
-2,-2,0.0787447,GO 4,71,351,46,-351
-2,-2,0.0787621,GO 4,71,351,44,-349
-2,-2,0.0787853,GO 4,71,351,42,-347
-2,-2,0.0788143,GO 4,71,351,40,-345
-2,-2,0.0788492,GO 4,71,351,38,-343
-1,-2,0.0788666,GO 4,71,351,37,-341
-2,-1,0.0788956,GO 4,71,351,35,-340
-2,-2,0.078913,GO 4,71,351,33,-338
-2,-2,0.0789362,GO 4,71,351,31,-336
-2,-2,0.0789653,GO 4,71,351,29,-334
-2,-2,0.0790001,GO 4,71,351,27,-332
-2,-2,0.0790175,GO 4,71,351,25,-330
-2,-2,0.0790518,GO 4,71,351,23,-328
-1,-2,0.0790698,GO 4,71,351,22,-326
-2,-1,0.0790872,GO 4,71,351,20,-325
-2,-2,0.0791104,GO 4,71,351,18,-323
-2,-2,0.079151,GO 4,71,351,16,-321
-2,-2,0.0791859,GO 4,71,351,14,-319
-2,-2,0.0792033,GO 4,71,351,12,-317
-2,-2,0.0792207,GO 4,71,351,10,-315
-2,-1,0.0792381,GO 4,71,351,8,-314
-1,-1,0.0792671,GO 4,71,351,7,-313
-2,-1,0.0792961,GO 4,71,351,5,-312
-2,-1,0.079331,GO 4,71,351,3,-311
-3,-1,0.0793716,GO 4,71,351,0,-310
-3,-1,0.0793948,GO 4,71,351,-3,-309
-2,-1,0.079418,GO 4,71,351,-5,-308
-3,1,0.0796328,GO 4,71,351,-8,-309
-3,1,0.0796676,GO 4,71,351,-11,-310
-3,1,0.0796735,GO 4,71,351,-14,-311
-3,1,0.0797141,GO 4,71,351,-17,-312
-3,1,0.0797315,GO 4,71,351,-20,-313
-3,1,0.0797663,GO 4,71,351,-23,-314
-3,1,0.0797954,GO 4,71,351,-26,-315
-2,1,0.0798128,GO 4,71,351,-28,-316
-3,1,0.079836,GO 4,71,351,-31,-317
-3,1,0.079865,GO 4,71,351,-34,-318
-3,1,0.0798941,GO 4,71,351,-37,-319
-3,1,0.0800914,GO 4,71,351,-40,-320
-3,1,0.0801146,GO 4,71,351,-43,-321
-2,1,0.0801379,GO 4,71,351,-45,-322
-2,1,0.0801669,GO 4,71,351,-47,-323
-2,1,0.0802017,GO 4,71,351,-49,-324
-2,2,0.0802366,GO 4,71,351,-51,-326
-2,-1,0.0804165,GO 4,71,351,-53,-325
-2,-1,0.0804443,GO 4,71,351,-55,-324
-3,-1,0.0804688,GO 4,71,351,-58,-323
-3,-2,0.0805326,GO 4,71,351,-61,-321
-3,-1,0.0805384,GO 4,71,351,-64,-320
-3,-1,0.0805732,GO 4,71,351,-67,-319
-3,-1,0.0806023,GO 4,71,351,-70,-318
-2,1,0.0806835,GO 4,71,351,-72,-319
-2,2,0.0806951,GO 4,71,351,-74,-321
-2,2,0.0807126,GO 4,71,351,-76,-323
-1,1,0.080759,GO 4,71,351,-77,-324
-1,2,0.0807648,GO 4,71,351,-78,-326
-1,2,0.0807938,GO 4,71,351,-79,-328
-1,2,0.0808287,GO 4,71,351,-80,-330
-1,2,0.0808345,GO 4,71,351,-81,-332
-1,2,0.0808577,GO 4,71,351,-82,-334
-1,2,0.0808925,GO 4,71,351,-83,-336
-1,1,0.0809215,GO 4,71,351,-84,-337
-1,1,0.0809796,GO 4,71,351,-85,-338
-1,1,0.0898612,FRAY 5,248,488,-86,-339
1,-1,0.0900122,FRAY 5,248,488,-85,-338
1,-1,0.090047,FRAY 5,248,488,-84,-337
1,-1,0.0900934,FRAY 5,248,488,-83,-336
1,-1,0.0901224,FRAY 5,248,488,-82,-335
1,-1,0.0901341,FRAY 5,248,488,-81,-334
1,-1,0.0901631,FRAY 5,248,488,-80,-333
1,1,0.0906449,FRAY 5,248,488,-79,-334
2,2,0.0906623,FRAY 5,248,488,-77,-336
2,2,0.0906971,FRAY 5,248,488,-75,-338
2,3,0.090732,FRAY 5,248,488,-73,-341
2,3,0.0907378,FRAY 5,248,488,-71,-344
2,2,0.0907552,FRAY 5,248,488,-69,-346
1,4,0.09079,FRAY 5,248,488,-68,-350
2,4,0.090819,FRAY 5,248,488,-66,-354
1,4,0.0908365,FRAY 5,248,488,-65,-358
1,3,0.0908539,FRAY 5,248,488,-64,-361
1,4,0.0908829,FRAY 5,248,488,-63,-365
1,4,0.0909119,FRAY 5,248,488,-62,-369
1,4,0.0909351,FRAY 5,248,488,-61,-373
1,3,0.0909755,FRAY 5,248,488,-60,-376
1,4,0.0909816,FRAY 5,248,488,-59,-380
2,4,0.0910048,FRAY 5,248,488,-57,-384
2,4,0.0910454,FRAY 5,248,488,-55,-388
2,3,0.0910512,FRAY 5,248,488,-53,-391
1,4,0.0910861,FRAY 5,248,488,-52,-395
3,4,0.0911033,FRAY 5,248,488,-49,-399
3,4,0.0911267,FRAY 5,248,488,-46,-403
3,3,0.0911499,FRAY 5,248,488,-43,-406
3,4,0.091179,FRAY 5,248,488,-40,-410
2,4,0.0912022,FRAY 5,248,488,-38,-414
3,4,0.0912312,FRAY 5,248,488,-35,-418
3,3,0.0912602,FRAY 5,248,488,-32,-421
3,4,0.0912951,FRAY 5,248,488,-29,-425
3,4,0.0913009,FRAY 5,248,488,-26,-429
3,4,0.0913299,FRAY 5,248,488,-23,-433
2,3,0.0913584,FRAY 5,248,488,-21,-436
3,4,0.0913821,FRAY 5,248,488,-18,-440
3,4,0.0914054,FRAY 5,248,488,-15,-444
3,4,0.091446,FRAY 5,248,488,-12,-448
3,3,0.0914518,FRAY 5,248,488,-9,-451
2,4,0.091475,FRAY 5,248,488,-7,-455
3,4,0.0915156,FRAY 5,248,488,-4,-459
3,4,0.0915331,FRAY 5,248,488,-1,-463
3,3,0.0915621,FRAY 5,248,488,2,-466
3,4,0.0915969,FRAY 5,248,488,5,-470
2,4,0.0916027,FRAY 5,248,488,7,-474
3,4,0.0916259,FRAY 5,248,488,10,-478
3,3,0.0916608,FRAY 5,248,488,13,-481
3,4,0.0916898,FRAY 5,248,488,16,-485
3,4,0.0917188,FRAY 5,248,488,19,-489
3,4,0.0917478,FRAY 5,248,488,22,-493
2,3,0.0917537,FRAY 5,248,488,24,-496
3,4,0.0917769,FRAY 5,248,488,27,-500
3,4,0.0918117,FRAY 5,248,488,30,-504
3,4,0.0918407,FRAY 5,248,488,33,-508
3,2,0.0918756,FRAY 5,248,488,36,-510
2,3,0.0918872,FRAY 5,248,488,38,-513
2,3,0.0919046,FRAY 5,248,488,40,-516
2,2,0.0919278,FRAY 5,248,488,42,-518
2,2,0.0919568,FRAY 5,248,488,44,-520
2,1,0.0919859,FRAY 5,248,488,46,-521
1,1,0.0920207,FRAY 5,248,488,47,-522
1,2,0.0920497,FRAY 5,248,488,48,-524
2,2,0.0920787,FRAY 5,248,488,50,-526
2,2,0.092102,FRAY 5,248,488,52,-528
3,3,0.0921426,FRAY 5,248,488,55,-531
3,3,0.0921658,FRAY 5,248,488,58,-534
3,2,0.0921775,FRAY 5,248,488,61,-536
2,3,0.0922064,FRAY 5,248,488,63,-539
3,3,0.0922297,FRAY 5,248,488,66,-542
3,3,0.0922529,FRAY 5,248,488,69,-545
3,3,0.0922761,FRAY 5,248,488,72,-548
3,3,0.0922993,FRAY 5,248,488,75,-551
2,2,0.0923458,FRAY 5,248,488,77,-553
3,3,0.0923632,FRAY 5,248,488,80,-556
3,2,0.0923864,FRAY 5,248,488,83,-558
3,2,0.0924038,FRAY 5,248,488,86,-560
3,2,0.0924355,FRAY 5,248,488,89,-562
2,1,0.0924561,FRAY 5,248,488,91,-563
3,-1,0.0925315,FRAY 5,248,488,94,-562
3,-1,0.0925661,FRAY 5,248,488,97,-561
2,-2,0.0925896,FRAY 5,248,488,99,-559
3,-2,0.092607,FRAY 5,248,488,102,-557
3,-2,0.0926302,FRAY 5,248,488,105,-555
3,-2,0.092665,FRAY 5,248,488,108,-553
3,-2,0.0926824,FRAY 5,248,488,111,-551
3,-1,0.0927173,FRAY 5,248,488,114,-550
2,-4,0.0927579,FRAY 5,248,488,116,-546
6,-2,0.0927811,FRAY 5,248,488,122,-544
3,-2,0.0928102,FRAY 5,248,488,125,-542
3,-2,0.0928392,FRAY 5,248,488,128,-540
2,-2,0.0928682,FRAY 5,248,488,130,-538
3,-2,0.092903,FRAY 5,248,488,133,-536
3,-1,0.0929088,FRAY 5,248,488,136,-535
3,-1,0.0929321,FRAY 5,248,488,139,-534
3,-1,0.0929495,FRAY 5,248,488,142,-533
2,-1,0.0929727,FRAY 5,248,488,144,-532
3,-1,0.0930017,FRAY 5,248,488,147,-531
3,-1,0.0930366,FRAY 5,248,488,150,-530
3,-1,0.0930429,FRAY 5,248,488,153,-529
3,-1,0.0930688,FRAY 5,248,488,156,-528
3,-1,0.0930946,FRAY 5,248,488,159,-527
2,-1,0.0931236,FRAY 5,248,488,161,-526
3,-1,0.0931564,FRAY 5,248,488,164,-525
3,-1,0.0931875,FRAY 5,248,488,167,-524
3,1,0.0932746,FRAY 5,248,488,170,-525
3,1,0.0933094,FRAY 5,248,488,173,-526
3,1,0.0933326,FRAY 5,248,488,176,-527
3,1,0.09335,FRAY 5,248,488,179,-528
2,1,0.0933732,FRAY 5,248,488,181,-529
3,1,0.0934023,FRAY 5,248,488,184,-530
3,1,0.0934255,FRAY 5,248,488,187,-531
3,1,0.0934603,FRAY 5,248,488,190,-532
3,1,0.0934835,FRAY 5,248,488,193,-533
3,-1,0.0935532,FRAY 5,248,488,196,-532
3,-1,0.093588,FRAY 5,248,488,199,-531
3,-2,0.0936112,FRAY 5,248,488,202,-529
3,-2,0.0936345,FRAY 5,248,488,205,-527
2,-2,0.0936519,FRAY 5,248,488,207,-525
2,-2,0.0936751,FRAY 5,248,488,209,-523
2,-2,0.0937099,FRAY 5,248,488,211,-521
1,-3,0.093739,FRAY 5,248,488,212,-518
1,-2,0.0937738,FRAY 5,248,488,213,-516
1,-4,0.0938028,FRAY 5,248,488,214,-512
1,-1,0.093826,FRAY 5,248,488,215,-511
1,1,0.0939305,FRAY 5,248,488,216,-512
1,1,0.0939886,FRAY 5,248,488,217,-513
1,1,0.0940118,FRAY 5,248,488,218,-514
-1,-1,0.106075,SAN- 6,361,179,217,-513
-2,-2,0.106098,SAN- 6,361,179,215,-511
-2,-2,0.106138,SAN- 6,361,179,213,-509
-2,-2,0.106173,SAN- 6,361,179,211,-507
-1,-3,0.106185,SAN- 6,361,179,210,-504
-2,-2,0.106208,SAN- 6,361,179,208,-502
-2,-3,0.106243,SAN- 6,361,179,206,-499
-2,-3,0.10626,SAN- 6,361,179,204,-496
-1,-3,0.106289,SAN- 6,361,179,203,-493
-1,-3,0.106324,SAN- 6,361,179,202,-490
-1,-2,0.10633,SAN- 6,361,179,201,-488
-1,-3,0.106359,SAN- 6,361,179,200,-485
-1,-3,0.106388,SAN- 6,361,179,199,-482
-1,-3,0.106418,SAN- 6,361,179,198,-479
-1,-3,0.106446,SAN- 6,361,179,197,-476
1,-3,0.106475,SAN- 6,361,179,198,-473
1,-2,0.106481,SAN- 6,361,179,199,-471
1,-3,0.106516,SAN- 6,361,179,200,-468
2,-3,0.106539,SAN- 6,361,179,202,-465
2,-3,0.106571,SAN- 6,361,179,204,-462
2,-3,0.10658,SAN- 6,361,179,206,-459
1,-5,0.106638,SAN- 6,361,179,207,-454
6,-3,0.106661,SAN- 6,361,179,213,-451
3,-3,0.10669,SAN- 6,361,179,216,-448
3,-3,0.106725,SAN- 6,361,179,219,-445
2,-2,0.106739,SAN- 6,361,179,221,-443
3,-3,0.106763,SAN- 6,361,179,224,-440
3,-3,0.106794,SAN- 6,361,179,227,-437
3,-3,0.106818,SAN- 6,361,179,230,-434
3,-3,0.106841,SAN- 6,361,179,233,-431
2,-3,0.106867,SAN- 6,361,179,235,-428
1,-2,0.106881,SAN- 6,361,179,236,-426
2,-3,0.106905,SAN- 6,361,179,238,-423
2,-3,0.10694,SAN- 6,361,179,240,-420
2,-3,0.106969,SAN- 6,361,179,242,-417
2,-3,0.106998,SAN- 6,361,179,244,-414
2,-2,0.107021,SAN- 6,361,179,246,-412
2,-3,0.107044,SAN- 6,361,179,248,-409
2,-3,0.107061,SAN- 6,361,179,250,-406
2,-3,0.10709,SAN- 6,361,179,252,-403
3,-3,0.107125,SAN- 6,361,179,255,-400
3,-2,0.107154,SAN- 6,361,179,258,-398
3,-3,0.107172,SAN- 6,361,179,261,-395
3,-3,0.107189,SAN- 6,361,179,264,-392
2,-3,0.107212,SAN- 6,361,179,266,-389
3,-3,0.107236,SAN- 6,361,179,269,-386
3,-3,0.10727,SAN- 6,361,179,272,-383
3,-2,0.107299,SAN- 6,361,179,275,-381
3,-3,0.107323,SAN- 6,361,179,278,-378
3,-3,0.10734,SAN- 6,361,179,281,-375
2,-3,0.107363,SAN- 6,361,179,283,-372
3,-3,0.107389,SAN- 6,361,179,286,-369
3,-2,0.107421,SAN- 6,361,179,289,-367
3,-3,0.10745,SAN- 6,361,179,292,-364
3,-3,0.107485,SAN- 6,361,179,295,-361
2,-3,0.107491,SAN- 6,361,179,297,-358
3,-3,0.107526,SAN- 6,361,179,300,-355
3,-2,0.107537,SAN- 6,361,179,303,-353
3,-3,0.107572,SAN- 6,361,179,306,-350
3,-3,0.107601,SAN- 6,361,179,309,-347
2,-3,0.107636,SAN- 6,361,179,311,-344
3,-3,0.107648,SAN- 6,361,179,314,-341
3,-3,0.107665,SAN- 6,361,179,317,-338
3,-2,0.107694,SAN- 6,361,179,320,-336
3,-3,0.107723,SAN- 6,361,179,323,-333
2,-3,0.107746,SAN- 6,361,179,325,-330
3,-3,0.107787,SAN- 6,361,179,328,-327
3,-3,0.107799,SAN- 6,361,179,331,-324
3,-2,0.107822,SAN- 6,361,179,334,-322
3,-3,0.107845,SAN- 6,361,179,337,-319
3,-3,0.107868,SAN- 6,361,179,340,-316
2,-3,0.107897,SAN- 6,361,179,342,-313
3,-3,0.107938,SAN- 6,361,179,345,-310
3,-2,0.10795,SAN- 6,361,179,348,-308
3,-3,0.107973,SAN- 6,361,179,351,-305
3,-3,0.107996,SAN- 6,361,179,354,-302
2,-3,0.108019,SAN- 6,361,179,356,-299
3,-3,0.108054,SAN- 6,361,179,359,-296
3,-3,0.108083,SAN- 6,361,179,362,-293
3,-5,0.108124,SAN- 6,361,179,365,-288
5,-3,0.108159,SAN- 6,361,179,370,-285
3,-3,0.108176,SAN- 6,361,179,373,-282
3,-3,0.108205,SAN- 6,361,179,376,-279
3,-2,0.108234,SAN- 6,361,179,379,-277
3,-3,0.108251,SAN- 6,361,179,382,-274
3,-3,0.108275,SAN- 6,361,179,385,-271
2,-3,0.108309,SAN- 6,361,179,387,-268
2,-3,0.108339,SAN- 6,361,179,389,-265
2,-2,0.108356,SAN- 6,361,179,391,-263
2,-3,0.108373,SAN- 6,361,179,393,-260
2,-3,0.108402,SAN- 6,361,179,395,-257
1,-3,0.108427,SAN- 6,361,179,396,-254
1,-3,0.108455,SAN- 6,361,179,397,-251
1,-3,0.108495,SAN- 6,361,179,398,-248
1,-5,0.108524,SAN- 6,361,179,399,-243
1,-3,0.108559,SAN- 6,361,179,400,-240
1,-3,0.108588,SAN- 6,361,179,401,-237
1,-3,0.108606,SAN- 6,361,179,402,-234
1,-2,0.108635,SAN- 6,361,179,403,-232
1,-3,0.108669,SAN- 6,361,179,404,-229
2,-3,0.108675,SAN- 6,361,179,406,-226
2,-3,0.108698,SAN- 6,361,179,408,-223
2,-3,0.108733,SAN- 6,361,179,410,-220
2,-2,0.108756,SAN- 6,361,179,412,-218
2,-3,0.108791,SAN- 6,361,179,414,-215
1,-3,0.10882,SAN- 6,361,179,415,-212
2,-3,0.108832,SAN- 6,361,179,417,-209
2,-3,0.108855,SAN- 6,361,179,419,-206
2,-3,0.108884,SAN- 6,361,179,421,-203
2,-2,0.108907,SAN- 6,361,179,423,-201
2,-3,0.108942,SAN- 6,361,179,425,-198
2,-3,0.108971,SAN- 6,361,179,427,-195
2,-3,0.108983,SAN- 6,361,179,429,-192
2,-3,0.109006,SAN- 6,361,179,431,-189
1,-2,0.109029,SAN- 6,361,179,432,-187
1,-3,0.109059,SAN- 6,361,179,433,-184
1,-3,0.109087,SAN- 6,361,179,434,-181
1,-3,0.109128,SAN- 6,361,179,435,-178
1,-3,0.109134,SAN- 6,361,179,436,-175
1,-2,0.109157,SAN- 6,361,179,437,-173
1,-3,0.109192,SAN- 6,361,179,438,-170
1,-3,0.109221,SAN- 6,361,179,439,-167
1,-3,0.109238,SAN- 6,361,179,440,-164
1,-3,0.109267,SAN- 6,361,179,441,-161
1,-3,0.109285,SAN- 6,361,179,442,-158
1,-2,0.109308,SAN- 6,361,179,443,-156
1,-3,0.109343,SAN- 6,361,179,444,-153
1,-3,0.109372,SAN- 6,361,179,445,-150
1,-3,0.109389,SAN- 6,361,179,446,-147
2,-3,0.109418,SAN- 6,361,179,448,-144
2,-2,0.109436,SAN- 6,361,179,450,-142
2,-3,0.109459,SAN- 6,361,179,452,-139
2,-3,0.109485,SAN- 6,361,179,454,-136
2,-3,0.109511,SAN- 6,361,179,456,-133
2,-3,0.10954,SAN- 6,361,179,458,-130
2,-2,0.109563,SAN- 6,361,179,460,-128
1,-3,0.109604,SAN- 6,361,179,461,-125
2,-3,0.109616,SAN- 6,361,179,463,-122
2,-3,0.109639,SAN- 6,361,179,465,-119
2,-3,0.109668,SAN- 6,361,179,467,-116
2,-3,0.109697,SAN- 6,361,179,469,-113
2,-2,0.109726,SAN- 6,361,179,471,-111
2,-3,0.109755,SAN- 6,361,179,473,-108
2,-3,0.109767,SAN- 6,361,179,475,-105
1,-3,0.10979,SAN- 6,361,179,476,-102
2,-3,0.109819,SAN- 6,361,179,478,-99
2,-2,0.109854,SAN- 6,361,179,480,-97
2,-3,0.109877,SAN- 6,361,179,482,-94
2,-2,0.109906,SAN- 6,361,179,484,-92
2,-3,0.109917,SAN- 6,361,179,486,-89
2,-3,0.109941,SAN- 6,361,179,488,-86
2,-3,0.109972,SAN- 6,361,179,490,-83
1,-3,0.110005,SAN- 6,361,179,491,-80
1,-2,0.110028,SAN- 6,361,179,492,-78
1,-3,0.110051,SAN- 6,361,179,493,-75
1,-3,0.110068,SAN- 6,361,179,494,-72
-1,-3,0.110092,SAN- 6,361,179,493,-69
-1,-3,0.110126,SAN- 6,361,179,492,-66
-1,-3,0.110155,SAN- 6,361,179,491,-63
-1,-2,0.11019,SAN- 6,361,179,490,-61
-2,-6,0.110219,SAN- 6,361,179,488,-55
-3,-3,0.110243,SAN- 6,361,179,485,-52
-1,-3,0.110266,SAN- 6,361,179,484,-49
-1,-2,0.110306,SAN- 6,361,179,483,-47
-1,-3,0.110341,SAN- 6,361,179,482,-44
-1,-6,0.110376,SAN- 6,361,179,481,-38
-1,-3,0.110405,SAN- 6,361,179,480,-35
-1,-2,0.110428,SAN- 6,361,179,479,-33
-1,-3,0.110462,SAN- 6,361,179,478,-30
-1,-3,0.110486,SAN- 6,361,179,477,-27
-1,-6,0.110527,SAN- 6,361,179,476,-21
-1,-3,0.11055,SAN- 6,361,179,475,-18
-2,-2,0.110579,SAN- 6,361,179,473,-16
-2,-3,0.110614,SAN- 6,361,179,471,-13
-2,-3,0.11062,SAN- 6,361,179,469,-10
-3,-3,0.110643,SAN- 6,361,179,466,-7
-3,-3,0.110672,SAN- 6,361,179,463,-4
-2,-1,0.110695,SAN- 6,361,179,461,-3
-3,-3,0.110736,SAN- 6,361,179,458,0
-3,-3,0.110759,SAN- 6,361,179,455,3
-3,-2,0.110765,SAN- 6,361,179,452,5
-3,-3,0.110788,SAN- 6,361,179,449,8
-3,-3,0.110823,SAN- 6,361,179,446,11
-2,-3,0.110846,SAN- 6,361,179,444,14
-3,-3,0.110875,SAN- 6,361,179,441,17
-3,-2,0.110904,SAN- 6,361,179,438,19
-2,-2,0.110916,SAN- 6,361,179,436,21
-2,-2,0.110951,SAN- 6,361,179,434,23
-2,-2,0.110974,SAN- 6,361,179,432,25
-1,-1,0.110997,SAN- 6,361,179,431,26
-1,-1,0.111026,SAN- 6,361,179,430,27
-3,-1,0.111427,SAN- 6,361,179,427,28
-3,1,0.111525,SAN- 6,361,179,424,27
-3,1,0.111549,SAN- 6,361,179,421,26
-3,2,0.111583,SAN- 6,361,179,418,24
-2,2,0.111607,SAN- 6,361,179,416,22
-1,3,0.111636,SAN- 6,361,179,415,19
-1,3,0.111671,SAN- 6,361,179,414,16
-1,2,0.111676,SAN- 6,361,179,413,14
-1,3,0.1117,SAN- 6,361,179,412,11
-1,3,0.111734,SAN- 6,361,179,411,8
-1,2,0.111763,SAN- 6,361,179,410,6
-1,1,0.111787,SAN- 6,361,179,409,5
-1,1,0.111798,SAN- 6,361,179,408,4
-1,1,0.120587,-TIA- 7,389,253,407,3
-1,2,0.120636,-TIA- 7,389,253,406,1
-1,2,0.120645,-TIA- 7,389,253,405,-1
-2,3,0.120668,-TIA- 7,389,253,403,-4
-1,3,0.120703,-TIA- 7,389,253,402,-7
-2,2,0.120732,-TIA- 7,389,253,400,-9
-2,4,0.120767,-TIA- 7,389,253,398,-13
-1,4,0.120779,-TIA- 7,389,253,397,-17
-1,4,0.120796,-TIA- 7,389,253,396,-21
-1,3,0.120837,-TIA- 7,389,253,395,-24
-1,4,0.120869,-TIA- 7,389,253,394,-28
-1,8,0.120895,-TIA- 7,389,253,393,-36
-1,3,0.120924,-TIA- 7,389,253,392,-39
-1,4,0.120947,-TIA- 7,389,253,391,-43
1,4,0.120982,-TIA- 7,389,253,392,-47
1,4,0.121005,-TIA- 7,389,253,393,-51
1,3,0.121039,-TIA- 7,389,253,394,-54
1,4,0.121046,-TIA- 7,389,253,395,-58
1,4,0.121069,-TIA- 7,389,253,396,-62
1,4,0.121098,-TIA- 7,389,253,397,-66
1,3,0.121125,-TIA- 7,389,253,398,-69
1,4,0.121167,-TIA- 7,389,253,399,-73
1,8,0.121197,-TIA- 7,389,253,400,-81
1,3,0.12122,-TIA- 7,389,253,401,-84
1,4,0.121255,-TIA- 7,389,253,402,-88
1,4,0.121278,-TIA- 7,389,253,403,-92
1,4,0.121318,-TIA- 7,389,253,404,-96
1,7,0.121347,-TIA- 7,389,253,405,-103
1,4,0.121382,-TIA- 7,389,253,406,-107
1,4,0.121394,-TIA- 7,389,253,407,-111
1,3,0.121429,-TIA- 7,389,253,408,-114
1,4,0.121458,-TIA- 7,389,253,409,-118
1,4,0.121493,-TIA- 7,389,253,410,-122
1,4,0.12151,-TIA- 7,389,253,411,-126
1,3,0.121533,-TIA- 7,389,253,412,-129
1,4,0.121551,-TIA- 7,389,253,413,-133
1,4,0.12158,-TIA- 7,389,253,414,-137
1,3,0.121615,-TIA- 7,389,253,415,-140
1,2,0.121644,-TIA- 7,389,253,416,-142
1,1,0.121654,-TIA- 7,389,253,417,-143
1,1,0.121707,-TIA- 7,389,253,418,-144
1,1,0.121731,-TIA- 7,389,253,419,-145
1,-1,0.121934,-TIA- 7,389,253,420,-144
1,-1,0.12198,-TIA- 7,389,253,421,-143
1,-2,0.122044,-TIA- 7,389,253,422,-141
1,-2,0.12205,-TIA- 7,389,253,423,-139
1,-2,0.122091,-TIA- 7,389,253,424,-137
1,-2,0.122108,-TIA- 7,389,253,425,-135
1,-1,0.122131,-TIA- 7,389,253,426,-134
1,1,0.122241,-TIA- 7,389,253,427,-135
1,2,0.122259,-TIA- 7,389,253,428,-137
1,1,0.122283,-TIA- 7,389,253,429,-138
-1,3,0.122317,-TIA- 7,389,253,428,-141
-1,3,0.122346,-TIA- 7,389,253,427,-144
-1,3,0.122363,-TIA- 7,389,253,426,-147
-1,3,0.122381,-TIA- 7,389,253,425,-150
-2,2,0.12241,-TIA- 7,389,253,423,-152
-2,1,0.122445,-TIA- 7,389,253,421,-153
-1,1,0.122478,-TIA- 7,389,253,420,-154
-1,1,0.122497,-TIA- 7,389,253,419,-155
-1,1,0.122508,-TIA- 7,389,253,418,-156
1,1,0.136127,GO 8,172,439,419,-157
1,1,0.136156,GO 8,172,439,420,-158
1,1,0.136191,GO 8,172,439,421,-159
1,2,0.13622,GO 8,172,439,422,-161
-1,4,0.136255,GO 8,172,439,421,-165
-4,3,0.136284,GO 8,172,439,417,-168
-3,4,0.136307,GO 8,172,439,414,-172
-3,4,0.136342,GO 8,172,439,411,-176
-3,3,0.136371,GO 8,172,439,408,-179
-3,4,0.1364,GO 8,172,439,405,-183
-4,4,0.136406,GO 8,172,439,401,-187
-4,4,0.136435,GO 8,172,439,397,-191
-4,3,0.136464,GO 8,172,439,393,-194
-3,4,0.136487,GO 8,172,439,390,-198
-4,4,0.136528,GO 8,172,439,386,-202
-4,4,0.136533,GO 8,172,439,382,-206
-4,3,0.136557,GO 8,172,439,378,-209
-3,4,0.136591,GO 8,172,439,375,-213
-4,4,0.136615,GO 8,172,439,371,-217
-4,4,0.136638,GO 8,172,439,367,-221
-4,3,0.136667,GO 8,172,439,363,-224
-3,4,0.136713,GO 8,172,439,360,-228
-4,4,0.136719,GO 8,172,439,356,-232
-4,4,0.136731,GO 8,172,439,352,-236
-4,3,0.136766,GO 8,172,439,348,-239
-3,4,0.136796,GO 8,172,439,345,-243
-4,4,0.136824,GO 8,172,439,341,-247
-4,4,0.136853,GO 8,172,439,337,-251
-4,3,0.13687,GO 8,172,439,333,-254
-3,4,0.136887,GO 8,172,439,330,-258
-4,4,0.136916,GO 8,172,439,326,-262
-4,4,0.13694,GO 8,172,439,322,-266
-4,3,0.136975,GO 8,172,439,318,-269
-3,4,0.137004,GO 8,172,439,315,-273
-4,4,0.137015,GO 8,172,439,311,-277
-4,3,0.137038,GO 8,172,439,307,-280
-4,2,0.137067,GO 8,172,439,303,-282
-3,3,0.137091,GO 8,172,439,300,-285
-4,3,0.137125,GO 8,172,439,296,-288
-4,3,0.137154,GO 8,172,439,292,-291
-3,2,0.137166,GO 8,172,439,289,-293
-4,2,0.137189,GO 8,172,439,285,-295
-4,2,0.137223,GO 8,172,439,281,-297
-4,1,0.137253,GO 8,172,439,277,-298
-3,2,0.137276,GO 8,172,439,274,-300
-4,2,0.137311,GO 8,172,439,270,-302
-4,2,0.137317,GO 8,172,439,266,-304
-4,2,0.13734,GO 8,172,439,262,-306
-3,2,0.137375,GO 8,172,439,259,-308
-4,2,0.137404,GO 8,172,439,255,-310
-4,2,0.137439,GO 8,172,439,251,-312
-4,3,0.137451,GO 8,172,439,247,-315
-3,2,0.137456,GO 8,172,439,244,-317
-4,2,0.13748,GO 8,172,439,240,-319
-4,2,0.137506,GO 8,172,439,236,-321
-4,2,0.137546,GO 8,172,439,232,-323
-3,2,0.137578,GO 8,172,439,229,-325
-4,3,0.137613,GO 8,172,439,225,-328
-8,2,0.137636,GO 8,172,439,217,-330
-3,2,0.137665,GO 8,172,439,214,-332
-4,2,0.1377,GO 8,172,439,210,-334
-4,2,0.137723,GO 8,172,439,206,-336
-4,3,0.137764,GO 8,172,439,202,-339
-7,1,0.137787,GO 8,172,439,195,-340
-4,1,0.13781,GO 8,172,439,191,-341
-4,1,0.137845,GO 8,172,439,187,-342
-3,1,0.137874,GO 8,172,439,184,-343
-4,2,0.137909,GO 8,172,439,180,-345
-4,2,0.137915,GO 8,172,439,176,-347
-4,2,0.13795,GO 8,172,439,172,-349
-3,3,0.137965,GO 8,172,439,169,-352
-4,3,0.137996,GO 8,172,439,165,-355
-4,2,0.138025,GO 8,172,439,161,-357
-4,3,0.13806,GO 8,172,439,157,-360
-3,3,0.138077,GO 8,172,439,154,-363
-4,3,0.138089,GO 8,172,439,150,-366
-4,3,0.138118,GO 8,172,439,146,-369
-4,3,0.138147,GO 8,172,439,142,-372
-3,1,0.138182,GO 8,172,439,139,-373
-4,2,0.138188,GO 8,172,439,135,-375
-4,1,0.138223,GO 8,172,439,131,-376
-4,1,0.138252,GO 8,172,439,127,-377
-3,1,0.138275,GO 8,172,439,124,-378
-3,1,0.138397,GO 8,172,439,121,-379
-8,1,0.138426,GO 8,172,439,113,-380
-1,1,0.138948,GO 8,172,439,112,-381
-1,1,0.138971,GO 8,172,439,111,-382
-1,1,0.139035,GO 8,172,439,110,-383
-1,1,0.139053,GO 8,172,439,109,-384
-1,2,0.139099,GO 8,172,439,108,-386
-1,2,0.139122,GO 8,172,439,107,-388
-1,2,0.139146,GO 8,172,439,106,-390
-1,1,0.13918,GO 8,172,439,105,-391
-1,2,0.139209,GO 8,172,439,104,-393
-1,2,0.139244,GO 8,172,439,103,-395
1,1,0.139267,GO 8,172,439,104,-396
1,1,0.139273,GO 8,172,439,105,-397
2,1,0.139297,GO 8,172,439,107,-398
2,1,0.139331,GO 8,172,439,109,-399
3,-1,0.139452,GO 8,172,439,112,-398
3,-1,0.139476,GO 8,172,439,115,-397
3,-1,0.139517,GO 8,172,439,118,-396
3,-1,0.13954,GO 8,172,439,121,-395
2,-1,0.139581,GO 8,172,439,123,-394
3,-1,0.139587,GO 8,172,439,126,-393
3,-1,0.139604,GO 8,172,439,129,-392
3,-1,0.139633,GO 8,172,439,132,-391
3,-1,0.139668,GO 8,172,439,135,-390
3,1,0.139825,GO 8,172,439,138,-391
3,1,0.139865,GO 8,172,439,141,-392
3,2,0.139894,GO 8,172,439,144,-394
3,2,0.139918,GO 8,172,439,147,-396
3,2,0.139947,GO 8,172,439,150,-398
1,2,0.139964,GO 8,172,439,151,-400
2,2,0.139981,GO 8,172,439,153,-402
2,2,0.140011,GO 8,172,439,155,-404
2,1,0.140045,GO 8,172,439,157,-405
2,1,0.140057,GO 8,172,439,159,-406
1,1,0.140092,GO 8,172,439,160,-407
1,1,0.140125,GO 8,172,439,161,-408
1,1,0.140138,GO 8,172,439,162,-409
