dX,dY,WHEN,SYLLABLE,X,Y,cX,cY
0,-1,0.0554667,Yield,0,0,0,1
-1,-1,0.0555073,Yield,0,0,-1,2
-1,-1,0.0555305,Yield,0,0,-2,3
-1,-1,0.0555606,Yield,0,0,-3,4
-1,-1,0.0555944,Yield,0,0,-4,5
-1,-1,0.0556287,Yield,0,0,-5,6
-1,-1,0.0556582,Yield,0,0,-6,7
-1,1,0.0557221,Yield,0,0,-7,6
-1,2,0.0557627,Yield,0,0,-8,4
-1,2,0.0557859,Yield,0,0,-9,2
-2,2,0.0558192,Yield,0,0,-11,0
-2,3,0.0558498,Yield,0,0,-13,-3
-3,3,0.0558556,Yield,0,0,-16,-6
-2,2,0.0558788,Yield,0,0,-18,-8
-3,3,0.0559253,Yield,0,0,-21,-11
-4,3,0.0559369,Yield,0,0,-25,-14
-4,3,0.0559775,Yield,0,0,-29,-17
-4,3,0.0559833,Yield,0,0,-33,-20
-3,2,0.0560123,Yield,0,0,-36,-22
-4,3,0.0560414,Yield,0,0,-40,-25
-4,3,0.0560646,Yield,0,0,-44,-28
-4,3,0.0561101,Yield,0,0,-48,-31
-3,3,0.0561284,Yield,0,0,-51,-34
-3,2,0.05614,Yield,0,0,-54,-36
-3,3,0.0561691,Yield,0,0,-57,-39
-3,3,0.0561865,Yield,0,0,-60,-42
-2,3,0.0562271,Yield,0,0,-62,-45
-1,3,0.0562561,Yield,0,0,-63,-48
-2,3,0.0562678,Yield,0,0,-65,-51
-1,2,0.056291,Yield,0,0,-66,-53
-1,3,0.05632,Yield,0,0,-67,-56
-1,3,0.0563548,Yield,0,0,-68,-59
-1,3,0.0563664,Yield,0,0,-69,-62
-1,3,0.0564129,Yield,0,0,-70,-65
-1,2,0.0564245,Yield,0,0,-71,-67
-1,3,0.0564419,Yield,0,0,-72,-70
-1,2,0.0564651,Yield,0,0,-73,-72
-1,2,0.0565,Yield,0,0,-74,-74
-1,2,0.0565116,Yield,0,0,-75,-76
-1,1,0.0565348,Yield,0,0,-76,-77
-1,1,0.0565986,Yield,0,0,-77,-78
-1,-1,0.0569469,Yield,0,0,-78,-77
-1,-1,0.0569702,Yield,0,0,-79,-76
-1,-1,0.0570345,Yield,0,0,-80,-75
-1,-1,0.0570398,Yield,0,0,-81,-74
-1,-1,0.0570979,Yield,0,0,-82,-73
-1,-1,0.0571211,Yield,0,0,-83,-72
-1,-1,0.0571849,Yield,0,0,-84,-71
-1,-1,0.0571966,Yield,0,0,-85,-70
-1,-1,0.0572198,Yield,0,0,-86,-69
-1,-1,0.057243,Yield,0,0,-87,-68
-1,-2,0.0572662,Yield,0,0,-88,-66
-1,-2,0.0572952,Yield,0,0,-89,-64
-1,-2,0.0573127,Yield,0,0,-90,-62
-1,-2,0.0573359,Yield,0,0,-91,-60
-1,-2,0.0573599,Yield,0,0,-92,-58
-1,-2,0.0573939,Yield,0,0,-93,-56
-1,-1,0.0574229,Yield,0,0,-94,-55
-1,-2,0.0574578,Yield,0,0,-95,-53
-1,-2,0.0574636,Yield,0,0,-96,-51
-1,-2,0.0574926,Yield,0,0,-97,-49
-1,-1,0.0575332,Yield,0,0,-98,-48
-1,-1,0.0575449,Yield,0,0,-99,-47
-1,-1,0.0575913,Yield,0,0,-100,-46
-1,-1,0.0576203,Yield,0,0,-101,-45
-1,-1,0.0576435,Yield,0,0,-102,-44
-1,-1,0.0576726,Yield,0,0,-103,-43
-1,-1,0.0577074,Yield,0,0,-104,-42
-2,-2,0.057748,Yield,0,0,-106,-40
-4,-1,0.0577712,Yield,0,0,-110,-39
-1,-1,0.0583982,Yield,0,0,-111,-38
-1,-1,0.0584156,Yield,0,0,-112,-37
-1,-1,0.0584388,Yield,0,0,-113,-36
-1,-1,0.0584737,Yield,0,0,-114,-35
-1,-2,0.0585375,Yield,0,0,-115,-33
-1,-2,0.0585491,Yield,0,0,-116,-31
-1,-1,0.0585665,Yield,0,0,-117,-30
-1,-1,0.0586014,Yield,0,0,-118,-29
-1,-1,0.0586536,Yield,0,0,-119,-28
-1,-1,0.0586652,Yield,0,0,-120,-27
-3,-1,0.0589497,Yield,0,0,-123,-26
-3,-1,0.0589671,Yield,0,0,-126,-25
-2,-1,0.0590019,Yield,0,0,-128,-24
-2,-3,0.0590716,Yield,0,0,-130,-21
-3,-2,0.0591064,Yield,0,0,-133,-19
-1,-2,0.059118,Yield,0,0,-134,-17
-1,-2,0.0591528,Yield,0,0,-135,-15
-1,-2,0.0591819,Yield,0,0,-136,-13
-1,-2,0.0591993,Yield,0,0,-137,-11
1,-1,0.0592283,Yield,0,0,-136,-10
1,-1,0.0592864,Yield,0,0,-135,-9
1,1,0.0690329,FRAY 1,165,387,-134,-10
1,1,0.0690561,FRAY 1,165,387,-133,-11
1,2,0.0691142,FRAY 1,165,387,-132,-13
1,2,0.0691432,FRAY 1,165,387,-131,-15
1,2,0.0691839,FRAY 1,165,387,-130,-17
1,2,0.0691886,FRAY 1,165,387,-129,-19
1,3,0.0692071,FRAY 1,165,387,-128,-22
1,2,0.0692419,FRAY 1,165,387,-127,-24
1,3,0.0692651,FRAY 1,165,387,-126,-27
1,3,0.0692941,FRAY 1,165,387,-125,-30
2,3,0.0693116,FRAY 1,165,387,-123,-33
1,4,0.0693406,FRAY 1,165,387,-122,-37
2,3,0.069358,FRAY 1,165,387,-120,-40
2,4,0.0693928,FRAY 1,165,387,-118,-44
2,4,0.0694335,FRAY 1,165,387,-116,-48
3,4,0.0694567,FRAY 1,165,387,-113,-52
3,3,0.0694625,FRAY 1,165,387,-110,-55
2,4,0.0694915,FRAY 1,165,387,-108,-59
3,4,0.0695132,FRAY 1,165,387,-105,-63
3,4,0.0695438,FRAY 1,165,387,-102,-67
3,3,0.0695786,FRAY 1,165,387,-99,-70
3,4,0.069596,FRAY 1,165,387,-96,-74
2,4,0.0696192,FRAY 1,165,387,-94,-78
1,4,0.0696391,FRAY 1,165,387,-93,-82
2,3,0.0696715,FRAY 1,165,387,-91,-85
2,4,0.0696889,FRAY 1,165,387,-89,-89
1,4,0.0697121,FRAY 1,165,387,-88,-93
1,4,0.0697469,FRAY 1,165,387,-87,-97
1,3,0.069776,FRAY 1,165,387,-86,-100
1,4,0.0698108,FRAY 1,165,387,-85,-104
1,4,0.0698166,FRAY 1,165,387,-84,-108
1,4,0.0698398,FRAY 1,165,387,-83,-112
1,3,0.069863,FRAY 1,165,387,-82,-115
1,4,0.0698979,FRAY 1,165,387,-81,-119
1,3,0.0699269,FRAY 1,165,387,-80,-122
1,3,0.0699443,FRAY 1,165,387,-79,-125
1,3,0.0699733,FRAY 1,165,387,-78,-128
-1,2,0.0699907,FRAY 1,165,387,-79,-130
-1,2,0.0700256,FRAY 1,165,387,-80,-132
-1,2,0.0700546,FRAY 1,165,387,-81,-134
-2,2,0.0700894,FRAY 1,165,387,-83,-136
-2,3,0.070101,FRAY 1,165,387,-85,-139
-2,3,0.0701301,FRAY 1,165,387,-87,-142
-2,2,0.0701444,FRAY 1,165,387,-89,-144
-1,3,0.0701765,FRAY 1,165,387,-90,-147
-1,4,0.0701939,FRAY 1,165,387,-91,-151
-1,4,0.0702229,FRAY 1,165,387,-92,-155
1,3,0.0702462,FRAY 1,165,387,-91,-158
1,4,0.070281,FRAY 1,165,387,-90,-162
2,4,0.07031,FRAY 1,165,387,-88,-166
2,4,0.0703216,FRAY 1,165,387,-86,-170
2,3,0.0703449,FRAY 1,165,387,-84,-173
2,4,0.0703797,FRAY 1,165,387,-82,-177
2,4,0.0704029,FRAY 1,165,387,-80,-181
2,4,0.0704261,FRAY 1,165,387,-78,-185
1,3,0.0704551,FRAY 1,165,387,-77,-188
2,4,0.0704726,FRAY 1,165,387,-75,-192
2,4,0.0704958,FRAY 1,165,387,-73,-196
2,4,0.070519,FRAY 1,165,387,-71,-200
2,3,0.0705538,FRAY 1,165,387,-69,-203
2,4,0.0705945,FRAY 1,165,387,-67,-207
2,4,0.0706061,FRAY 1,165,387,-65,-211
3,4,0.0706235,FRAY 1,165,387,-62,-215
2,3,0.0706467,FRAY 1,165,387,-60,-218
3,4,0.070672,FRAY 1,165,387,-57,-222
3,4,0.0707106,FRAY 1,165,387,-54,-226
3,4,0.0707454,FRAY 1,165,387,-51,-230
3,3,0.0707686,FRAY 1,165,387,-48,-233
2,4,0.0707744,FRAY 1,165,387,-46,-237
3,4,0.0708034,FRAY 1,165,387,-43,-241
3,4,0.0708267,FRAY 1,165,387,-40,-245
3,3,0.0708557,FRAY 1,165,387,-37,-248
3,4,0.0708789,FRAY 1,165,387,-34,-252
2,4,0.0709195,FRAY 1,165,387,-32,-256
2,4,0.0709312,FRAY 1,165,387,-30,-260
2,3,0.0709544,FRAY 1,165,387,-28,-263
2,4,0.0709776,FRAY 1,165,387,-26,-267
2,4,0.0710066,FRAY 1,165,387,-24,-271
2,4,0.0710415,FRAY 1,165,387,-22,-275
2,3,0.0710589,FRAY 1,165,387,-20,-278
2,4,0.0710821,FRAY 1,165,387,-18,-282
1,4,0.0711053,FRAY 1,165,387,-17,-286
1,4,0.0711227,FRAY 1,165,387,-16,-290
1,7,0.0711576,FRAY 1,165,387,-15,-297
2,4,0.0711924,FRAY 1,165,387,-13,-301
2,4,0.0712156,FRAY 1,165,387,-11,-305
2,3,0.0712388,FRAY 1,165,387,-9,-308
2,4,0.0712737,FRAY 1,165,387,-7,-312
2,4,0.0712969,FRAY 1,165,387,-5,-316
2,4,0.0713143,FRAY 1,165,387,-3,-320
1,3,0.0713433,FRAY 1,165,387,-2,-323
2,4,0.0713665,FRAY 1,165,387,0,-327
2,4,0.0713934,FRAY 1,165,387,2,-331
2,4,0.0714246,FRAY 1,165,387,4,-335
2,3,0.0714478,FRAY 1,165,387,6,-338
2,4,0.0714652,FRAY 1,165,387,8,-342
2,4,0.0714884,FRAY 1,165,387,10,-346
2,4,0.0715233,FRAY 1,165,387,12,-350
1,3,0.0715465,FRAY 1,165,387,13,-353
2,4,0.0715755,FRAY 1,165,387,15,-357
2,4,0.0716103,FRAY 1,165,387,17,-361
2,4,0.0716161,FRAY 1,165,387,19,-365
2,3,0.0716394,FRAY 1,165,387,21,-368
2,3,0.0716742,FRAY 1,165,387,23,-371
2,3,0.0716974,FRAY 1,165,387,25,-374
2,3,0.0717206,FRAY 1,165,387,27,-377
1,3,0.0717439,FRAY 1,165,387,28,-380
2,3,0.0717671,FRAY 1,165,387,30,-383
2,2,0.0717903,FRAY 1,165,387,32,-385
1,3,0.0718193,FRAY 1,165,387,33,-388
1,3,0.0718483,FRAY 1,165,387,34,-391
1,3,0.0718716,FRAY 1,165,387,35,-394
1,3,0.0719122,FRAY 1,165,387,36,-397
1,2,0.0719238,FRAY 1,165,387,37,-399
1,3,0.0719465,FRAY 1,165,387,38,-402
1,3,0.0719761,FRAY 1,165,387,39,-405
1,3,0.0719993,FRAY 1,165,387,40,-408
2,3,0.0720225,FRAY 1,165,387,42,-411
1,2,0.0720573,FRAY 1,165,387,43,-413
2,3,0.0720689,FRAY 1,165,387,45,-416
2,3,0.0720922,FRAY 1,165,387,47,-419
2,3,0.0721212,FRAY 1,165,387,49,-422
2,3,0.0721502,FRAY 1,165,387,51,-425
2,3,0.0721734,FRAY 1,165,387,53,-428
2,2,0.0722083,FRAY 1,165,387,55,-430
2,3,0.0722257,FRAY 1,165,387,57,-433
1,3,0.0722489,FRAY 1,165,387,58,-436
2,3,0.0722721,FRAY 1,165,387,60,-439
2,3,0.0723127,FRAY 1,165,387,62,-442
2,2,0.0723244,FRAY 1,165,387,64,-444
2,3,0.0723592,FRAY 1,165,387,66,-447
2,3,0.0723708,FRAY 1,165,387,68,-450
2,3,0.0723998,FRAY 1,165,387,70,-453
2,3,0.072423,FRAY 1,165,387,72,-456
1,2,0.0724567,FRAY 1,165,387,73,-458
2,1,0.0724869,FRAY 1,165,387,75,-459
1,2,0.0725101,FRAY 1,165,387,76,-461
1,2,0.0725275,FRAY 1,165,387,77,-463
1,2,0.0725507,FRAY 1,165,387,78,-465
1,3,0.072574,FRAY 1,165,387,79,-468
1,3,0.0726088,FRAY 1,165,387,80,-471
1,2,0.0726378,FRAY 1,165,387,81,-473
1,3,0.072661,FRAY 1,165,387,82,-476
1,3,0.0726785,FRAY 1,165,387,83,-479
1,3,0.0727017,FRAY 1,165,387,84,-482
1,2,0.0727249,FRAY 1,165,387,85,-484
1,3,0.0727597,FRAY 1,165,387,86,-487
1,3,0.0727771,FRAY 1,165,387,87,-490
1,3,0.0728236,FRAY 1,165,387,88,-493
1,3,0.0728294,FRAY 1,165,387,89,-496
1,2,0.0728526,FRAY 1,165,387,90,-498
1,3,0.0728816,FRAY 1,165,387,91,-501
1,3,0.0729107,FRAY 1,165,387,92,-504
1,3,0.0729424,FRAY 1,165,387,93,-507
1,3,0.0729513,FRAY 1,165,387,94,-510
1,2,0.0729825,FRAY 1,165,387,95,-512
1,3,0.0730093,FRAY 1,165,387,96,-515
1,3,0.0730326,FRAY 1,165,387,97,-518
1,3,0.0730558,FRAY 1,165,387,98,-521
1,3,0.0730848,FRAY 1,165,387,99,-524
1,3,0.0731022,FRAY 1,165,387,100,-527
1,2,0.0731371,FRAY 1,165,387,101,-529
1,3,0.0731603,FRAY 1,165,387,102,-532
1,3,0.0731835,FRAY 1,165,387,103,-535
1,3,0.0732067,FRAY 1,165,387,104,-538
1,3,0.0732415,FRAY 1,165,387,105,-541
1,2,0.0732532,FRAY 1,165,387,106,-543
1,3,0.0732764,FRAY 1,165,387,107,-546
1,3,0.0733112,FRAY 1,165,387,108,-549
1,3,0.0733344,FRAY 1,165,387,109,-552
1,3,0.0733518,FRAY 1,165,387,110,-555
1,2,0.0733867,FRAY 1,165,387,111,-557
1,3,0.0733983,FRAY 1,165,387,112,-560
1,3,0.0734215,FRAY 1,165,387,113,-563
1,2,0.0734563,FRAY 1,165,387,114,-565
1,2,0.0734854,FRAY 1,165,387,115,-567
1,2,0.0735028,FRAY 1,165,387,116,-569
1,2,0.0735376,FRAY 1,165,387,117,-571
1,1,0.073555,FRAY 1,165,387,118,-572
1,1,0.0735782,FRAY 1,165,387,119,-573
1,1,0.0736015,FRAY 1,165,387,120,-574
1,1,0.0736305,FRAY 1,165,387,121,-575
1,1,0.0736885,FRAY 1,165,387,122,-576
1,-1,0.0841375,SAN- 2,14,394,123,-575
1,-1,0.0841781,SAN- 2,14,394,124,-574
-1,1,0.0857049,SAN- 2,14,394,123,-575
-1,1,0.0857397,SAN- 2,14,394,122,-576
-1,1,0.0857571,SAN- 2,14,394,121,-577
-1,2,0.0858093,SAN- 2,14,394,120,-579
-1,2,0.0858326,SAN- 2,14,394,119,-581
-1,2,0.0858674,SAN- 2,14,394,118,-583
-2,4,0.085908,SAN- 2,14,394,116,-587
-4,1,0.0859371,SAN- 2,14,394,112,-588
-3,3,0.0859603,SAN- 2,14,394,109,-591
-2,3,0.0859835,SAN- 2,14,394,107,-594
-3,3,0.0860183,SAN- 2,14,394,104,-597
-3,3,0.0860357,SAN- 2,14,394,101,-600
-3,3,0.086059,SAN- 2,14,394,98,-603
-3,2,0.086088,SAN- 2,14,394,95,-605
-3,2,0.0861112,SAN- 2,14,394,92,-607
-4,2,0.0861402,SAN- 2,14,394,88,-609
-4,2,0.0861693,SAN- 2,14,394,84,-611
-4,2,0.0862041,SAN- 2,14,394,80,-613
-3,2,0.0862099,SAN- 2,14,394,77,-615
-4,2,0.0862331,SAN- 2,14,394,73,-617
-3,1,0.0862679,SAN- 2,14,394,70,-618
-3,1,0.0862912,SAN- 2,14,394,67,-619
-3,1,0.0863202,SAN- 2,14,394,64,-620
-2,1,0.086355,SAN- 2,14,394,62,-621
-3,1,0.0863608,SAN- 2,14,394,59,-622
-3,1,0.086384,SAN- 2,14,394,56,-623
-3,1,0.0864189,SAN- 2,14,394,53,-624
-3,1,0.0864421,SAN- 2,14,394,50,-625
-2,1,0.0864711,SAN- 2,14,394,48,-626
-2,1,0.0864987,SAN- 2,14,394,46,-627
-2,1,0.0865176,SAN- 2,14,394,44,-628
-1,1,0.086535,SAN- 2,14,394,43,-629
-1,1,0.0865698,SAN- 2,14,394,42,-630
-1,1,0.0866162,SAN- 2,14,394,41,-631
-1,1,0.0866511,SAN- 2,14,394,40,-632
-2,1,0.0866685,SAN- 2,14,394,38,-633
-2,1,0.0866917,SAN- 2,14,394,36,-634
-2,1,0.0867149,SAN- 2,14,394,34,-635
-2,1,0.0867556,SAN- 2,14,394,32,-636
-2,1,0.0867672,SAN- 2,14,394,30,-637
-1,1,0.086802,SAN- 2,14,394,29,-638
-2,1,0.0876785,SAN- 2,14,394,27,-639
-2,1,0.087696,SAN- 2,14,394,25,-640
-2,1,0.0877192,SAN- 2,14,394,23,-641
-2,1,0.0877482,SAN- 2,14,394,21,-642
-2,1,0.0877772,SAN- 2,14,394,19,-643
-1,1,0.0878005,SAN- 2,14,394,18,-644
-2,1,0.0878295,SAN- 2,14,394,16,-645
-2,1,0.0878469,SAN- 2,14,394,14,-646
-2,1,0.0878701,SAN- 2,14,394,12,-647
-2,1,0.0879862,SAN- 2,14,394,10,-648
-3,1,0.0879978,SAN- 2,14,394,7,-649
-3,1,0.0880268,SAN- 2,14,394,4,-650
-3,1,0.0880501,SAN- 2,14,394,1,-651
-3,1,0.0880791,SAN- 2,14,394,-2,-652
-3,1,0.0881023,SAN- 2,14,394,-5,-653
-2,1,0.0881371,SAN- 2,14,394,-7,-654
-3,1,0.0881546,SAN- 2,14,394,-10,-655
-3,1,0.0881778,SAN- 2,14,394,-13,-656
-3,1,0.088201,SAN- 2,14,394,-16,-657
-3,1,0.08823,SAN- 2,14,394,-19,-658
-2,1,0.0882573,SAN- 2,14,394,-21,-659
-3,1,0.0882881,SAN- 2,14,394,-24,-660
-2,-1,0.0890601,SAN- 2,14,394,-26,-659
-2,-1,0.0890717,SAN- 2,14,394,-28,-658
-2,-1,0.089095,SAN- 2,14,394,-30,-657
-2,-1,0.0891182,SAN- 2,14,394,-32,-656
-2,-1,0.0891472,SAN- 2,14,394,-34,-655
-2,-1,0.0891646,SAN- 2,14,394,-36,-654
-1,-1,0.0891878,SAN- 2,14,394,-37,-653
-2,-1,0.0892227,SAN- 2,14,394,-39,-652
-2,-1,0.0892517,SAN- 2,14,394,-41,-651
-2,-1,0.0892691,SAN- 2,14,394,-43,-650
-2,-1,0.0893039,SAN- 2,14,394,-45,-649
-2,-1,0.0893156,SAN- 2,14,394,-47,-648
-2,-1,0.0893446,SAN- 2,14,394,-49,-647
-1,-1,0.0893968,SAN- 2,14,394,-50,-646
-2,-1,0.08942,SAN- 2,14,394,-52,-645
-2,-1,0.0894436,SAN- 2,14,394,-54,-644
-2,1,0.0895718,SAN- 2,14,394,-56,-645
-1,1,0.089629,SAN- 2,14,394,-57,-646
-1,1,0.0896464,SAN- 2,14,394,-58,-647
-1,-1,0.101593,-TIA- 3,191,127,-59,-646
-1,-1,0.101616,-TIA- 3,191,127,-60,-645
1,-2,0.101674,-TIA- 3,191,127,-59,-643
1,-2,0.101698,-TIA- 3,191,127,-58,-641
2,-2,0.101738,-TIA- 3,191,127,-56,-639
2,-2,0.101744,-TIA- 3,191,127,-54,-637
2,-2,0.101767,-TIA- 3,191,127,-52,-635
2,-2,0.10179,-TIA- 3,191,127,-50,-633
2,-2,0.101831,-TIA- 3,191,127,-48,-631
1,-1,0.101854,-TIA- 3,191,127,-47,-630
2,-2,0.101878,-TIA- 3,191,127,-45,-628
2,-2,0.101895,-TIA- 3,191,127,-43,-626
2,-2,0.10192,-TIA- 3,191,127,-41,-624
2,-2,0.101945,-TIA- 3,191,127,-39,-622
2,-2,0.101976,-TIA- 3,191,127,-37,-620
2,-2,0.102005,-TIA- 3,191,127,-35,-618
2,-2,0.10204,-TIA- 3,191,127,-33,-616
1,-1,0.102046,-TIA- 3,191,127,-32,-615
2,-2,0.102074,-TIA- 3,191,127,-30,-613
2,-2,0.102098,-TIA- 3,191,127,-28,-611
2,-2,0.102127,-TIA- 3,191,127,-26,-609
2,-2,0.102162,-TIA- 3,191,127,-24,-607
1,-2,0.102191,-TIA- 3,191,127,-23,-605
1,-2,0.102202,-TIA- 3,191,127,-22,-603
1,-2,0.102226,-TIA- 3,191,127,-21,-601
1,-1,0.102249,-TIA- 3,191,127,-20,-600
1,-2,0.102278,-TIA- 3,191,127,-19,-598
1,-2,0.102313,-TIA- 3,191,127,-18,-596
1,-2,0.102325,-TIA- 3,191,127,-17,-594
1,-2,0.102354,-TIA- 3,191,127,-16,-592
1,-2,0.102377,-TIA- 3,191,127,-15,-590
1,-2,0.1024,-TIA- 3,191,127,-14,-588
1,-1,0.102435,-TIA- 3,191,127,-13,-587
1,-2,0.102464,-TIA- 3,191,127,-12,-585
1,-2,0.102475,-TIA- 3,191,127,-11,-583
1,-2,0.102504,-TIA- 3,191,127,-10,-581
1,-2,0.102528,-TIA- 3,191,127,-9,-579
1,-3,0.102551,-TIA- 3,191,127,-8,-576
1,-3,0.102586,-TIA- 3,191,127,-7,-573
1,-2,0.102609,-TIA- 3,191,127,-6,-571
1,-3,0.102626,-TIA- 3,191,127,-5,-568
1,-3,0.10265,-TIA- 3,191,127,-4,-565
1,-3,0.102679,-TIA- 3,191,127,-3,-562
1,-3,0.102708,-TIA- 3,191,127,-2,-559
1,-2,0.102742,-TIA- 3,191,127,-1,-557
1,-3,0.10276,-TIA- 3,191,127,0,-554
1,-3,0.102777,-TIA- 3,191,127,1,-551
1,-2,0.102801,-TIA- 3,191,127,2,-549
1,-2,0.10283,-TIA- 3,191,127,3,-547
1,-2,0.102859,-TIA- 3,191,127,4,-545
1,-2,0.102893,-TIA- 3,191,127,5,-543
1,-1,0.102911,-TIA- 3,191,127,6,-542
1,-2,0.102928,-TIA- 3,191,127,7,-540
1,-2,0.102951,-TIA- 3,191,127,8,-538
1,-2,0.102975,-TIA- 3,191,127,9,-536
1,-2,0.10301,-TIA- 3,191,127,10,-534
1,-2,0.103039,-TIA- 3,191,127,11,-532
1,-2,0.103073,-TIA- 3,191,127,12,-530
1,-2,0.103085,-TIA- 3,191,127,13,-528
1,-1,0.103102,-TIA- 3,191,127,14,-527
1,-2,0.103128,-TIA- 3,191,127,15,-525
1,-2,0.10316,-TIA- 3,191,127,16,-523
1,-2,0.103189,-TIA- 3,191,127,17,-521
1,-2,0.103207,-TIA- 3,191,127,18,-519
1,-2,0.10323,-TIA- 3,191,127,19,-517
1,-2,0.103259,-TIA- 3,191,127,20,-515
1,-2,0.103282,-TIA- 3,191,127,21,-513
1,-2,0.103311,-TIA- 3,191,127,22,-511
1,-3,0.103346,-TIA- 3,191,127,23,-508
1,-3,0.103375,-TIA- 3,191,127,24,-505
1,-3,0.103382,-TIA- 3,191,127,25,-502
1,-3,0.10341,-TIA- 3,191,127,26,-499
1,-2,0.103433,-TIA- 3,191,127,27,-497
1,-3,0.103459,-TIA- 3,191,127,28,-494
1,-3,0.103486,-TIA- 3,191,127,29,-491
1,-3,0.103509,-TIA- 3,191,127,30,-488
1,-3,0.103538,-TIA- 3,191,127,31,-485
1,-2,0.103561,-TIA- 3,191,127,32,-483
1,-3,0.103584,-TIA- 3,191,127,33,-480
1,-3,0.103607,-TIA- 3,191,127,34,-477
1,-3,0.103642,-TIA- 3,191,127,35,-474
1,-3,0.103671,-TIA- 3,191,127,36,-471
1,-3,0.103689,-TIA- 3,191,127,37,-468
2,-2,0.103712,-TIA- 3,191,127,39,-466
2,-3,0.103746,-TIA- 3,191,127,41,-463
2,-3,0.103758,-TIA- 3,191,127,43,-460
2,-3,0.103793,-TIA- 3,191,127,45,-457
2,-3,0.103822,-TIA- 3,191,127,47,-454
2,-2,0.10384,-TIA- 3,191,127,49,-452
1,-3,0.103863,-TIA- 3,191,127,50,-449
2,-3,0.103886,-TIA- 3,191,127,52,-446
2,-3,0.103909,-TIA- 3,191,127,54,-443
2,-3,0.103944,-TIA- 3,191,127,56,-440
2,-2,0.103974,-TIA- 3,191,127,58,-438
2,-3,0.103991,-TIA- 3,191,127,60,-435
1,-3,0.104014,-TIA- 3,191,127,61,-432
1,-3,0.104042,-TIA- 3,191,127,62,-429
1,-3,0.104072,-TIA- 3,191,127,63,-426
1,-3,0.104095,-TIA- 3,191,127,64,-423
1,-1,0.104112,-TIA- 3,191,127,65,-422
1,-2,0.104147,-TIA- 3,191,127,66,-420
1,-2,0.104171,-TIA- 3,191,127,67,-418
1,-2,0.104194,-TIA- 3,191,127,68,-416
1,-2,0.104223,-TIA- 3,191,127,69,-414
1,-2,0.104258,-TIA- 3,191,127,70,-412
1,-2,0.104263,-TIA- 3,191,127,71,-410
1,-1,0.104298,-TIA- 3,191,127,72,-409
1,-2,0.104321,-TIA- 3,191,127,73,-407
1,-2,0.104345,-TIA- 3,191,127,74,-405
1,-2,0.10438,-TIA- 3,191,127,75,-403
1,-2,0.104409,-TIA- 3,191,127,76,-401
1,-2,0.104414,-TIA- 3,191,127,77,-399
1,-2,0.104438,-TIA- 3,191,127,78,-397
1,-2,0.104472,-TIA- 3,191,127,79,-395
1,-1,0.104496,-TIA- 3,191,127,80,-394
1,-2,0.10453,-TIA- 3,191,127,81,-392
1,-2,0.104559,-TIA- 3,191,127,82,-390
1,-2,0.104571,-TIA- 3,191,127,83,-388
1,-2,0.104594,-TIA- 3,191,127,84,-386
1,-2,0.104623,-TIA- 3,191,127,85,-384
1,-2,0.104647,-TIA- 3,191,127,86,-382
1,-2,0.104676,-TIA- 3,191,127,87,-380
1,-1,0.104705,-TIA- 3,191,127,88,-379
1,-2,0.104728,-TIA- 3,191,127,89,-377
1,-2,0.104745,-TIA- 3,191,127,90,-375
1,-2,0.104768,-TIA- 3,191,127,91,-373
1,-2,0.104797,-TIA- 3,191,127,92,-371
1,-2,0.104821,-TIA- 3,191,127,93,-369
1,-2,0.104856,-TIA- 3,191,127,94,-367
1,-1,0.104873,-TIA- 3,191,127,95,-366
1,-2,0.104896,-TIA- 3,191,127,96,-364
1,-2,0.104925,-TIA- 3,191,127,97,-362
1,-2,0.104948,-TIA- 3,191,127,98,-360
1,-1,0.104976,-TIA- 3,191,127,99,-359
1,-1,0.105006,-TIA- 3,191,127,100,-358
1,-1,0.105047,-TIA- 3,191,127,101,-357
1,-1,0.10507,-TIA- 3,191,127,102,-356
1,-1,0.105128,-TIA- 3,191,127,103,-355
1,-1,0.105175,-TIA- 3,191,127,104,-354
1,-1,0.105198,-TIA- 3,191,127,105,-353
1,-2,0.105221,-TIA- 3,191,127,106,-351
1,-2,0.105256,-TIA- 3,191,127,107,-349
1,-2,0.105297,-TIA- 3,191,127,108,-347
1,-2,0.105311,-TIA- 3,191,127,109,-345
1,-1,0.105332,-TIA- 3,191,127,110,-344
1,-2,0.105349,-TIA- 3,191,127,111,-342
1,-2,0.105372,-TIA- 3,191,127,112,-340
1,-2,0.105407,-TIA- 3,191,127,113,-338
1,-2,0.10544,-TIA- 3,191,127,114,-336
1,-2,0.105465,-TIA- 3,191,127,115,-334
1,-2,0.105482,-TIA- 3,191,127,116,-332
1,-1,0.105506,-TIA- 3,191,127,117,-331
1,-2,0.105528,-TIA- 3,191,127,118,-329
1,-2,0.105558,-TIA- 3,191,127,119,-327
1,-2,0.105593,-TIA- 3,191,127,120,-325
1,-4,0.105633,-TIA- 3,191,127,121,-321
1,-1,0.105662,-TIA- 3,191,127,122,-320
1,-1,0.105709,-TIA- 3,191,127,123,-319
1,-1,0.105744,-TIA- 3,191,127,124,-318
1,-1,0.105784,-TIA- 3,191,127,125,-317
1,-1,0.105808,-TIA- 3,191,127,126,-316
1,-2,0.105854,-TIA- 3,191,127,127,-314
1,-2,0.105895,-TIA- 3,191,127,128,-312
1,-2,0.1059,-TIA- 3,191,127,129,-310
1,-2,0.105935,-TIA- 3,191,127,130,-308
1,-1,0.105958,-TIA- 3,191,127,131,-307
1,-2,0.105982,-TIA- 3,191,127,132,-305
1,-2,0.106017,-TIA- 3,191,127,133,-303
1,-2,0.10604,-TIA- 3,191,127,134,-301
1,-1,0.106057,-TIA- 3,191,127,135,-300
1,-1,0.106109,-TIA- 3,191,127,136,-299
1,-1,0.106133,-TIA- 3,191,127,137,-298
1,-1,0.106191,-TIA- 3,191,127,138,-297
1,-1,0.106208,-TIA- 3,191,127,139,-296
1,-1,0.106266,-TIA- 3,191,127,140,-295
1,-1,0.106289,-TIA- 3,191,127,141,-294
1,-1,0.106347,-TIA- 3,191,127,142,-293
1,-1,0.106359,-TIA- 3,191,127,143,-292
1,-1,0.106382,-TIA- 3,191,127,144,-291
1,-2,0.10644,-TIA- 3,191,127,145,-289
1,-2,0.106463,-TIA- 3,191,127,146,-287
1,-2,0.106493,-TIA- 3,191,127,147,-285
1,-2,0.106511,-TIA- 3,191,127,148,-283
1,-2,0.106539,-TIA- 3,191,127,149,-281
1,-2,0.106562,-TIA- 3,191,127,150,-279
2,-1,0.106591,-TIA- 3,191,127,152,-278
1,-2,0.106626,-TIA- 3,191,127,153,-276
2,-2,0.106643,-TIA- 3,191,127,155,-274
2,-2,0.106667,-TIA- 3,191,127,157,-272
2,-2,0.10669,-TIA- 3,191,127,159,-270
2,-2,0.106713,-TIA- 3,191,127,161,-268
2,-2,0.106742,-TIA- 3,191,127,163,-266
1,-2,0.106777,-TIA- 3,191,127,164,-264
1,-1,0.1068,-TIA- 3,191,127,165,-263
1,-2,0.106818,-TIA- 3,191,127,166,-261
1,-1,0.106841,-TIA- 3,191,127,167,-260
1,-1,0.106864,-TIA- 3,191,127,168,-259
1,-1,0.106887,-TIA- 3,191,127,169,-258
1,-1,0.106922,-TIA- 3,191,127,170,-257
1,-1,0.106974,-TIA- 3,191,127,171,-256
1,-1,0.106992,-TIA- 3,191,127,172,-255
1,-1,0.107015,-TIA- 3,191,127,173,-254
1,-1,0.107038,-TIA- 3,191,127,174,-253
1,-1,0.107073,-TIA- 3,191,127,175,-252
1,-1,0.107131,-TIA- 3,191,127,176,-251
1,-2,0.107148,-TIA- 3,191,127,177,-249
1,-2,0.107166,-TIA- 3,191,127,178,-247
1,-2,0.107194,-TIA- 3,191,127,179,-245
1,-2,0.107224,-TIA- 3,191,127,180,-243
1,-1,0.107259,-TIA- 3,191,127,181,-242
1,-2,0.107282,-TIA- 3,191,127,182,-240
1,-2,0.107299,-TIA- 3,191,127,183,-238
1,-2,0.107323,-TIA- 3,191,127,184,-236
1,-2,0.107346,-TIA- 3,191,127,185,-234
1,-2,0.107375,-TIA- 3,191,127,186,-232
1,-2,0.10741,-TIA- 3,191,127,187,-230
1,-2,0.107427,-TIA- 3,191,127,188,-228
1,-1,0.10745,-TIA- 3,191,127,189,-227
1,-2,0.107479,-TIA- 3,191,127,190,-225
1,-2,0.107497,-TIA- 3,191,127,191,-223
1,-2,0.107526,-TIA- 3,191,127,192,-221
1,-2,0.107543,-TIA- 3,191,127,193,-219
1,-2,0.107578,-TIA- 3,191,127,194,-217
1,-2,0.107601,-TIA- 3,191,127,195,-215
1,-2,0.107624,-TIA- 3,191,127,196,-213
1,-1,0.107654,-TIA- 3,191,127,197,-212
1,-1,0.107694,-TIA- 3,191,127,198,-211
1,-1,0.107723,-TIA- 3,191,127,199,-210
1,-1,0.107752,-TIA- 3,191,127,200,-209
1,-1,0.107775,-TIA- 3,191,127,201,-208
2,-1,0.107831,-TIA- 3,191,127,203,-207
2,-2,0.107845,-TIA- 3,191,127,205,-205
2,-2,0.10788,-TIA- 3,191,127,207,-203
2,-2,0.107903,-TIA- 3,191,127,209,-201
1,-2,0.107926,-TIA- 3,191,127,210,-199
2,-2,0.107955,-TIA- 3,191,127,212,-197
2,-2,0.10799,-TIA- 3,191,127,214,-195
2,-2,0.107996,-TIA- 3,191,127,216,-193
2,-1,0.108019,-TIA- 3,191,127,218,-192
2,-2,0.108054,-TIA- 3,191,127,220,-190
2,-2,0.108077,-TIA- 3,191,127,222,-188
2,-2,0.1081,-TIA- 3,191,127,224,-186
1,-2,0.108124,-TIA- 3,191,127,225,-184
2,-2,0.108153,-TIA- 3,191,127,227,-182
2,-2,0.108182,-TIA- 3,191,127,229,-180
2,-2,0.108205,-TIA- 3,191,127,231,-178
2,-1,0.108222,-TIA- 3,191,127,233,-177
2,-2,0.108257,-TIA- 3,191,127,235,-175
2,-2,0.108269,-TIA- 3,191,127,237,-173
2,-2,0.108295,-TIA- 3,191,127,239,-171
1,-2,0.108321,-TIA- 3,191,127,240,-169
2,-2,0.108344,-TIA- 3,191,127,242,-167
2,-1,0.108373,-TIA- 3,191,127,244,-166
2,-1,0.108397,-TIA- 3,191,127,246,-165
2,-1,0.108431,-TIA- 3,191,127,248,-164
2,-1,0.108449,-TIA- 3,191,127,250,-163
1,-1,0.108751,-TIA- 3,191,127,251,-162
1,-1,0.108774,-TIA- 3,191,127,252,-161
1,-1,0.108797,-TIA- 3,191,127,253,-160
1,-1,0.108832,-TIA- 3,191,127,254,-159
1,-1,0.108889,-TIA- 3,191,127,255,-158
1,-1,0.108902,-TIA- 3,191,127,256,-157
1,-1,0.108925,-TIA- 3,191,127,257,-156
1,-1,0.108948,-TIA- 3,191,127,258,-155
1,-1,0.109006,-TIA- 3,191,127,259,-154
1,-1,0.109041,-TIA- 3,191,127,260,-153
1,-1,0.109064,-TIA- 3,191,127,261,-152
1,-1,0.109077,-TIA- 3,191,127,262,-151
1,-1,0.10914,-TIA- 3,191,127,263,-150
1,-1,0.109169,-TIA- 3,191,127,264,-149
1,-1,0.109192,-TIA- 3,191,127,265,-148
1,-1,0.109215,-TIA- 3,191,127,266,-147
1,-1,0.109256,-TIA- 3,191,127,267,-146
1,-1,0.109291,-TIA- 3,191,127,268,-145
1,-1,0.109306,-TIA- 3,191,127,269,-144
1,-1,0.109331,-TIA- 3,191,127,270,-143
1,-1,0.109372,-TIA- 3,191,127,271,-142
1,-1,0.109407,-TIA- 3,191,127,272,-141
1,-1,0.109436,-TIA- 3,191,127,273,-140
1,-1,0.109465,-TIA- 3,191,127,274,-139
1,-1,0.109482,-TIA- 3,191,127,275,-138
1,-1,0.10954,-TIA- 3,191,127,276,-137
1,-1,0.109563,-TIA- 3,191,127,277,-136
1,-1,0.109587,-TIA- 3,191,127,278,-135
1,-1,0.109616,-TIA- 3,191,127,279,-134
1,-1,0.109633,-TIA- 3,191,127,280,-133
1,-1,0.109691,-TIA- 3,191,127,281,-132
2,-1,0.109714,-TIA- 3,191,127,283,-131
2,-1,0.109738,-TIA- 3,191,127,285,-130
2,-1,0.109772,-TIA- 3,191,127,287,-129
1,-1,0.109784,-TIA- 3,191,127,288,-128
2,-1,0.109807,-TIA- 3,191,127,290,-127
2,-1,0.109842,-TIA- 3,191,127,292,-126
2,-1,0.109865,-TIA- 3,191,127,294,-125
2,-1,0.109906,-TIA- 3,191,127,296,-124
1,-1,0.109941,-TIA- 3,191,127,297,-123
1,-1,0.109964,-TIA- 3,191,127,298,-122
1,-1,0.109993,-TIA- 3,191,127,299,-121
2,-1,0.110016,-TIA- 3,191,127,301,-120
2,-1,0.110051,-TIA- 3,191,127,303,-119
2,-1,0.110074,-TIA- 3,191,127,305,-118
2,-1,0.110092,-TIA- 3,191,127,307,-117
2,-1,0.110115,-TIA- 3,191,127,309,-116
2,-1,0.110138,-TIA- 3,191,127,311,-115
2,-1,0.110202,-TIA- 3,191,127,313,-114
2,-1,0.110231,-TIA- 3,191,127,315,-113
2,-1,0.110243,-TIA- 3,191,127,317,-112
2,-1,0.110272,-TIA- 3,191,127,319,-111
2,-1,0.110306,-TIA- 3,191,127,321,-110
2,-1,0.110324,-TIA- 3,191,127,323,-109
2,-1,0.110347,-TIA- 3,191,127,325,-108
1,-1,0.110388,-TIA- 3,191,127,326,-107
2,-1,0.110393,-TIA- 3,191,127,328,-106
2,-1,0.110417,-TIA- 3,191,127,330,-105
1,-1,0.110835,-TIA- 3,191,127,331,-104
1,-1,0.110875,-TIA- 3,191,127,332,-103
1,-1,0.110899,-TIA- 3,191,127,333,-102
1,-1,0.110928,-TIA- 3,191,127,334,-101
1,-1,0.110962,-TIA- 3,191,127,335,-100
1,-1,0.111,-TIA- 3,191,127,336,-99
1,-1,0.111026,-TIA- 3,191,127,337,-98
1,-1,0.111055,-TIA- 3,191,127,338,-97
1,-1,0.111084,-TIA- 3,191,127,339,-96
1,-1,0.111119,-TIA- 3,191,127,340,-95
2,-1,0.11116,-TIA- 3,191,127,342,-94
1,-1,0.111177,-TIA- 3,191,127,343,-93
1,-1,0.1112,-TIA- 3,191,127,344,-92
1,-1,0.111235,-TIA- 3,191,127,345,-91
1,-1,0.11127,-TIA- 3,191,127,346,-90
2,-1,0.111311,-TIA- 3,191,127,348,-89
1,-1,0.111328,-TIA- 3,191,127,349,-88
1,-1,0.111351,-TIA- 3,191,127,350,-87
1,-1,0.111399,-TIA- 3,191,127,351,-86
1,-1,0.111427,-TIA- 3,191,127,352,-85
1,-1,0.111456,-TIA- 3,191,127,353,-84
1,-1,0.111479,-TIA- 3,191,127,354,-83
1,-1,0.111537,-TIA- 3,191,127,355,-82
1,-1,0.111554,-TIA- 3,191,127,356,-81
1,-1,0.111578,-TIA- 3,191,127,357,-80
1,-1,0.111595,-TIA- 3,191,127,358,-79
1,-1,0.111642,-TIA- 3,191,127,359,-78
1,-1,0.111688,-TIA- 3,191,127,360,-77
1,-1,0.112152,-TIA- 3,191,127,361,-76
1,-1,0.112187,-TIA- 3,191,127,362,-75
1,-1,0.112239,-TIA- 3,191,127,363,-74
1,-1,0.112274,-TIA- 3,191,127,364,-73
1,-1,0.112303,-TIA- 3,191,127,365,-72
1,-1,0.112704,GO 4,197,352,366,-71
1,-1,0.112715,GO 4,197,352,367,-70
1,-1,0.112739,GO 4,197,352,368,-69
1,-1,0.112768,GO 4,197,352,369,-68
1,-1,0.112814,GO 4,197,352,370,-67
1,-1,0.112832,GO 4,197,352,371,-66
1,-1,0.112861,GO 4,197,352,372,-65
1,-1,0.112878,GO 4,197,352,373,-64
1,-1,0.112936,GO 4,197,352,374,-63
1,1,0.113087,GO 4,197,352,375,-64
1,1,0.113145,GO 4,197,352,376,-65
1,1,0.113157,GO 4,197,352,377,-66
1,1,0.113185,GO 4,197,352,378,-67
1,1,0.113244,GO 4,197,352,379,-68
1,1,0.113261,GO 4,197,352,380,-69
1,-1,0.11336,GO 4,197,352,381,-68
1,-1,0.113389,GO 4,197,352,382,-67
1,-2,0.113464,GO 4,197,352,383,-65
1,-1,0.113488,GO 4,197,352,384,-64
1,-1,0.113546,GO 4,197,352,385,-63
1,-1,0.113557,GO 4,197,352,386,-62
1,-1,0.113604,GO 4,197,352,387,-61
1,-1,0.113615,GO 4,197,352,388,-60
1,-2,0.113662,GO 4,197,352,389,-58
1,-2,0.113697,GO 4,197,352,390,-56
1,-2,0.113708,GO 4,197,352,391,-54
1,-2,0.11376,GO 4,197,352,392,-52
1,-2,0.113766,GO 4,197,352,393,-50
1,-2,0.113789,GO 4,197,352,394,-48
1,-1,0.113824,GO 4,197,352,395,-47
1,-1,0.113847,GO 4,197,352,396,-46
2,1,0.11394,GO 4,197,352,398,-47
2,2,0.113975,GO 4,197,352,400,-49
2,2,0.113998,GO 4,197,352,402,-51
1,2,0.114016,GO 4,197,352,403,-53
1,2,0.114039,GO 4,197,352,404,-55
1,2,0.114068,GO 4,197,352,405,-57
1,2,0.114091,GO 4,197,352,406,-59
1,2,0.114126,GO 4,197,352,407,-61
1,1,0.114155,GO 4,197,352,408,-62
1,1,0.114167,GO 4,197,352,409,-63
1,1,0.11419,GO 4,197,352,410,-64
1,1,0.114225,GO 4,197,352,411,-65
1,1,0.114469,GO 4,197,352,412,-66
1,1,0.11452,GO 4,197,352,413,-67
1,1,0.114544,GO 4,197,352,414,-68
1,1,0.114573,GO 4,197,352,415,-69
1,2,0.114608,GO 4,197,352,416,-71
1,2,0.11462,GO 4,197,352,417,-73
1,3,0.114649,GO 4,197,352,418,-76
1,3,0.114678,GO 4,197,352,419,-79
1,3,0.114712,GO 4,197,352,420,-82
1,2,0.114736,GO 4,197,352,421,-84
1,3,0.114765,GO 4,197,352,422,-87
1,3,0.114776,GO 4,197,352,423,-90
1,3,0.114799,GO 4,197,352,424,-93
1,3,0.114823,GO 4,197,352,425,-96
1,3,0.114858,GO 4,197,352,426,-99
1,4,0.114887,GO 4,197,352,427,-103
1,4,0.11491,GO 4,197,352,428,-107
1,4,0.114927,GO 4,197,352,429,-111
1,3,0.114945,GO 4,197,352,430,-114
1,4,0.114968,GO 4,197,352,431,-118
1,4,0.114997,GO 4,197,352,432,-122
1,4,0.115014,GO 4,197,352,433,-126
1,7,0.115066,GO 4,197,352,434,-133
2,4,0.115096,GO 4,197,352,436,-137
1,4,0.115119,GO 4,197,352,437,-141
1,3,0.115148,GO 4,197,352,438,-144
1,4,0.115165,GO 4,197,352,439,-148
1,4,0.115188,GO 4,197,352,440,-152
1,4,0.115223,GO 4,197,352,441,-156
1,3,0.115252,GO 4,197,352,442,-159
1,4,0.11527,GO 4,197,352,443,-163
1,4,0.115299,GO 4,197,352,444,-167
1,4,0.115316,GO 4,197,352,445,-171
1,3,0.115339,GO 4,197,352,446,-174
1,4,0.115374,GO 4,197,352,447,-178
1,4,0.115397,GO 4,197,352,448,-182
1,4,0.115421,GO 4,197,352,449,-186
-1,3,0.115444,GO 4,197,352,448,-189
-1,4,0.115479,GO 4,197,352,447,-193
-1,4,0.115496,GO 4,197,352,446,-197
-1,4,0.115519,GO 4,197,352,445,-201
-1,3,0.115548,GO 4,197,352,444,-204
-2,4,0.115572,GO 4,197,352,442,-208
-2,4,0.115595,GO 4,197,352,440,-212
-2,4,0.11563,GO 4,197,352,438,-216
-2,3,0.115647,GO 4,197,352,436,-219
-1,4,0.11567,GO 4,197,352,435,-223
-1,4,0.115699,GO 4,197,352,434,-227
-1,4,0.115722,GO 4,197,352,433,-231
-1,3,0.115751,GO 4,197,352,432,-234
-1,4,0.115784,GO 4,197,352,431,-238
-1,4,0.115798,GO 4,197,352,430,-242
-1,4,0.115821,GO 4,197,352,429,-246
-1,3,0.11585,GO 4,197,352,428,-249
-1,3,0.115879,GO 4,197,352,427,-252
-2,3,0.115902,GO 4,197,352,425,-255
-2,3,0.115931,GO 4,197,352,423,-258
-2,3,0.115966,GO 4,197,352,421,-261
-2,2,0.115972,GO 4,197,352,419,-263
-1,3,0.115995,GO 4,197,352,418,-266
-1,3,0.116036,GO 4,197,352,417,-269
-1,3,0.116071,GO 4,197,352,416,-272
-1,3,0.1161,GO 4,197,352,415,-275
-1,3,0.116117,GO 4,197,352,414,-278
-1,4,0.116129,GO 4,197,352,413,-282
-1,4,0.116146,GO 4,197,352,412,-286
-1,4,0.116181,GO 4,197,352,411,-290
-1,3,0.116204,GO 4,197,352,410,-293
-1,4,0.116238,GO 4,197,352,409,-297
-1,4,0.116268,GO 4,197,352,408,-301
-1,4,0.11628,GO 4,197,352,407,-305
-1,3,0.116303,GO 4,197,352,406,-308
-1,4,0.116332,GO 4,197,352,405,-312
-1,4,0.116355,GO 4,197,352,404,-316
-1,3,0.11639,GO 4,197,352,403,-319
-1,3,0.116413,GO 4,197,352,402,-322
-1,2,0.116431,GO 4,197,352,401,-324
-1,3,0.116454,GO 4,197,352,400,-327
-1,3,0.116483,GO 4,197,352,399,-330
-1,3,0.11651,GO 4,197,352,398,-333
-1,3,0.116541,GO 4,197,352,397,-336
-1,2,0.116564,GO 4,197,352,396,-338
-1,3,0.116582,GO 4,197,352,395,-341
-1,3,0.116605,GO 4,197,352,394,-344
-1,3,0.116628,GO 4,197,352,393,-347
-1,2,0.116654,GO 4,197,352,392,-349
-1,2,0.116692,GO 4,197,352,391,-351
-1,2,0.116709,GO 4,197,352,390,-353
-1,1,0.116733,GO 4,197,352,389,-354
-1,2,0.116756,GO 4,197,352,388,-356
-1,2,0.116785,GO 4,197,352,387,-358
-1,1,0.116814,GO 4,197,352,386,-359
-1,1,0.116844,GO 4,197,352,385,-360
-1,1,0.116883,GO 4,197,352,384,-361
-1,1,0.116907,GO 4,197,352,383,-362
-1,1,0.116936,GO 4,197,352,382,-363
-1,2,0.116965,GO 4,197,352,381,-365
-1,2,0.117,GO 4,197,352,380,-367
-1,2,0.117023,GO 4,197,352,379,-369
-1,2,0.117034,GO 4,197,352,378,-371
-1,2,0.117063,GO 4,197,352,377,-373
-1,1,0.117087,GO 4,197,352,376,-374
-1,2,0.11711,GO 4,197,352,375,-376
-1,2,0.11715,GO 4,197,352,374,-378
-1,2,0.11718,GO 4,197,352,373,-380
-1,1,0.117191,GO 4,197,352,372,-381
-1,1,0.117214,GO 4,197,352,371,-382
-1,1,0.117261,GO 4,197,352,370,-383
-1,1,0.117301,GO 4,197,352,369,-384
-1,1,0.129591,FRAY 5,234,428,368,-385
-1,1,0.129614,FRAY 5,234,428,367,-386
-1,2,0.129637,FRAY 5,234,428,366,-388
-1,2,0.12966,FRAY 5,234,428,365,-390
-1,2,0.129683,FRAY 5,234,428,364,-392
-1,1,0.129712,FRAY 5,234,428,363,-393
-1,2,0.129759,FRAY 5,234,428,362,-395
-1,2,0.129759,FRAY 5,234,428,361,-397
-1,2,0.129782,FRAY 5,234,428,360,-399
-1,2,0.129811,FRAY 5,234,428,359,-401
-1,2,0.129829,FRAY 5,234,428,358,-403
-1,2,0.129875,FRAY 5,234,428,357,-405
-1,2,0.129887,FRAY 5,234,428,356,-407
-1,1,0.129916,FRAY 5,234,428,355,-408
-1,3,0.129933,FRAY 5,234,428,354,-411
-1,3,0.129956,FRAY 5,234,428,353,-414
1,3,0.129991,FRAY 5,234,428,354,-417
1,3,0.13002,FRAY 5,234,428,355,-420
1,3,0.13003,FRAY 5,234,428,356,-423
1,4,0.130061,FRAY 5,234,428,357,-427
1,4,0.130084,FRAY 5,234,428,358,-431
1,4,0.130107,FRAY 5,234,428,359,-435
1,3,0.130142,FRAY 5,234,428,360,-438
1,4,0.130155,FRAY 5,234,428,361,-442
1,4,0.130183,FRAY 5,234,428,362,-446
1,4,0.130212,FRAY 5,234,428,363,-450
1,3,0.130235,FRAY 5,234,428,364,-453
1,4,0.130258,FRAY 5,234,428,365,-457
1,4,0.130293,FRAY 5,234,428,366,-461
1,4,0.13031,FRAY 5,234,428,367,-465
1,3,0.130334,FRAY 5,234,428,368,-468
1,3,0.130357,FRAY 5,234,428,369,-471
1,3,0.130386,FRAY 5,234,428,370,-474
1,3,0.130421,FRAY 5,234,428,371,-477
1,3,0.130444,FRAY 5,234,428,372,-480
1,2,0.130461,FRAY 5,234,428,373,-482
1,3,0.130485,FRAY 5,234,428,374,-485
1,3,0.130508,FRAY 5,234,428,375,-488
1,3,0.130543,FRAY 5,234,428,376,-491
1,3,0.130572,FRAY 5,234,428,377,-494
1,2,0.130595,FRAY 5,234,428,378,-496
1,1,0.130612,FRAY 5,234,428,379,-497
1,2,0.130635,FRAY 5,234,428,380,-499
1,2,0.130659,FRAY 5,234,428,381,-501
1,2,0.130694,FRAY 5,234,428,382,-503
1,2,0.130717,FRAY 5,234,428,383,-505
1,2,0.130757,FRAY 5,234,428,384,-507
1,1,0.130763,FRAY 5,234,428,385,-508
1,1,0.130786,FRAY 5,234,428,386,-509
1,1,0.130839,FRAY 5,234,428,387,-510
1,1,0.130879,FRAY 5,234,428,388,-511
2,-1,0.132853,FRAY 5,234,428,390,-510
2,-1,0.132876,FRAY 5,234,428,392,-509
2,-1,0.132911,FRAY 5,234,428,394,-508
2,-1,0.132934,FRAY 5,234,428,396,-507
2,-1,0.13299,FRAY 5,234,428,398,-506
2,-1,0.133004,FRAY 5,234,428,400,-505
2,-1,0.133027,FRAY 5,234,428,402,-504
2,-1,0.133062,FRAY 5,234,428,404,-503
2,-1,0.133091,FRAY 5,234,428,406,-502
1,1,0.134182,FRAY 5,234,428,407,-503
1,1,0.134229,FRAY 5,234,428,408,-504
1,2,0.134252,FRAY 5,234,428,409,-506
1,2,0.134275,FRAY 5,234,428,410,-508
1,2,0.134304,FRAY 5,234,428,411,-510
1,1,0.134333,FRAY 5,234,428,412,-511
1,2,0.134356,FRAY 5,234,428,413,-513
1,2,0.134391,FRAY 5,234,428,414,-515
1,2,0.134415,FRAY 5,234,428,415,-517
1,2,0.134432,FRAY 5,234,428,416,-519
1,2,0.134455,FRAY 5,234,428,417,-521
1,2,0.134484,FRAY 5,234,428,418,-523
1,2,0.134513,FRAY 5,234,428,419,-525
1,1,0.134565,FRAY 5,234,428,420,-526
1,1,0.134583,FRAY 5,234,428,421,-527
1,1,0.134641,FRAY 5,234,428,422,-528
1,1,0.134663,FRAY 5,234,428,423,-529
1,1,0.134716,FRAY 5,234,428,424,-530
1,1,0.134734,FRAY 5,234,428,425,-531
1,1,0.13478,FRAY 5,234,428,426,-532
1,1,0.134815,FRAY 5,234,428,427,-533
1,1,0.134873,FRAY 5,234,428,428,-534
1,1,0.134896,FRAY 5,234,428,429,-535
1,1,0.134937,FRAY 5,234,428,430,-536
1,1,0.134966,FRAY 5,234,428,431,-537
1,1,0.135024,FRAY 5,234,428,432,-538
1,1,0.135053,FRAY 5,234,428,433,-539
1,1,0.135088,FRAY 5,234,428,434,-540
1,1,0.135111,FRAY 5,234,428,435,-541
1,1,0.135175,FRAY 5,234,428,436,-542
1,1,0.135198,FRAY 5,234,428,437,-543
1,1,0.135239,FRAY 5,234,428,438,-544
1,1,0.135262,FRAY 5,234,428,439,-545
1,1,0.135512,FRAY 5,234,428,440,-546
1,1,0.135541,FRAY 5,234,428,441,-547
1,1,0.135564,FRAY 5,234,428,442,-548
1,1,0.135628,FRAY 5,234,428,443,-549
1,1,0.135645,FRAY 5,234,428,444,-550
1,1,0.135695,FRAY 5,234,428,445,-551
1,1,0.14518,SAN- 6,37,438,446,-552
-1,1,0.145206,SAN- 6,37,438,445,-553
-1,1,0.145258,SAN- 6,37,438,444,-554
-1,1,0.145276,SAN- 6,37,438,443,-555
-1,1,0.145299,SAN- 6,37,438,442,-556
-1,1,0.145322,SAN- 6,37,438,441,-557
-2,1,0.145369,SAN- 6,37,438,439,-558
-1,1,0.145386,SAN- 6,37,438,438,-559
-2,1,0.145421,SAN- 6,37,438,436,-560
-2,2,0.145427,SAN- 6,37,438,434,-562
-3,1,0.14545,SAN- 6,37,438,431,-563
-3,2,0.145479,SAN- 6,37,438,428,-565
-3,2,0.145508,SAN- 6,37,438,425,-567
-2,2,0.145537,SAN- 6,37,438,423,-569
-3,2,0.145572,SAN- 6,37,438,420,-571
-4,2,0.145578,SAN- 6,37,438,416,-573
-4,2,0.145607,SAN- 6,37,438,412,-575
-3,2,0.14563,SAN- 6,37,438,409,-577
-4,3,0.145659,SAN- 6,37,438,405,-580
-4,3,0.145682,SAN- 6,37,438,401,-583
-4,3,0.145723,SAN- 6,37,438,397,-586
-3,3,0.145734,SAN- 6,37,438,394,-589
-4,3,0.145757,SAN- 6,37,438,390,-592
-3,2,0.145786,SAN- 6,37,438,387,-594
-3,3,0.14581,SAN- 6,37,438,384,-597
-3,2,0.145839,SAN- 6,37,438,381,-599
-2,2,0.145874,SAN- 6,37,438,379,-601
-3,2,0.145885,SAN- 6,37,438,376,-603
-3,2,0.145908,SAN- 6,37,438,373,-605
-3,2,0.145937,SAN- 6,37,438,370,-607
-3,1,0.145963,SAN- 6,37,438,367,-608
-2,2,0.14599,SAN- 6,37,438,365,-610
-3,2,0.14603,SAN- 6,37,438,362,-612
-3,2,0.146036,SAN- 6,37,438,359,-614
-3,2,0.146059,SAN- 6,37,438,356,-616
-3,2,0.146094,SAN- 6,37,438,353,-618
-3,2,0.146117,SAN- 6,37,438,350,-620
-2,2,0.146141,SAN- 6,37,438,348,-622
-3,1,0.14617,SAN- 6,37,438,345,-623
-3,2,0.146187,SAN- 6,37,438,342,-625
-3,1,0.14621,SAN- 6,37,438,339,-626
-3,1,0.146245,SAN- 6,37,438,336,-627
-2,1,0.146268,SAN- 6,37,438,334,-628
-3,1,0.146292,SAN- 6,37,438,331,-629
-3,1,0.146309,SAN- 6,37,438,328,-630
-3,1,0.146344,SAN- 6,37,438,325,-631
-3,1,0.146367,SAN- 6,37,438,322,-632
-2,1,0.14639,SAN- 6,37,438,320,-633
-3,1,0.146419,SAN- 6,37,438,317,-634
-2,-1,0.146663,SAN- 6,37,438,315,-633
-2,-1,0.146686,SAN- 6,37,438,313,-632
-2,-1,0.146715,SAN- 6,37,438,311,-631
-2,-1,0.146733,SAN- 6,37,438,309,-630
-2,-1,0.146756,SAN- 6,37,438,307,-629
-2,-1,0.146779,SAN- 6,37,438,305,-628
-2,-1,0.146814,SAN- 6,37,438,303,-627
-1,-1,0.146837,SAN- 6,37,438,302,-626
-2,-2,0.146866,SAN- 6,37,438,300,-624
-2,-2,0.146901,SAN- 6,37,438,298,-622
-2,-1,0.146907,SAN- 6,37,438,296,-621
-2,-2,0.146936,SAN- 6,37,438,294,-619
-2,-2,0.146965,SAN- 6,37,438,292,-617
-2,-1,0.146995,SAN- 6,37,438,290,-616
-2,-1,0.147023,SAN- 6,37,438,288,-615
-1,-1,0.147035,SAN- 6,37,438,287,-614
-2,-1,0.147064,SAN- 6,37,438,285,-613
-2,-1,0.147087,SAN- 6,37,438,283,-612
-2,-1,0.147116,SAN- 6,37,438,281,-611
-2,-1,0.147151,SAN- 6,37,438,279,-610
-2,-1,0.147174,SAN- 6,37,438,277,-609
-2,-1,0.147191,SAN- 6,37,438,275,-608
-2,-1,0.147215,SAN- 6,37,438,273,-607
-1,-1,0.147267,SAN- 6,37,438,272,-606
-1,-1,0.147296,SAN- 6,37,438,271,-605
-1,-1,0.147332,SAN- 6,37,438,270,-604
-1,-1,0.147342,SAN- 6,37,438,269,-603
-1,-1,0.147389,SAN- 6,37,438,268,-602
-1,-1,0.147423,SAN- 6,37,438,267,-601
-1,-1,0.147453,SAN- 6,37,438,266,-600
-1,-1,0.147487,SAN- 6,37,438,265,-599
-2,-1,0.147499,SAN- 6,37,438,263,-598
-2,-1,0.147516,SAN- 6,37,438,261,-597
-1,-1,0.147551,SAN- 6,37,438,260,-596
-2,-1,0.147574,SAN- 6,37,438,258,-595
-2,-1,0.147638,SAN- 6,37,438,256,-594
-2,-1,0.147644,SAN- 6,37,438,254,-593
-2,-1,0.147667,SAN- 6,37,438,252,-592
-2,-1,0.147702,SAN- 6,37,438,250,-591
-2,-1,0.14772,SAN- 6,37,438,248,-590
-1,-1,0.147743,SAN- 6,37,438,247,-589
-1,-1,0.148544,SAN- 6,37,438,246,-588
-1,-1,0.148567,SAN- 6,37,438,245,-587
-1,-1,0.148625,SAN- 6,37,438,244,-586
-1,-1,0.148648,SAN- 6,37,438,243,-585
-1,-1,0.148672,SAN- 6,37,438,242,-584
-1,-1,0.148695,SAN- 6,37,438,241,-583
-1,-1,0.148724,SAN- 6,37,438,240,-582
-1,-1,0.148776,SAN- 6,37,438,239,-581
-1,-1,0.148805,SAN- 6,37,438,238,-580
-1,-1,0.148822,SAN- 6,37,438,237,-579
-1,-1,0.148846,SAN- 6,37,438,236,-578
-1,-1,0.14891,SAN- 6,37,438,235,-577
-1,-1,0.148933,SAN- 6,37,438,234,-576
-1,-1,0.148956,SAN- 6,37,438,233,-575
-1,-1,0.148973,SAN- 6,37,438,232,-574
-1,-2,0.14902,SAN- 6,37,438,231,-572
-1,-2,0.149055,SAN- 6,37,438,230,-570
-1,-2,0.149078,SAN- 6,37,438,229,-568
-1,-2,0.149113,SAN- 6,37,438,228,-566
-1,-2,0.149124,SAN- 6,37,438,227,-564
-1,-2,0.149153,SAN- 6,37,438,226,-562
-1,-1,0.149177,SAN- 6,37,438,225,-561
-1,-1,0.149223,SAN- 6,37,438,224,-560
-1,-1,0.149258,SAN- 6,37,438,223,-559
-1,-1,0.149281,SAN- 6,37,438,222,-558
-1,-1,0.149299,SAN- 6,37,438,221,-557
-1,-1,0.149357,SAN- 6,37,438,220,-556
-1,-1,0.149386,SAN- 6,37,438,219,-555
-1,-1,0.149409,SAN- 6,37,438,218,-554
-1,-1,0.149426,SAN- 6,37,438,217,-553
-1,-1,0.149473,SAN- 6,37,438,216,-552
-1,-1,0.149502,SAN- 6,37,438,215,-551
-1,-1,0.149537,SAN- 6,37,438,214,-550
-1,-1,0.149542,SAN- 6,37,438,213,-549
-1,-1,0.149577,SAN- 6,37,438,212,-548
-1,-1,0.149624,SAN- 6,37,438,211,-547
-1,-1,0.149658,SAN- 6,37,438,210,-546
-1,-1,0.149687,SAN- 6,37,438,209,-545
-1,-1,0.150163,SAN- 6,37,438,208,-544
-1,-1,0.150221,SAN- 6,37,438,207,-543
-1,-1,0.150245,SAN- 6,37,438,206,-542
-1,1,0.150821,SAN- 6,37,438,205,-543
-1,1,0.150866,SAN- 6,37,438,204,-544
-1,1,0.150885,SAN- 6,37,438,203,-545
-1,1,0.150901,SAN- 6,37,438,202,-546
-1,1,0.150953,SAN- 6,37,438,201,-547
-1,1,0.150994,SAN- 6,37,438,200,-548
-1,1,0.150999,SAN- 6,37,438,199,-549
-1,1,0.151023,SAN- 6,37,438,198,-550
-1,1,0.151081,SAN- 6,37,438,197,-551
-1,1,0.151104,SAN- 6,37,438,196,-552
-1,1,0.151133,SAN- 6,37,438,195,-553
-1,1,0.15115,SAN- 6,37,438,194,-554
-2,1,0.151174,SAN- 6,37,438,192,-555
-1,1,0.151197,SAN- 6,37,438,191,-556
-2,1,0.151232,SAN- 6,37,438,189,-557
-2,1,0.151261,SAN- 6,37,438,187,-558
-2,1,0.151301,SAN- 6,37,438,185,-559
-2,1,0.151324,SAN- 6,37,438,183,-560
-2,1,0.151353,SAN- 6,37,438,181,-561
-1,1,0.151382,SAN- 6,37,438,180,-562
-1,1,0.151406,SAN- 6,37,438,179,-563
-1,1,0.151441,SAN- 6,37,438,178,-564
-1,1,0.151481,SAN- 6,37,438,177,-565
-1,1,0.151504,SAN- 6,37,438,176,-566
-1,1,0.151777,SAN- 6,37,438,175,-567
-1,1,0.151806,SAN- 6,37,438,174,-568
-1,1,0.151841,SAN- 6,37,438,173,-569
-1,1,0.15187,SAN- 6,37,438,172,-570
-1,1,0.161326,-TIA- 7,183,460,171,-571
-1,1,0.16135,-TIA- 7,183,460,170,-572
-1,1,0.161408,-TIA- 7,183,460,169,-573
-1,1,0.161472,-TIA- 7,183,460,168,-574
-1,1,0.161477,-TIA- 7,183,460,167,-575
-1,1,0.161529,-TIA- 7,183,460,166,-576
-1,1,0.161559,-TIA- 7,183,460,165,-577
-1,1,0.161622,-TIA- 7,183,460,164,-578
-1,1,0.161629,-TIA- 7,183,460,163,-579
1,-2,0.161808,-TIA- 7,183,460,164,-577
2,-1,0.161831,-TIA- 7,183,460,166,-576
2,-1,0.161855,-TIA- 7,183,460,168,-575
2,-1,0.161887,-TIA- 7,183,460,170,-574
2,-1,0.161919,-TIA- 7,183,460,172,-573
2,-1,0.161953,-TIA- 7,183,460,174,-572
1,-1,0.161982,-TIA- 7,183,460,175,-571
2,-1,0.162006,-TIA- 7,183,460,177,-570
2,-1,0.16204,-TIA- 7,183,460,179,-569
2,-1,0.162069,-TIA- 7,183,460,181,-568
2,-1,0.162104,-TIA- 7,183,460,183,-567
2,-1,0.16211,-TIA- 7,183,460,185,-566
2,-1,0.162133,-TIA- 7,183,460,187,-565
2,-1,0.162168,-TIA- 7,183,460,189,-564
1,-1,0.162191,-TIA- 7,183,460,190,-563
2,-1,0.162215,-TIA- 7,183,460,192,-562
1,1,0.162656,-TIA- 7,183,460,193,-563
1,1,0.162673,-TIA- 7,183,460,194,-564
1,1,0.16272,-TIA- 7,183,460,195,-565
1,1,0.162743,-TIA- 7,183,460,196,-566
1,1,0.162766,-TIA- 7,183,460,197,-567
1,1,0.162807,-TIA- 7,183,460,198,-568
1,1,0.162836,-TIA- 7,183,460,199,-569
2,1,0.162871,-TIA- 7,183,460,201,-570
2,1,0.162894,-TIA- 7,183,460,203,-571
2,1,0.162917,-TIA- 7,183,460,205,-572
2,1,0.162958,-TIA- 7,183,460,207,-573
1,1,0.163445,-TIA- 7,183,460,208,-574
1,1,0.163468,-TIA- 7,183,460,209,-575
1,1,0.163503,-TIA- 7,183,460,210,-576
1,1,0.163527,-TIA- 7,183,460,211,-577
1,1,0.163585,-TIA- 7,183,460,212,-578
1,1,0.163596,-TIA- 7,183,460,213,-579
1,1,0.163625,-TIA- 7,183,460,214,-580
1,1,0.163654,-TIA- 7,183,460,215,-581
1,1,0.163689,-TIA- 7,183,460,216,-582
1,1,0.163736,-TIA- 7,183,460,217,-583
1,1,0.163753,-TIA- 7,183,460,218,-584
1,1,0.163776,-TIA- 7,183,460,219,-585
1,-1,0.164583,-TIA- 7,183,460,220,-584
2,1,0.164804,-TIA- 7,183,460,222,-585
2,1,0.164838,-TIA- 7,183,460,224,-586
2,1,0.164867,-TIA- 7,183,460,226,-587
2,1,0.164916,-TIA- 7,183,460,228,-588
1,1,0.164937,-TIA- 7,183,460,229,-589
3,1,0.165285,-TIA- 7,183,460,232,-590
3,1,0.165314,-TIA- 7,183,460,235,-591
3,2,0.165355,-TIA- 7,183,460,238,-593
5,1,0.16539,-TIA- 7,183,460,243,-594
3,1,0.165413,-TIA- 7,183,460,246,-595
3,1,0.165436,-TIA- 7,183,460,249,-596
2,1,0.165465,-TIA- 7,183,460,251,-597
2,1,0.165483,-TIA- 7,183,460,253,-598
1,1,0.165506,-TIA- 7,183,460,254,-599
2,1,0.165535,-TIA- 7,183,460,256,-600
2,1,0.165558,-TIA- 7,183,460,258,-601
2,1,0.165581,-TIA- 7,183,460,260,-602
2,1,0.165982,-TIA- 7,183,460,262,-603
2,1,0.166005,-TIA- 7,183,460,264,-604
2,1,0.166046,-TIA- 7,183,460,266,-605
2,1,0.166063,-TIA- 7,183,460,268,-606
1,1,0.166516,-TIA- 7,183,460,269,-607
1,1,0.166557,-TIA- 7,183,460,270,-608
1,1,0.166568,-TIA- 7,183,460,271,-609
1,1,0.166615,-TIA- 7,183,460,272,-610
1,1,0.166638,-TIA- 7,183,460,273,-611
1,1,0.166673,-TIA- 7,183,460,274,-612
1,1,0.166711,-TIA- 7,183,460,275,-613
1,1,0.166742,-TIA- 7,183,460,276,-614
1,1,0.166766,-TIA- 7,183,460,277,-615
-1,-1,0.17819,GO 8,10,219,276,-614
-1,-1,0.178236,GO 8,10,219,275,-613
-1,-1,0.17826,GO 8,10,219,274,-612
-1,-1,0.178306,GO 8,10,219,273,-611
-1,-1,0.178329,GO 8,10,219,272,-610
-1,-1,0.178387,GO 8,10,219,271,-609
-1,-1,0.178422,GO 8,10,219,270,-608
-1,-2,0.178451,GO 8,10,219,269,-606
-1,-2,0.178463,GO 8,10,219,268,-604
-1,-2,0.178486,GO 8,10,219,267,-602
-1,-2,0.178515,GO 8,10,219,266,-600
-1,-2,0.178538,GO 8,10,219,265,-598
-1,-2,0.178573,GO 8,10,219,264,-596
-1,-2,0.178604,GO 8,10,219,263,-594
-1,-1,0.178614,GO 8,10,219,262,-593
-1,-2,0.178637,GO 8,10,219,261,-591
-1,-3,0.178672,GO 8,10,219,260,-588
-1,-3,0.178692,GO 8,10,219,259,-585
-1,-3,0.178724,GO 8,10,219,258,-582
-1,-3,0.178747,GO 8,10,219,257,-579
-1,-2,0.178765,GO 8,10,219,256,-577
-1,-3,0.178788,GO 8,10,219,255,-574
-1,-3,0.178822,GO 8,10,219,254,-571
-1,-3,0.178852,GO 8,10,219,253,-568
-1,-3,0.178875,GO 8,10,219,252,-565
-1,-2,0.178898,GO 8,10,219,251,-563
-1,-3,0.178916,GO 8,10,219,250,-560
-1,-3,0.178939,GO 8,10,219,249,-557
-1,-3,0.178974,GO 8,10,219,248,-554
-1,-3,0.179003,GO 8,10,219,247,-551
-1,-3,0.179037,GO 8,10,219,246,-548
-1,-2,0.179055,GO 8,10,219,245,-546
-1,-3,0.179072,GO 8,10,219,244,-543
-1,-3,0.179091,GO 8,10,219,243,-540
-1,-3,0.179118,GO 8,10,219,242,-537
-1,-3,0.179142,GO 8,10,219,241,-534
-1,-2,0.179183,GO 8,10,219,240,-532
-1,-3,0.179194,GO 8,10,219,239,-529
-1,-3,0.179223,GO 8,10,219,238,-526
-1,-3,0.179246,GO 8,10,219,237,-523
-1,-3,0.17927,GO 8,10,219,236,-520
-1,-2,0.179299,GO 8,10,219,235,-518
-1,-3,0.179334,GO 8,10,219,234,-515
-1,-6,0.179374,GO 8,10,219,233,-509
-1,-3,0.179397,GO 8,10,219,232,-506
-1,-3,0.179421,GO 8,10,219,231,-503
-1,-1,0.179455,GO 8,10,219,230,-502
-1,-2,0.179467,GO 8,10,219,229,-500
-1,-2,0.179519,GO 8,10,219,228,-498
-1,-2,0.179525,GO 8,10,219,227,-496
-1,-2,0.179548,GO 8,10,219,226,-494
-1,-2,0.179572,GO 8,10,219,225,-492
-1,-2,0.179606,GO 8,10,219,224,-490
-1,-2,0.179618,GO 8,10,219,223,-488
-1,-1,0.17967,GO 8,10,219,222,-487
-1,-2,0.179676,GO 8,10,219,221,-485
-1,-2,0.179699,GO 8,10,219,220,-483
-1,-2,0.179734,GO 8,10,219,219,-481
-1,-2,0.179757,GO 8,10,219,218,-479
-1,-2,0.179775,GO 8,10,219,217,-477
-1,-2,0.179798,GO 8,10,219,216,-475
-1,-2,0.179827,GO 8,10,219,215,-473
-1,-1,0.17985,GO 8,10,219,214,-472
-1,-2,0.179885,GO 8,10,219,213,-470
-1,-2,0.179908,GO 8,10,219,212,-468
-1,-2,0.179926,GO 8,10,219,211,-466
-1,-2,0.179949,GO 8,10,219,210,-464
-1,-2,0.179978,GO 8,10,219,209,-462
-1,-2,0.180007,GO 8,10,219,208,-460
-1,-2,0.180036,GO 8,10,219,207,-458
-1,-1,0.180071,GO 8,10,219,206,-457
-1,-2,0.180082,GO 8,10,219,205,-455
-1,-2,0.1801,GO 8,10,219,204,-453
-1,-2,0.180123,GO 8,10,219,203,-451
-1,-2,0.180158,GO 8,10,219,202,-449
-1,-2,0.180187,GO 8,10,219,201,-447
-1,-2,0.180222,GO 8,10,219,200,-445
-1,-2,0.180227,GO 8,10,219,199,-443
-1,-1,0.180251,GO 8,10,219,198,-442
-1,-2,0.180274,GO 8,10,219,197,-440
-1,-2,0.180309,GO 8,10,219,196,-438
-1,-2,0.180332,GO 8,10,219,195,-436
-1,-2,0.180367,GO 8,10,219,194,-434
-1,-2,0.180384,GO 8,10,219,193,-432
-1,-2,0.180407,GO 8,10,219,192,-430
-1,-2,0.180436,GO 8,10,219,191,-428
-1,-1,0.180454,GO 8,10,219,190,-427
-1,-2,0.180489,GO 8,10,219,189,-425
-1,-2,0.180518,GO 8,10,219,188,-423
-1,-2,0.180535,GO 8,10,219,187,-421
-1,-2,0.180558,GO 8,10,219,186,-419
-1,-2,0.180582,GO 8,10,219,185,-417
-1,-2,0.180605,GO 8,10,219,184,-415
-1,-2,0.18064,GO 8,10,219,183,-413
-1,-1,0.180669,GO 8,10,219,182,-412
-1,-2,0.180686,GO 8,10,219,181,-410
-1,-2,0.180709,GO 8,10,219,180,-408
-1,-2,0.180733,GO 8,10,219,179,-406
-1,-2,0.180756,GO 8,10,219,178,-404
-1,-2,0.180791,GO 8,10,219,177,-402
-1,-2,0.18082,GO 8,10,219,176,-400
-1,-2,0.180854,GO 8,10,219,175,-398
-1,-1,0.18086,GO 8,10,219,174,-397
-1,-2,0.180889,GO 8,10,219,173,-395
-1,-2,0.180918,GO 8,10,219,172,-393
-1,-2,0.180941,GO 8,10,219,171,-391
-1,-2,0.180976,GO 8,10,219,170,-389
-1,-2,0.181005,GO 8,10,219,169,-387
-1,-2,0.181011,GO 8,10,219,168,-385
-1,-2,0.18104,GO 8,10,219,167,-383
-1,-1,0.181069,GO 8,10,219,166,-382
-1,-2,0.181092,GO 8,10,219,165,-380
-1,-2,0.181127,GO 8,10,219,164,-378
-1,-2,0.181156,GO 8,10,219,163,-376
-1,-2,0.181168,GO 8,10,219,162,-374
-1,-2,0.181191,GO 8,10,219,161,-372
-1,-2,0.18122,GO 8,10,219,160,-370
-1,-2,0.181238,GO 8,10,219,159,-368
-1,-1,0.181272,GO 8,10,219,158,-367
-1,-2,0.181307,GO 8,10,219,157,-365
-1,-2,0.181319,GO 8,10,219,156,-363
-1,-2,0.181342,GO 8,10,219,155,-361
-1,-2,0.181365,GO 8,10,219,154,-359
-1,-2,0.1814,GO 8,10,219,153,-357
-1,-2,0.181423,GO 8,10,219,152,-355
-1,-2,0.181452,GO 8,10,219,151,-353
-1,-1,0.18147,GO 8,10,219,150,-352
-1,-2,0.181493,GO 8,10,219,149,-350
-1,-2,0.181516,GO 8,10,219,148,-348
-1,-2,0.181557,GO 8,10,219,147,-346
-1,-2,0.181574,GO 8,10,219,146,-344
-1,-2,0.181592,GO 8,10,219,145,-342
-1,-2,0.181621,GO 8,10,219,144,-340
-1,-2,0.181644,GO 8,10,219,143,-338
-1,-1,0.181669,GO 8,10,219,142,-337
-1,-2,0.181702,GO 8,10,219,141,-335
-1,-2,0.181737,GO 8,10,219,140,-333
-1,-2,0.181743,GO 8,10,219,139,-331
-1,-2,0.181772,GO 8,10,219,138,-329
-1,-2,0.181801,GO 8,10,219,137,-327
-1,-2,0.181812,GO 8,10,219,136,-325
-1,-2,0.181835,GO 8,10,219,135,-323
-1,-1,0.18187,GO 8,10,219,134,-322
-1,-2,0.181876,GO 8,10,219,133,-320
-1,-2,0.181899,GO 8,10,219,132,-318
-1,-2,0.181934,GO 8,10,219,131,-316
-1,-2,0.181957,GO 8,10,219,130,-314
-1,-2,0.181992,GO 8,10,219,129,-312
-1,-2,0.182004,GO 8,10,219,128,-310
-1,-2,0.182033,GO 8,10,219,127,-308
-1,-1,0.182056,GO 8,10,219,126,-307
-1,-2,0.182085,GO 8,10,219,125,-305
-1,-2,0.182108,GO 8,10,219,124,-303
-1,-2,0.182143,GO 8,10,219,123,-301
-1,-2,0.182161,GO 8,10,219,122,-299
-1,-2,0.182184,GO 8,10,219,121,-297
-1,-2,0.182207,GO 8,10,219,120,-295
-1,-2,0.18223,GO 8,10,219,119,-293
-1,-1,0.182259,GO 8,10,219,118,-292
-1,-2,0.182288,GO 8,10,219,117,-290
-2,-2,0.182317,GO 8,10,219,115,-288
-1,-2,0.182335,GO 8,10,219,114,-286
-2,-1,0.182358,GO 8,10,219,112,-285
-2,-1,0.182393,GO 8,10,219,110,-284
-2,-1,0.182416,GO 8,10,219,108,-283
-2,-1,0.182439,GO 8,10,219,106,-282
-1,-1,0.182469,GO 8,10,219,105,-281
-1,-1,0.182509,GO 8,10,219,104,-280
-1,-1,0.182538,GO 8,10,219,103,-279
-1,-1,0.182567,GO 8,10,219,102,-278
-1,-1,0.18259,GO 8,10,219,101,-277
-1,-1,0.182637,GO 8,10,219,100,-276
-1,-1,0.18266,GO 8,10,219,99,-275
-1,-1,0.182689,GO 8,10,219,98,-274
-1,-1,0.182718,GO 8,10,219,97,-273
-1,-1,0.182741,GO 8,10,219,96,-272
-1,-1,0.182787,GO 8,10,219,95,-271
-1,-1,0.182812,GO 8,10,219,94,-270
-1,-1,0.18284,GO 8,10,219,93,-269
-1,-1,0.182869,GO 8,10,219,92,-268
-1,-1,0.182927,GO 8,10,219,91,-267
-1,-1,0.182956,GO 8,10,219,90,-266
-1,-1,0.182967,GO 8,10,219,89,-265
-1,-1,0.182991,GO 8,10,219,88,-264
-1,-1,0.183055,GO 8,10,219,87,-263
-1,-1,0.183084,GO 8,10,219,86,-262
-1,-1,0.183101,GO 8,10,219,85,-261
-1,-1,0.183118,GO 8,10,219,84,-260
-1,-1,0.183142,GO 8,10,219,83,-259
-1,-1,0.183205,GO 8,10,219,82,-258
-2,-1,0.18324,GO 8,10,219,80,-257
-2,-1,0.183258,GO 8,10,219,78,-256
-2,-1,0.183269,GO 8,10,219,76,-255
-2,-1,0.183293,GO 8,10,219,74,-254
-2,-1,0.183327,GO 8,10,219,72,-253
-2,-1,0.183342,GO 8,10,219,70,-252
-1,-1,0.183368,GO 8,10,219,69,-251
-2,-1,0.183409,GO 8,10,219,67,-250
-2,-1,0.18342,GO 8,10,219,65,-249
-2,-1,0.183443,GO 8,10,219,63,-248
-2,-1,0.183467,GO 8,10,219,61,-247
-2,-1,0.183501,GO 8,10,219,59,-246
-2,-1,0.18356,GO 8,10,219,57,-245
-1,-1,0.183577,GO 8,10,219,56,-244
-2,-1,0.1836,GO 8,10,219,54,-243
-2,-1,0.183623,GO 8,10,219,52,-242
-2,-1,0.183652,GO 8,10,219,50,-241
-2,-1,0.183687,GO 8,10,219,48,-240
-2,-1,0.183693,GO 8,10,219,46,-239
-2,-1,0.183728,GO 8,10,219,44,-238
-2,-1,0.183751,GO 8,10,219,42,-237
-1,-1,0.183774,GO 8,10,219,41,-236
-2,-1,0.183809,GO 8,10,219,39,-235
-2,-1,0.183821,GO 8,10,219,37,-234
-1,-1,0.184239,GO 8,10,219,36,-233
-2,-1,0.184256,GO 8,10,219,34,-232
-2,-1,0.184296,GO 8,10,219,32,-231
-2,-1,0.184326,GO 8,10,219,30,-230
-1,-1,0.184361,GO 8,10,219,29,-229
-1,-1,0.18439,GO 8,10,219,28,-228
-1,-1,0.184413,GO 8,10,219,27,-227
-2,-1,0.184686,GO 8,10,219,25,-226
-2,-1,0.184726,GO 8,10,219,23,-225
-2,-1,0.18475,GO 8,10,219,21,-224
-1,-1,0.184796,GO 8,10,219,20,-223
-1,-1,0.184813,GO 8,10,219,19,-222
-1,-1,0.184837,GO 8,10,219,18,-221
-1,-1,0.184871,GO 8,10,219,17,-220
-1,-1,0.1849,GO 8,10,219,16,-219
-1,-1,0.184935,GO 8,10,219,15,-218
-1,-1,0.184957,GO 8,10,219,14,-217
-1,-1,0.184988,GO 8,10,219,13,-216
-1,-1,0.185022,GO 8,10,219,12,-215
-1,-1,0.185057,GO 8,10,219,11,-214
-1,-1,0.185086,GO 8,10,219,10,-213
-2,-1,0.185115,GO 8,10,219,8,-212
-2,-1,0.185139,GO 8,10,219,6,-211
-2,-1,0.185173,GO 8,10,219,4,-210
-2,-1,0.185202,GO 8,10,219,2,-209
-1,-1,0.185214,GO 8,10,219,1,-208
-2,-1,0.185237,GO 8,10,219,-1,-207
-2,-1,0.185266,GO 8,10,219,-3,-206
-2,-1,0.185284,GO 8,10,219,-5,-205
-2,-1,0.185324,GO 8,10,219,-7,-204
-2,-1,0.185347,GO 8,10,219,-9,-203
-2,-1,0.185388,GO 8,10,219,-11,-202
-1,-1,0.185417,GO 8,10,219,-12,-201
-1,-1,0.185452,GO 8,10,219,-13,-200
-1,-1,0.185469,GO 8,10,219,-14,-199
-1,-1,0.185475,GO 8,10,219,-15,-198
-1,-1,0.185533,GO 8,10,219,-16,-197
-1,-1,0.185556,GO 8,10,219,-17,-196
-1,-1,0.185597,GO 8,10,219,-18,-195
-1,-1,0.185603,GO 8,10,219,-19,-194
-1,-1,0.185626,GO 8,10,219,-20,-193
-1,-1,0.185684,GO 8,10,219,-21,-192
-2,-1,0.185707,GO 8,10,219,-23,-191
-2,-1,0.185731,GO 8,10,219,-25,-190
-2,-1,0.185754,GO 8,10,219,-27,-189
-2,-1,0.185777,GO 8,10,219,-29,-188
-1,-1,0.185801,GO 8,10,219,-30,-187
-1,-1,0.185835,GO 8,10,219,-31,-186
-1,-1,0.185893,GO 8,10,219,-32,-185
-1,-1,0.185922,GO 8,10,219,-33,-184
-1,-1,0.185932,GO 8,10,219,-34,-183
-1,-1,0.185963,GO 8,10,219,-35,-182
-1,-1,0.186009,GO 8,10,219,-36,-181
-1,-1,0.186044,GO 8,10,219,-37,-180
-1,-1,0.186061,GO 8,10,219,-38,-179
-1,-1,0.186085,GO 8,10,219,-39,-178
-1,-1,0.186108,GO 8,10,219,-40,-177
-2,-1,0.186166,GO 8,10,219,-42,-176
-2,-1,0.186195,GO 8,10,219,-44,-175
-2,-1,0.18623,GO 8,10,219,-46,-174
-2,-1,0.186236,GO 8,10,219,-48,-173
-2,-1,0.186259,GO 8,10,219,-50,-172
-2,-1,0.186294,GO 8,10,219,-52,-171
-1,-1,0.186329,GO 8,10,219,-53,-170
-2,-1,0.186352,GO 8,10,219,-55,-169
-2,-1,0.186369,GO 8,10,219,-57,-168
-2,-1,0.186392,GO 8,10,219,-59,-167
-2,-1,0.186416,GO 8,10,219,-61,-166
-2,-1,0.186445,GO 8,10,219,-63,-165
-1,-1,0.186497,GO 8,10,219,-64,-164
-1,-2,0.186508,GO 8,10,219,-65,-162
-1,-2,0.186538,GO 8,10,219,-66,-160
-1,-2,0.186561,GO 8,10,219,-67,-158
-1,-2,0.18659,GO 8,10,219,-68,-156
-1,-2,0.186625,GO 8,10,219,-69,-154
-1,-1,0.186654,GO 8,10,219,-70,-153
-1,-2,0.186665,GO 8,10,219,-71,-151
-1,-2,0.186688,GO 8,10,219,-72,-149
-1,-2,0.186712,GO 8,10,219,-73,-147
-1,-2,0.186741,GO 8,10,219,-74,-145
-1,-1,0.18677,GO 8,10,219,-75,-144
-1,-1,0.186805,GO 8,10,219,-76,-143
-1,-1,0.186839,GO 8,10,219,-77,-142
-1,-1,0.186863,GO 8,10,219,-78,-141
-1,-1,0.186886,GO 8,10,219,-79,-140
-1,-1,0.186921,GO 8,10,219,-80,-139
-1,-1,0.186938,GO 8,10,219,-81,-138
-1,-1,0.18699,GO 8,10,219,-82,-137
-2,-1,0.187014,GO 8,10,219,-84,-136
-1,-1,0.187037,GO 8,10,219,-85,-135
-1,-1,0.187072,GO 8,10,219,-86,-134
-1,-2,0.187141,GO 8,10,219,-87,-132
-2,-1,0.187176,GO 8,10,219,-89,-131
-2,-1,0.187199,GO 8,10,219,-91,-130
-1,-1,0.18724,GO 8,10,219,-92,-129
