deltaX,deltaY,WHEN,SYLLABLE,XofButton,YofButton,XofTrace,YofTrace
0,-1,0.153412,Yield,0,0,0,1
0,-2,0.153437,Yield,0,0,0,3
0,-1,0.153461,Yield,0,0,0,4
0,-2,0.15349,Yield,0,0,0,6
-1,-2,0.15353,Yield,0,0,-1,8
-1,-2,0.153541,Yield,0,0,-2,10
-1,-2,0.153565,Yield,0,0,-3,12
-1,-2,0.153594,Yield,0,0,-4,14
-2,-2,0.153629,Yield,0,0,-6,16
-1,-2,0.15367,Yield,0,0,-7,18
-2,-2,0.153699,Yield,0,0,-9,20
-5,-1,0.153734,Yield,0,0,-14,21
-3,1,0.153763,Yield,0,0,-17,20
-5,1,0.153815,Yield,0,0,-22,19
-3,1,0.153838,Yield,0,0,-25,18
-4,6,0.153867,Yield,0,0,-29,12
-7,3,0.153902,Yield,0,0,-36,9
-4,4,0.153913,Yield,0,0,-40,5
-4,3,0.153948,Yield,0,0,-44,2
-4,4,0.153977,Yield,0,0,-48,-2
-3,4,0.154012,Yield,0,0,-51,-6
-4,4,0.15403,Yield,0,0,-55,-10
-4,3,0.154059,Yield,0,0,-59,-13
-4,4,0.154076,Yield,0,0,-63,-17
-3,8,0.154122,Yield,0,0,-66,-25
-8,2,0.154151,Yield,0,0,-74,-27
-4,3,0.15418,Yield,0,0,-78,-30
-3,3,0.154204,Yield,0,0,-81,-33
-4,3,0.154239,Yield,0,0,-85,-36
-4,3,0.154244,Yield,0,0,-89,-39
-4,3,0.154268,Yield,0,0,-93,-42
-3,2,0.154302,Yield,0,0,-96,-44
-4,3,0.154337,Yield,0,0,-100,-47
-4,3,0.154366,Yield,0,0,-104,-50
-4,3,0.154389,Yield,0,0,-108,-53
-3,3,0.154401,Yield,0,0,-111,-56
-4,1,0.154419,Yield,0,0,-115,-57
-4,2,0.154453,Yield,0,0,-119,-59
-3,1,0.154482,Yield,0,0,-122,-60
-2,1,0.154517,Yield,0,0,-124,-61
-2,2,0.154546,Yield,0,0,-126,-63
2,-1,0.155359,Yield,0,0,-124,-62
2,-1,0.155382,Yield,0,0,-122,-61
3,-1,0.155423,Yield,0,0,-119,-60
3,-1,0.155429,Yield,0,0,-116,-59
2,-1,0.155452,Yield,0,0,-114,-58
3,-1,0.155487,Yield,0,0,-111,-57
3,-1,0.15555,Yield,0,0,-108,-56
3,-1,0.155562,Yield,0,0,-105,-55
2,-2,0.15558,Yield,0,0,-103,-53
3,-2,0.155603,Yield,0,0,-100,-51
3,-2,0.155632,Yield,0,0,-97,-49
3,-2,0.155661,Yield,0,0,-94,-47
2,-2,0.155701,Yield,0,0,-92,-45
2,-2,0.155724,Yield,0,0,-90,-43
1,-1,0.15573,Yield,0,0,-89,-42
1,-2,0.155754,Yield,0,0,-88,-40
1,-2,0.155777,Yield,0,0,-87,-38
-1,-3,0.155812,Yield,0,0,-88,-35
-1,-3,0.155841,Yield,0,0,-89,-32
-1,-2,0.155876,Yield,0,0,-90,-30
-1,-2,0.155881,Yield,0,0,-91,-28
-1,-1,0.155905,Yield,0,0,-92,-27
-1,-2,0.155922,Yield,0,0,-93,-25
-1,-2,0.155957,Yield,0,0,-94,-23
-1,-1,0.155986,Yield,0,0,-95,-22
-1,-1,0.156021,Yield,0,0,-96,-21
-1,-1,0.156578,Yield,0,0,-97,-20
1,-2,0.156624,Yield,0,0,-96,-18
1,-2,0.156653,Yield,0,0,-95,-16
1,-2,0.156682,Yield,0,0,-94,-14
1,-2,0.156723,Yield,0,0,-93,-12
1,-2,0.156746,Yield,0,0,-92,-10
-1,-1,0.156758,Yield,0,0,-93,-9
-1,-3,0.156781,Yield,0,0,-94,-6
-2,-3,0.156804,Yield,0,0,-96,-3
-3,-3,0.156828,Yield,0,0,-99,0
-3,-3,0.156845,Yield,0,0,-102,3
-4,-3,0.156891,Yield,0,0,-106,6
-3,-2,0.156903,Yield,0,0,-109,8
-4,-3,0.156938,Yield,0,0,-113,11
-4,-3,0.156955,Yield,0,0,-117,14
-4,-3,0.15699,Yield,0,0,-121,17
-3,-3,0.156996,Yield,0,0,-124,20
-4,-2,0.157019,Yield,0,0,-128,22
-4,-3,0.157054,Yield,0,0,-132,25
-4,-3,0.157083,Yield,0,0,-136,28
-3,-3,0.157118,Yield,0,0,-139,31
-4,-3,0.157124,Yield,0,0,-143,34
-3,-2,0.157147,Yield,0,0,-146,36
-1,-1,0.157217,Yield,0,0,-147,37
-1,-1,0.165698,FRAY 1,87,416,-148,38
-1,-1,0.165721,FRAY 1,87,416,-149,39
-1,-1,0.165761,FRAY 1,87,416,-150,40
-1,-1,0.165779,FRAY 1,87,416,-151,41
-1,-1,0.165802,FRAY 1,87,416,-152,42
-1,1,0.166133,FRAY 1,87,416,-153,41
-1,1,0.166156,FRAY 1,87,416,-154,40
1,1,0.166203,FRAY 1,87,416,-153,39
1,1,0.166232,FRAY 1,87,416,-152,38
1,1,0.166249,FRAY 1,87,416,-151,37
1,1,0.166284,FRAY 1,87,416,-150,36
2,1,0.166429,FRAY 1,87,416,-148,35
1,2,0.166452,FRAY 1,87,416,-147,33
2,2,0.166481,FRAY 1,87,416,-145,31
1,6,0.166522,FRAY 1,87,416,-144,25
2,2,0.166545,FRAY 1,87,416,-142,23
1,3,0.166574,FRAY 1,87,416,-141,20
1,4,0.166603,FRAY 1,87,416,-140,16
-1,4,0.166638,FRAY 1,87,416,-141,12
-2,3,0.16665,FRAY 1,87,416,-143,9
-3,4,0.166673,FRAY 1,87,416,-146,5
-3,3,0.166708,FRAY 1,87,416,-149,2
-4,3,0.166742,FRAY 1,87,416,-153,-1
-3,3,0.166766,FRAY 1,87,416,-156,-4
-4,2,0.166795,FRAY 1,87,416,-160,-6
-4,2,0.166801,FRAY 1,87,416,-164,-8
-2,1,0.166818,FRAY 1,87,416,-166,-9
-1,1,0.166847,FRAY 1,87,416,-167,-10
-1,1,0.166882,FRAY 1,87,416,-168,-11
-1,1,0.166917,FRAY 1,87,416,-169,-12
-2,1,0.168223,FRAY 1,87,416,-171,-13
-2,1,0.168252,FRAY 1,87,416,-173,-14
-2,2,0.168275,FRAY 1,87,416,-175,-16
1,2,0.168298,FRAY 1,87,416,-174,-18
2,3,0.168327,FRAY 1,87,416,-172,-21
2,3,0.168362,FRAY 1,87,416,-170,-24
2,2,0.168368,FRAY 1,87,416,-168,-26
3,3,0.168403,FRAY 1,87,416,-165,-29
2,4,0.168426,FRAY 1,87,416,-163,-33
3,4,0.168449,FRAY 1,87,416,-160,-37
3,3,0.168484,FRAY 1,87,416,-157,-40
3,4,0.168513,FRAY 1,87,416,-154,-44
3,4,0.168524,FRAY 1,87,416,-151,-48
2,4,0.168554,FRAY 1,87,416,-149,-52
3,3,0.168577,FRAY 1,87,416,-146,-55
3,4,0.1686,FRAY 1,87,416,-143,-59
3,4,0.168635,FRAY 1,87,416,-140,-63
3,4,0.168658,FRAY 1,87,416,-137,-67
3,3,0.168676,FRAY 1,87,416,-134,-70
2,4,0.168699,FRAY 1,87,416,-132,-74
3,4,0.168728,FRAY 1,87,416,-129,-78
3,4,0.168763,FRAY 1,87,416,-126,-82
3,3,0.168792,FRAY 1,87,416,-123,-85
3,4,0.168809,FRAY 1,87,416,-120,-89
2,3,0.168826,FRAY 1,87,416,-118,-92
3,2,0.168844,FRAY 1,87,416,-115,-94
2,1,0.168873,FRAY 1,87,416,-113,-95
2,-1,0.168937,FRAY 1,87,416,-111,-94
2,-2,0.168966,FRAY 1,87,416,-109,-92
-1,-2,0.168983,FRAY 1,87,416,-110,-90
-1,-2,0.169016,FRAY 1,87,416,-111,-88
-1,-2,0.169047,FRAY 1,87,416,-112,-86
-1,-2,0.16907,FRAY 1,87,416,-113,-84
1,-1,0.169819,FRAY 1,87,416,-112,-83
1,-1,0.169842,FRAY 1,87,416,-111,-82
1,1,0.170098,FRAY 1,87,416,-110,-83
1,1,0.17015,FRAY 1,87,416,-109,-84
1,1,0.170167,FRAY 1,87,416,-108,-85
1,1,0.170196,FRAY 1,87,416,-107,-86
1,2,0.170237,FRAY 1,87,416,-106,-88
2,2,0.170243,FRAY 1,87,416,-104,-90
2,4,0.170301,FRAY 1,87,416,-102,-94
4,3,0.170324,FRAY 1,87,416,-98,-97
3,3,0.170347,FRAY 1,87,416,-95,-100
2,2,0.170388,FRAY 1,87,416,-93,-102
3,3,0.170394,FRAY 1,87,416,-90,-105
3,3,0.17044,FRAY 1,87,416,-87,-108
3,3,0.170446,FRAY 1,87,416,-84,-111
3,3,0.170469,FRAY 1,87,416,-81,-114
2,2,0.170504,FRAY 1,87,416,-79,-116
3,3,0.170527,FRAY 1,87,416,-76,-119
3,3,0.170545,FRAY 1,87,416,-73,-122
3,3,0.170591,FRAY 1,87,416,-70,-125
3,3,0.170597,FRAY 1,87,416,-67,-128
3,2,0.17062,FRAY 1,87,416,-64,-130
2,3,0.170655,FRAY 1,87,416,-62,-133
3,3,0.170678,FRAY 1,87,416,-59,-136
3,3,0.17069,FRAY 1,87,416,-56,-139
3,4,0.170719,FRAY 1,87,416,-53,-143
3,3,0.170748,FRAY 1,87,416,-50,-146
2,4,0.170771,FRAY 1,87,416,-48,-150
3,4,0.170818,FRAY 1,87,416,-45,-154
3,4,0.170829,FRAY 1,87,416,-42,-158
3,3,0.170847,FRAY 1,87,416,-39,-161
3,4,0.170881,FRAY 1,87,416,-36,-165
2,4,0.170905,FRAY 1,87,416,-34,-169
3,4,0.170928,FRAY 1,87,416,-31,-173
3,3,0.170957,FRAY 1,87,416,-28,-176
3,4,0.170992,FRAY 1,87,416,-25,-180
3,4,0.170998,FRAY 1,87,416,-22,-184
2,4,0.171021,FRAY 1,87,416,-20,-188
3,3,0.171056,FRAY 1,87,416,-17,-191
3,4,0.171079,FRAY 1,87,416,-14,-195
3,4,0.171108,FRAY 1,87,416,-11,-199
3,4,0.171143,FRAY 1,87,416,-8,-203
3,3,0.171154,FRAY 1,87,416,-5,-206
2,4,0.171178,FRAY 1,87,416,-3,-210
3,4,0.171207,FRAY 1,87,416,0,-214
3,4,0.17123,FRAY 1,87,416,3,-218
3,3,0.171265,FRAY 1,87,416,6,-221
3,4,0.171294,FRAY 1,87,416,9,-225
1,4,0.171305,FRAY 1,87,416,10,-229
2,4,0.171328,FRAY 1,87,416,12,-233
2,3,0.171357,FRAY 1,87,416,14,-236
1,4,0.171375,FRAY 1,87,416,15,-240
1,4,0.171416,FRAY 1,87,416,16,-244
1,4,0.171433,FRAY 1,87,416,17,-248
-1,3,0.171456,FRAY 1,87,416,16,-251
-1,4,0.171479,FRAY 1,87,416,15,-255
-1,4,0.171503,FRAY 1,87,416,14,-259
-2,4,0.171543,FRAY 1,87,416,12,-263
-1,3,0.171572,FRAY 1,87,416,11,-266
-2,4,0.17159,FRAY 1,87,416,9,-270
-1,4,0.171613,FRAY 1,87,416,8,-274
-1,4,0.17163,FRAY 1,87,416,7,-278
-1,3,0.171654,FRAY 1,87,416,6,-281
-1,4,0.171694,FRAY 1,87,416,5,-285
-1,4,0.171729,FRAY 1,87,416,4,-289
1,4,0.171741,FRAY 1,87,416,5,-293
1,3,0.171764,FRAY 1,87,416,6,-296
1,4,0.171781,FRAY 1,87,416,7,-300
1,4,0.17181,FRAY 1,87,416,8,-304
1,4,0.171839,FRAY 1,87,416,9,-308
1,3,0.171857,FRAY 1,87,416,10,-311
1,4,0.171892,FRAY 1,87,416,11,-315
1,4,0.171909,FRAY 1,87,416,12,-319
1,4,0.171932,FRAY 1,87,416,13,-323
1,3,0.171955,FRAY 1,87,416,14,-326
1,4,0.17199,FRAY 1,87,416,15,-330
1,4,0.172004,FRAY 1,87,416,16,-334
1,4,0.172054,FRAY 1,87,416,17,-338
1,3,0.172066,FRAY 1,87,416,18,-341
1,4,0.172083,FRAY 1,87,416,19,-345
1,4,0.172106,FRAY 1,87,416,20,-349
1,4,0.172141,FRAY 1,87,416,21,-353
1,3,0.172159,FRAY 1,87,416,22,-356
1,4,0.172182,FRAY 1,87,416,23,-360
1,4,0.172211,FRAY 1,87,416,24,-364
1,4,0.172234,FRAY 1,87,416,25,-368
-1,3,0.172263,FRAY 1,87,416,24,-371
-1,4,0.172286,FRAY 1,87,416,23,-375
-2,4,0.172327,FRAY 1,87,416,21,-379
-2,4,0.172339,FRAY 1,87,416,19,-383
-2,3,0.172368,FRAY 1,87,416,17,-386
-3,4,0.172391,FRAY 1,87,416,14,-390
-2,4,0.17242,FRAY 1,87,416,12,-394
-3,4,0.172437,FRAY 1,87,416,9,-398
-3,3,0.172468,FRAY 1,87,416,6,-401
-3,4,0.172489,FRAY 1,87,416,3,-405
-3,4,0.172507,FRAY 1,87,416,0,-409
-2,4,0.172542,FRAY 1,87,416,-2,-413
-2,3,0.172571,FRAY 1,87,416,-4,-416
-2,4,0.1726,FRAY 1,87,416,-6,-420
-1,4,0.172623,FRAY 1,87,416,-7,-424
-1,4,0.17264,FRAY 1,87,416,-8,-428
-1,3,0.172664,FRAY 1,87,416,-9,-431
1,4,0.172693,FRAY 1,87,416,-8,-435
1,4,0.172716,FRAY 1,87,416,-7,-439
1,4,0.17274,FRAY 1,87,416,-6,-443
2,3,0.172774,FRAY 1,87,416,-4,-446
1,4,0.172791,FRAY 1,87,416,-3,-450
1,4,0.172815,FRAY 1,87,416,-2,-454
1,4,0.172838,FRAY 1,87,416,-1,-458
1,3,0.172878,FRAY 1,87,416,0,-461
1,4,0.172902,FRAY 1,87,416,1,-465
1,4,0.172925,FRAY 1,87,416,2,-469
1,3,0.172942,FRAY 1,87,416,3,-472
1,3,0.172965,FRAY 1,87,416,4,-475
-1,2,0.172989,FRAY 1,87,416,3,-477
-1,3,0.173023,FRAY 1,87,416,2,-480
-1,3,0.173053,FRAY 1,87,416,1,-483
-1,3,0.173087,FRAY 1,87,416,0,-486
-2,3,0.173093,FRAY 1,87,416,-2,-489
-2,2,0.173116,FRAY 1,87,416,-4,-491
-2,3,0.17314,FRAY 1,87,416,-6,-494
-2,3,0.173174,FRAY 1,87,416,-8,-497
-2,3,0.173203,FRAY 1,87,416,-10,-500
-2,3,0.173238,FRAY 1,87,416,-12,-503
-2,2,0.173244,FRAY 1,87,416,-14,-505
-1,3,0.173267,FRAY 1,87,416,-15,-508
-2,3,0.173294,FRAY 1,87,416,-17,-511
-2,3,0.17332,FRAY 1,87,416,-19,-514
-2,3,0.17336,FRAY 1,87,416,-21,-517
-2,3,0.173372,FRAY 1,87,416,-23,-520
-2,2,0.173401,FRAY 1,87,416,-25,-522
-1,3,0.173424,FRAY 1,87,416,-26,-525
-1,3,0.173447,FRAY 1,87,416,-27,-528
-2,3,0.17347,FRAY 1,87,416,-29,-531
-1,3,0.1735,FRAY 1,87,416,-30,-534
-2,2,0.17354,FRAY 1,87,416,-32,-536
-3,3,0.173552,FRAY 1,87,416,-35,-539
-3,1,0.173575,FRAY 1,87,416,-38,-540
-4,3,0.173604,FRAY 1,87,416,-42,-543
-4,3,0.173633,FRAY 1,87,416,-46,-546
-4,3,0.173645,FRAY 1,87,416,-50,-549
-3,3,0.173679,FRAY 1,87,416,-53,-552
-4,4,0.173703,FRAY 1,87,416,-57,-556
-4,4,0.173726,FRAY 1,87,416,-61,-560
-4,4,0.173761,FRAY 1,87,416,-65,-564
-3,3,0.17379,FRAY 1,87,416,-68,-567
-3,4,0.173796,FRAY 1,87,416,-71,-571
-3,4,0.17383,FRAY 1,87,416,-74,-575
-2,4,0.173854,FRAY 1,87,416,-76,-579
-1,3,0.173877,FRAY 1,87,416,-77,-582
-1,4,0.173912,FRAY 1,87,416,-78,-586
-1,4,0.173941,FRAY 1,87,416,-79,-590
1,3,0.173952,FRAY 1,87,416,-78,-593
1,2,0.173976,FRAY 1,87,416,-77,-595
1,3,0.173999,FRAY 1,87,416,-76,-598
2,2,0.174022,FRAY 1,87,416,-74,-600
2,2,0.174056,FRAY 1,87,416,-72,-602
2,2,0.17408,FRAY 1,87,416,-70,-604
2,2,0.174092,FRAY 1,87,416,-68,-606
1,2,0.174121,FRAY 1,87,416,-67,-608
2,1,0.17415,FRAY 1,87,416,-65,-609
3,2,0.174173,FRAY 1,87,416,-62,-611
3,2,0.174196,FRAY 1,87,416,-59,-613
3,1,0.174231,FRAY 1,87,416,-56,-614
3,1,0.174248,FRAY 1,87,416,-53,-615
2,1,0.174272,FRAY 1,87,416,-51,-616
1,1,0.17455,FRAY 1,87,416,-50,-617
1,1,0.174573,FRAY 1,87,416,-49,-618
1,1,0.174631,FRAY 1,87,416,-48,-619
2,2,0.17466,FRAY 1,87,416,-46,-621
2,2,0.17469,FRAY 1,87,416,-44,-623
2,1,0.174707,FRAY 1,87,416,-42,-624
3,1,0.174724,FRAY 1,87,416,-39,-625
3,1,0.17475,FRAY 1,87,416,-36,-626
3,-1,0.174858,FRAY 1,87,416,-33,-625
3,-1,0.174881,FRAY 1,87,416,-30,-624
1,-1,0.174904,FRAY 1,87,416,-29,-623
2,-1,0.174939,FRAY 1,87,416,-27,-622
2,-1,0.174968,FRAY 1,87,416,-25,-621
2,-1,0.174997,FRAY 1,87,416,-23,-620
1,-2,0.175009,FRAY 1,87,416,-22,-618
1,-1,0.175032,FRAY 1,87,416,-21,-617
1,-2,0.175044,FRAY 1,87,416,-20,-615
1,-2,0.175078,FRAY 1,87,416,-19,-613
1,-2,0.175107,FRAY 1,87,416,-18,-611
1,-2,0.175142,FRAY 1,87,416,-17,-609
1,-2,0.175148,FRAY 1,87,416,-16,-607
1,-2,0.175171,FRAY 1,87,416,-15,-605
1,-2,0.175195,FRAY 1,87,416,-14,-603
1,-1,0.175221,FRAY 1,87,416,-13,-602
1,-2,0.175253,FRAY 1,87,416,-12,-600
1,-2,0.175286,FRAY 1,87,416,-11,-598
1,-2,0.175299,FRAY 1,87,416,-10,-596
1,-2,0.175322,FRAY 1,87,416,-9,-594
1,-2,0.175357,FRAY 1,87,416,-8,-592
1,-2,0.175375,FRAY 1,87,416,-7,-590
1,-1,0.175404,FRAY 1,87,416,-6,-589
1,-1,0.175456,FRAY 1,87,416,-5,-588
1,-1,0.175508,FRAY 1,87,416,-4,-587
1,-1,0.175525,FRAY 1,87,416,-3,-586
1,1,0.182114,SAN- 2,387,311,-2,-587
1,1,0.182172,SAN- 2,387,311,-1,-588
1,1,0.18219,SAN- 2,387,311,0,-589
1,1,0.182242,SAN- 2,387,311,1,-590
1,1,0.182265,SAN- 2,387,311,2,-591
1,2,0.182288,SAN- 2,387,311,3,-593
1,2,0.182329,SAN- 2,387,311,4,-595
1,2,0.182352,SAN- 2,387,311,5,-597
1,3,0.18237,SAN- 2,387,311,6,-600
2,3,0.182387,SAN- 2,387,311,8,-603
2,2,0.182416,SAN- 2,387,311,10,-605
3,3,0.182439,SAN- 2,387,311,13,-608
2,3,0.182468,SAN- 2,387,311,15,-611
3,3,0.182497,SAN- 2,387,311,18,-614
3,3,0.182515,SAN- 2,387,311,21,-617
3,3,0.182538,SAN- 2,387,311,24,-620
3,2,0.182573,SAN- 2,387,311,27,-622
2,3,0.182596,SAN- 2,387,311,29,-625
3,3,0.182619,SAN- 2,387,311,32,-628
3,3,0.182642,SAN- 2,387,311,35,-631
3,3,0.182666,SAN- 2,387,311,38,-634
3,2,0.182689,SAN- 2,387,311,41,-636
2,3,0.182724,SAN- 2,387,311,43,-639
3,3,0.182753,SAN- 2,387,311,46,-642
3,3,0.182787,SAN- 2,387,311,49,-645
3,3,0.182799,SAN- 2,387,311,52,-648
3,2,0.182817,SAN- 2,387,311,55,-650
3,3,0.18284,SAN- 2,387,311,58,-653
2,2,0.182875,SAN- 2,387,311,60,-655
3,2,0.182909,SAN- 2,387,311,63,-657
3,1,0.182938,SAN- 2,387,311,66,-658
3,1,0.18295,SAN- 2,387,311,69,-659
3,1,0.182971,SAN- 2,387,311,72,-660
2,1,0.182996,SAN- 2,387,311,74,-661
3,1,0.183147,SAN- 2,387,311,77,-662
3,1,0.183171,SAN- 2,387,311,80,-663
3,1,0.183205,SAN- 2,387,311,83,-664
3,1,0.183234,SAN- 2,387,311,86,-665
2,1,0.183275,SAN- 2,387,311,88,-666
3,1,0.183298,SAN- 2,387,311,91,-667
3,1,0.183322,SAN- 2,387,311,94,-668
3,1,0.183356,SAN- 2,387,311,97,-669
3,1,0.183369,SAN- 2,387,311,100,-670
2,1,0.183403,SAN- 2,387,311,102,-671
3,-1,0.183472,SAN- 2,387,311,105,-670
3,-1,0.183507,SAN- 2,387,311,108,-669
2,-1,0.183525,SAN- 2,387,311,110,-668
3,-2,0.183554,SAN- 2,387,311,113,-666
3,-1,0.183577,SAN- 2,387,311,116,-665
3,-2,0.1836,SAN- 2,387,311,119,-663
3,-3,0.183635,SAN- 2,387,311,122,-660
2,-3,0.183658,SAN- 2,387,311,124,-657
3,-3,0.183676,SAN- 2,387,311,127,-654
3,-3,0.183699,SAN- 2,387,311,130,-651
3,-2,0.183728,SAN- 2,387,311,133,-649
3,-3,0.183751,SAN- 2,387,311,136,-646
3,-3,0.183786,SAN- 2,387,311,139,-643
2,-3,0.183815,SAN- 2,387,311,141,-640
3,-3,0.183827,SAN- 2,387,311,144,-637
3,-2,0.18385,SAN- 2,387,311,147,-635
3,-3,0.183879,SAN- 2,387,311,150,-632
3,-3,0.183905,SAN- 2,387,311,153,-629
2,-3,0.183937,SAN- 2,387,311,155,-626
3,-3,0.183972,SAN- 2,387,311,158,-623
3,-3,0.183978,SAN- 2,387,311,161,-620
3,-2,0.184001,SAN- 2,387,311,164,-618
3,-3,0.184024,SAN- 2,387,311,167,-615
2,-3,0.184059,SAN- 2,387,311,169,-612
3,-3,0.184082,SAN- 2,387,311,172,-609
3,-3,0.184123,SAN- 2,387,311,175,-606
3,-2,0.184128,SAN- 2,387,311,178,-604
3,-3,0.184152,SAN- 2,387,311,181,-601
3,-3,0.184175,SAN- 2,387,311,184,-598
2,-3,0.18421,SAN- 2,387,311,186,-595
3,-3,0.184233,SAN- 2,387,311,189,-592
3,-2,0.184274,SAN- 2,387,311,192,-590
3,-3,0.184285,SAN- 2,387,311,195,-587
3,-3,0.184303,SAN- 2,387,311,198,-584
2,-3,0.184337,SAN- 2,387,311,200,-581
3,-3,0.184355,SAN- 2,387,311,203,-578
3,-3,0.184384,SAN- 2,387,311,206,-575
3,-2,0.184419,SAN- 2,387,311,209,-573
3,-3,0.184436,SAN- 2,387,311,212,-570
2,-3,0.184459,SAN- 2,387,311,214,-567
3,-3,0.184483,SAN- 2,387,311,217,-564
3,-3,0.184512,SAN- 2,387,311,220,-561
3,-2,0.184535,SAN- 2,387,311,223,-559
3,-3,0.184564,SAN- 2,387,311,226,-556
2,-3,0.184587,SAN- 2,387,311,228,-553
3,-3,0.18461,SAN- 2,387,311,231,-550
3,-3,0.184633,SAN- 2,387,311,234,-547
3,-2,0.184662,SAN- 2,387,311,237,-545
3,-3,0.184692,SAN- 2,387,311,240,-542
3,-3,0.184721,SAN- 2,387,311,243,-539
2,-3,0.184738,SAN- 2,387,311,245,-536
3,-3,0.184761,SAN- 2,387,311,248,-533
3,-3,0.184784,SAN- 2,387,311,251,-530
3,-2,0.184819,SAN- 2,387,311,254,-528
3,-3,0.184842,SAN- 2,387,311,257,-525
2,-3,0.184866,SAN- 2,387,311,259,-522
3,-3,0.184889,SAN- 2,387,311,262,-519
3,-3,0.184912,SAN- 2,387,311,265,-516
3,-2,0.184935,SAN- 2,387,311,268,-514
3,-3,0.18497,SAN- 2,387,311,271,-511
2,-3,0.184988,SAN- 2,387,311,273,-508
3,-3,0.185023,SAN- 2,387,311,276,-505
3,-3,0.18504,SAN- 2,387,311,279,-502
3,-2,0.185063,SAN- 2,387,311,282,-500
3,-3,0.185092,SAN- 2,387,311,285,-497
3,-3,0.185121,SAN- 2,387,311,288,-494
2,-3,0.185156,SAN- 2,387,311,290,-491
3,-3,0.185162,SAN- 2,387,311,293,-488
3,-3,0.185191,SAN- 2,387,311,296,-485
3,-2,0.185219,SAN- 2,387,311,299,-483
3,-3,0.185243,SAN- 2,387,311,302,-480
2,-3,0.185272,SAN- 2,387,311,304,-477
3,-3,0.185307,SAN- 2,387,311,307,-474
3,-3,0.185313,SAN- 2,387,311,310,-471
3,-2,0.185347,SAN- 2,387,311,313,-469
3,-3,0.185371,SAN- 2,387,311,316,-466
2,-3,0.185394,SAN- 2,387,311,318,-463
3,-3,0.185417,SAN- 2,387,311,321,-460
3,-3,0.185458,SAN- 2,387,311,324,-457
3,-2,0.185464,SAN- 2,387,311,327,-455
3,-3,0.185491,SAN- 2,387,311,330,-452
3,-3,0.185516,SAN- 2,387,311,333,-449
1,-3,0.185533,SAN- 2,387,311,334,-446
2,-3,0.185562,SAN- 2,387,311,336,-443
2,-3,0.185591,SAN- 2,387,311,338,-440
2,-1,0.185609,SAN- 2,387,311,340,-439
2,-2,0.185632,SAN- 2,387,311,342,-437
2,-2,0.185667,SAN- 2,387,311,344,-435
2,-2,0.185686,SAN- 2,387,311,346,-433
2,-2,0.185713,SAN- 2,387,311,348,-431
1,-1,0.185742,SAN- 2,387,311,349,-430
2,-1,0.18576,SAN- 2,387,311,351,-429
3,-1,0.185783,SAN- 2,387,311,354,-428
3,-1,0.185818,SAN- 2,387,311,357,-427
3,-1,0.185841,SAN- 2,387,311,360,-426
2,-1,0.18587,SAN- 2,387,311,362,-425
2,-2,0.185893,SAN- 2,387,311,364,-423
2,-2,0.185911,SAN- 2,387,311,366,-421
2,-2,0.185928,SAN- 2,387,311,368,-419
1,-2,0.185951,SAN- 2,387,311,369,-417
1,-2,0.185986,SAN- 2,387,311,370,-415
1,-1,0.186009,SAN- 2,387,311,371,-414
1,-1,0.186056,SAN- 2,387,311,372,-413
1,-1,0.186079,SAN- 2,387,311,373,-412
2,1,0.186207,SAN- 2,387,311,375,-413
2,1,0.18623,SAN- 2,387,311,377,-414
2,1,0.186255,SAN- 2,387,311,379,-415
2,1,0.186288,SAN- 2,387,311,381,-416
2,-1,0.186688,SAN- 2,387,311,383,-415
3,-1,0.186706,SAN- 2,387,311,386,-414
3,-1,0.186729,SAN- 2,387,311,389,-413
3,-1,0.186764,SAN- 2,387,311,392,-412
3,-1,0.186793,SAN- 2,387,311,395,-411
3,-1,0.186834,SAN- 2,387,311,398,-410
2,-1,0.186868,SAN- 2,387,311,400,-409
2,-1,0.186897,SAN- 2,387,311,402,-408
1,-1,0.186915,SAN- 2,387,311,403,-407
1,-1,0.186938,SAN- 2,387,311,404,-406
1,-1,0.186984,SAN- 2,387,311,405,-405
2,-1,0.187228,SAN- 2,387,311,407,-404
2,-1,0.18724,SAN- 2,387,311,409,-403
2,-1,0.187257,SAN- 2,387,311,411,-402
2,-1,0.187286,SAN- 2,387,311,413,-401
1,-1,0.18731,SAN- 2,387,311,414,-400
3,-1,0.187373,SAN- 2,387,311,417,-399
3,-1,0.187379,SAN- 2,387,311,420,-398
2,-1,0.187402,SAN- 2,387,311,422,-397
3,-1,0.187437,SAN- 2,387,311,425,-396
3,-1,0.187466,SAN- 2,387,311,428,-395
3,-1,0.187495,SAN- 2,387,311,431,-394
3,-1,0.187524,SAN- 2,387,311,434,-393
2,-1,0.187611,SAN- 2,387,311,436,-392
2,-1,0.187639,SAN- 2,387,311,438,-391
2,-1,0.187669,SAN- 2,387,311,440,-390
2,-1,0.187687,SAN- 2,387,311,442,-389
2,1,0.188267,SAN- 2,387,311,444,-390
2,1,0.188291,SAN- 2,387,311,446,-391
2,1,0.188308,SAN- 2,387,311,448,-392
2,2,0.188337,SAN- 2,387,311,450,-394
3,2,0.188366,SAN- 2,387,311,453,-396
3,2,0.188407,SAN- 2,387,311,456,-398
3,2,0.188424,SAN- 2,387,311,459,-400
3,1,0.188442,SAN- 2,387,311,462,-401
2,2,0.188465,SAN- 2,387,311,464,-403
1,2,0.188488,SAN- 2,387,311,465,-405
1,1,0.188517,SAN- 2,387,311,466,-406
1,1,0.188534,SAN- 2,387,311,467,-407
1,1,0.188592,SAN- 2,387,311,468,-408
1,1,0.188616,SAN- 2,387,311,469,-409
1,-1,0.19605,-TIA- 3,329,115,470,-408
1,-1,0.196098,-TIA- 3,329,115,471,-407
1,-2,0.196122,-TIA- 3,329,115,472,-405
1,-1,0.196145,-TIA- 3,329,115,473,-404
1,-2,0.19618,-TIA- 3,329,115,474,-402
1,-2,0.196209,-TIA- 3,329,115,475,-400
1,-3,0.196226,-TIA- 3,329,115,476,-397
1,-3,0.196249,-TIA- 3,329,115,477,-394
1,-3,0.196272,-TIA- 3,329,115,478,-391
2,-2,0.196296,-TIA- 3,329,115,480,-389
2,-3,0.196331,-TIA- 3,329,115,482,-386
2,-3,0.19636,-TIA- 3,329,115,484,-383
2,-3,0.196377,-TIA- 3,329,115,486,-380
1,-3,0.1964,-TIA- 3,329,115,487,-377
2,-3,0.196423,-TIA- 3,329,115,489,-374
1,-2,0.196451,-TIA- 3,329,115,490,-372
1,-3,0.196481,-TIA- 3,329,115,491,-369
-1,-3,0.196516,-TIA- 3,329,115,490,-366
-2,-3,0.196528,-TIA- 3,329,115,488,-363
-1,-3,0.196554,-TIA- 3,329,115,487,-360
-3,-2,0.19658,-TIA- 3,329,115,484,-358
-3,-3,0.196621,-TIA- 3,329,115,481,-355
-4,-3,0.196644,-TIA- 3,329,115,477,-352
-4,-3,0.196667,-TIA- 3,329,115,473,-349
-3,-3,0.196685,-TIA- 3,329,115,470,-346
-4,-2,0.196708,-TIA- 3,329,115,466,-344
-4,-3,0.196731,-TIA- 3,329,115,462,-341
-4,-3,0.19676,-TIA- 3,329,115,458,-338
-3,-3,0.196795,-TIA- 3,329,115,455,-335
-4,-3,0.196801,-TIA- 3,329,115,451,-332
-4,-3,0.196836,-TIA- 3,329,115,447,-329
-4,-2,0.196859,-TIA- 3,329,115,443,-327
-3,-3,0.196882,-TIA- 3,329,115,440,-324
-4,-3,0.196911,-TIA- 3,329,115,436,-321
-4,-3,0.196946,-TIA- 3,329,115,432,-318
-4,-3,0.196952,-TIA- 3,329,115,428,-315
-3,-2,0.196986,-TIA- 3,329,115,425,-313
-4,-3,0.197016,-TIA- 3,329,115,421,-310
-4,-3,0.197033,-TIA- 3,329,115,417,-307
-4,-3,0.197062,-TIA- 3,329,115,413,-304
-3,-3,0.197097,-TIA- 3,329,115,410,-301
-4,-2,0.197108,-TIA- 3,329,115,406,-299
-4,-3,0.197126,-TIA- 3,329,115,402,-296
-4,-3,0.197161,-TIA- 3,329,115,398,-293
-3,-3,0.197184,-TIA- 3,329,115,395,-290
-4,-3,0.197219,-TIA- 3,329,115,391,-287
-4,-3,0.197248,-TIA- 3,329,115,387,-284
-4,-2,0.197254,-TIA- 3,329,115,383,-282
-3,-3,0.197283,-TIA- 3,329,115,380,-279
-4,-3,0.197312,-TIA- 3,329,115,376,-276
-4,-3,0.197335,-TIA- 3,329,115,372,-273
-4,-3,0.19737,-TIA- 3,329,115,368,-270
-3,-2,0.197393,-TIA- 3,329,115,365,-268
-4,-3,0.19741,-TIA- 3,329,115,361,-265
-4,-3,0.197428,-TIA- 3,329,115,357,-262
-4,-3,0.197457,-TIA- 3,329,115,353,-259
-3,-3,0.197486,-TIA- 3,329,115,350,-256
-4,-2,0.197503,-TIA- 3,329,115,346,-254
-4,-3,0.197544,-TIA- 3,329,115,342,-251
-4,-3,0.19755,-TIA- 3,329,115,338,-248
-3,-3,0.197577,-TIA- 3,329,115,335,-245
-4,-3,0.197602,-TIA- 3,329,115,331,-242
-4,-3,0.197631,-TIA- 3,329,115,327,-239
-3,-2,0.197654,-TIA- 3,329,115,324,-237
-2,-3,0.197689,-TIA- 3,329,115,322,-234
-3,-3,0.197706,-TIA- 3,329,115,319,-231
-2,-3,0.19773,-TIA- 3,329,115,317,-228
-2,-3,0.197753,-TIA- 3,329,115,315,-225
-1,-2,0.197793,-TIA- 3,329,115,314,-223
-1,-3,0.197822,-TIA- 3,329,115,313,-220
-1,-3,0.19784,-TIA- 3,329,115,312,-217
1,-3,0.197857,-TIA- 3,329,115,313,-214
1,-3,0.19788,-TIA- 3,329,115,314,-211
1,-2,0.197904,-TIA- 3,329,115,315,-209
1,-3,0.197939,-TIA- 3,329,115,316,-206
1,-3,0.197962,-TIA- 3,329,115,317,-203
1,-3,0.197991,-TIA- 3,329,115,318,-200
1,-3,0.198008,-TIA- 3,329,115,319,-197
1,-3,0.198031,-TIA- 3,329,115,320,-194
1,-2,0.198055,-TIA- 3,329,115,321,-192
1,-3,0.198089,-TIA- 3,329,115,322,-189
1,-3,0.198118,-TIA- 3,329,115,323,-186
1,-3,0.198153,-TIA- 3,329,115,324,-183
1,-3,0.198159,-TIA- 3,329,115,325,-180
1,-2,0.198191,-TIA- 3,329,115,326,-178
1,-3,0.1982,-TIA- 3,329,115,327,-175
1,-3,0.198223,-TIA- 3,329,115,328,-172
1,-3,0.198264,-TIA- 3,329,115,329,-169
1,-3,0.198293,-TIA- 3,329,115,330,-166
1,-2,0.198304,-TIA- 3,329,115,331,-164
1,-3,0.198327,-TIA- 3,329,115,332,-161
2,-3,0.198351,-TIA- 3,329,115,334,-158
2,-3,0.19838,-TIA- 3,329,115,336,-155
2,-3,0.198415,-TIA- 3,329,115,338,-152
3,-3,0.198444,-TIA- 3,329,115,341,-149
3,-2,0.198455,-TIA- 3,329,115,344,-147
2,-3,0.198478,-TIA- 3,329,115,346,-144
3,-3,0.198502,-TIA- 3,329,115,349,-141
3,-3,0.198536,-TIA- 3,329,115,352,-138
3,-3,0.19856,-TIA- 3,329,115,355,-135
3,-2,0.198577,-TIA- 3,329,115,358,-133
2,-3,0.198606,-TIA- 3,329,115,360,-130
1,-3,0.198629,-TIA- 3,329,115,361,-127
1,-3,0.198653,-TIA- 3,329,115,362,-124
1,-3,0.198681,-TIA- 3,329,115,363,-121
1,-2,0.198711,-TIA- 3,329,115,364,-119
-1,-3,0.198728,-TIA- 3,329,115,363,-116
-1,-3,0.198757,-TIA- 3,329,115,362,-113
-1,-3,0.19878,-TIA- 3,329,115,361,-110
-2,-3,0.198815,-TIA- 3,329,115,359,-107
-2,-3,0.198832,-TIA- 3,329,115,357,-104
-1,-2,0.198861,-TIA- 3,329,115,356,-102
-1,-3,0.198879,-TIA- 3,329,115,355,-99
-1,-3,0.198914,-TIA- 3,329,115,354,-96
-1,-3,0.198937,-TIA- 3,329,115,353,-93
-1,-3,0.19896,-TIA- 3,329,115,352,-90
1,-2,0.198989,-TIA- 3,329,115,353,-88
1,-5,0.19903,-TIA- 3,329,115,354,-83
4,-2,0.199053,-TIA- 3,329,115,358,-81
1,-2,0.199088,-TIA- 3,329,115,359,-79
2,-2,0.199111,-TIA- 3,329,115,361,-77
3,-2,0.19914,-TIA- 3,329,115,364,-75
3,-3,0.199181,-TIA- 3,329,115,367,-72
6,-1,0.199216,-TIA- 3,329,115,373,-71
2,-1,0.199239,-TIA- 3,329,115,375,-70
3,-1,0.199262,-TIA- 3,329,115,378,-69
3,-1,0.199297,-TIA- 3,329,115,381,-68
3,-2,0.199338,-TIA- 3,329,115,384,-66
5,-1,0.199367,-TIA- 3,329,115,389,-65
2,1,0.199512,-TIA- 3,329,115,391,-66
3,1,0.199535,-TIA- 3,329,115,394,-67
3,1,0.199567,-TIA- 3,329,115,397,-68
3,1,0.199593,-TIA- 3,329,115,400,-69
3,1,0.199628,-TIA- 3,329,115,403,-70
2,1,0.199639,-TIA- 3,329,115,405,-71
3,1,0.199663,-TIA- 3,329,115,408,-72
3,1,0.199697,-TIA- 3,329,115,411,-73
2,1,0.199726,-TIA- 3,329,115,413,-74
2,1,0.199784,-TIA- 3,329,115,415,-75
1,1,0.19979,-TIA- 3,329,115,416,-76
1,1,0.199814,-TIA- 3,329,115,417,-77
1,2,0.199848,-TIA- 3,329,115,418,-79
-1,2,0.199877,-TIA- 3,329,115,417,-81
-1,1,0.199895,-TIA- 3,329,115,416,-82
-2,2,0.199935,-TIA- 3,329,115,414,-84
-3,2,0.199947,-TIA- 3,329,115,411,-86
-3,2,0.199964,-TIA- 3,329,115,408,-88
-4,2,0.199999,-TIA- 3,329,115,404,-90
-3,2,0.200034,-TIA- 3,329,115,401,-92
-4,2,0.200052,-TIA- 3,329,115,397,-94
-4,2,0.200086,-TIA- 3,329,115,393,-96
-4,1,0.200098,-TIA- 3,329,115,389,-97
-3,2,0.200121,-TIA- 3,329,115,386,-99
-4,2,0.20015,-TIA- 3,329,115,382,-101
-4,2,0.200173,-TIA- 3,329,115,378,-103
-4,3,0.200191,-TIA- 3,329,115,374,-106
-3,6,0.200249,-TIA- 3,329,115,371,-112
-8,2,0.200272,-TIA- 3,329,115,363,-114
-4,3,0.200295,-TIA- 3,329,115,359,-117
-2,3,0.20033,-TIA- 3,329,115,357,-120
-2,3,0.200359,-TIA- 3,329,115,355,-123
-1,3,0.200393,-TIA- 3,329,115,354,-126
-1,2,0.2004,-TIA- 3,329,115,353,-128
1,3,0.200423,-TIA- 3,329,115,354,-131
2,3,0.200446,-TIA- 3,329,115,356,-134
1,3,0.200481,-TIA- 3,329,115,357,-137
2,2,0.20051,-TIA- 3,329,115,359,-139
2,2,0.200522,-TIA- 3,329,115,361,-141
2,1,0.200551,-TIA- 3,329,115,363,-142
1,1,0.200609,-TIA- 3,329,115,364,-143
1,1,0.200928,-TIA- 3,329,115,365,-144
1,1,0.20098,-TIA- 3,329,115,366,-145
1,-1,0.201265,-TIA- 3,329,115,367,-144
1,-1,0.201305,-TIA- 3,329,115,368,-143
3,1,0.201509,-TIA- 3,329,115,371,-144
2,1,0.201543,-TIA- 3,329,115,373,-145
3,1,0.201549,-TIA- 3,329,115,376,-146
3,1,0.201584,-TIA- 3,329,115,379,-147
3,1,0.201619,-TIA- 3,329,115,382,-148
3,1,0.20163,-TIA- 3,329,115,385,-149
2,1,0.201665,-TIA- 3,329,115,387,-150
1,1,0.201694,-TIA- 3,329,115,388,-151
2,1,0.201706,-TIA- 3,329,115,390,-152
2,2,0.201729,-TIA- 3,329,115,392,-154
2,2,0.201758,-TIA- 3,329,115,394,-156
2,2,0.201781,-TIA- 3,329,115,396,-158
2,2,0.201816,-TIA- 3,329,115,398,-160
2,2,0.201845,-TIA- 3,329,115,400,-162
2,2,0.201857,-TIA- 3,329,115,402,-164
1,2,0.20188,-TIA- 3,329,115,403,-166
2,1,0.20191,-TIA- 3,329,115,405,-167
2,2,0.201938,-TIA- 3,329,115,407,-169
2,2,0.201967,-TIA- 3,329,115,409,-171
2,1,0.20199,-TIA- 3,329,115,411,-172
1,1,0.202008,-TIA- 3,329,115,412,-173
1,1,0.202031,-TIA- 3,329,115,413,-174
1,-1,0.202879,-TIA- 3,329,115,414,-173
1,-1,0.20289,-TIA- 3,329,115,415,-172
1,-1,0.202913,-TIA- 3,329,115,416,-171
1,-1,0.202937,-TIA- 3,329,115,417,-170
1,-1,0.202995,-TIA- 3,329,115,418,-169
1,-1,0.203034,-TIA- 3,329,115,419,-168
1,-1,0.203064,-TIA- 3,329,115,420,-167
1,-1,0.203088,-TIA- 3,329,115,421,-166
1,-1,0.203146,-TIA- 3,329,115,422,-165
1,-1,0.203175,-TIA- 3,329,115,423,-164
1,-1,0.203221,-TIA- 3,329,115,424,-163
1,-1,0.20325,-TIA- 3,329,115,425,-162
-1,-2,0.203267,-TIA- 3,329,115,424,-160
-1,-1,0.203297,-TIA- 3,329,115,423,-159
-2,-2,0.203326,-TIA- 3,329,115,421,-157
-2,-2,0.203343,-TIA- 3,329,115,419,-155
-2,-2,0.203366,-TIA- 3,329,115,417,-153
-2,-2,0.203401,-TIA- 3,329,115,415,-151
-3,-2,0.203418,-TIA- 3,329,115,412,-149
-3,-2,0.203447,-TIA- 3,329,115,409,-147
-3,-2,0.203482,-TIA- 3,329,115,406,-145
-3,-1,0.203494,-TIA- 3,329,115,403,-144
-2,-2,0.203522,-TIA- 3,329,115,401,-142
-1,-2,0.203546,-TIA- 3,329,115,400,-140
-2,-1,0.203575,-TIA- 3,329,115,398,-139
-1,-1,0.20361,-TIA- 3,329,115,397,-138
-1,-1,0.203633,-TIA- 3,329,115,396,-137
-1,-1,0.203651,-TIA- 3,329,115,395,-136
-1,-2,0.203674,-TIA- 3,329,115,394,-134
-1,-2,0.203697,-TIA- 3,329,115,393,-132
-1,-2,0.203726,-TIA- 3,329,115,392,-130
-1,-2,0.203761,-TIA- 3,329,115,391,-128
-1,-3,0.203802,-TIA- 3,329,115,390,-125
-1,-2,0.203831,-TIA- 3,329,115,389,-123
-1,-2,0.203848,-TIA- 3,329,115,388,-121
1,-2,0.203881,-TIA- 3,329,115,389,-119
1,-2,0.203912,-TIA- 3,329,115,390,-117
1,-2,0.203923,-TIA- 3,329,115,391,-115
2,-2,0.203952,-TIA- 3,329,115,393,-113
1,-2,0.203981,-TIA- 3,329,115,394,-111
2,-1,0.204016,-TIA- 3,329,115,396,-110
3,-3,0.20405,-TIA- 3,329,115,399,-107
6,-1,0.204063,-TIA- 3,329,115,405,-106
3,-1,0.204098,-TIA- 3,329,115,408,-105
2,-1,0.204127,-TIA- 3,329,115,410,-104
3,-1,0.204161,-TIA- 3,329,115,413,-103
1,-1,0.210779,GO 4,282,431,414,-102
2,-1,0.210802,GO 4,282,431,416,-101
2,-1,0.210826,GO 4,282,431,418,-100
2,1,0.212082,GO 4,282,431,420,-101
2,1,0.212132,GO 4,282,431,422,-102
2,1,0.212155,GO 4,282,431,424,-103
2,2,0.212219,GO 4,282,431,426,-105
2,2,0.212236,GO 4,282,431,428,-107
2,2,0.212265,GO 4,282,431,430,-109
2,3,0.212283,GO 4,282,431,432,-112
2,3,0.212306,GO 4,282,431,434,-115
2,3,0.212341,GO 4,282,431,436,-118
2,3,0.212364,GO 4,282,431,438,-121
1,3,0.212405,GO 4,282,431,439,-124
1,4,0.212422,GO 4,282,431,440,-128
1,4,0.212434,GO 4,282,431,441,-132
1,4,0.212457,GO 4,282,431,442,-136
1,3,0.21248,GO 4,282,431,443,-139
1,4,0.212515,GO 4,282,431,444,-143
1,4,0.212544,GO 4,282,431,445,-147
1,7,0.212584,GO 4,282,431,446,-154
2,4,0.212614,GO 4,282,431,448,-158
1,4,0.212637,GO 4,282,431,449,-162
1,4,0.212666,GO 4,282,431,450,-166
1,3,0.212701,GO 4,282,431,451,-169
1,4,0.21273,GO 4,282,431,452,-173
1,4,0.212739,GO 4,282,431,453,-177
1,4,0.212764,GO 4,282,431,454,-181
-1,3,0.212788,GO 4,282,431,453,-184
-1,4,0.212817,GO 4,282,431,452,-188
-1,4,0.212852,GO 4,282,431,451,-192
-1,4,0.212881,GO 4,282,431,450,-196
-1,3,0.212892,GO 4,282,431,449,-199
-1,4,0.212915,GO 4,282,431,448,-203
-1,4,0.212944,GO 4,282,431,447,-207
-1,4,0.212968,GO 4,282,431,446,-211
-1,3,0.212991,GO 4,282,431,445,-214
-1,4,0.213034,GO 4,282,431,444,-218
-1,4,0.213043,GO 4,282,431,443,-222
-1,4,0.213066,GO 4,282,431,442,-226
-1,3,0.2131,GO 4,282,431,441,-229
-1,4,0.213124,GO 4,282,431,440,-233
-1,4,0.213148,GO 4,282,431,439,-237
-1,4,0.213177,GO 4,282,431,438,-241
-1,3,0.213187,GO 4,282,431,437,-244
-2,4,0.213211,GO 4,282,431,435,-248
-2,4,0.21324,GO 4,282,431,433,-252
-1,4,0.213275,GO 4,282,431,432,-256
-2,3,0.213281,GO 4,282,431,430,-259
-2,4,0.213316,GO 4,282,431,428,-263
-1,4,0.213339,GO 4,282,431,427,-267
-1,4,0.213362,GO 4,282,431,426,-271
-1,3,0.213386,GO 4,282,431,425,-274
-1,4,0.213415,GO 4,282,431,424,-278
-1,4,0.213432,GO 4,282,431,423,-282
-1,4,0.213467,GO 4,282,431,422,-286
-1,3,0.21349,GO 4,282,431,421,-289
-1,4,0.213513,GO 4,282,431,420,-293
-1,4,0.213537,GO 4,282,431,419,-297
-1,4,0.21357,GO 4,282,431,418,-301
-1,3,0.213583,GO 4,282,431,417,-304
-1,4,0.213606,GO 4,282,431,416,-308
-1,4,0.213641,GO 4,282,431,415,-312
-1,4,0.213664,GO 4,282,431,414,-316
-1,3,0.213687,GO 4,282,431,413,-319
-2,4,0.213722,GO 4,282,431,411,-323
-2,4,0.213734,GO 4,282,431,409,-327
-2,4,0.213763,GO 4,282,431,407,-331
-2,3,0.213792,GO 4,282,431,405,-334
-2,4,0.213833,GO 4,282,431,403,-338
-1,4,0.213838,GO 4,282,431,402,-342
-2,4,0.213867,GO 4,282,431,400,-346
-2,3,0.213891,GO 4,282,431,398,-349
-2,4,0.213914,GO 4,282,431,396,-353
-2,4,0.213943,GO 4,282,431,394,-357
-2,4,0.213972,GO 4,282,431,392,-361
-2,3,0.214007,GO 4,282,431,390,-364
-2,4,0.214024,GO 4,282,431,388,-368
-1,4,0.214042,GO 4,282,431,387,-372
-2,4,0.214065,GO 4,282,431,385,-376
-1,3,0.214088,GO 4,282,431,384,-379
-1,4,0.214123,GO 4,282,431,383,-383
-1,4,0.214152,GO 4,282,431,382,-387
-1,4,0.214175,GO 4,282,431,381,-391
-1,3,0.214192,GO 4,282,431,380,-394
-1,4,0.214216,GO 4,282,431,379,-398
1,4,0.214239,GO 4,282,431,380,-402
1,4,0.214274,GO 4,282,431,381,-406
1,3,0.214303,GO 4,282,431,382,-409
1,4,0.214332,GO 4,282,431,383,-413
1,4,0.214343,GO 4,282,431,384,-417
1,4,0.214367,GO 4,282,431,385,-421
1,3,0.214396,GO 4,282,431,386,-424
1,4,0.214425,GO 4,282,431,387,-428
1,4,0.21446,GO 4,282,431,388,-432
1,4,0.214489,GO 4,282,431,389,-436
1,3,0.214494,GO 4,282,431,390,-439
1,4,0.214523,GO 4,282,431,391,-443
1,4,0.214547,GO 4,282,431,392,-447
1,4,0.21457,GO 4,282,431,393,-451
1,3,0.214599,GO 4,282,431,394,-454
1,4,0.214639,GO 4,282,431,395,-458
1,4,0.21465,GO 4,282,431,396,-462
1,4,0.214674,GO 4,282,431,397,-466
1,3,0.214698,GO 4,282,431,398,-469
1,4,0.214721,GO 4,282,431,399,-473
1,4,0.214756,GO 4,282,431,400,-477
1,4,0.214785,GO 4,282,431,401,-481
1,3,0.214802,GO 4,282,431,402,-484
1,4,0.214825,GO 4,282,431,403,-488
1,4,0.214848,GO 4,282,431,404,-492
1,4,0.214874,GO 4,282,431,405,-496
1,3,0.214906,GO 4,282,431,406,-499
1,4,0.214941,GO 4,282,431,407,-503
1,4,0.214953,GO 4,282,431,408,-507
1,4,0.214981,GO 4,282,431,409,-511
1,3,0.215005,GO 4,282,431,410,-514
1,4,0.215034,GO 4,282,431,411,-518
1,4,0.215057,GO 4,282,431,412,-522
1,4,0.215081,GO 4,282,431,413,-526
1,3,0.21511,GO 4,282,431,414,-529
1,4,0.215133,GO 4,282,431,415,-533
1,4,0.215156,GO 4,282,431,416,-537
1,4,0.215185,GO 4,282,431,417,-541
1,3,0.215208,GO 4,282,431,418,-544
1,4,0.215232,GO 4,282,431,419,-548
1,4,0.215261,GO 4,282,431,420,-552
1,4,0.215284,GO 4,282,431,421,-556
1,3,0.215307,GO 4,282,431,422,-559
1,4,0.215336,GO 4,282,431,423,-563
1,4,0.215371,GO 4,282,431,424,-567
1,4,0.21538,GO 4,282,431,425,-571
1,3,0.215412,GO 4,282,431,426,-574
-1,4,0.215435,GO 4,282,431,425,-578
-1,4,0.215458,GO 4,282,431,424,-582
-2,4,0.215493,GO 4,282,431,422,-586
-2,3,0.215522,GO 4,282,431,420,-589
-1,2,0.215532,GO 4,282,431,419,-591
-2,3,0.215557,GO 4,282,431,417,-594
-2,3,0.215586,GO 4,282,431,415,-597
-2,3,0.215609,GO 4,282,431,413,-600
-1,3,0.215644,GO 4,282,431,412,-603
-1,2,0.215673,GO 4,282,431,411,-605
-1,3,0.215684,GO 4,282,431,410,-608
-1,3,0.215708,GO 4,282,431,409,-611
-1,3,0.215737,GO 4,282,431,408,-614
-1,3,0.215765,GO 4,282,431,407,-617
-1,2,0.215789,GO 4,282,431,406,-619
-1,3,0.215829,GO 4,282,431,405,-622
-1,4,0.215835,GO 4,282,431,404,-626
-1,4,0.215859,GO 4,282,431,403,-630
-1,4,0.215882,GO 4,282,431,402,-634
-1,3,0.215917,GO 4,282,431,401,-637
-1,4,0.21594,GO 4,282,431,400,-641
-2,4,0.21598,GO 4,282,431,398,-645
-2,3,0.215986,GO 4,282,431,396,-648
-2,2,0.216009,GO 4,282,431,394,-650
-3,3,0.216044,GO 4,282,431,391,-653
-3,3,0.216062,GO 4,282,431,388,-656
-2,3,0.216085,GO 4,282,431,386,-659
-3,2,0.216114,GO 4,282,431,383,-661
-3,2,0.216131,GO 4,282,431,380,-663
-3,1,0.216155,GO 4,282,431,377,-664
-1,-1,0.216305,GO 4,282,431,376,-663
-1,-1,0.216329,GO 4,282,431,375,-662
1,-2,0.216381,GO 4,282,431,376,-660
1,-2,0.216416,GO 4,282,431,377,-658
1,-2,0.216433,GO 4,282,431,378,-656
1,-2,0.216456,GO 4,282,431,379,-654
1,-2,0.21648,GO 4,282,431,380,-652
1,-2,0.216513,GO 4,282,431,381,-650
1,-1,0.216538,GO 4,282,431,382,-649
1,-2,0.216561,GO 4,282,431,383,-647
1,-2,0.216578,GO 4,282,431,384,-645
1,-2,0.216602,GO 4,282,431,385,-643
1,-2,0.216625,GO 4,282,431,386,-641
2,-2,0.216654,GO 4,282,431,388,-639
2,-2,0.216689,GO 4,282,431,390,-637
2,-2,0.216718,GO 4,282,431,392,-635
3,-1,0.216729,GO 4,282,431,395,-634
3,-1,0.216752,GO 4,282,431,398,-633
2,-1,0.216776,GO 4,282,431,400,-632
3,-1,0.216799,GO 4,282,431,403,-631
3,-1,0.216828,GO 4,282,431,406,-630
3,-1,0.216863,GO 4,282,431,409,-629
2,-1,0.216874,GO 4,282,431,411,-628
2,-1,0.216892,GO 4,282,431,413,-627
1,-1,0.216921,GO 4,282,431,414,-626
2,-1,0.216944,GO 4,282,431,416,-625
1,-1,0.216979,GO 4,282,431,417,-624
1,-1,0.21702,GO 4,282,431,418,-623
2,-1,0.217049,GO 4,282,431,420,-622
2,-1,0.217078,GO 4,282,431,422,-621
1,-1,0.217095,GO 4,282,431,423,-620
2,-1,0.217124,GO 4,282,431,425,-619
2,-1,0.217141,GO 4,282,431,427,-618
2,-1,0.217176,GO 4,282,431,429,-617
2,-1,0.217199,GO 4,282,431,431,-616
2,-1,0.217228,GO 4,282,431,433,-615
2,-1,0.217246,GO 4,282,431,435,-614
2,-1,0.217281,GO 4,282,431,437,-613
1,-1,0.217298,GO 4,282,431,438,-612
2,-1,0.217316,GO 4,282,431,440,-611
1,-1,0.217374,GO 4,282,431,441,-610
1,-1,0.217414,GO 4,282,431,442,-609
1,-1,0.21742,GO 4,282,431,443,-608
1,-1,0.217472,GO 4,282,431,444,-607
2,1,0.217908,GO 4,282,431,446,-608
1,1,0.217931,GO 4,282,431,447,-609
2,1,0.21796,GO 4,282,431,449,-610
1,1,0.217972,GO 4,282,431,450,-611
-3,-1,0.218122,GO 4,282,431,447,-610
-3,-1,0.218157,GO 4,282,431,444,-609
-2,-1,0.218186,GO 4,282,431,442,-608
-4,-1,0.218198,GO 4,282,431,438,-607
-4,-1,0.218221,GO 4,282,431,434,-606
-4,-1,0.21825,GO 4,282,431,430,-605
-3,-1,0.218277,GO 4,282,431,427,-604
-4,1,0.218349,GO 4,282,431,423,-605
-3,1,0.218372,GO 4,282,431,420,-606
-4,2,0.218407,GO 4,282,431,416,-608
-3,2,0.218436,GO 4,282,431,413,-610
-3,2,0.218442,GO 4,282,431,410,-612
-2,2,0.218477,GO 4,282,431,408,-614
-3,3,0.2185,GO 4,282,431,405,-617
-3,3,0.218523,GO 4,282,431,402,-620
-3,2,0.21855,GO 4,282,431,399,-622
-3,1,0.218587,GO 4,282,431,396,-623
-2,1,0.218598,GO 4,282,431,394,-624
-1,1,0.218622,GO 4,282,431,393,-625
-1,1,0.218677,GO 4,282,431,392,-626
-1,-1,0.218924,GO 4,282,431,391,-625
-1,-1,0.218982,GO 4,282,431,390,-624
-1,-2,0.219005,GO 4,282,431,389,-622
-1,-2,0.219038,GO 4,282,431,388,-620
-1,-2,0.219051,GO 4,282,431,387,-618
-1,-2,0.219074,GO 4,282,431,386,-616
-1,-2,0.2191,GO 4,282,431,385,-614
-1,-1,0.219138,GO 4,282,431,384,-613
-1,-2,0.219165,GO 4,282,431,383,-611
-1,-2,0.219191,GO 4,282,431,382,-609
-1,-2,0.219208,GO 4,282,431,381,-607
-1,-2,0.219231,GO 4,282,431,380,-605
-1,-2,0.219254,GO 4,282,431,379,-603
-1,-2,0.219283,GO 4,282,431,378,-601
-1,-1,0.219318,GO 4,282,431,377,-600
-1,-2,0.219347,GO 4,282,431,376,-598
-1,-2,0.219359,GO 4,282,431,375,-596
-1,-2,0.219382,GO 4,282,431,374,-594
-1,-2,0.219405,GO 4,282,431,373,-592
-1,-2,0.219434,GO 4,282,431,372,-590
-1,-2,0.219469,GO 4,282,431,371,-588
-2,-2,0.219498,GO 4,282,431,369,-586
-2,-1,0.21951,GO 4,282,431,367,-585
-2,-2,0.219533,GO 4,282,431,365,-583
-2,-2,0.219556,GO 4,282,431,363,-581
-2,-2,0.219585,GO 4,282,431,361,-579
-2,-2,0.21962,GO 4,282,431,359,-577
-2,-2,0.21965,GO 4,282,431,357,-575
-1,-2,0.219661,GO 4,282,431,356,-573
-2,-2,0.219684,GO 4,282,431,354,-571
-2,-1,0.219707,GO 4,282,431,352,-570
-2,-2,0.219736,GO 4,282,431,350,-568
-1,-2,0.219765,GO 4,282,431,349,-566
-1,-2,0.219783,GO 4,282,431,348,-564
-1,-2,0.219818,GO 4,282,431,347,-562
-1,-2,0.219835,GO 4,282,431,346,-560
-1,-2,0.219858,GO 4,282,431,345,-558
-1,-1,0.219884,GO 4,282,431,344,-557
-1,1,0.220166,GO 4,282,431,343,-558
-1,1,0.220218,GO 4,282,431,342,-559
-1,1,0.220253,GO 4,282,431,341,-560
1,-1,0.226302,FRAY 5,338,307,342,-559
-2,-1,0.226534,FRAY 5,338,307,340,-558
-2,-1,0.226575,FRAY 5,338,307,338,-557
-2,-1,0.226609,FRAY 5,338,307,336,-556
-1,-1,0.227167,FRAY 5,338,307,335,-555
1,-1,0.22719,FRAY 5,338,307,336,-554
2,-1,0.227213,FRAY 5,338,307,338,-553
1,-1,0.227242,FRAY 5,338,307,339,-552
3,-1,0.227271,FRAY 5,338,307,342,-551
3,-2,0.227304,FRAY 5,338,307,345,-549
3,-2,0.227335,FRAY 5,338,307,348,-547
3,-2,0.227347,FRAY 5,338,307,351,-545
3,-1,0.22737,FRAY 5,338,307,354,-544
2,-1,0.227393,FRAY 5,338,307,356,-543
3,-1,0.227422,FRAY 5,338,307,359,-542
3,-1,0.227457,FRAY 5,338,307,362,-541
2,-1,0.227486,FRAY 5,338,307,364,-540
2,-1,0.227498,FRAY 5,338,307,366,-539
1,-1,0.227625,FRAY 5,338,307,367,-538
1,-1,0.227672,FRAY 5,338,307,368,-537
1,-2,0.227695,FRAY 5,338,307,369,-535
1,-2,0.227718,FRAY 5,338,307,370,-533
1,-2,0.227753,FRAY 5,338,307,371,-531
1,-1,0.227794,FRAY 5,338,307,372,-530
1,-2,0.227799,FRAY 5,338,307,373,-528
1,-2,0.227823,FRAY 5,338,307,374,-526
2,-2,0.227857,FRAY 5,338,307,376,-524
2,-3,0.227881,FRAY 5,338,307,378,-521
2,-3,0.227892,FRAY 5,338,307,380,-518
2,-2,0.227933,FRAY 5,338,307,382,-516
2,-3,0.227956,FRAY 5,338,307,384,-513
1,-3,0.227974,FRAY 5,338,307,385,-510
2,-3,0.228008,FRAY 5,338,307,387,-507
2,-3,0.228037,FRAY 5,338,307,389,-504
2,-3,0.228049,FRAY 5,338,307,391,-501
2,-2,0.22809,FRAY 5,338,307,393,-499
2,-3,0.228107,FRAY 5,338,307,395,-496
2,-3,0.228124,FRAY 5,338,307,397,-493
2,-3,0.228153,FRAY 5,338,307,399,-490
1,-3,0.228182,FRAY 5,338,307,400,-487
1,-2,0.2282,FRAY 5,338,307,401,-485
1,-3,0.228223,FRAY 5,338,307,402,-482
1,-3,0.228252,FRAY 5,338,307,403,-479
1,-3,0.228275,FRAY 5,338,307,404,-476
1,-3,0.228304,FRAY 5,338,307,405,-473
1,-2,0.228333,FRAY 5,338,307,406,-471
1,-3,0.228351,FRAY 5,338,307,407,-468
1,-3,0.228374,FRAY 5,338,307,408,-465
1,-3,0.228405,FRAY 5,338,307,409,-462
1,-3,0.228432,FRAY 5,338,307,410,-459
1,-3,0.228455,FRAY 5,338,307,411,-456
-1,-2,0.228484,FRAY 5,338,307,410,-454
-1,-3,0.228502,FRAY 5,338,307,409,-451
-2,-3,0.228525,FRAY 5,338,307,407,-448
-2,-3,0.228548,FRAY 5,338,307,405,-445
-1,-3,0.228583,FRAY 5,338,307,404,-442
-2,-2,0.228606,FRAY 5,338,307,402,-440
-2,-3,0.228635,FRAY 5,338,307,400,-437
-2,-3,0.228653,FRAY 5,338,307,398,-434
-2,-3,0.228676,FRAY 5,338,307,396,-431
-1,-3,0.228705,FRAY 5,338,307,395,-428
-1,-2,0.22874,FRAY 5,338,307,394,-426
-1,-3,0.228775,FRAY 5,338,307,393,-423
-1,-3,0.228792,FRAY 5,338,307,392,-420
-1,-3,0.228809,FRAY 5,338,307,391,-417
-1,-3,0.228832,FRAY 5,338,307,390,-414
-1,-3,0.228856,FRAY 5,338,307,389,-411
-1,-2,0.228885,FRAY 5,338,307,388,-409
-1,-3,0.22892,FRAY 5,338,307,387,-406
-1,-3,0.228931,FRAY 5,338,307,386,-403
-1,-3,0.22896,FRAY 5,338,307,385,-400
1,-3,0.228984,FRAY 5,338,307,386,-397
1,-2,0.229007,FRAY 5,338,307,387,-395
1,-3,0.229036,FRAY 5,338,307,388,-392
1,-3,0.229071,FRAY 5,338,307,389,-389
1,-3,0.229094,FRAY 5,338,307,390,-386
1,-3,0.229111,FRAY 5,338,307,391,-383
1,-2,0.229135,FRAY 5,338,307,392,-381
2,-1,0.229158,FRAY 5,338,307,394,-380
2,-2,0.229193,FRAY 5,338,307,396,-378
1,-2,0.229222,FRAY 5,338,307,397,-376
2,-2,0.229256,FRAY 5,338,307,399,-374
1,-2,0.229262,FRAY 5,338,307,400,-372
1,-2,0.229285,FRAY 5,338,307,401,-370
1,-2,0.229309,FRAY 5,338,307,402,-368
1,-2,0.229332,FRAY 5,338,307,403,-366
1,-1,0.229367,FRAY 5,338,307,404,-365
1,-2,0.229396,FRAY 5,338,307,405,-363
1,-2,0.229419,FRAY 5,338,307,406,-361
1,-2,0.229442,FRAY 5,338,307,407,-359
1,-2,0.22946,FRAY 5,338,307,408,-357
1,-2,0.229483,FRAY 5,338,307,409,-355
1,-2,0.229518,FRAY 5,338,307,410,-353
1,-1,0.229551,FRAY 5,338,307,411,-352
1,-3,0.229587,FRAY 5,338,307,412,-349
2,-1,0.229608,FRAY 5,338,307,414,-348
2,-1,0.22964,FRAY 5,338,307,416,-347
1,-1,0.229663,FRAY 5,338,307,417,-346
2,-1,0.22968,FRAY 5,338,307,419,-345
2,-1,0.229709,FRAY 5,338,307,421,-344
2,-1,0.229738,FRAY 5,338,307,423,-343
1,-1,0.229761,FRAY 5,338,307,424,-342
1,-1,0.229808,FRAY 5,338,307,425,-341
1,-1,0.229831,FRAY 5,338,307,426,-340
1,-1,0.229866,FRAY 5,338,307,427,-339
1,-1,0.229889,FRAY 5,338,307,428,-338
1,-1,0.229912,FRAY 5,338,307,429,-337
1,-1,0.22997,FRAY 5,338,307,430,-336
1,-1,0.229982,FRAY 5,338,307,431,-335
1,-1,0.230005,FRAY 5,338,307,432,-334
1,-1,0.23004,FRAY 5,338,307,433,-333
1,-1,0.230098,FRAY 5,338,307,434,-332
1,-1,0.230127,FRAY 5,338,307,435,-331
1,-1,0.230139,FRAY 5,338,307,436,-330
1,-1,0.230162,FRAY 5,338,307,437,-329
2,-1,0.230191,FRAY 5,338,307,439,-328
2,-1,0.230214,FRAY 5,338,307,441,-327
2,-1,0.230249,FRAY 5,338,307,443,-326
1,-1,0.230719,FRAY 5,338,307,444,-325
1,-1,0.230766,FRAY 5,338,307,445,-324
1,-1,0.230792,FRAY 5,338,307,446,-323
1,-1,0.230818,FRAY 5,338,307,447,-322
1,-1,0.230882,FRAY 5,338,307,448,-321
1,-1,0.230911,FRAY 5,338,307,449,-320
1,-1,0.230922,FRAY 5,338,307,450,-319
1,-1,0.230951,FRAY 5,338,307,451,-318
1,-1,0.230998,FRAY 5,338,307,452,-317
1,-1,0.231352,FRAY 5,338,307,453,-316
1,-1,0.231398,FRAY 5,338,307,454,-315
1,-1,0.231433,FRAY 5,338,307,455,-314
1,1,0.231776,FRAY 5,338,307,456,-315
1,1,0.231799,FRAY 5,338,307,457,-316
1,1,0.231857,FRAY 5,338,307,458,-317
1,1,0.23188,FRAY 5,338,307,459,-318
1,1,0.231909,FRAY 5,338,307,460,-319
-2,-1,0.242039,SAN- 6,280,234,458,-318
-2,-1,0.242068,SAN- 6,280,234,456,-317
-3,-1,0.24212,SAN- 6,280,234,453,-316
-4,-1,0.242161,SAN- 6,280,234,449,-315
-3,-2,0.242167,SAN- 6,280,234,446,-313
-4,-2,0.24219,SAN- 6,280,234,442,-311
-4,-2,0.242219,SAN- 6,280,234,438,-309
-4,-2,0.242254,SAN- 6,280,234,434,-307
-3,-2,0.242271,SAN- 6,280,234,431,-305
-4,-2,0.2423,SAN- 6,280,234,427,-303
-4,-1,0.242318,SAN- 6,280,234,423,-302
-4,-2,0.242341,SAN- 6,280,234,419,-300
-3,-2,0.242376,SAN- 6,280,234,416,-298
-2,-2,0.242405,SAN- 6,280,234,414,-296
-2,-2,0.242422,SAN- 6,280,234,412,-294
-2,-2,0.242445,SAN- 6,280,234,410,-292
-1,-3,0.242469,SAN- 6,280,234,409,-289
-1,-2,0.242492,SAN- 6,280,234,408,-287
-1,-3,0.242521,SAN- 6,280,234,407,-284
-2,-3,0.24255,SAN- 6,280,234,405,-281
-2,-3,0.24259,SAN- 6,280,234,403,-278
-2,-3,0.242596,SAN- 6,280,234,401,-275
-2,-3,0.24262,SAN- 6,280,234,399,-272
-3,-2,0.242643,SAN- 6,280,234,396,-270
-3,-3,0.242672,SAN- 6,280,234,393,-267
-3,-3,0.242701,SAN- 6,280,234,390,-264
-3,-3,0.242718,SAN- 6,280,234,387,-261
-2,-3,0.242747,SAN- 6,280,234,385,-258
-3,-2,0.242776,SAN- 6,280,234,382,-256
-3,-3,0.242799,SAN- 6,280,234,379,-253
-3,-3,0.242823,SAN- 6,280,234,376,-250
-3,-3,0.242852,SAN- 6,280,234,373,-247
-2,-3,0.242869,SAN- 6,280,234,371,-244
-1,-2,0.242904,SAN- 6,280,234,370,-242
-1,-3,0.242927,SAN- 6,280,234,369,-239
-1,-3,0.24295,SAN- 6,280,234,368,-236
-1,-3,0.242974,SAN- 6,280,234,367,-233
1,-3,0.243003,SAN- 6,280,234,368,-230
1,-3,0.24302,SAN- 6,280,234,369,-227
1,-2,0.243037,SAN- 6,280,234,370,-225
2,-3,0.243066,SAN- 6,280,234,372,-222
2,-3,0.243095,SAN- 6,280,234,374,-219
2,-3,0.243119,SAN- 6,280,234,376,-216
2,-3,0.243142,SAN- 6,280,234,378,-213
2,-2,0.243183,SAN- 6,280,234,380,-211
1,-3,0.243188,SAN- 6,280,234,381,-208
1,-3,0.243223,SAN- 6,280,234,382,-205
1,-3,0.243246,SAN- 6,280,234,383,-202
1,-3,0.243275,SAN- 6,280,234,384,-199
1,-2,0.243293,SAN- 6,280,234,385,-197
1,-2,0.243328,SAN- 6,280,234,386,-195
1,-2,0.243339,SAN- 6,280,234,387,-193
-1,-2,0.243374,SAN- 6,280,234,386,-191
-1,-2,0.243397,SAN- 6,280,234,385,-189
-1,-2,0.243426,SAN- 6,280,234,384,-187
-1,-2,0.243444,SAN- 6,280,234,383,-185
-1,-1,0.243467,SAN- 6,280,234,382,-184
-1,-1,0.243519,SAN- 6,280,234,381,-183
-1,-1,0.243548,SAN- 6,280,234,380,-182
-1,1,0.243972,SAN- 6,280,234,379,-183
-1,1,0.243995,SAN- 6,280,234,378,-184
-1,1,0.244059,SAN- 6,280,234,377,-185
-1,1,0.244082,SAN- 6,280,234,376,-186
-1,-1,0.257021,-TIA- 7,121,109,375,-185
-1,-2,0.257051,-TIA- 7,121,109,374,-183
-1,-2,0.257074,-TIA- 7,121,109,373,-181
-1,-2,0.257115,-TIA- 7,121,109,372,-179
-1,-2,0.257122,-TIA- 7,121,109,371,-177
-1,-1,0.257149,-TIA- 7,121,109,370,-176
-1,-2,0.257178,-TIA- 7,121,109,369,-174
-1,-2,0.257213,-TIA- 7,121,109,368,-172
-2,-2,0.257248,-TIA- 7,121,109,366,-170
-2,-4,0.257283,-TIA- 7,121,109,364,-166
-4,-2,0.257306,-TIA- 7,121,109,360,-164
-3,-2,0.257321,-TIA- 7,121,109,357,-162
-2,-1,0.257364,-TIA- 7,121,109,355,-161
-3,-2,0.257376,-TIA- 7,121,109,352,-159
-4,-2,0.257416,-TIA- 7,121,109,348,-157
-4,-2,0.257428,-TIA- 7,121,109,344,-155
-3,-2,0.257451,-TIA- 7,121,109,341,-153
-4,-2,0.257474,-TIA- 7,121,109,337,-151
-4,-2,0.257509,-TIA- 7,121,109,333,-149
-4,-2,0.257533,-TIA- 7,121,109,329,-147
-3,-1,0.257573,-TIA- 7,121,109,326,-146
-4,-2,0.257579,-TIA- 7,121,109,322,-144
-4,-1,0.257602,-TIA- 7,121,109,318,-143
-4,-1,0.257625,-TIA- 7,121,109,314,-142
-2,-1,0.25766,-TIA- 7,121,109,312,-141
-3,-1,0.257683,-TIA- 7,121,109,309,-140
-3,-1,0.257724,-TIA- 7,121,109,306,-139
-3,-1,0.25773,-TIA- 7,121,109,303,-138
-3,-1,0.257765,-TIA- 7,121,109,300,-137
-3,-1,0.257776,-TIA- 7,121,109,297,-136
-2,-1,0.257811,-TIA- 7,121,109,295,-135
-3,-1,0.25784,-TIA- 7,121,109,292,-134
-3,-2,0.257875,-TIA- 7,121,109,289,-132
-3,-1,0.257881,-TIA- 7,121,109,286,-131
-3,-2,0.257904,-TIA- 7,121,109,283,-129
-2,-3,0.257927,-TIA- 7,121,109,281,-126
-3,-3,0.257962,-TIA- 7,121,109,278,-123
-3,-3,0.257991,-TIA- 7,121,109,275,-120
-3,-3,0.258003,-TIA- 7,121,109,272,-117
-3,-2,0.258032,-TIA- 7,121,109,269,-115
-2,-3,0.258055,-TIA- 7,121,109,267,-112
-3,-3,0.258078,-TIA- 7,121,109,264,-109
-3,-3,0.258102,-TIA- 7,121,109,261,-106
-3,-3,0.258142,-TIA- 7,121,109,258,-103
-3,-2,0.258154,-TIA- 7,121,109,255,-101
-2,-3,0.258183,-TIA- 7,121,109,253,-98
-2,-3,0.258212,-TIA- 7,121,109,251,-95
-2,-3,0.258241,-TIA- 7,121,109,249,-92
-1,-3,0.258264,-TIA- 7,121,109,248,-89
-1,-3,0.258281,-TIA- 7,121,109,247,-86
-1,-2,0.258305,-TIA- 7,121,109,246,-84
-1,-3,0.258328,-TIA- 7,121,109,245,-81
-1,-3,0.258363,-TIA- 7,121,109,244,-78
-1,-3,0.258392,-TIA- 7,121,109,243,-75
-1,-3,0.258425,-TIA- 7,121,109,242,-72
-1,-2,0.258432,-TIA- 7,121,109,241,-70
-1,-2,0.258456,-TIA- 7,121,109,240,-68
-2,-2,0.258479,-TIA- 7,121,109,238,-66
-2,-2,0.258514,-TIA- 7,121,109,236,-64
-1,-2,0.258543,-TIA- 7,121,109,235,-62
-1,-2,0.258577,-TIA- 7,121,109,234,-60
-1,-2,0.258583,-TIA- 7,121,109,233,-58
-1,-2,0.258606,-TIA- 7,121,109,232,-56
-1,-1,0.258635,-TIA- 7,121,109,231,-55
-1,-2,0.258664,-TIA- 7,121,109,230,-53
-1,-1,0.258688,-TIA- 7,121,109,229,-52
-1,-1,0.258728,-TIA- 7,121,109,228,-51
-1,-1,0.258763,-TIA- 7,121,109,227,-50
-1,-1,0.258786,-TIA- 7,121,109,226,-49
-1,-1,0.25881,-TIA- 7,121,109,225,-48
-1,-2,0.25885,-TIA- 7,121,109,224,-46
-1,-2,0.258873,-TIA- 7,121,109,223,-44
-2,-1,0.258891,-TIA- 7,121,109,221,-43
-3,-2,0.258914,-TIA- 7,121,109,218,-41
-3,-2,0.258943,-TIA- 7,121,109,215,-39
-3,-1,0.258978,-TIA- 7,121,109,212,-38
-3,-1,0.258993,-TIA- 7,121,109,209,-37
-3,-1,0.259024,-TIA- 7,121,109,206,-36
-4,-1,0.259042,-TIA- 7,121,109,202,-35
-3,1,0.259129,-TIA- 7,121,109,199,-36
-4,1,0.259135,-TIA- 7,121,109,195,-37
-4,1,0.259175,-TIA- 7,121,109,191,-38
-4,1,0.259193,-TIA- 7,121,109,187,-39
-4,-1,0.259297,-TIA- 7,121,109,183,-38
-3,-1,0.259332,-TIA- 7,121,109,180,-37
-4,-2,0.259349,-TIA- 7,121,109,176,-35
-4,-2,0.25937,-TIA- 7,121,109,172,-33
-4,-2,0.259396,-TIA- 7,121,109,168,-31
-3,-2,0.259425,-TIA- 7,121,109,165,-29
-4,-1,0.25946,-TIA- 7,121,109,161,-28
-4,-2,0.259466,-TIA- 7,121,109,157,-26
-4,-2,0.2595,-TIA- 7,121,109,153,-24
-2,-1,0.259524,-TIA- 7,121,109,151,-23
-3,-1,0.259547,-TIA- 7,121,109,148,-22
-2,-1,0.259576,-TIA- 7,121,109,146,-21
-2,-1,0.259611,-TIA- 7,121,109,144,-20
-1,-1,0.259767,-TIA- 7,121,109,143,-19
-1,-1,0.259796,-TIA- 7,121,109,142,-18
-1,-1,0.259825,-TIA- 7,121,109,141,-17
-1,-1,0.259872,-TIA- 7,121,109,140,-16
-1,-1,0.259907,-TIA- 7,121,109,139,-15
-1,-1,0.259924,-TIA- 7,121,109,138,-14
-1,-1,0.259947,-TIA- 7,121,109,137,-13
-1,-1,0.26,-TIA- 7,121,109,136,-12
-1,-1,0.260023,-TIA- 7,121,109,135,-11
-1,-1,0.260058,-TIA- 7,121,109,134,-10
1,-1,0.260098,-TIA- 7,121,109,135,-9
1,-1,0.260122,-TIA- 7,121,109,136,-8
1,-1,0.260185,-TIA- 7,121,109,137,-7
1,-1,0.260209,-TIA- 7,121,109,138,-6
1,-1,0.260226,-TIA- 7,121,109,139,-5
1,-1,0.260249,-TIA- 7,121,109,140,-4
1,-1,0.260272,-TIA- 7,121,109,141,-3
1,-2,0.260331,-TIA- 7,121,109,142,-1
1,-2,0.260365,-TIA- 7,121,109,143,1
1,-2,0.260377,-TIA- 7,121,109,144,3
1,-2,0.2604,-TIA- 7,121,109,145,5
1,-2,0.260423,-TIA- 7,121,109,146,7
-1,-1,0.260458,-TIA- 7,121,109,145,8
-1,-2,0.260487,-TIA- 7,121,109,144,10
-1,-1,0.260516,-TIA- 7,121,109,143,11
-1,-1,0.260534,-TIA- 7,121,109,142,12
-2,-1,0.260554,-TIA- 7,121,109,140,13
-2,-1,0.26058,-TIA- 7,121,109,138,14
-2,-1,0.260609,-TIA- 7,121,109,136,15
-2,-1,0.260644,-TIA- 7,121,109,134,16
-2,-1,0.260673,-TIA- 7,121,109,132,17
-1,-1,0.260685,-TIA- 7,121,109,131,18
-2,-1,0.260708,-TIA- 7,121,109,129,19
-1,-1,0.260836,-TIA- 7,121,109,128,20
-1,-1,0.260859,-TIA- 7,121,109,127,21
-1,-1,0.260905,-TIA- 7,121,109,126,22
-1,-1,0.26094,-TIA- 7,121,109,125,23
-1,-1,0.260981,-TIA- 7,121,109,124,24
-1,-1,0.261004,-TIA- 7,121,109,123,25
-1,-1,0.26105,-TIA- 7,121,109,122,26
-1,-1,0.261085,-TIA- 7,121,109,121,27
-1,-1,0.261358,-TIA- 7,121,109,120,28
-1,-1,0.261422,-TIA- 7,121,109,119,29
-1,-1,0.261462,-TIA- 7,121,109,118,30
-1,-1,0.261492,-TIA- 7,121,109,117,31
1,-1,0.26155,-TIA- 7,121,109,118,32
1,-1,0.261567,-TIA- 7,121,109,119,33
1,-2,0.261573,-TIA- 7,121,109,120,35
1,-2,0.261602,-TIA- 7,121,109,121,37
1,-2,0.261631,-TIA- 7,121,109,122,39
1,-1,0.261654,-TIA- 7,121,109,123,40
1,-1,0.261706,-TIA- 7,121,109,124,41
1,-1,0.26173,-TIA- 7,121,109,125,42
1,-1,0.261747,-TIA- 7,121,109,126,43
1,-1,0.261782,-TIA- 7,121,109,127,44
1,-1,0.261838,-TIA- 7,121,109,128,45
1,-1,0.261863,-TIA- 7,121,109,129,46
1,-1,0.26188,-TIA- 7,121,109,130,47
1,-1,0.261904,-TIA- 7,121,109,131,48
1,-1,0.261964,-TIA- 7,121,109,132,49
1,-1,0.261997,-TIA- 7,121,109,133,50
-1,-1,0.262014,-TIA- 7,121,109,132,51
-1,-1,0.262055,-TIA- 7,121,109,131,52
-2,-1,0.262084,-TIA- 7,121,109,129,53
-2,-1,0.262107,-TIA- 7,121,109,127,54
-2,-1,0.262142,-TIA- 7,121,109,125,55
-3,-1,0.262159,-TIA- 7,121,109,122,56
-3,-1,0.262182,-TIA- 7,121,109,119,57
-3,-1,0.262206,-TIA- 7,121,109,116,58
-3,-1,0.262223,-TIA- 7,121,109,113,59
-1,1,0.262728,-TIA- 7,121,109,112,58
1,1,0.262757,-TIA- 7,121,109,113,57
1,1,0.262783,-TIA- 7,121,109,114,56
2,1,0.262809,-TIA- 7,121,109,116,55
2,1,0.26285,-TIA- 7,121,109,118,54
3,2,0.262879,-TIA- 7,121,109,121,52
6,1,0.262914,-TIA- 7,121,109,127,51
2,1,0.262937,-TIA- 7,121,109,129,50
3,1,0.26296,-TIA- 7,121,109,132,49
3,1,0.262989,-TIA- 7,121,109,135,48
2,-1,0.263111,-TIA- 7,121,109,137,49
2,-1,0.263146,-TIA- 7,121,109,139,50
2,-1,0.263175,-TIA- 7,121,109,141,51
2,-1,0.263187,-TIA- 7,121,109,143,52
1,-1,0.26321,-TIA- 7,121,109,144,53
1,-1,0.263239,-TIA- 7,121,109,145,54
2,-1,0.263262,-TIA- 7,121,109,147,55
2,-1,0.263285,-TIA- 7,121,109,149,56
2,-1,0.26332,-TIA- 7,121,109,151,57
2,-1,0.263332,-TIA- 7,121,109,153,58
2,-1,0.263349,-TIA- 7,121,109,155,59
1,1,0.263459,-TIA- 7,121,109,156,58
1,1,0.263471,-TIA- 7,121,109,157,57
1,1,0.263494,-TIA- 7,121,109,158,56
1,1,0.27226,GO 8,142,496,159,55
1,1,0.272289,GO 8,142,496,160,54
1,2,0.272325,GO 8,142,496,161,52
1,3,0.272341,GO 8,142,496,162,49
1,3,0.27237,GO 8,142,496,163,46
1,2,0.272387,GO 8,142,496,164,44
1,4,0.272428,GO 8,142,496,165,40
2,4,0.272463,GO 8,142,496,167,36
2,7,0.272486,GO 8,142,496,169,29
4,4,0.272515,GO 8,142,496,173,25
1,4,0.27255,GO 8,142,496,174,21
1,4,0.272579,GO 8,142,496,175,17
1,3,0.272596,GO 8,142,496,176,14
1,4,0.272607,GO 8,142,496,177,10
1,4,0.272625,GO 8,142,496,178,6
1,4,0.27266,GO 8,142,496,179,2
-1,3,0.272678,GO 8,142,496,178,-1
-1,4,0.272707,GO 8,142,496,177,-5
-2,4,0.272742,GO 8,142,496,175,-9
-2,4,0.272747,GO 8,142,496,173,-13
-2,3,0.272771,GO 8,142,496,171,-16
-2,4,0.272805,GO 8,142,496,169,-20
-2,4,0.272829,GO 8,142,496,167,-24
-1,4,0.272852,GO 8,142,496,166,-28
-2,3,0.272881,GO 8,142,496,164,-31
-2,4,0.272898,GO 8,142,496,162,-35
-2,4,0.272922,GO 8,142,496,160,-39
-2,4,0.272956,GO 8,142,496,158,-43
-2,3,0.27298,GO 8,142,496,156,-46
-2,4,0.273009,GO 8,142,496,154,-50
-1,4,0.273038,GO 8,142,496,153,-54
-1,4,0.273055,GO 8,142,496,152,-58
-1,3,0.273078,GO 8,142,496,151,-61
-1,4,0.273107,GO 8,142,496,150,-65
-1,4,0.273142,GO 8,142,496,149,-69
-1,4,0.273171,GO 8,142,496,148,-73
-1,3,0.273189,GO 8,142,496,147,-76
-1,4,0.273206,GO 8,142,496,146,-80
-1,4,0.273229,GO 8,142,496,145,-84
1,4,0.273258,GO 8,142,496,146,-88
1,3,0.273293,GO 8,142,496,147,-91
1,4,0.273322,GO 8,142,496,148,-95
1,4,0.27334,GO 8,142,496,149,-99
1,4,0.273358,GO 8,142,496,150,-103
1,3,0.27338,GO 8,142,496,151,-106
1,4,0.273403,GO 8,142,496,152,-110
1,4,0.273432,GO 8,142,496,153,-114
1,4,0.273467,GO 8,142,496,154,-118
1,3,0.27349,GO 8,142,496,155,-121
1,4,0.273514,GO 8,142,496,156,-125
1,4,0.273531,GO 8,142,496,157,-129
1,4,0.273554,GO 8,142,496,158,-133
1,3,0.273589,GO 8,142,496,159,-136
1,4,0.273605,GO 8,142,496,160,-140
1,4,0.273653,GO 8,142,496,161,-144
1,4,0.273659,GO 8,142,496,162,-148
1,3,0.273682,GO 8,142,496,163,-151
1,4,0.273705,GO 8,142,496,164,-155
1,4,0.27374,GO 8,142,496,165,-159
1,4,0.273756,GO 8,142,496,166,-163
1,3,0.273804,GO 8,142,496,167,-166
1,4,0.27381,GO 8,142,496,168,-170
1,4,0.273833,GO 8,142,496,169,-174
1,4,0.273862,GO 8,142,496,170,-178
1,3,0.273885,GO 8,142,496,171,-181
1,4,0.273926,GO 8,142,496,172,-185
1,4,0.273932,GO 8,142,496,173,-189
-1,4,0.273972,GO 8,142,496,172,-193
-1,3,0.27399,GO 8,142,496,171,-196
-1,3,0.274019,GO 8,142,496,170,-199
-2,3,0.274042,GO 8,142,496,168,-202
-1,3,0.274059,GO 8,142,496,167,-205
-2,3,0.274083,GO 8,142,496,165,-208
-2,3,0.274117,GO 8,142,496,163,-211
-2,2,0.27414,GO 8,142,496,161,-213
-2,3,0.27417,GO 8,142,496,159,-216
-2,3,0.274204,GO 8,142,496,157,-219
-1,3,0.27421,GO 8,142,496,156,-222
-1,3,0.274233,GO 8,142,496,155,-225
-1,3,0.274268,GO 8,142,496,154,-228
-1,4,0.274292,GO 8,142,496,153,-232
-1,4,0.274321,GO 8,142,496,152,-236
-1,4,0.274355,GO 8,142,496,151,-240
-1,3,0.274361,GO 8,142,496,150,-243
-1,4,0.274384,GO 8,142,496,149,-247
1,4,0.274408,GO 8,142,496,150,-251
1,4,0.274442,GO 8,142,496,151,-255
1,3,0.274466,GO 8,142,496,152,-258
1,4,0.2745,GO 8,142,496,153,-262
1,4,0.274512,GO 8,142,496,154,-266
1,4,0.27454,GO 8,142,496,155,-270
1,3,0.27457,GO 8,142,496,156,-273
1,4,0.274602,GO 8,142,496,157,-277
1,4,0.274617,GO 8,142,496,158,-281
1,4,0.274651,GO 8,142,496,159,-285
2,3,0.274669,GO 8,142,496,161,-288
1,4,0.274692,GO 8,142,496,162,-292
2,4,0.274721,GO 8,142,496,164,-296
2,4,0.274756,GO 8,142,496,166,-300
2,3,0.274768,GO 8,142,496,168,-303
2,4,0.274802,GO 8,142,496,170,-307
2,4,0.27482,GO 8,142,496,172,-311
2,4,0.274843,GO 8,142,496,174,-315
2,3,0.274866,GO 8,142,496,176,-318
1,3,0.274895,GO 8,142,496,177,-321
2,3,0.274936,GO 8,142,496,179,-324
1,3,0.274953,GO 8,142,496,180,-327
1,3,0.274971,GO 8,142,496,181,-330
1,2,0.274994,GO 8,142,496,182,-332
1,3,0.275017,GO 8,142,496,183,-335
1,3,0.275052,GO 8,142,496,184,-338
1,3,0.275081,GO 8,142,496,185,-341
1,3,0.275109,GO 8,142,496,186,-344
1,2,0.275122,GO 8,142,496,187,-346
1,3,0.275145,GO 8,142,496,188,-349
1,3,0.275168,GO 8,142,496,189,-352
1,3,0.275203,GO 8,142,496,190,-355
1,4,0.275244,GO 8,142,496,191,-359
1,3,0.275267,GO 8,142,496,192,-362
1,4,0.275273,GO 8,142,496,193,-366
1,4,0.275307,GO 8,142,496,194,-370
1,4,0.275325,GO 8,142,496,195,-374
1,3,0.275354,GO 8,142,496,196,-377
1,4,0.275389,GO 8,142,496,197,-381
1,4,0.275418,GO 8,142,496,198,-385
1,3,0.275423,GO 8,142,496,199,-388
1,3,0.275453,GO 8,142,496,200,-391
1,2,0.275476,GO 8,142,496,201,-393
1,3,0.275499,GO 8,142,496,202,-396
1,3,0.27554,GO 8,142,496,203,-399
1,3,0.275545,GO 8,142,496,204,-402
1,3,0.27558,GO 8,142,496,205,-405
1,2,0.275603,GO 8,142,496,206,-407
1,3,0.275627,GO 8,142,496,207,-410
1,3,0.27565,GO 8,142,496,208,-413
1,3,0.275691,GO 8,142,496,209,-416
1,3,0.275702,GO 8,142,496,210,-419
1,2,0.275731,GO 8,142,496,211,-421
1,3,0.275754,GO 8,142,496,212,-424
1,3,0.275778,GO 8,142,496,213,-427
1,3,0.275812,GO 8,142,496,214,-430
1,2,0.275836,GO 8,142,496,215,-432
-1,2,0.275853,GO 8,142,496,214,-434
-1,1,0.275876,GO 8,142,496,213,-435
-1,1,0.275929,GO 8,142,496,212,-436
-1,1,0.275952,GO 8,142,496,211,-437
-1,1,0.27605,GO 8,142,496,210,-438
-1,2,0.276114,GO 8,142,496,209,-440
-1,2,0.276132,GO 8,142,496,208,-442
1,1,0.276155,GO 8,142,496,209,-443
1,1,0.276178,GO 8,142,496,210,-444
1,1,0.276242,GO 8,142,496,211,-445
1,1,0.276265,GO 8,142,496,212,-446
1,1,0.277658,GO 8,142,496,213,-447
1,1,0.277693,GO 8,142,496,214,-448
1,1,0.277751,GO 8,142,496,215,-449
1,1,0.277775,GO 8,142,496,216,-450
1,2,0.277786,GO 8,142,496,217,-452
1,2,0.277809,GO 8,142,496,218,-454
1,2,0.277844,GO 8,142,496,219,-456
1,2,0.277867,GO 8,142,496,220,-458
1,3,0.277902,GO 8,142,496,221,-461
1,3,0.277919,GO 8,142,496,222,-464
1,3,0.277943,GO 8,142,496,223,-467
1,3,0.277966,GO 8,142,496,224,-470
1,2,0.277989,GO 8,142,496,225,-472
1,4,0.278007,GO 8,142,496,226,-476
-1,4,0.278042,GO 8,142,496,225,-480
-1,4,0.278071,GO 8,142,496,224,-484
-1,3,0.278082,GO 8,142,496,223,-487
-1,3,0.278105,GO 8,142,496,222,-490
-1,3,0.278129,GO 8,142,496,221,-493
-1,3,0.278163,GO 8,142,496,220,-496
-1,3,0.278192,GO 8,142,496,219,-499
-1,2,0.278227,GO 8,142,496,218,-501
-1,3,0.278233,GO 8,142,496,217,-504
-1,3,0.278256,GO 8,142,496,216,-507
-1,3,0.27828,GO 8,142,496,215,-510
-1,2,0.278314,GO 8,142,496,214,-512
1,2,0.278329,GO 8,142,496,215,-514
1,2,0.278378,GO 8,142,496,216,-516
1,1,0.278407,GO 8,142,496,217,-517
1,1,0.278442,GO 8,142,496,218,-518
