deltaX,deltaY,WHEN,SYLLABLE,XofButton,YofButton,XofTrace,YofTrace
-1,-1,0.00952268,Yield,0,0,-1,1
-2,-2,0.00954921,Yield,0,0,-3,3
-2,-2,0.00957243,Yield,0,0,-5,5
-3,-2,0.00960336,Yield,0,0,-8,7
-3,-1,0.00963048,Yield,0,0,-11,8
-3,-1,0.0096595,Yield,0,0,-14,9
-2,-1,0.00992653,Yield,0,0,-16,10
-1,-1,0.00996717,Yield,0,0,-17,11
-2,-1,0.00998458,Yield,0,0,-19,12
-1,1,0.0102285,Yield,0,0,-20,11
-1,1,0.0102574,Yield,0,0,-21,10
-2,2,0.0102864,Yield,0,0,-23,8
-3,2,0.0103155,Yield,0,0,-26,6
-3,3,0.0103561,Yield,0,0,-29,3
-4,3,0.0103793,Yield,0,0,-33,0
-3,5,0.0104141,Yield,0,0,-36,-5
-8,4,0.010449,Yield,0,0,-44,-9
-4,4,0.010478,Yield,0,0,-48,-13
-3,4,0.0104848,Yield,0,0,-51,-17
-4,3,0.0105302,Yield,0,0,-55,-20
-4,8,0.0105593,Yield,0,0,-59,-28
-7,4,0.0105825,Yield,0,0,-66,-32
-4,3,0.0106173,Yield,0,0,-70,-35
-4,4,0.0106405,Yield,0,0,-74,-39
-4,3,0.0106812,Yield,0,0,-78,-42
-3,3,0.010687,Yield,0,0,-81,-45
-4,3,0.010716,Yield,0,0,-85,-48
-4,2,0.0107334,Yield,0,0,-89,-50
-4,3,0.0107683,Yield,0,0,-93,-53
-3,3,0.0107915,Yield,0,0,-96,-56
-4,3,0.0108263,Yield,0,0,-100,-59
-4,3,0.0108379,Yield,0,0,-104,-62
-4,3,0.0108611,Yield,0,0,-108,-65
-3,2,0.010896,Yield,0,0,-111,-67
-4,3,0.0109134,Yield,0,0,-115,-70
-4,3,0.0109424,Yield,0,0,-119,-73
-4,3,0.0109772,Yield,0,0,-123,-76
-3,3,0.0109946,Yield,0,0,-126,-79
-4,2,0.0110179,Yield,0,0,-130,-81
-4,3,0.0110469,Yield,0,0,-134,-84
-4,2,0.0110817,Yield,0,0,-138,-86
-3,2,0.0111166,Yield,0,0,-141,-88
-4,2,0.011134,Yield,0,0,-145,-90
-4,1,0.0111456,Yield,0,0,-149,-91
-3,1,0.0111688,Yield,0,0,-152,-92
-1,1,0.0115926,Yield,0,0,-153,-93
-1,1,0.0116227,Yield,0,0,-154,-94
-1,2,0.0116564,Yield,0,0,-155,-96
1,4,0.0117029,Yield,0,0,-154,-100
3,2,0.0117203,Yield,0,0,-151,-102
1,2,0.0117435,Yield,0,0,-150,-104
1,2,0.0117783,Yield,0,0,-149,-106
1,1,0.0118073,Yield,0,0,-148,-107
1,1,0.0118248,Yield,0,0,-147,-108
1,1,0.0118538,Yield,0,0,-146,-109
1,-1,0.0119118,Yield,0,0,-145,-108
1,-2,0.0119583,Yield,0,0,-144,-106
2,-3,0.0119757,Yield,0,0,-142,-103
2,-3,0.0120047,Yield,0,0,-140,-100
2,-3,0.0120279,Yield,0,0,-138,-97
1,-2,0.012057,Yield,0,0,-137,-95
2,-3,0.0120744,Yield,0,0,-135,-92
2,-3,0.012115,Yield,0,0,-133,-89
2,-3,0.0121266,Yield,0,0,-131,-86
1,-3,0.0121498,Yield,0,0,-130,-83
1,-2,0.0121789,Yield,0,0,-129,-81
1,-3,0.0122079,Yield,0,0,-128,-78
-1,-3,0.0122253,Yield,0,0,-129,-75
-1,-3,0.0122543,Yield,0,0,-130,-72
-1,-3,0.0122834,Yield,0,0,-131,-69
-1,-2,0.0123182,Yield,0,0,-132,-67
-1,-3,0.0123298,Yield,0,0,-133,-64
-1,-3,0.0123588,Yield,0,0,-134,-61
-1,-3,0.0123762,Yield,0,0,-135,-58
-1,-3,0.0123995,Yield,0,0,-136,-55
-1,-3,0.0124343,Yield,0,0,-137,-52
-1,-2,0.0124575,Yield,0,0,-138,-50
-1,-3,0.0124981,Yield,0,0,-139,-47
-1,-3,0.0125039,Yield,0,0,-140,-44
1,-3,0.012533,Yield,0,0,-139,-41
1,-3,0.0125504,Yield,0,0,-138,-38
2,-2,0.0125852,Yield,0,0,-136,-36
2,-3,0.0126084,Yield,0,0,-134,-33
3,-3,0.0126491,Yield,0,0,-131,-30
3,-3,0.0126549,Yield,0,0,-128,-27
2,-3,0.0126792,Yield,0,0,-126,-24
3,-2,0.0127129,Yield,0,0,-123,-22
3,-3,0.0127478,Yield,0,0,-120,-19
3,-3,0.012771,Yield,0,0,-117,-16
3,-3,0.0127826,Yield,0,0,-114,-13
2,-3,0.0128,Yield,0,0,-112,-10
2,-3,0.0128232,Yield,0,0,-110,-7
2,-2,0.012858,Yield,0,0,-108,-5
1,-3,0.0128871,Yield,0,0,-107,-2
1,-3,0.0129219,Yield,0,0,-106,1
1,-3,0.0129277,Yield,0,0,-105,4
1,-3,0.0129509,Yield,0,0,-104,7
1,-2,0.0129858,Yield,0,0,-103,9
1,-6,0.0130264,Yield,0,0,-102,15
1,-3,0.0130554,Yield,0,0,-101,18
1,-3,0.0130844,Yield,0,0,-100,21
1,-2,0.0131077,Yield,0,0,-99,23
1,-3,0.0131367,Yield,0,0,-98,26
1,-2,0.0131657,Yield,0,0,-97,28
1,-1,0.0131773,Yield,0,0,-96,29
1,-1,0.0132005,Yield,0,0,-95,30
1,-2,0.0185585,FRAY 1,297,486,-94,32
2,-1,0.0185876,FRAY 1,297,486,-92,33
2,-3,0.0186108,FRAY 1,297,486,-90,36
1,-3,0.0186398,FRAY 1,297,486,-89,39
3,-3,0.0186572,FRAY 1,297,486,-86,42
3,-3,0.0186805,FRAY 1,297,486,-83,45
3,-2,0.0187095,FRAY 1,297,486,-80,47
3,-3,0.0187443,FRAY 1,297,486,-77,50
2,-3,0.0187733,FRAY 1,297,486,-75,53
3,-3,0.0188024,FRAY 1,297,486,-72,56
3,-3,0.0188082,FRAY 1,297,486,-69,59
2,-3,0.0188314,FRAY 1,297,486,-67,62
2,-1,0.0188662,FRAY 1,297,486,-65,63
2,-2,0.0188952,FRAY 1,297,486,-63,65
2,-1,0.0189301,FRAY 1,297,486,-61,66
1,-1,0.0189359,FRAY 1,297,486,-60,67
2,-1,0.0189591,FRAY 1,297,486,-58,68
2,-1,0.0189939,FRAY 1,297,486,-56,69
2,-1,0.0190171,FRAY 1,297,486,-54,70
2,-1,0.0190404,FRAY 1,297,486,-52,71
1,-1,0.019081,FRAY 1,297,486,-51,72
3,1,0.0192319,FRAY 1,297,486,-48,71
2,2,0.0192377,FRAY 1,297,486,-46,69
3,2,0.0192645,FRAY 1,297,486,-43,67
3,2,0.0192958,FRAY 1,297,486,-40,65
3,3,0.0193306,FRAY 1,297,486,-37,62
3,3,0.0193364,FRAY 1,297,486,-34,59
2,2,0.0193654,FRAY 1,297,486,-32,57
3,3,0.0193945,FRAY 1,297,486,-29,54
2,3,0.0194177,FRAY 1,297,486,-27,51
2,3,0.0194467,FRAY 1,297,486,-25,48
2,3,0.0194815,FRAY 1,297,486,-23,45
3,3,0.0194873,FRAY 1,297,486,-20,42
3,4,0.0195106,FRAY 1,297,486,-17,38
2,4,0.0195454,FRAY 1,297,486,-15,34
3,4,0.019586,FRAY 1,297,486,-12,30
3,3,0.0196093,FRAY 1,297,486,-9,27
3,8,0.0196499,FRAY 1,297,486,-6,19
5,4,0.0196847,FRAY 1,297,486,-1,15
3,3,0.0196963,FRAY 1,297,486,2,12
3,4,0.0197254,FRAY 1,297,486,5,8
3,4,0.0197544,FRAY 1,297,486,8,4
3,4,0.019766,FRAY 1,297,486,11,0
2,3,0.019795,FRAY 1,297,486,13,-3
3,4,0.0198182,FRAY 1,297,486,16,-7
3,4,0.0198473,FRAY 1,297,486,19,-11
3,3,0.0198814,FRAY 1,297,486,22,-14
3,3,0.0199111,FRAY 1,297,486,25,-17
2,2,0.0199227,FRAY 1,297,486,27,-19
3,3,0.0199459,FRAY 1,297,486,30,-22
3,3,0.019975,FRAY 1,297,486,33,-25
3,3,0.0199982,FRAY 1,297,486,36,-28
3,3,0.020024,FRAY 1,297,486,39,-31
3,2,0.020062,FRAY 1,297,486,42,-33
2,4,0.0200737,FRAY 1,297,486,44,-37
3,4,0.0200969,FRAY 1,297,486,47,-41
3,4,0.0201317,FRAY 1,297,486,50,-45
3,3,0.0201433,FRAY 1,297,486,53,-48
3,4,0.0201781,FRAY 1,297,486,56,-52
2,4,0.0202014,FRAY 1,297,486,58,-56
3,4,0.0202188,FRAY 1,297,486,61,-60
3,3,0.020242,FRAY 1,297,486,64,-63
3,4,0.020271,FRAY 1,297,486,67,-67
3,4,0.0203059,FRAY 1,297,486,70,-71
2,4,0.0203117,FRAY 1,297,486,72,-75
3,3,0.0203465,FRAY 1,297,486,75,-78
3,4,0.0203697,FRAY 1,297,486,78,-82
3,4,0.0203929,FRAY 1,297,486,81,-86
3,4,0.0204161,FRAY 1,297,486,84,-90
3,3,0.0204455,FRAY 1,297,486,87,-93
2,4,0.0204626,FRAY 1,297,486,89,-97
3,4,0.0204974,FRAY 1,297,486,92,-101
3,4,0.0205206,FRAY 1,297,486,95,-105
3,3,0.0205439,FRAY 1,297,486,98,-108
3,4,0.0205671,FRAY 1,297,486,101,-112
2,4,0.0206019,FRAY 1,297,486,103,-116
3,4,0.0206193,FRAY 1,297,486,106,-120
3,3,0.0206425,FRAY 1,297,486,109,-123
3,4,0.0206716,FRAY 1,297,486,112,-127
3,4,0.0207064,FRAY 1,297,486,115,-131
2,4,0.0207222,FRAY 1,297,486,117,-135
3,3,0.0207586,FRAY 1,297,486,120,-138
3,4,0.0207702,FRAY 1,297,486,123,-142
3,4,0.0207935,FRAY 1,297,486,126,-146
3,4,0.0208225,FRAY 1,297,486,129,-150
3,3,0.0208573,FRAY 1,297,486,132,-153
2,4,0.0208805,FRAY 1,297,486,134,-157
3,4,0.0209038,FRAY 1,297,486,137,-161
3,4,0.0209212,FRAY 1,297,486,140,-165
3,3,0.0209444,FRAY 1,297,486,143,-168
3,4,0.0209792,FRAY 1,297,486,146,-172
2,4,0.0210024,FRAY 1,297,486,148,-176
3,4,0.0210315,FRAY 1,297,486,151,-180
3,3,0.0210489,FRAY 1,297,486,154,-183
3,4,0.0210721,FRAY 1,297,486,157,-187
3,4,0.0210953,FRAY 1,297,486,160,-191
2,4,0.0211185,FRAY 1,297,486,162,-195
3,3,0.0211534,FRAY 1,297,486,165,-198
3,4,0.0211824,FRAY 1,297,486,168,-202
3,4,0.0211998,FRAY 1,297,486,171,-206
3,4,0.0212288,FRAY 1,297,486,174,-210
2,3,0.0212579,FRAY 1,297,486,176,-213
3,4,0.0212637,FRAY 1,297,486,179,-217
3,4,0.0212927,FRAY 1,297,486,182,-221
3,4,0.0213275,FRAY 1,297,486,185,-225
3,3,0.0213449,FRAY 1,297,486,188,-228
3,4,0.0213682,FRAY 1,297,486,191,-232
2,4,0.0213972,FRAY 1,297,486,193,-236
3,4,0.0214146,FRAY 1,297,486,196,-240
3,3,0.0214494,FRAY 1,297,486,199,-243
3,4,0.0214785,FRAY 1,297,486,202,-247
3,4,0.0214959,FRAY 1,297,486,205,-251
2,4,0.0215191,FRAY 1,297,486,207,-255
3,3,0.0215423,FRAY 1,297,486,210,-258
3,4,0.0215655,FRAY 1,297,486,213,-262
3,4,0.0216004,FRAY 1,297,486,216,-266
3,4,0.0216294,FRAY 1,297,486,219,-270
2,3,0.0216526,FRAY 1,297,486,221,-273
3,4,0.02167,FRAY 1,297,486,224,-277
3,4,0.0216932,FRAY 1,297,486,227,-281
3,4,0.0217281,FRAY 1,297,486,230,-285
3,3,0.0217629,FRAY 1,297,486,233,-288
3,4,0.0217629,FRAY 1,297,486,236,-292
2,4,0.0218068,FRAY 1,297,486,238,-296
3,4,0.021821,FRAY 1,297,486,241,-300
3,3,0.0218476,FRAY 1,297,486,244,-303
3,4,0.021879,FRAY 1,297,486,247,-307
3,4,0.0218964,FRAY 1,297,486,250,-311
2,4,0.0219196,FRAY 1,297,486,252,-315
3,3,0.0219603,FRAY 1,297,486,255,-318
3,4,0.0219774,FRAY 1,297,486,258,-322
3,4,0.0220009,FRAY 1,297,486,261,-326
3,4,0.0220241,FRAY 1,297,486,264,-330
2,3,0.0220648,FRAY 1,297,486,266,-333
3,4,0.0220764,FRAY 1,297,486,269,-337
3,4,0.0220938,FRAY 1,297,486,272,-341
3,4,0.0221286,FRAY 1,297,486,275,-345
3,3,0.0221518,FRAY 1,297,486,278,-348
3,4,0.0221751,FRAY 1,297,486,281,-352
2,4,0.0222066,FRAY 1,297,486,283,-356
3,4,0.0222215,FRAY 1,297,486,286,-360
3,3,0.0222447,FRAY 1,297,486,289,-363
3,4,0.0222795,FRAY 1,297,486,292,-367
3,4,0.0223028,FRAY 1,297,486,295,-371
2,4,0.022326,FRAY 1,297,486,297,-375
3,3,0.0223608,FRAY 1,297,486,300,-378
3,4,0.0223898,FRAY 1,297,486,303,-382
3,4,0.0224015,FRAY 1,297,486,306,-386
3,4,0.0224363,FRAY 1,297,486,309,-390
2,3,0.0224479,FRAY 1,297,486,311,-393
3,4,0.0224711,FRAY 1,297,486,314,-397
3,4,0.0225023,FRAY 1,297,486,317,-401
3,4,0.022535,FRAY 1,297,486,320,-405
3,3,0.0225408,FRAY 1,297,486,323,-408
2,4,0.0225698,FRAY 1,297,486,325,-412
3,4,0.0226046,FRAY 1,297,486,328,-416
3,4,0.022622,FRAY 1,297,486,331,-420
3,3,0.0226569,FRAY 1,297,486,334,-423
3,4,0.0226859,FRAY 1,297,486,337,-427
3,4,0.0226975,FRAY 1,297,486,340,-431
2,4,0.0227207,FRAY 1,297,486,342,-435
3,3,0.0227439,FRAY 1,297,486,345,-438
3,4,0.022773,FRAY 1,297,486,348,-442
3,4,0.0228078,FRAY 1,297,486,351,-446
3,4,0.0228426,FRAY 1,297,486,354,-450
2,3,0.0228484,FRAY 1,297,486,356,-453
3,4,0.0228717,FRAY 1,297,486,359,-457
3,4,0.0229007,FRAY 1,297,486,362,-461
3,4,0.022928,FRAY 1,297,486,365,-465
3,3,0.0229529,FRAY 1,297,486,368,-468
2,4,0.022982,FRAY 1,297,486,370,-472
3,4,0.0229994,FRAY 1,297,486,373,-476
3,2,0.0230226,FRAY 1,297,486,376,-478
2,4,0.0230458,FRAY 1,297,486,378,-482
1,4,0.0230806,FRAY 1,297,486,379,-486
1,3,0.0231039,FRAY 1,297,486,380,-489
-1,4,0.0231329,FRAY 1,297,486,379,-493
-3,4,0.0231561,FRAY 1,297,486,376,-497
-3,4,0.0231793,FRAY 1,297,486,373,-501
-4,3,0.0232025,FRAY 1,297,486,369,-504
-4,4,0.0232316,FRAY 1,297,486,365,-508
-3,4,0.0232664,FRAY 1,297,486,362,-512
-4,4,0.0232896,FRAY 1,297,486,358,-516
-4,3,0.023307,FRAY 1,297,486,354,-519
-4,4,0.0233302,FRAY 1,297,486,350,-523
-3,4,0.0233535,FRAY 1,297,486,347,-527
-4,4,0.0233883,FRAY 1,297,486,343,-531
-4,3,0.0234173,FRAY 1,297,486,339,-534
-4,4,0.0234449,FRAY 1,297,486,335,-538
-3,4,0.023458,FRAY 1,297,486,332,-542
-4,4,0.0234754,FRAY 1,297,486,328,-546
-4,3,0.0235044,FRAY 1,297,486,324,-549
-4,4,0.0235392,FRAY 1,297,486,320,-553
-3,4,0.0235683,FRAY 1,297,486,317,-557
-4,3,0.0236031,FRAY 1,297,486,313,-560
-4,2,0.0236089,FRAY 1,297,486,309,-562
-4,3,0.0236321,FRAY 1,297,486,305,-565
-3,3,0.0236553,FRAY 1,297,486,302,-568
-4,3,0.0236902,FRAY 1,297,486,298,-571
-4,4,0.023725,FRAY 1,297,486,294,-575
-4,3,0.023754,FRAY 1,297,486,290,-578
-3,4,0.0237598,FRAY 1,297,486,287,-582
-4,4,0.0237888,FRAY 1,297,486,283,-586
-4,4,0.0238121,FRAY 1,297,486,279,-590
-4,3,0.0238411,FRAY 1,297,486,275,-593
-2,4,0.0238585,FRAY 1,297,486,273,-597
-3,4,0.0239049,FRAY 1,297,486,270,-601
-2,4,0.0239107,FRAY 1,297,486,268,-605
-1,3,0.0239398,FRAY 1,297,486,267,-608
-1,4,0.0239688,FRAY 1,297,486,266,-612
1,4,0.0240036,FRAY 1,297,486,267,-616
1,4,0.0240094,FRAY 1,297,486,268,-620
2,3,0.0240327,FRAY 1,297,486,270,-623
2,4,0.0240675,FRAY 1,297,486,272,-627
2,3,0.0240907,FRAY 1,297,486,274,-630
1,2,0.0241197,FRAY 1,297,486,275,-632
1,2,0.0241546,FRAY 1,297,486,276,-634
1,1,0.0241546,FRAY 1,297,486,277,-635
1,1,0.0242124,FRAY 1,297,486,278,-636
1,-1,0.02441,FRAY 1,297,486,279,-635
1,-2,0.0244564,FRAY 1,297,486,280,-633
2,-2,0.0244797,FRAY 1,297,486,282,-631
2,-2,0.0245145,FRAY 1,297,486,284,-629
2,-3,0.0245435,FRAY 1,297,486,286,-626
3,-2,0.0245725,FRAY 1,297,486,289,-624
3,-3,0.0245841,FRAY 1,297,486,292,-621
2,-3,0.0246132,FRAY 1,297,486,294,-618
3,-3,0.0246306,FRAY 1,297,486,297,-615
3,-3,0.0246654,FRAY 1,297,486,300,-612
2,-3,0.0246944,FRAY 1,297,486,302,-609
2,-2,0.024706,FRAY 1,297,486,304,-607
2,-3,0.0247351,FRAY 1,297,486,306,-604
2,-3,0.0247351,FRAY 1,297,486,308,-601
1,-3,0.0247351,FRAY 1,297,486,309,-598
2,-3,0.0247351,FRAY 1,297,486,311,-595
2,-2,0.0247351,FRAY 1,297,486,313,-593
2,-3,0.0247351,FRAY 1,297,486,315,-590
2,-3,0.0247351,FRAY 1,297,486,317,-587
2,-3,0.0247351,FRAY 1,297,486,319,-584
2,-3,0.0247351,FRAY 1,297,486,321,-581
2,-2,0.0247351,FRAY 1,297,486,323,-579
2,-2,0.0247525,FRAY 1,297,486,325,-577
1,-1,0.0247776,FRAY 1,297,486,326,-576
1,-1,0.0248105,FRAY 1,297,486,327,-575
1,-1,0.0287173,SAN- 2,181,209,328,-574
-1,-2,0.0287405,SAN- 2,181,209,327,-572
-2,-2,0.0287579,SAN- 2,181,209,325,-570
-1,-2,0.0287985,SAN- 2,181,209,324,-568
-3,-3,0.0288218,SAN- 2,181,209,321,-565
-3,-3,0.0288508,SAN- 2,181,209,318,-562
-3,-3,0.0288856,SAN- 2,181,209,315,-559
-4,-3,0.0288914,SAN- 2,181,209,311,-556
-3,-3,0.0289047,SAN- 2,181,209,308,-553
-4,-2,0.0289379,SAN- 2,181,209,304,-551
-4,-3,0.0289611,SAN- 2,181,209,300,-548
-4,-3,0.0289843,SAN- 2,181,209,296,-545
-3,-3,0.0290249,SAN- 2,181,209,293,-542
-4,-3,0.0290307,SAN- 2,181,209,289,-539
-4,-2,0.0290598,SAN- 2,181,209,285,-537
-4,-3,0.029083,SAN- 2,181,209,281,-534
-3,-3,0.029112,SAN- 2,181,209,278,-531
-3,-3,0.029141,SAN- 2,181,209,275,-528
-3,-3,0.0291701,SAN- 2,181,209,272,-525
-3,-2,0.0291875,SAN- 2,181,209,269,-523
-3,-3,0.0292107,SAN- 2,181,209,266,-520
-2,-3,0.0292339,SAN- 2,181,209,264,-517
-2,-3,0.0292629,SAN- 2,181,209,262,-514
-2,-3,0.0292899,SAN- 2,181,209,260,-511
-2,-3,0.029321,SAN- 2,181,209,258,-508
-2,-2,0.0293384,SAN- 2,181,209,256,-506
-2,-3,0.0293616,SAN- 2,181,209,254,-503
-2,-3,0.0293907,SAN- 2,181,209,252,-500
-1,-3,0.0294081,SAN- 2,181,209,251,-497
-2,-3,0.0294429,SAN- 2,181,209,249,-494
-2,-2,0.0294719,SAN- 2,181,209,247,-492
-2,-3,0.0294893,SAN- 2,181,209,245,-489
-2,-3,0.0295184,SAN- 2,181,209,243,-486
-2,-3,0.0295358,SAN- 2,181,209,241,-483
-2,-3,0.029559,SAN- 2,181,209,239,-480
-2,-2,0.0295938,SAN- 2,181,209,237,-478
-1,-3,0.0296229,SAN- 2,181,209,236,-475
-2,-3,0.0296577,SAN- 2,181,209,234,-472
-2,-3,0.0296635,SAN- 2,181,209,232,-469
-2,-3,0.0296867,SAN- 2,181,209,230,-466
-2,-3,0.0297151,SAN- 2,181,209,228,-463
-2,-2,0.0297448,SAN- 2,181,209,226,-461
-2,-3,0.029768,SAN- 2,181,209,224,-458
-3,-3,0.0298086,SAN- 2,181,209,221,-455
-2,-3,0.0298202,SAN- 2,181,209,219,-452
-3,-3,0.0298434,SAN- 2,181,209,216,-449
-3,-2,0.0298725,SAN- 2,181,209,213,-447
-3,-3,0.0299073,SAN- 2,181,209,210,-444
-3,-3,0.0299189,SAN- 2,181,209,207,-441
-2,-3,0.0299506,SAN- 2,181,209,205,-438
-3,-3,0.0299595,SAN- 2,181,209,202,-435
-3,-2,0.0299944,SAN- 2,181,209,199,-433
-3,-3,0.0300234,SAN- 2,181,209,196,-430
-3,-3,0.0300582,SAN- 2,181,209,193,-427
-2,-3,0.0300756,SAN- 2,181,209,191,-424
-2,-3,0.0301047,SAN- 2,181,209,189,-421
-2,-3,0.0301221,SAN- 2,181,209,187,-418
-2,-2,0.0301395,SAN- 2,181,209,185,-416
-2,-3,0.0301627,SAN- 2,181,209,183,-413
-2,-3,0.0301917,SAN- 2,181,209,181,-410
-2,-3,0.0302092,SAN- 2,181,209,179,-407
-2,-3,0.0302382,SAN- 2,181,209,177,-404
-1,-2,0.0302672,SAN- 2,181,209,176,-402
-2,-3,0.0302904,SAN- 2,181,209,174,-399
-2,-3,0.0303137,SAN- 2,181,209,172,-396
-2,-3,0.0303485,SAN- 2,181,209,170,-393
-2,-3,0.0303601,SAN- 2,181,209,168,-390
-2,-2,0.0303949,SAN- 2,181,209,166,-388
-2,-3,0.0304181,SAN- 2,181,209,164,-385
-2,-3,0.0304356,SAN- 2,181,209,162,-382
-1,-3,0.0304646,SAN- 2,181,209,161,-379
-2,-3,0.0304994,SAN- 2,181,209,159,-376
-2,-3,0.030511,SAN- 2,181,209,157,-373
-2,-2,0.0305284,SAN- 2,181,209,155,-371
-2,-3,0.0305691,SAN- 2,181,209,153,-368
-2,-3,0.0305865,SAN- 2,181,209,151,-365
-1,-3,0.0306155,SAN- 2,181,209,150,-362
-1,-3,0.0306503,SAN- 2,181,209,149,-359
-1,-2,0.0306678,SAN- 2,181,209,148,-357
-1,-3,0.030691,SAN- 2,181,209,147,-354
-1,-3,0.0307142,SAN- 2,181,209,146,-351
-1,-3,0.030749,SAN- 2,181,209,145,-348
-1,-3,0.0307722,SAN- 2,181,209,144,-345
-1,-2,0.0308013,SAN- 2,181,209,143,-343
-1,-3,0.0308187,SAN- 2,181,209,142,-340
-1,-3,0.0308361,SAN- 2,181,209,141,-337
-1,-3,0.0308651,SAN- 2,181,209,140,-334
-1,-3,0.0309,SAN- 2,181,209,139,-331
-1,-3,0.0309232,SAN- 2,181,209,138,-328
-1,-2,0.0309522,SAN- 2,181,209,137,-326
-1,-3,0.0309696,SAN- 2,181,209,136,-323
-1,-3,0.0309812,SAN- 2,181,209,135,-320
-1,-3,0.0310044,SAN- 2,181,209,134,-317
-1,-3,0.0310393,SAN- 2,181,209,133,-314
-1,-2,0.0310683,SAN- 2,181,209,132,-312
-1,-3,0.0310915,SAN- 2,181,209,131,-309
-1,-3,0.0311089,SAN- 2,181,209,130,-306
-1,-3,0.0311322,SAN- 2,181,209,129,-303
-1,-3,0.0311554,SAN- 2,181,209,128,-300
-1,-2,0.0311799,SAN- 2,181,209,127,-298
-1,-3,0.0312134,SAN- 2,181,209,126,-295
-1,-3,0.0312541,SAN- 2,181,209,125,-292
-1,-3,0.0312599,SAN- 2,181,209,124,-289
-1,-3,0.0312889,SAN- 2,181,209,123,-286
-1,-3,0.0313179,SAN- 2,181,209,122,-283
-1,-2,0.0313353,SAN- 2,181,209,121,-281
-1,-3,0.0313644,SAN- 2,181,209,120,-278
-1,-3,0.0313992,SAN- 2,181,209,119,-275
-1,-3,0.0314094,SAN- 2,181,209,118,-272
-1,-3,0.0314282,SAN- 2,181,209,117,-269
-1,-2,0.0314456,SAN- 2,181,209,116,-267
-1,-3,0.0314746,SAN- 2,181,209,115,-264
-1,-3,0.0315095,SAN- 2,181,209,114,-261
-1,-3,0.0315419,SAN- 2,181,209,113,-258
-1,-3,0.0315501,SAN- 2,181,209,112,-255
-1,-2,0.0315791,SAN- 2,181,209,111,-253
-1,-3,0.0316082,SAN- 2,181,209,110,-250
-1,-3,0.0316314,SAN- 2,181,209,109,-247
-1,-3,0.0316604,SAN- 2,181,209,108,-244
-1,-6,0.031701,SAN- 2,181,209,107,-238
-4,-2,0.0317243,SAN- 2,181,209,103,-236
-2,-3,0.0317591,SAN- 2,181,209,101,-233
-2,-3,0.0317997,SAN- 2,181,209,99,-230
-2,-3,0.0318288,SAN- 2,181,209,97,-227
-2,-5,0.0318636,SAN- 2,181,209,95,-222
-3,-3,0.0318926,SAN- 2,181,209,92,-219
-2,-3,0.03191,SAN- 2,181,209,90,-216
-2,-3,0.031939,SAN- 2,181,209,88,-213
-2,-3,0.0319565,SAN- 2,181,209,86,-210
-2,-2,0.0319739,SAN- 2,181,209,84,-208
-2,-3,0.0320261,SAN- 2,181,209,82,-205
-2,-3,0.0320377,SAN- 2,181,209,80,-202
-1,-3,0.032061,SAN- 2,181,209,79,-199
-2,-3,0.03209,SAN- 2,181,209,77,-196
-1,-3,0.0321074,SAN- 2,181,209,76,-193
-1,-2,0.0321364,SAN- 2,181,209,75,-191
-1,-3,0.0321654,SAN- 2,181,209,74,-188
-1,-3,0.0321887,SAN- 2,181,209,73,-185
-1,-3,0.0322119,SAN- 2,181,209,72,-182
-1,-3,0.0322467,SAN- 2,181,209,71,-179
-1,-2,0.0322583,SAN- 2,181,209,70,-177
-1,-3,0.0322873,SAN- 2,181,209,69,-174
-1,-3,0.0323106,SAN- 2,181,209,68,-171
-1,-3,0.0323338,SAN- 2,181,209,67,-168
-1,-3,0.0323628,SAN- 2,181,209,66,-165
-1,-2,0.0323976,SAN- 2,181,209,65,-163
1,-3,0.0324151,SAN- 2,181,209,66,-160
1,-3,0.0324383,SAN- 2,181,209,67,-157
1,-3,0.0324615,SAN- 2,181,209,68,-154
1,-3,0.0324905,SAN- 2,181,209,69,-151
1,-3,0.0325188,SAN- 2,181,209,70,-148
1,-2,0.0325428,SAN- 2,181,209,71,-146
1,-3,0.032566,SAN- 2,181,209,72,-143
1,-2,0.0325834,SAN- 2,181,209,73,-141
1,-2,0.0326124,SAN- 2,181,209,74,-139
1,-2,0.0326473,SAN- 2,181,209,75,-137
1,-2,0.0326763,SAN- 2,181,209,76,-135
1,-2,0.0326995,SAN- 2,181,209,77,-133
1,-1,0.0327169,SAN- 2,181,209,78,-132
1,-2,0.0327401,SAN- 2,181,209,79,-130
1,-2,0.0327634,SAN- 2,181,209,80,-128
1,-2,0.0327866,SAN- 2,181,209,81,-126
1,-2,0.0328272,SAN- 2,181,209,82,-124
1,-2,0.032862,SAN- 2,181,209,83,-122
1,-2,0.0328678,SAN- 2,181,209,84,-120
1,-2,0.0328969,SAN- 2,181,209,85,-118
1,-1,0.0329143,SAN- 2,181,209,86,-117
1,-1,0.0329491,SAN- 2,181,209,87,-116
1,-1,0.0329781,SAN- 2,181,209,88,-115
1,-2,0.033013,SAN- 2,181,209,89,-113
2,-1,0.0330478,SAN- 2,181,209,91,-112
1,-1,0.0330942,SAN- 2,181,209,92,-111
1,-1,0.0331175,SAN- 2,181,209,93,-110
1,-1,0.0331581,SAN- 2,181,209,94,-109
1,-1,0.0331755,SAN- 2,181,209,95,-108
1,-1,0.0332278,SAN- 2,181,209,96,-107
1,-1,0.0332452,SAN- 2,181,209,97,-106
1,-1,0.0332742,SAN- 2,181,209,98,-105
1,-1,0.033309,SAN- 2,181,209,99,-104
1,1,0.0335006,SAN- 2,181,209,100,-105
1,1,0.0335586,SAN- 2,181,209,101,-106
1,1,0.0335702,SAN- 2,181,209,102,-107
1,1,0.0336283,SAN- 2,181,209,103,-108
1,1,0.0336515,SAN- 2,181,209,104,-109
1,1,0.0337096,SAN- 2,181,209,105,-110
1,1,0.0337216,SAN- 2,181,209,106,-111
1,1,0.0337502,SAN- 2,181,209,107,-112
1,1,0.0337734,SAN- 2,181,209,108,-113
1,1,0.0338199,SAN- 2,181,209,109,-114
1,1,0.0338489,SAN- 2,181,209,110,-115
1,1,0.0338953,SAN- 2,181,209,111,-116
1,1,0.0339127,SAN- 2,181,209,112,-117
1,1,0.0339708,SAN- 2,181,209,113,-118
1,1,0.033994,SAN- 2,181,209,114,-119
1,-1,0.0388122,-TIA- 3,7,420,115,-118
1,-1,0.0388876,-TIA- 3,7,420,116,-117
-1,-2,0.0389166,-TIA- 3,7,420,115,-115
-2,1,0.0389979,-TIA- 3,7,420,113,-116
-3,2,0.0390269,-TIA- 3,7,420,110,-118
-4,3,0.0390618,-TIA- 3,7,420,106,-121
-4,3,0.0390792,-TIA- 3,7,420,102,-124
-3,2,0.0391024,-TIA- 3,7,420,99,-126
-4,4,0.0391198,-TIA- 3,7,420,95,-130
-4,4,0.0391488,-TIA- 3,7,420,91,-134
-4,4,0.0391605,-TIA- 3,7,420,87,-138
-3,3,0.0392127,-TIA- 3,7,420,84,-141
-4,4,0.0392185,-TIA- 3,7,420,80,-145
-4,4,0.0392359,-TIA- 3,7,420,76,-149
-4,4,0.0392649,-TIA- 3,7,420,72,-153
-3,3,0.0392998,-TIA- 3,7,420,69,-156
-4,4,0.0393114,-TIA- 3,7,420,65,-160
-4,4,0.0393404,-TIA- 3,7,420,61,-164
-4,4,0.0393636,-TIA- 3,7,420,57,-168
-3,3,0.0393868,-TIA- 3,7,420,54,-171
-4,4,0.0394159,-TIA- 3,7,420,50,-175
-3,4,0.0394507,-TIA- 3,7,420,47,-179
-3,4,0.0394681,-TIA- 3,7,420,44,-183
-2,3,0.0394797,-TIA- 3,7,420,42,-186
-1,4,0.0395146,-TIA- 3,7,420,41,-190
-1,4,0.0395436,-TIA- 3,7,420,40,-194
-1,4,0.0395726,-TIA- 3,7,420,39,-198
1,3,0.0395958,-TIA- 3,7,420,40,-201
1,4,0.0396132,-TIA- 3,7,420,41,-205
2,4,0.0396249,-TIA- 3,7,420,43,-209
2,4,0.0396597,-TIA- 3,7,420,45,-213
2,3,0.0396887,-TIA- 3,7,420,47,-216
2,4,0.0397177,-TIA- 3,7,420,49,-220
2,4,0.0397468,-TIA- 3,7,420,51,-224
1,4,0.03977,-TIA- 3,7,420,52,-228
2,3,0.0397816,-TIA- 3,7,420,54,-231
2,4,0.0398106,-TIA- 3,7,420,56,-235
2,4,0.0398454,-TIA- 3,7,420,58,-239
2,4,0.0398687,-TIA- 3,7,420,60,-243
2,3,0.0398977,-TIA- 3,7,420,62,-246
2,4,0.0399151,-TIA- 3,7,420,64,-250
2,4,0.0399383,-TIA- 3,7,420,66,-254
1,4,0.0399615,-TIA- 3,7,420,67,-258
2,3,0.0399964,-TIA- 3,7,420,69,-261
1,4,0.0400254,-TIA- 3,7,420,70,-265
1,4,0.0400428,-TIA- 3,7,420,71,-269
1,4,0.0400718,-TIA- 3,7,420,72,-273
1,3,0.0400834,-TIA- 3,7,420,73,-276
1,4,0.0401183,-TIA- 3,7,420,74,-280
1,4,0.0401473,-TIA- 3,7,420,75,-284
1,4,0.0401763,-TIA- 3,7,420,76,-288
1,7,0.0402112,-TIA- 3,7,420,77,-295
2,4,0.040246,-TIA- 3,7,420,79,-299
2,4,0.0402576,-TIA- 3,7,420,81,-303
2,3,0.0402924,-TIA- 3,7,420,83,-306
-1,4,0.0403215,-TIA- 3,7,420,82,-310
-2,4,0.0403563,-TIA- 3,7,420,80,-314
-2,4,0.0403716,-TIA- 3,7,420,78,-318
-3,3,0.0403969,-TIA- 3,7,420,75,-321
-4,4,0.0404259,-TIA- 3,7,420,71,-325
-3,4,0.0404434,-TIA- 3,7,420,68,-329
-4,4,0.0404724,-TIA- 3,7,420,64,-333
-4,3,0.0405072,-TIA- 3,7,420,60,-336
-4,4,0.040513,-TIA- 3,7,420,56,-340
-3,4,0.0405362,-TIA- 3,7,420,53,-344
-4,4,0.0405711,-TIA- 3,7,420,49,-348
-4,3,0.0405885,-TIA- 3,7,420,45,-351
-4,4,0.0406175,-TIA- 3,7,420,41,-355
-3,4,0.0406523,-TIA- 3,7,420,38,-359
-4,4,0.0406581,-TIA- 3,7,420,34,-363
-4,3,0.040693,-TIA- 3,7,420,30,-366
-4,4,0.0407278,-TIA- 3,7,420,26,-370
-3,4,0.0407475,-TIA- 3,7,420,23,-374
-4,3,0.0407626,-TIA- 3,7,420,19,-377
-4,3,0.0407975,-TIA- 3,7,420,15,-380
-4,2,0.0408149,-TIA- 3,7,420,11,-382
-3,3,0.0408323,-TIA- 3,7,420,8,-385
-4,3,0.0408613,-TIA- 3,7,420,4,-388
-4,3,0.0408915,-TIA- 3,7,420,0,-391
-3,5,0.0409252,-TIA- 3,7,420,-3,-396
-8,3,0.0409658,-TIA- 3,7,420,-11,-399
-4,4,0.0409948,-TIA- 3,7,420,-15,-403
-3,4,0.0410122,-TIA- 3,7,420,-18,-407
-4,3,0.0410471,-TIA- 3,7,420,-22,-410
-4,4,0.0410634,-TIA- 3,7,420,-26,-414
-4,4,0.0410761,-TIA- 3,7,420,-30,-418
-3,3,0.0411225,-TIA- 3,7,420,-33,-421
-4,3,0.0411341,-TIA- 3,7,420,-37,-424
-4,2,0.0411574,-TIA- 3,7,420,-41,-426
-4,3,0.0411922,-TIA- 3,7,420,-45,-429
-3,3,0.041198,-TIA- 3,7,420,-48,-432
-4,3,0.0412328,-TIA- 3,7,420,-52,-435
-4,3,0.0412561,-TIA- 3,7,420,-56,-438
-4,2,0.0412851,-TIA- 3,7,420,-60,-440
-3,1,0.0413083,-TIA- 3,7,420,-63,-441
-4,2,0.0413373,-TIA- 3,7,420,-67,-443
-4,2,0.0413605,-TIA- 3,7,420,-71,-445
-4,2,0.0413722,-TIA- 3,7,420,-75,-447
-3,1,0.041407,-TIA- 3,7,420,-78,-448
-4,1,0.0414373,-TIA- 3,7,420,-82,-449
-4,1,0.041465,-TIA- 3,7,420,-86,-450
-4,1,0.0414883,-TIA- 3,7,420,-90,-451
-3,1,0.0414999,-TIA- 3,7,420,-93,-452
-4,1,0.0415173,-TIA- 3,7,420,-97,-453
-4,1,0.0415405,-TIA- 3,7,420,-101,-454
-3,1,0.0415811,-TIA- 3,7,420,-104,-455
-1,-1,0.0417263,-TIA- 3,7,420,-105,-454
1,-1,0.0417669,-TIA- 3,7,420,-104,-453
1,-1,0.0417959,-TIA- 3,7,420,-103,-452
1,-1,0.0418307,-TIA- 3,7,420,-102,-451
1,-2,0.0418656,-TIA- 3,7,420,-101,-449
1,-2,0.0418772,-TIA- 3,7,420,-100,-447
-1,-2,0.0419178,-TIA- 3,7,420,-101,-445
-1,-4,0.0419527,-TIA- 3,7,420,-102,-441
-3,-2,0.0419817,-TIA- 3,7,420,-105,-439
-2,-3,0.0420165,-TIA- 3,7,420,-107,-436
-2,-3,0.0420513,-TIA- 3,7,420,-109,-433
-1,-3,0.0420571,-TIA- 3,7,420,-110,-430
-1,-3,0.042092,-TIA- 3,7,420,-111,-427
-1,-2,0.0421094,-TIA- 3,7,420,-112,-425
-1,-3,0.0421268,-TIA- 3,7,420,-113,-422
1,-3,0.0421558,-TIA- 3,7,420,-112,-419
1,-3,0.042179,-TIA- 3,7,420,-111,-416
2,-3,0.0421965,-TIA- 3,7,420,-109,-413
2,-3,0.0422371,-TIA- 3,7,420,-107,-410
1,-2,0.0422545,-TIA- 3,7,420,-106,-408
2,-3,0.0422777,-TIA- 3,7,420,-104,-405
2,-3,0.0423126,-TIA- 3,7,420,-102,-402
2,-6,0.0423416,-TIA- 3,7,420,-100,-396
4,-2,0.0423706,-TIA- 3,7,420,-96,-394
1,-2,0.0424054,-TIA- 3,7,420,-95,-392
1,-2,0.0424287,-TIA- 3,7,420,-94,-390
1,-2,0.0424635,-TIA- 3,7,420,-93,-388
1,-1,0.0424867,-TIA- 3,7,420,-92,-387
1,-1,0.0424925,-TIA- 3,7,420,-91,-386
-1,-1,0.0502712,GO 4,3,369,-92,-385
-1,-1,0.0503002,GO 4,3,369,-93,-384
-1,-1,0.0503176,GO 4,3,369,-94,-383
-2,-1,0.0503409,GO 4,3,369,-96,-382
-1,-2,0.0503757,GO 4,3,369,-97,-380
-1,-2,0.0503873,GO 4,3,369,-98,-378
-1,-1,0.0504221,GO 4,3,369,-99,-377
-1,-1,0.050457,GO 4,3,369,-100,-376
-1,1,0.0510247,GO 4,3,369,-101,-377
-1,-1,0.0512348,GO 4,3,369,-102,-376
-1,-2,0.0512987,GO 4,3,369,-103,-374
-1,-2,0.0513277,GO 4,3,369,-104,-372
-2,-3,0.0513567,GO 4,3,369,-106,-369
-2,-3,0.0513625,GO 4,3,369,-108,-366
-2,-2,0.0513916,GO 4,3,369,-110,-364
-2,-3,0.0514206,GO 4,3,369,-112,-361
-2,-3,0.0514496,GO 4,3,369,-114,-358
-2,-3,0.0514844,GO 4,3,369,-116,-355
-1,-3,0.0515193,GO 4,3,369,-117,-352
-2,-2,0.0515309,GO 4,3,369,-119,-350
-2,-3,0.0515425,GO 4,3,369,-121,-347
-1,-3,0.0515657,GO 4,3,369,-122,-344
-1,-3,0.0516063,GO 4,3,369,-123,-341
-1,-3,0.0516238,GO 4,3,369,-124,-338
-1,-3,0.0516528,GO 4,3,369,-125,-335
-1,-2,0.0516702,GO 4,3,369,-126,-333
-1,-3,0.0516992,GO 4,3,369,-127,-330
-1,-3,0.0517231,GO 4,3,369,-128,-327
-1,-3,0.0517573,GO 4,3,369,-129,-324
-1,-3,0.0517892,GO 4,3,369,-130,-321
-1,-2,0.0518211,GO 4,3,369,-131,-319
-1,-3,0.0518269,GO 4,3,369,-132,-316
-1,-3,0.051856,GO 4,3,369,-133,-313
-1,-2,0.0518792,GO 4,3,369,-134,-311
-1,-2,0.0519082,GO 4,3,369,-135,-309
1,-2,0.051943,GO 4,3,369,-134,-307
1,-2,0.0519663,GO 4,3,369,-133,-305
1,-1,0.0519721,GO 4,3,369,-132,-304
1,-2,0.0520069,GO 4,3,369,-131,-302
1,-2,0.0520359,GO 4,3,369,-130,-300
2,-1,0.0520591,GO 4,3,369,-128,-299
2,-1,0.0520882,GO 4,3,369,-126,-298
2,-1,0.0521114,GO 4,3,369,-124,-297
2,-1,0.052123,GO 4,3,369,-122,-296
1,-1,0.0521578,GO 4,3,369,-121,-295
2,-1,0.0521902,GO 4,3,369,-119,-294
2,-1,0.0522217,GO 4,3,369,-117,-293
2,-1,0.0522275,GO 4,3,369,-115,-292
1,1,0.0523262,GO 4,3,369,-114,-293
1,-1,0.0622643,FRAY 5,327,190,-113,-292
2,-1,0.0622933,FRAY 5,327,190,-111,-291
1,-2,0.0623254,FRAY 5,327,190,-110,-289
2,-2,0.0623572,FRAY 5,327,190,-108,-287
2,-2,0.0623688,FRAY 5,327,190,-106,-285
2,-2,0.0623978,FRAY 5,327,190,-104,-283
2,-2,0.0624152,FRAY 5,327,190,-102,-281
2,-2,0.0624443,FRAY 5,327,190,-100,-279
2,-1,0.0624849,FRAY 5,327,190,-98,-278
2,-2,0.0625081,FRAY 5,327,190,-96,-276
1,-2,0.0625371,FRAY 5,327,190,-95,-274
3,-2,0.0625488,FRAY 5,327,190,-92,-272
3,-2,0.0625836,FRAY 5,327,190,-89,-270
3,-3,0.0626126,FRAY 5,327,190,-86,-267
3,-5,0.0626474,FRAY 5,327,190,-83,-262
5,-3,0.0626823,FRAY 5,327,190,-78,-259
3,-3,0.0627055,FRAY 5,327,190,-75,-256
3,-3,0.0627229,FRAY 5,327,190,-72,-253
3,-5,0.0627635,FRAY 5,327,190,-69,-248
5,-3,0.0627984,FRAY 5,327,190,-64,-245
3,-3,0.0628274,FRAY 5,327,190,-61,-242
3,-3,0.0628622,FRAY 5,327,190,-58,-239
3,-3,0.0628796,FRAY 5,327,190,-55,-236
3,-3,0.0629029,FRAY 5,327,190,-52,-233
2,-2,0.0629203,FRAY 5,327,190,-50,-231
3,-3,0.0629551,FRAY 5,327,190,-47,-228
3,-3,0.0629783,FRAY 5,327,190,-44,-225
3,-3,0.0630073,FRAY 5,327,190,-41,-222
3,-3,0.0630422,FRAY 5,327,190,-38,-219
2,-2,0.0630538,FRAY 5,327,190,-36,-217
3,-3,0.0630712,FRAY 5,327,190,-33,-214
3,-3,0.0630944,FRAY 5,327,190,-30,-211
3,-3,0.0631293,FRAY 5,327,190,-27,-208
3,-3,0.0631699,FRAY 5,327,190,-24,-205
3,-2,0.0631836,FRAY 5,327,190,-21,-203
2,-3,0.0632047,FRAY 5,327,190,-19,-200
3,-3,0.0632221,FRAY 5,327,190,-16,-197
3,-3,0.0632512,FRAY 5,327,190,-13,-194
3,-3,0.0632802,FRAY 5,327,190,-10,-191
3,-3,0.0633122,FRAY 5,327,190,-7,-188
2,-5,0.0633498,FRAY 5,327,190,-5,-183
6,-3,0.0633731,FRAY 5,327,190,1,-180
3,-3,0.0633905,FRAY 5,327,190,4,-177
3,-3,0.0634253,FRAY 5,327,190,7,-174
2,-2,0.0634543,FRAY 5,327,190,9,-172
3,-3,0.0634892,FRAY 5,327,190,12,-169
3,-3,0.063495,FRAY 5,327,190,15,-166
3,-3,0.0635124,FRAY 5,327,190,18,-163
3,-3,0.0635356,FRAY 5,327,190,21,-160
3,-2,0.0635646,FRAY 5,327,190,24,-158
2,-3,0.0635995,FRAY 5,327,190,26,-155
3,-3,0.0636285,FRAY 5,327,190,29,-152
3,-3,0.0636401,FRAY 5,327,190,32,-149
3,-3,0.0636633,FRAY 5,327,190,35,-146
3,-3,0.0636923,FRAY 5,327,190,38,-143
2,-2,0.0637156,FRAY 5,327,190,40,-141
3,-3,0.0637388,FRAY 5,327,190,43,-138
3,-3,0.0637736,FRAY 5,327,190,46,-135
3,-3,0.0637794,FRAY 5,327,190,49,-132
3,-3,0.0638026,FRAY 5,327,190,52,-129
2,-2,0.0638375,FRAY 5,327,190,54,-127
3,-3,0.0638607,FRAY 5,327,190,57,-124
3,-3,0.0638897,FRAY 5,327,190,60,-121
3,-3,0.0639187,FRAY 5,327,190,63,-118
3,-3,0.0639245,FRAY 5,327,190,66,-115
3,-2,0.0639478,FRAY 5,327,190,69,-113
2,-3,0.0639826,FRAY 5,327,190,71,-110
3,-3,0.0640116,FRAY 5,327,190,74,-107
3,-3,0.0640348,FRAY 5,327,190,77,-104
3,-3,0.0640697,FRAY 5,327,190,80,-101
3,-2,0.0640755,FRAY 5,327,190,83,-99
2,-1,0.0640987,FRAY 5,327,190,85,-98
3,-1,0.0641219,FRAY 5,327,190,88,-97
3,-1,0.0641625,FRAY 5,327,190,91,-96
3,1,0.0641974,FRAY 5,327,190,94,-97
5,1,0.0642322,FRAY 5,327,190,99,-98
3,1,0.0642554,FRAY 5,327,190,102,-99
3,2,0.0642786,FRAY 5,327,190,105,-101
3,2,0.0643077,FRAY 5,327,190,108,-103
3,2,0.0643425,FRAY 5,327,190,111,-105
2,2,0.0643483,FRAY 5,327,190,113,-107
3,2,0.0643831,FRAY 5,327,190,116,-109
3,1,0.0644122,FRAY 5,327,190,119,-110
3,-1,0.0644934,FRAY 5,327,190,122,-109
2,-1,0.0644992,FRAY 5,327,190,124,-108
3,-1,0.0645283,FRAY 5,327,190,127,-107
2,-1,0.0645689,FRAY 5,327,190,129,-106
2,-1,0.0645921,FRAY 5,327,190,131,-105
2,-1,0.0646153,FRAY 5,327,190,133,-104
3,-1,0.0646444,FRAY 5,327,190,136,-103
2,-1,0.064656,FRAY 5,327,190,138,-102
3,-1,0.0646792,FRAY 5,327,190,141,-101
3,-1,0.0647198,FRAY 5,327,190,144,-100
3,-1,0.0647314,FRAY 5,327,190,147,-99
3,-1,0.0647663,FRAY 5,327,190,150,-98
3,-1,0.0648069,FRAY 5,327,190,153,-97
3,-1,0.0648301,FRAY 5,327,190,156,-96
3,-1,0.0648636,FRAY 5,327,190,159,-95
3,-1,0.064894,FRAY 5,327,190,162,-94
3,-1,0.0649114,FRAY 5,327,190,165,-93
2,-1,0.064949,FRAY 5,327,190,167,-92
3,-1,0.0649578,FRAY 5,327,190,170,-91
3,-1,0.064981,FRAY 5,327,190,173,-90
3,-1,0.0650159,FRAY 5,327,190,176,-89
3,-1,0.0650391,FRAY 5,327,190,179,-88
3,-1,0.0655906,FRAY 5,327,190,182,-87
3,-1,0.0656196,FRAY 5,327,190,185,-86
3,-1,0.0656544,FRAY 5,327,190,188,-85
3,-1,0.0656834,FRAY 5,327,190,191,-84
2,-1,0.0656951,FRAY 5,327,190,193,-83
3,-1,0.0657473,FRAY 5,327,190,196,-82
3,-1,0.0657705,FRAY 5,327,190,199,-81
3,-1,0.0658054,FRAY 5,327,190,202,-80
3,-2,0.0658344,FRAY 5,327,190,205,-78
2,-2,0.0658518,FRAY 5,327,190,207,-76
3,-2,0.0658692,FRAY 5,327,190,210,-74
3,-2,0.0659098,FRAY 5,327,190,213,-72
3,-2,0.0659256,FRAY 5,327,190,216,-70
3,-2,0.0659563,FRAY 5,327,190,219,-68
2,-1,0.0659621,FRAY 5,327,190,221,-67
3,-2,0.0660027,FRAY 5,327,190,224,-65
3,-2,0.0660201,FRAY 5,327,190,227,-63
3,-2,0.066055,FRAY 5,327,190,230,-61
3,-2,0.0660666,FRAY 5,327,190,233,-59
2,-1,0.0660956,FRAY 5,327,190,235,-58
3,-1,0.0661188,FRAY 5,327,190,238,-57
3,-1,0.0661478,FRAY 5,327,190,241,-56
3,-1,0.0661711,FRAY 5,327,190,244,-55
3,-2,0.0662059,FRAY 5,327,190,247,-53
3,-1,0.0662349,FRAY 5,327,190,250,-52
2,-2,0.0662523,FRAY 5,327,190,252,-50
3,-2,0.0662756,FRAY 5,327,190,255,-48
3,-2,0.066293,FRAY 5,327,190,258,-46
3,-2,0.066322,FRAY 5,327,190,261,-44
3,-3,0.0663568,FRAY 5,327,190,264,-41
2,-3,0.0663859,FRAY 5,327,190,266,-38
3,-2,0.0663975,FRAY 5,327,190,269,-36
3,-3,0.0664207,FRAY 5,327,190,272,-33
3,-3,0.0664497,FRAY 5,327,190,275,-30
3,-3,0.0664787,FRAY 5,327,190,278,-27
2,-2,0.0665078,FRAY 5,327,190,280,-25
3,-2,0.0665426,FRAY 5,327,190,283,-23
3,-1,0.0665542,FRAY 5,327,190,286,-22
3,-2,0.0665716,FRAY 5,327,190,289,-20
3,-2,0.0666064,FRAY 5,327,190,292,-18
2,-2,0.0666355,FRAY 5,327,190,294,-16
3,-2,0.0666688,FRAY 5,327,190,297,-14
3,-1,0.0666819,FRAY 5,327,190,300,-13
3,-1,0.0666993,FRAY 5,327,190,303,-12
3,-1,0.0667225,FRAY 5,327,190,306,-11
3,-1,0.0667574,FRAY 5,327,190,309,-10
2,-1,0.0667864,FRAY 5,327,190,311,-9
3,-1,0.0668096,FRAY 5,327,190,314,-8
3,-1,0.0668502,FRAY 5,327,190,317,-7
3,-1,0.0668735,FRAY 5,327,190,320,-6
2,-1,0.0669025,SAN- 6,151,447,322,-5
3,-1,0.0669373,SAN- 6,151,447,325,-4
3,-1,0.0669663,SAN- 6,151,447,328,-3
3,-1,0.0669896,SAN- 6,151,447,331,-2
3,-1,0.0669954,SAN- 6,151,447,334,-1
2,-1,0.0670302,SAN- 6,151,447,336,0
3,-1,0.0670534,SAN- 6,151,447,339,1
3,-1,0.0670824,SAN- 6,151,447,342,2
3,-1,0.0670941,SAN- 6,151,447,345,3
3,-2,0.0671463,SAN- 6,151,447,348,5
2,1,0.0673263,SAN- 6,151,447,350,4
2,1,0.0673611,SAN- 6,151,447,352,3
1,1,0.0680809,SAN- 6,151,447,353,2
1,2,0.0681099,SAN- 6,151,447,354,0
1,2,0.0681448,SAN- 6,151,447,355,-2
-1,2,0.0681506,SAN- 6,151,447,354,-4
-1,3,0.0681787,SAN- 6,151,447,353,-7
-2,3,0.0682086,SAN- 6,151,447,351,-10
-2,3,0.068226,SAN- 6,151,447,349,-13
-2,4,0.0682667,SAN- 6,151,447,347,-17
-3,7,0.0682957,SAN- 6,151,447,344,-24
-5,4,0.0683297,SAN- 6,151,447,339,-28
-3,4,0.0683595,SAN- 6,151,447,336,-32
-3,3,0.068377,SAN- 6,151,447,333,-35
-4,4,0.068406,SAN- 6,151,447,329,-39
-4,4,0.0684234,SAN- 6,151,447,325,-43
-3,4,0.0684466,SAN- 6,151,447,322,-47
-4,3,0.0684698,SAN- 6,151,447,318,-50
-4,4,0.0685047,SAN- 6,151,447,314,-54
-4,4,0.0685337,SAN- 6,151,447,310,-58
-3,4,0.0685539,SAN- 6,151,447,307,-62
-4,3,0.0685685,SAN- 6,151,447,303,-65
-4,4,0.0685976,SAN- 6,151,447,299,-69
-3,4,0.068615,SAN- 6,151,447,296,-73
-4,4,0.0686556,SAN- 6,151,447,292,-77
-4,3,0.0686846,SAN- 6,151,447,288,-80
-4,4,0.0687137,SAN- 6,151,447,284,-84
-3,4,0.0687195,SAN- 6,151,447,281,-88
-4,4,0.0687498,SAN- 6,151,447,277,-92
-4,3,0.0687833,SAN- 6,151,447,273,-95
-4,4,0.0688007,SAN- 6,151,447,269,-99
-3,4,0.0688356,SAN- 6,151,447,266,-103
-4,4,0.0688414,SAN- 6,151,447,262,-107
-4,3,0.0688646,SAN- 6,151,447,258,-110
-4,4,0.0688994,SAN- 6,151,447,254,-114
-3,4,0.0689284,SAN- 6,151,447,251,-118
-4,4,0.0689633,SAN- 6,151,447,247,-122
-4,3,0.0689865,SAN- 6,151,447,243,-125
-4,4,0.0689923,SAN- 6,151,447,239,-129
-3,4,0.0690155,SAN- 6,151,447,236,-133
-4,4,0.0690503,SAN- 6,151,447,232,-137
-4,3,0.0690794,SAN- 6,151,447,228,-140
-4,4,0.0691142,SAN- 6,151,447,224,-144
-3,4,0.0691374,SAN- 6,151,447,221,-148
-4,4,0.0691548,SAN- 6,151,447,217,-152
-4,3,0.0691696,SAN- 6,151,447,213,-155
-4,4,0.0692013,SAN- 6,151,447,209,-159
-3,4,0.0692245,SAN- 6,151,447,206,-163
-4,4,0.0692593,SAN- 6,151,447,202,-167
-4,3,0.0692651,SAN- 6,151,447,198,-170
-4,4,0.0693,SAN- 6,151,447,194,-174
-3,4,0.069329,SAN- 6,151,447,191,-178
-4,4,0.0693464,SAN- 6,151,447,187,-182
-4,3,0.0693754,SAN- 6,151,447,183,-185
-4,4,0.0694102,SAN- 6,151,447,179,-189
-3,4,0.0694219,SAN- 6,151,447,176,-193
-4,4,0.0694567,SAN- 6,151,447,172,-197
-4,3,0.0694799,SAN- 6,151,447,168,-200
-4,4,0.0694973,SAN- 6,151,447,164,-204
-3,4,0.0695279,SAN- 6,151,447,161,-208
-4,4,0.0695612,SAN- 6,151,447,157,-212
-4,3,0.0695728,SAN- 6,151,447,153,-215
-4,4,0.069596,SAN- 6,151,447,149,-219
-3,4,0.069625,SAN- 6,151,447,146,-223
-4,4,0.0696599,SAN- 6,151,447,142,-227
-4,3,0.0696831,SAN- 6,151,447,138,-230
-4,4,0.0697121,SAN- 6,151,447,134,-234
-3,4,0.0697237,SAN- 6,151,447,131,-238
-4,4,0.0697469,SAN- 6,151,447,127,-242
-4,3,0.069776,SAN- 6,151,447,123,-245
-4,4,0.0698108,SAN- 6,151,447,119,-249
-3,4,0.0698398,SAN- 6,151,447,116,-253
-4,4,0.0698572,SAN- 6,151,447,112,-257
-4,3,0.0698746,SAN- 6,151,447,108,-260
-3,4,0.0698979,SAN- 6,151,447,105,-264
-3,4,0.0699269,SAN- 6,151,447,102,-268
-2,4,0.0699617,SAN- 6,151,447,100,-272
-3,3,0.0699907,SAN- 6,151,447,97,-275
-3,4,0.0700182,SAN- 6,151,447,94,-279
-2,4,0.0700256,SAN- 6,151,447,92,-283
-2,4,0.0700488,SAN- 6,151,447,90,-287
-2,3,0.0700822,SAN- 6,151,447,88,-290
-1,4,0.0701127,SAN- 6,151,447,87,-294
-1,4,0.0701475,SAN- 6,151,447,86,-298
-1,7,0.0701765,SAN- 6,151,447,85,-305
-1,4,0.0702113,SAN- 6,151,447,84,-309
1,3,0.0702288,SAN- 6,151,447,85,-312
1,3,0.0702578,SAN- 6,151,447,86,-315
1,3,0.0702926,SAN- 6,151,447,87,-318
1,3,0.0703216,SAN- 6,151,447,88,-321
1,1,0.0703565,SAN- 6,151,447,89,-322
1,1,0.0703681,SAN- 6,151,447,90,-323
1,2,0.0704029,SAN- 6,151,447,91,-325
1,1,0.0704319,SAN- 6,151,447,92,-326
1,4,0.0704726,SAN- 6,151,447,93,-330
2,2,0.0705074,SAN- 6,151,447,95,-332
2,2,0.0705248,SAN- 6,151,447,97,-334
2,2,0.0705538,SAN- 6,151,447,99,-336
2,2,0.0705945,SAN- 6,151,447,101,-338
1,2,0.0706177,SAN- 6,151,447,102,-340
2,1,0.0706293,SAN- 6,151,447,104,-341
2,2,0.0706583,SAN- 6,151,447,106,-343
2,2,0.0706932,SAN- 6,151,447,108,-345
2,4,0.0707222,SAN- 6,151,447,110,-349
4,2,0.070757,SAN- 6,151,447,114,-351
2,2,0.0707802,SAN- 6,151,447,116,-353
1,2,0.0708034,SAN- 6,151,447,117,-355
1,1,0.0708267,SAN- 6,151,447,118,-356
1,2,0.0708615,SAN- 6,151,447,119,-358
2,1,0.0708673,SAN- 6,151,447,121,-359
2,1,0.0709021,SAN- 6,151,447,123,-360
2,1,0.0709254,SAN- 6,151,447,125,-361
1,1,0.0789711,-TIA- 7,347,388,126,-362
-1,-1,0.0790872,-TIA- 7,347,388,125,-361
-2,-1,0.079122,-TIA- 7,347,388,123,-360
-1,-4,0.079151,-TIA- 7,347,388,122,-356
-4,-2,0.0791859,-TIA- 7,347,388,118,-354
-2,-2,0.0792323,-TIA- 7,347,388,116,-352
-2,-2,0.0792439,-TIA- 7,347,388,114,-350
-1,-2,0.0792729,-TIA- 7,347,388,113,-348
-1,-3,0.0792787,-TIA- 7,347,388,112,-345
-1,-3,0.079302,-TIA- 7,347,388,111,-342
1,-3,0.0793368,-TIA- 7,347,388,112,-339
1,-3,0.0793716,-TIA- 7,347,388,113,-336
2,-2,0.0793948,-TIA- 7,347,388,115,-334
2,-3,0.0794239,-TIA- 7,347,388,117,-331
2,-3,0.0794355,-TIA- 7,347,388,119,-328
2,-3,0.0794587,-TIA- 7,347,388,121,-325
1,-3,0.0794877,-TIA- 7,347,388,122,-322
2,-3,0.0795225,-TIA- 7,347,388,124,-319
2,-2,0.0795458,-TIA- 7,347,388,126,-317
2,-3,0.0795748,-TIA- 7,347,388,128,-314
2,-3,0.0795864,-TIA- 7,347,388,130,-311
3,-3,0.0796096,-TIA- 7,347,388,133,-308
3,-3,0.0796386,-TIA- 7,347,388,136,-305
2,-2,0.0796735,-TIA- 7,347,388,138,-303
3,-3,0.0797025,-TIA- 7,347,388,141,-300
3,-3,0.0797199,-TIA- 7,347,388,144,-297
3,-3,0.0797373,-TIA- 7,347,388,147,-294
3,-3,0.0797663,-TIA- 7,347,388,150,-291
2,-2,0.0797838,-TIA- 7,347,388,152,-289
3,-3,0.0798186,-TIA- 7,347,388,155,-286
3,-3,0.0798476,-TIA- 7,347,388,158,-283
3,-3,0.0798824,-TIA- 7,347,388,161,-280
3,-2,0.0798883,-TIA- 7,347,388,164,-278
2,-2,0.0799231,-TIA- 7,347,388,166,-276
3,-2,0.0799347,-TIA- 7,347,388,169,-274
3,-1,0.0799695,-TIA- 7,347,388,172,-273
3,-2,0.0799985,-TIA- 7,347,388,175,-271
3,-4,0.0800392,-TIA- 7,347,388,178,-267
5,-2,0.0800624,-TIA- 7,347,388,183,-265
3,-2,0.0800972,-TIA- 7,347,388,186,-263
3,-2,0.0801205,-TIA- 7,347,388,189,-261
3,-2,0.0801379,-TIA- 7,347,388,192,-259
3,-1,0.0801611,-TIA- 7,347,388,195,-258
2,-2,0.0801959,-TIA- 7,347,388,197,-256
3,-2,0.0802249,-TIA- 7,347,388,200,-254
3,-2,0.0802482,-TIA- 7,347,388,203,-252
3,-4,0.080283,-TIA- 7,347,388,206,-248
5,-2,0.080312,-TIA- 7,347,388,211,-246
3,-2,0.0803352,-TIA- 7,347,388,214,-244
3,-1,0.0803933,-TIA- 7,347,388,217,-243
3,-2,0.0804339,-TIA- 7,347,388,220,-241
5,-1,0.0804571,-TIA- 7,347,388,225,-240
3,-1,0.0804867,-TIA- 7,347,388,228,-239
3,1,0.0812176,-TIA- 7,347,388,231,-240
2,1,0.0812408,-TIA- 7,347,388,233,-241
3,2,0.0812698,-TIA- 7,347,388,236,-243
3,1,0.0813105,-TIA- 7,347,388,239,-244
3,6,0.0813453,-TIA- 7,347,388,242,-250
6,3,0.0813801,-TIA- 7,347,388,248,-253
2,4,0.0814034,-TIA- 7,347,388,250,-257
3,3,0.0814324,-TIA- 7,347,388,253,-260
3,4,0.0814672,-TIA- 7,347,388,256,-264
3,8,0.0814962,-TIA- 7,347,388,259,-272
5,3,0.0815311,-TIA- 7,347,388,264,-275
3,4,0.0815543,-TIA- 7,347,388,267,-279
3,4,0.0815775,-TIA- 7,347,388,270,-283
3,4,0.0816007,-TIA- 7,347,388,273,-287
3,3,0.0816414,-TIA- 7,347,388,276,-290
2,3,0.0816472,-TIA- 7,347,388,278,-293
3,3,0.0816724,-TIA- 7,347,388,281,-296
3,2,0.0817168,-TIA- 7,347,388,284,-298
3,2,0.0817366,-TIA- 7,347,388,287,-300
3,1,0.0817459,-TIA- 7,347,388,290,-301
3,-1,0.0818561,-TIA- 7,347,388,293,-300
3,-2,0.0818968,-TIA- 7,347,388,296,-298
5,-1,0.0819316,-TIA- 7,347,388,301,-297
3,-1,0.0819548,-TIA- 7,347,388,304,-296
3,-1,0.081978,-TIA- 7,347,388,307,-295
3,-2,0.0820087,-TIA- 7,347,388,310,-293
3,-2,0.0820419,-TIA- 7,347,388,313,-291
2,-2,0.0820477,-TIA- 7,347,388,315,-289
3,-1,0.0820825,-TIA- 7,347,388,318,-288
3,-2,0.0821,-TIA- 7,347,388,321,-286
3,-3,0.0821348,-TIA- 7,347,388,324,-283
3,-3,0.082158,-TIA- 7,347,388,327,-280
2,-3,0.0821928,-TIA- 7,347,388,329,-277
3,-3,0.0821986,-TIA- 7,347,388,332,-274
3,-2,0.082224,-TIA- 7,347,388,335,-272
2,-3,0.0822567,-TIA- 7,347,388,337,-269
2,-3,0.0822897,-TIA- 7,347,388,339,-266
2,-3,0.0823147,-TIA- 7,347,388,341,-263
3,-3,0.0823438,-TIA- 7,347,388,344,-260
2,-2,0.0823496,-TIA- 7,347,388,346,-258
3,-3,0.0823684,-TIA- 7,347,388,349,-255
3,-2,0.0824018,-TIA- 7,347,388,352,-253
3,-2,0.0824424,-TIA- 7,347,388,355,-251
3,-1,0.0824599,-TIA- 7,347,388,358,-250
2,-1,0.0824889,-TIA- 7,347,388,360,-249
1,-2,0.0885551,GO 8,373,450,361,-247
-1,-2,0.0885957,GO 8,373,450,360,-245
-1,-1,0.0886073,GO 8,373,450,359,-244
-2,-3,0.0886364,GO 8,373,450,357,-241
-2,-3,0.0886712,GO 8,373,450,355,-238
-1,-3,0.088706,GO 8,373,450,354,-235
-2,-3,0.0887247,GO 8,373,450,352,-232
-2,-2,0.0887351,GO 8,373,450,350,-230
-1,-2,0.0887583,GO 8,373,450,349,-228
-1,-2,0.0887815,GO 8,373,450,348,-226
-1,-2,0.0888214,GO 8,373,450,347,-224
-1,-1,0.0888395,GO 8,373,450,346,-223
-1,-1,0.0888628,GO 8,373,450,345,-222
-1,1,0.0890776,GO 8,373,450,344,-223
-1,1,0.0891414,GO 8,373,450,343,-224
1,2,0.0891588,GO 8,373,450,344,-226
2,2,0.089182,GO 8,373,450,346,-228
1,3,0.0892053,GO 8,373,450,347,-231
3,2,0.0892285,GO 8,373,450,350,-233
3,3,0.0892633,GO 8,373,450,353,-236
3,3,0.0892923,GO 8,373,450,356,-239
3,3,0.0893039,GO 8,373,450,359,-242
3,3,0.0893388,GO 8,373,450,362,-245
2,2,0.0893576,GO 8,373,450,364,-247
3,4,0.089391,GO 8,373,450,367,-251
3,4,0.0894142,GO 8,373,450,370,-255
3,4,0.0894491,GO 8,373,450,373,-259
3,3,0.0894549,GO 8,373,450,376,-262
2,4,0.0894723,GO 8,373,450,378,-266
3,4,0.0895013,GO 8,373,450,381,-270
2,4,0.0895347,GO 8,373,450,383,-274
1,3,0.0895652,GO 8,373,450,384,-277
1,4,0.0895884,GO 8,373,450,385,-281
-1,4,0.0896004,GO 8,373,450,384,-285
-2,4,0.0896116,GO 8,373,450,382,-289
-2,3,0.0896464,GO 8,373,450,380,-292
-2,4,0.0896755,GO 8,373,450,378,-296
-3,4,0.0897103,GO 8,373,450,375,-300
-3,7,0.0897393,GO 8,373,450,372,-307
-5,4,0.0897741,GO 8,373,450,367,-311
-2,4,0.0897974,GO 8,373,450,365,-315
-1,4,0.0898206,GO 8,373,450,364,-319
-1,2,0.0898612,GO 8,373,450,363,-321
1,6,0.0898939,GO 8,373,450,364,-327
3,2,0.0899251,GO 8,373,450,367,-329
2,2,0.0899425,GO 8,373,450,369,-331
2,2,0.0899715,GO 8,373,450,371,-333
2,2,0.0900063,GO 8,373,450,373,-335
1,1,0.0900238,GO 8,373,450,374,-336
1,1,0.090047,GO 8,373,450,375,-337
1,1,0.090076,GO 8,373,450,376,-338
1,1,0.0901108,GO 8,373,450,377,-339
