deltaX,deltaY,WHEN,SYLLABLE,XofButton,YofButton,XofTrace,YofTrace
-1,-2,0.0147156,Yield,0,0,-1,2
-3,-5,0.0147447,Yield,0,0,-4,7
-7,-3,0.0147795,Yield,0,0,-11,10
-4,-3,0.0148143,Yield,0,0,-15,13
-3,-3,0.0148492,Yield,0,0,-18,16
-7,-1,0.014884,Yield,0,0,-25,17
-3,-1,0.014913,Yield,0,0,-28,18
-1,1,0.0162017,Yield,0,0,-29,17
-2,1,0.0162249,Yield,0,0,-31,16
-3,2,0.0162598,Yield,0,0,-34,14
-3,1,0.0162946,Yield,0,0,-37,13
-4,3,0.0163004,Yield,0,0,-41,10
-3,3,0.0163236,Yield,0,0,-44,7
-4,4,0.0163643,Yield,0,0,-48,3
-4,4,0.0163933,Yield,0,0,-52,-1
-4,3,0.0164165,Yield,0,0,-56,-4
-3,4,0.0164455,Yield,0,0,-59,-8
-4,4,0.0164571,Yield,0,0,-63,-12
-4,4,0.0164804,Yield,0,0,-67,-16
-4,3,0.0165094,Yield,0,0,-71,-19
-3,4,0.0165442,Yield,0,0,-74,-23
-4,4,0.01655,Yield,0,0,-78,-27
-4,4,0.0165849,Yield,0,0,-82,-31
-4,3,0.0166081,Yield,0,0,-86,-34
-3,4,0.0166279,Yield,0,0,-89,-38
-4,4,0.0166603,Yield,0,0,-93,-42
-4,4,0.0166951,Yield,0,0,-97,-46
-4,3,0.016701,Yield,0,0,-101,-49
-3,4,0.0167184,Yield,0,0,-104,-53
-4,3,0.0167532,Yield,0,0,-108,-56
-4,3,0.0167822,Yield,0,0,-112,-59
-4,3,0.0167938,Yield,0,0,-116,-62
-2,2,0.0168345,Yield,0,0,-118,-64
-3,2,0.0168461,Yield,0,0,-121,-66
-3,2,0.0168693,Yield,0,0,-124,-68
-2,2,0.0169015,Yield,0,0,-126,-70
-2,2,0.0169332,Yield,0,0,-128,-72
-2,2,0.0169738,Yield,0,0,-130,-74
-3,1,0.016997,Yield,0,0,-133,-75
-3,1,0.0170202,Yield,0,0,-136,-76
-3,-1,0.0171247,Yield,0,0,-139,-75
-4,-1,0.0171479,Yield,0,0,-143,-74
-4,-1,0.0171794,Yield,0,0,-147,-73
-3,-2,0.0172234,Yield,0,0,-150,-71
-2,-2,0.0172292,Yield,0,0,-152,-69
-2,-2,0.0172419,Yield,0,0,-154,-67
-2,-3,0.0172698,Yield,0,0,-156,-64
1,-2,0.0172931,Yield,0,0,-155,-62
1,-3,0.0173337,Yield,0,0,-154,-59
2,-3,0.0173569,Yield,0,0,-152,-56
3,-3,0.0173627,Yield,0,0,-149,-53
3,-3,0.0173859,Yield,0,0,-146,-50
3,-3,0.0174092,Yield,0,0,-143,-47
3,-2,0.0174382,Yield,0,0,-140,-45
2,-3,0.0174672,Yield,0,0,-138,-42
3,-2,0.017502,Yield,0,0,-135,-40
3,-2,0.0175078,Yield,0,0,-132,-38
3,-2,0.0175427,Yield,0,0,-129,-36
3,-1,0.0175659,Yield,0,0,-126,-35
2,-1,0.0176123,Yield,0,0,-124,-34
3,-1,0.0176181,Yield,0,0,-121,-33
3,-1,0.0176414,Yield,0,0,-118,-32
2,-1,0.0176847,Yield,0,0,-116,-31
2,-1,0.0177168,Yield,0,0,-114,-30
1,-1,0.0177517,Yield,0,0,-113,-29
2,-2,0.0177923,Yield,0,0,-111,-27
2,-1,0.0178213,Yield,0,0,-109,-26
1,-1,0.017862,Yield,0,0,-108,-25
1,-1,0.0178678,Yield,0,0,-107,-24
2,-1,0.0179026,Yield,0,0,-105,-23
2,-1,0.0179432,Yield,0,0,-103,-22
2,-1,0.0179664,Yield,0,0,-101,-21
3,-1,0.0179955,Yield,0,0,-98,-20
3,1,0.0180419,Yield,0,0,-95,-21
2,1,0.0180709,Yield,0,0,-93,-22
2,1,0.0180941,Yield,0,0,-91,-23
2,2,0.0181174,Yield,0,0,-89,-25
1,1,0.0181638,Yield,0,0,-88,-26
1,1,0.0181986,Yield,0,0,-87,-27
1,-1,0.0232722,FRAY 1,87,416,-86,-26
1,-1,0.0233302,FRAY 1,87,416,-85,-25
1,-1,0.0233535,FRAY 1,87,416,-84,-24
1,-3,0.0233999,FRAY 1,87,416,-83,-21
2,-1,0.0234347,FRAY 1,87,416,-81,-20
1,2,0.0235276,FRAY 1,87,416,-80,-22
3,2,0.0235683,FRAY 1,87,416,-77,-24
1,4,0.0235915,FRAY 1,87,416,-76,-28
1,3,0.0236205,FRAY 1,87,416,-75,-31
1,4,0.0236437,FRAY 1,87,416,-74,-35
-1,4,0.0236611,FRAY 1,87,416,-75,-39
-1,3,0.0236844,FRAY 1,87,416,-76,-42
-1,4,0.0237076,FRAY 1,87,416,-77,-46
-1,4,0.0237366,FRAY 1,87,416,-78,-50
-1,4,0.023754,FRAY 1,87,416,-79,-54
-1,3,0.023783,FRAY 1,87,416,-80,-57
-1,4,0.0238129,FRAY 1,87,416,-81,-61
-1,4,0.0238411,FRAY 1,87,416,-82,-65
1,4,0.0238585,FRAY 1,87,416,-81,-69
2,3,0.0238817,FRAY 1,87,416,-79,-72
2,4,0.0238991,FRAY 1,87,416,-77,-76
2,4,0.0239224,FRAY 1,87,416,-75,-80
3,4,0.0239514,FRAY 1,87,416,-72,-84
3,3,0.0239746,FRAY 1,87,416,-69,-87
2,4,0.024021,FRAY 1,87,416,-67,-91
3,4,0.0240441,FRAY 1,87,416,-64,-95
3,4,0.0240501,FRAY 1,87,416,-61,-99
3,3,0.0240733,FRAY 1,87,416,-58,-102
3,4,0.0241065,FRAY 1,87,416,-55,-106
2,4,0.0241429,FRAY 1,87,416,-53,-110
3,4,0.024172,FRAY 1,87,416,-50,-114
3,3,0.0241952,FRAY 1,87,416,-47,-117
3,4,0.024201,FRAY 1,87,416,-44,-121
3,4,0.0242242,FRAY 1,87,416,-41,-125
3,4,0.0242474,FRAY 1,87,416,-38,-129
2,3,0.0242823,FRAY 1,87,416,-36,-132
3,4,0.0243113,FRAY 1,87,416,-33,-136
2,8,0.0243577,FRAY 1,87,416,-31,-144
3,3,0.0243751,FRAY 1,87,416,-28,-147
1,4,0.0244042,FRAY 1,87,416,-27,-151
1,4,0.0244332,FRAY 1,87,416,-26,-155
-1,4,0.024468,FRAY 1,87,416,-27,-159
-1,3,0.0244796,FRAY 1,87,416,-28,-162
-2,4,0.0245087,FRAY 1,87,416,-30,-166
-2,4,0.0245261,FRAY 1,87,416,-32,-170
-2,4,0.0245609,FRAY 1,87,416,-34,-174
-2,3,0.0246015,FRAY 1,87,416,-36,-177
-1,4,0.024619,FRAY 1,87,416,-37,-181
-2,4,0.0246306,FRAY 1,87,416,-39,-185
-1,3,0.0246538,FRAY 1,87,416,-40,-188
-1,2,0.0246828,FRAY 1,87,416,-41,-190
-1,2,0.0247118,FRAY 1,87,416,-42,-192
-1,2,0.0247467,FRAY 1,87,416,-43,-194
-1,1,0.0247699,FRAY 1,87,416,-44,-195
-1,-1,0.0248337,FRAY 1,87,416,-45,-194
1,-1,0.024886,FRAY 1,87,416,-44,-193
2,-1,0.0248976,FRAY 1,87,416,-42,-192
2,1,0.0249731,FRAY 1,87,416,-40,-193
3,1,0.0250021,FRAY 1,87,416,-37,-194
2,2,0.0250348,FRAY 1,87,416,-35,-196
3,2,0.0250427,FRAY 1,87,416,-32,-198
3,2,0.0250744,FRAY 1,87,416,-29,-200
3,3,0.0251008,FRAY 1,87,416,-26,-203
3,3,0.025124,FRAY 1,87,416,-23,-206
2,4,0.025153,FRAY 1,87,416,-21,-210
3,4,0.0251646,FRAY 1,87,416,-18,-214
3,3,0.0251878,FRAY 1,87,416,-15,-217
3,4,0.0252111,FRAY 1,87,416,-12,-221
3,4,0.0252401,FRAY 1,87,416,-9,-225
2,4,0.0252749,FRAY 1,87,416,-7,-229
3,3,0.0252981,FRAY 1,87,416,-4,-232
3,4,0.0253156,FRAY 1,87,416,-1,-236
3,4,0.0253388,FRAY 1,87,416,2,-240
3,4,0.025362,FRAY 1,87,416,5,-244
3,3,0.0253853,FRAY 1,87,416,8,-247
2,4,0.02542,FRAY 1,87,416,10,-251
3,4,0.0254491,FRAY 1,87,416,13,-255
3,4,0.0254607,FRAY 1,87,416,16,-259
3,3,0.0254839,FRAY 1,87,416,19,-262
3,4,0.0255071,FRAY 1,87,416,22,-266
2,4,0.0255361,FRAY 1,87,416,24,-270
3,4,0.025571,FRAY 1,87,416,27,-274
3,3,0.0256,FRAY 1,87,416,30,-277
3,4,0.0256116,FRAY 1,87,416,33,-281
3,4,0.0256348,FRAY 1,87,416,36,-285
2,4,0.025658,FRAY 1,87,416,38,-289
3,3,0.0256813,FRAY 1,87,416,41,-292
2,4,0.0257161,FRAY 1,87,416,43,-296
2,4,0.0257451,FRAY 1,87,416,45,-300
1,4,0.0257625,FRAY 1,87,416,46,-304
1,3,0.0257858,FRAY 1,87,416,47,-307
1,4,0.025809,FRAY 1,87,416,48,-311
1,4,0.0258438,FRAY 1,87,416,49,-315
1,4,0.025867,FRAY 1,87,416,50,-319
1,3,0.0258961,FRAY 1,87,416,51,-322
2,4,0.0259135,FRAY 1,87,416,53,-326
1,4,0.0259367,FRAY 1,87,416,54,-330
2,4,0.0259715,FRAY 1,87,416,56,-334
3,3,0.0259889,FRAY 1,87,416,59,-337
3,4,0.0260005,FRAY 1,87,416,62,-341
3,4,0.026047,FRAY 1,87,416,65,-345
3,4,0.0260586,FRAY 1,87,416,68,-349
2,3,0.0260818,FRAY 1,87,416,70,-352
3,4,0.026105,FRAY 1,87,416,73,-356
3,4,0.0261399,FRAY 1,87,416,76,-360
3,4,0.0261515,FRAY 1,87,416,79,-364
3,3,0.0261921,FRAY 1,87,416,82,-367
1,4,0.0262095,FRAY 1,87,416,83,-371
1,4,0.0262327,FRAY 1,87,416,84,-375
1,4,0.026256,FRAY 1,87,416,85,-379
-1,3,0.0262908,FRAY 1,87,416,84,-382
-1,4,0.0263024,FRAY 1,87,416,83,-386
-3,4,0.0263314,FRAY 1,87,416,80,-390
-3,4,0.0263605,FRAY 1,87,416,77,-394
-4,3,0.0263837,FRAY 1,87,416,73,-397
-4,4,0.0264069,FRAY 1,87,416,69,-401
-3,4,0.0264475,FRAY 1,87,416,66,-405
-4,4,0.0264591,FRAY 1,87,416,62,-409
-4,3,0.0264824,FRAY 1,87,416,58,-412
-4,4,0.0265114,FRAY 1,87,416,54,-416
-3,4,0.0265346,FRAY 1,87,416,51,-420
-4,4,0.0265615,FRAY 1,87,416,47,-424
-4,3,0.0265927,FRAY 1,87,416,43,-427
-4,4,0.0266101,FRAY 1,87,416,39,-431
-3,4,0.0266333,FRAY 1,87,416,36,-435
-4,4,0.0266565,FRAY 1,87,416,32,-439
-4,3,0.0266913,FRAY 1,87,416,28,-442
-4,4,0.0267146,FRAY 1,87,416,24,-446
-3,4,0.0267436,FRAY 1,87,416,21,-450
-4,4,0.026761,FRAY 1,87,416,17,-454
-4,3,0.0267842,FRAY 1,87,416,13,-457
-4,4,0.0268074,FRAY 1,87,416,9,-461
-3,4,0.0268423,FRAY 1,87,416,6,-465
-4,4,0.0268713,FRAY 1,87,416,2,-469
-4,3,0.0269003,FRAY 1,87,416,-2,-472
-4,4,0.0269119,FRAY 1,87,416,-6,-476
-3,4,0.0269351,FRAY 1,87,416,-9,-480
-4,4,0.0269584,FRAY 1,87,416,-13,-484
-4,3,0.0269932,FRAY 1,87,416,-17,-487
-4,4,0.0270222,FRAY 1,87,416,-21,-491
-3,4,0.0270571,FRAY 1,87,416,-24,-495
-3,4,0.0270629,FRAY 1,87,416,-27,-499
-2,3,0.0270873,FRAY 1,87,416,-29,-502
-1,4,0.0271151,FRAY 1,87,416,-30,-506
-1,4,0.0271441,FRAY 1,87,416,-31,-510
1,4,0.027179,FRAY 1,87,416,-30,-514
2,3,0.027208,FRAY 1,87,416,-28,-517
2,4,0.0272138,FRAY 1,87,416,-26,-521
2,4,0.0272428,FRAY 1,87,416,-24,-525
2,4,0.027266,FRAY 1,87,416,-22,-529
3,3,0.0272893,FRAY 1,87,416,-19,-532
3,3,0.0273299,FRAY 1,87,416,-16,-535
3,3,0.0273531,FRAY 1,87,416,-13,-538
3,3,0.0273705,FRAY 1,87,416,-10,-541
2,3,0.0273937,FRAY 1,87,416,-8,-544
2,2,0.0274286,FRAY 1,87,416,-6,-546
2,3,0.0274402,FRAY 1,87,416,-4,-549
2,3,0.027475,FRAY 1,87,416,-2,-552
1,3,0.027504,FRAY 1,87,416,-1,-555
1,3,0.0275215,FRAY 1,87,416,0,-558
1,2,0.0275447,FRAY 1,87,416,1,-560
1,3,0.0275777,FRAY 1,87,416,2,-563
1,1,0.0276143,FRAY 1,87,416,3,-564
2,4,0.0276168,FRAY 1,87,416,5,-568
2,4,0.0276492,FRAY 1,87,416,7,-572
3,3,0.0276724,FRAY 1,87,416,10,-575
2,4,0.0276956,FRAY 1,87,416,12,-579
3,4,0.0277304,FRAY 1,87,416,15,-583
3,4,0.0277537,FRAY 1,87,416,18,-587
3,3,0.0277711,FRAY 1,87,416,21,-590
3,3,0.0277943,FRAY 1,87,416,24,-593
2,3,0.0278233,FRAY 1,87,416,26,-596
3,3,0.0278465,FRAY 1,87,416,29,-599
3,3,0.0278756,FRAY 1,87,416,32,-602
3,1,0.0279046,FRAY 1,87,416,35,-603
3,2,0.0279162,FRAY 1,87,416,38,-605
2,1,0.0279452,FRAY 1,87,416,40,-606
2,1,0.0279742,FRAY 1,87,416,42,-607
1,1,0.0279975,FRAY 1,87,416,43,-608
1,1,0.0280207,FRAY 1,87,416,44,-609
2,-1,0.0336922,SAN- 2,387,311,46,-608
3,-1,0.0337038,SAN- 2,387,311,49,-607
3,-2,0.033727,SAN- 2,387,311,52,-605
2,-2,0.0337618,SAN- 2,387,311,54,-603
3,-2,0.0337792,SAN- 2,387,311,57,-601
3,-2,0.0338141,SAN- 2,387,311,60,-599
3,-2,0.0338373,SAN- 2,387,311,63,-597
2,-1,0.0338605,SAN- 2,387,311,65,-596
2,-3,0.0338779,SAN- 2,387,311,67,-593
1,-3,0.0339069,SAN- 2,387,311,68,-590
1,-3,0.0339476,SAN- 2,387,311,69,-587
-1,-3,0.0339766,SAN- 2,387,311,68,-584
-2,-3,0.0339998,SAN- 2,387,311,66,-581
-2,-2,0.0340056,SAN- 2,387,311,64,-579
-2,-3,0.0340288,SAN- 2,387,311,62,-576
-3,-3,0.0340521,SAN- 2,387,311,59,-573
-3,-3,0.0340869,SAN- 2,387,311,56,-570
-2,-3,0.0341275,SAN- 2,387,311,54,-567
-3,-1,0.0341507,SAN- 2,387,311,51,-566
-3,-2,0.0341566,SAN- 2,387,311,48,-564
-3,-2,0.0341798,SAN- 2,387,311,45,-562
-3,-2,0.034203,SAN- 2,387,311,42,-560
-2,-1,0.0342378,SAN- 2,387,311,40,-559
-1,-1,0.0342552,SAN- 2,387,311,39,-558
-1,-1,0.0343017,SAN- 2,387,311,38,-557
-1,-1,0.0343307,SAN- 2,387,311,37,-556
1,-1,0.0343597,SAN- 2,387,311,38,-555
2,-1,0.0343888,SAN- 2,387,311,40,-554
2,-2,0.0344062,SAN- 2,387,311,42,-552
3,-2,0.0344526,SAN- 2,387,311,45,-550
2,-2,0.0344642,SAN- 2,387,311,47,-548
3,-2,0.0344816,SAN- 2,387,311,50,-546
3,-1,0.0345107,SAN- 2,387,311,53,-545
3,-2,0.0345397,SAN- 2,387,311,56,-543
3,-2,0.0345571,SAN- 2,387,311,59,-541
3,-2,0.0345803,SAN- 2,387,311,62,-539
2,-2,0.0346151,SAN- 2,387,311,64,-537
3,-2,0.0346384,SAN- 2,387,311,67,-535
3,-2,0.0346674,SAN- 2,387,311,70,-533
3,-2,0.0346964,SAN- 2,387,311,73,-531
1,-1,0.0347371,SAN- 2,387,311,74,-530
1,-1,0.0347661,SAN- 2,387,311,75,-529
1,1,0.0348357,SAN- 2,387,311,76,-530
-2,1,0.0348648,SAN- 2,387,311,74,-531
-3,1,0.0349112,SAN- 2,387,311,71,-532
1,-1,0.035097,SAN- 2,387,311,72,-531
1,-1,0.035126,SAN- 2,387,311,73,-530
2,-1,0.0351492,SAN- 2,387,311,75,-529
3,-1,0.0351666,SAN- 2,387,311,78,-528
3,-1,0.0351898,SAN- 2,387,311,81,-527
3,-1,0.0352131,SAN- 2,387,311,84,-526
2,-1,0.0352363,SAN- 2,387,311,86,-525
3,-1,0.0352711,SAN- 2,387,311,89,-524
3,-1,0.0353001,SAN- 2,387,311,92,-523
3,-1,0.0353059,SAN- 2,387,311,95,-522
3,-1,0.0353315,SAN- 2,387,311,98,-521
2,-1,0.0353698,SAN- 2,387,311,100,-520
3,-2,0.0353872,SAN- 2,387,311,103,-518
3,-2,0.0354104,SAN- 2,387,311,106,-516
3,-2,0.0354453,SAN- 2,387,311,109,-514
3,-2,0.0354569,SAN- 2,387,311,112,-512
3,-2,0.0354859,SAN- 2,387,311,115,-510
2,-2,0.0355149,SAN- 2,387,311,117,-508
3,-2,0.0355381,SAN- 2,387,311,120,-506
3,-1,0.0355614,SAN- 2,387,311,123,-505
3,-2,0.0355962,SAN- 2,387,311,126,-503
3,-2,0.0356136,SAN- 2,387,311,129,-501
2,-2,0.0356368,SAN- 2,387,311,131,-499
3,-2,0.03566,SAN- 2,387,311,134,-497
3,-2,0.0356925,SAN- 2,387,311,137,-495
3,-2,0.0357181,SAN- 2,387,311,140,-493
3,-1,0.0357471,SAN- 2,387,311,143,-492
2,-1,0.0357645,SAN- 2,387,311,145,-491
3,-1,0.0357878,SAN- 2,387,311,148,-490
3,-1,0.03584,SAN- 2,387,311,151,-489
3,-1,0.0358574,SAN- 2,387,311,154,-488
3,-1,0.0358806,SAN- 2,387,311,157,-487
2,-1,0.035898,SAN- 2,387,311,159,-486
3,-1,0.0359271,SAN- 2,387,311,162,-485
3,-1,0.0359503,SAN- 2,387,311,165,-484
3,-1,0.0359793,SAN- 2,387,311,168,-483
3,1,0.036078,SAN- 2,387,311,171,-484
3,1,0.0361012,SAN- 2,387,311,174,-485
3,1,0.0361302,SAN- 2,387,311,177,-486
2,1,0.0361651,SAN- 2,387,311,179,-487
3,1,0.0361709,SAN- 2,387,311,182,-488
3,1,0.0362057,SAN- 2,387,311,185,-489
3,1,0.0362289,SAN- 2,387,311,188,-490
3,1,0.0362754,SAN- 2,387,311,191,-491
2,1,0.0363102,SAN- 2,387,311,193,-492
3,1,0.0363218,SAN- 2,387,311,196,-493
3,1,0.0363508,SAN- 2,387,311,199,-494
3,1,0.0363857,SAN- 2,387,311,202,-495
3,1,0.0364031,SAN- 2,387,311,205,-496
2,1,0.0364263,SAN- 2,387,311,207,-497
3,-1,0.0369139,SAN- 2,387,311,210,-496
2,-1,0.0369255,SAN- 2,387,311,212,-495
3,-1,0.0369488,SAN- 2,387,311,215,-494
3,-1,0.0369836,SAN- 2,387,311,218,-493
3,-1,0.0370126,SAN- 2,387,311,221,-492
3,-1,0.0370358,SAN- 2,387,311,224,-491
2,-1,0.0370532,SAN- 2,387,311,226,-490
3,-1,0.0370997,SAN- 2,387,311,229,-489
3,-1,0.037239,SAN- 2,387,311,232,-488
3,-1,0.037268,SAN- 2,387,311,235,-487
3,-1,0.0373029,SAN- 2,387,311,238,-486
3,-1,0.0373149,SAN- 2,387,311,241,-485
2,-1,0.0373319,SAN- 2,387,311,243,-484
3,-1,0.0373493,SAN- 2,387,311,246,-483
3,-1,0.0373725,SAN- 2,387,311,249,-482
3,-1,0.0374073,SAN- 2,387,311,252,-481
3,-1,0.0376221,SAN- 2,387,311,255,-480
3,-1,0.0376454,SAN- 2,387,311,258,-479
3,-1,0.0376686,SAN- 2,387,311,261,-478
3,-1,0.037697,SAN- 2,387,311,264,-477
2,-1,0.0377382,SAN- 2,387,311,266,-476
3,-1,0.037744,SAN- 2,387,311,269,-475
3,-1,0.0377963,SAN- 2,387,311,272,-474
3,-1,0.0378195,SAN- 2,387,311,275,-473
2,-1,0.0378543,SAN- 2,387,311,277,-472
3,-1,0.0378776,SAN- 2,387,311,280,-471
3,-1,0.037895,SAN- 2,387,311,283,-470
3,-1,0.0379182,SAN- 2,387,311,286,-469
3,-1,0.037953,SAN- 2,387,311,289,-468
2,-1,0.0379762,SAN- 2,387,311,291,-467
1,-1,0.0380053,SAN- 2,387,311,292,-466
3,-1,0.0380285,SAN- 2,387,311,295,-465
3,-1,0.0380459,SAN- 2,387,311,298,-464
3,-1,0.0380691,SAN- 2,387,311,301,-463
2,-1,0.0381039,SAN- 2,387,311,303,-462
3,-1,0.038133,SAN- 2,387,311,306,-461
3,-1,0.0381581,SAN- 2,387,311,309,-460
3,-1,0.0381852,SAN- 2,387,311,312,-459
3,-1,0.0381968,SAN- 2,387,311,315,-458
2,-1,0.03822,SAN- 2,387,311,317,-457
3,-1,0.0382491,SAN- 2,387,311,320,-456
3,-1,0.0382781,SAN- 2,387,311,323,-455
3,-1,0.0383013,SAN- 2,387,311,326,-454
3,-1,0.0383361,SAN- 2,387,311,329,-453
2,-1,0.0383768,SAN- 2,387,311,331,-452
3,-1,0.0384,SAN- 2,387,311,334,-451
3,-1,0.038429,SAN- 2,387,311,337,-450
3,-1,0.0384755,SAN- 2,387,311,340,-449
3,-1,0.0384871,SAN- 2,387,311,343,-448
2,-1,0.0385045,SAN- 2,387,311,345,-447
3,-1,0.0385277,SAN- 2,387,311,348,-446
3,-1,0.0385509,SAN- 2,387,311,351,-445
3,-1,0.0385858,SAN- 2,387,311,354,-444
3,-1,0.0386148,SAN- 2,387,311,357,-443
2,-2,0.0386554,SAN- 2,387,311,359,-441
6,-1,0.0386728,SAN- 2,387,311,365,-440
3,-1,0.0386961,SAN- 2,387,311,368,-439
2,1,0.0391488,SAN- 2,387,311,370,-440
3,1,0.0391837,SAN- 2,387,311,373,-441
3,1,0.0391895,SAN- 2,387,311,376,-442
3,1,0.0392127,SAN- 2,387,311,379,-443
3,1,0.0392359,SAN- 2,387,311,382,-444
3,1,0.0392649,SAN- 2,387,311,385,-445
2,1,0.039294,SAN- 2,387,311,387,-446
3,2,0.0393114,SAN- 2,387,311,390,-448
3,2,0.0393404,SAN- 2,387,311,393,-450
3,2,0.0393578,SAN- 2,387,311,396,-452
3,1,0.0393927,SAN- 2,387,311,399,-453
2,2,0.0394159,SAN- 2,387,311,401,-455
3,2,0.0394449,SAN- 2,387,311,404,-457
3,2,0.0394623,SAN- 2,387,311,407,-459
3,2,0.0394855,SAN- 2,387,311,410,-461
3,1,0.0395088,SAN- 2,387,311,413,-462
2,1,0.0395436,SAN- 2,387,311,415,-463
3,-1,0.0395958,SAN- 2,387,311,418,-462
3,-2,0.0396132,SAN- 2,387,311,421,-460
3,-2,0.0396365,SAN- 2,387,311,424,-458
2,-3,0.0396607,SAN- 2,387,311,426,-455
3,-2,0.0396945,SAN- 2,387,311,429,-453
3,-3,0.0397235,SAN- 2,387,311,432,-450
3,-3,0.0397584,SAN- 2,387,311,435,-447
2,-3,0.03977,SAN- 2,387,311,437,-444
3,-3,0.0397874,SAN- 2,387,311,440,-441
3,-3,0.0398164,SAN- 2,387,311,443,-438
2,-2,0.0398396,SAN- 2,387,311,445,-436
2,-3,0.0398803,SAN- 2,387,311,447,-433
2,-3,0.0399093,SAN- 2,387,311,449,-430
2,-3,0.0399171,SAN- 2,387,311,451,-427
1,-3,0.0399436,SAN- 2,387,311,452,-424
2,-2,0.0399673,SAN- 2,387,311,454,-422
2,-3,0.0399906,SAN- 2,387,311,456,-419
2,-3,0.0400196,SAN- 2,387,311,458,-416
2,-3,0.0400602,SAN- 2,387,311,460,-413
2,-3,0.0400718,SAN- 2,387,311,462,-410
2,-2,0.0400951,SAN- 2,387,311,464,-408
1,-3,0.0401183,SAN- 2,387,311,465,-405
1,-3,0.0401473,SAN- 2,387,311,466,-402
1,-3,0.0401749,SAN- 2,387,311,467,-399
1,-3,0.0402054,SAN- 2,387,311,468,-396
1,-3,0.0402228,SAN- 2,387,311,469,-393
-1,-1,0.040246,SAN- 2,387,311,468,-392
-2,-1,0.0402808,SAN- 2,387,311,466,-391
-2,1,0.0441353,-TIA- 3,36,429,464,-392
-3,1,0.0441585,-TIA- 3,36,429,461,-393
-2,1,0.0441934,-TIA- 3,36,429,459,-394
-4,2,0.044205,-TIA- 3,36,429,455,-396
-4,2,0.044234,-TIA- 3,36,429,451,-398
-4,2,0.044263,-TIA- 3,36,429,447,-400
-3,2,0.0442863,-TIA- 3,36,429,444,-402
-4,1,0.0443211,-TIA- 3,36,429,440,-403
-4,1,0.0443443,-TIA- 3,36,429,436,-404
-4,1,0.0443617,-TIA- 3,36,429,432,-405
-3,1,0.0443733,-TIA- 3,36,429,429,-406
-4,1,0.0445127,-TIA- 3,36,429,425,-407
-4,1,0.0445359,-TIA- 3,36,429,421,-408
-4,1,0.0445997,-TIA- 3,36,429,417,-409
-4,1,0.0446229,-TIA- 3,36,429,413,-410
-4,1,0.0446404,-TIA- 3,36,429,409,-411
-3,2,0.0446636,-TIA- 3,36,429,406,-413
-4,2,0.044681,-TIA- 3,36,429,402,-415
-4,2,0.0447216,-TIA- 3,36,429,398,-417
-4,3,0.0447507,-TIA- 3,36,429,394,-420
-3,3,0.0447745,-TIA- 3,36,429,391,-423
-4,2,0.0447913,-TIA- 3,36,429,387,-425
-4,4,0.0448087,-TIA- 3,36,429,383,-429
-4,4,0.0448377,-TIA- 3,36,429,379,-433
-3,4,0.0448726,-TIA- 3,36,429,376,-437
-4,3,0.0448958,-TIA- 3,36,429,372,-440
-4,4,0.0449248,-TIA- 3,36,429,368,-444
-4,4,0.0449364,-TIA- 3,36,429,364,-448
-3,4,0.0449596,-TIA- 3,36,429,361,-452
-4,3,0.0449829,-TIA- 3,36,429,357,-455
-4,4,0.0450119,-TIA- 3,36,429,353,-459
-4,4,0.0450355,-TIA- 3,36,429,349,-463
-3,3,0.0450757,-TIA- 3,36,429,346,-466
-4,2,0.0450873,-TIA- 3,36,429,342,-468
-4,3,0.0451106,-TIA- 3,36,429,338,-471
-4,3,0.0451222,-TIA- 3,36,429,334,-474
-3,3,0.0451454,-TIA- 3,36,429,331,-477
-4,3,0.045186,-TIA- 3,36,429,327,-480
-4,3,0.0452209,-TIA- 3,36,429,323,-483
-4,2,0.0452253,-TIA- 3,36,429,319,-485
-3,3,0.0452499,-TIA- 3,36,429,316,-488
-4,3,0.0452847,-TIA- 3,36,429,312,-491
-4,3,0.0453079,-TIA- 3,36,429,308,-494
-4,3,0.0453312,-TIA- 3,36,429,304,-497
-3,2,0.0453602,-TIA- 3,36,429,301,-499
-4,3,0.0453718,-TIA- 3,36,429,297,-502
-4,3,0.0454008,-TIA- 3,36,429,293,-505
-4,3,0.0454356,-TIA- 3,36,429,289,-508
-3,3,0.0454589,-TIA- 3,36,429,286,-511
-4,2,0.0454821,-TIA- 3,36,429,282,-513
-4,2,0.0455111,-TIA- 3,36,429,278,-515
-4,2,0.0455285,-TIA- 3,36,429,274,-517
-3,2,0.0455517,-TIA- 3,36,429,271,-519
-4,2,0.045575,-TIA- 3,36,429,267,-521
-4,2,0.0456156,-TIA- 3,36,429,263,-523
-4,2,0.045633,-TIA- 3,36,429,259,-525
-3,2,0.0456388,-TIA- 3,36,429,256,-527
-4,1,0.0456795,-TIA- 3,36,429,252,-528
-4,1,0.0457085,-TIA- 3,36,429,248,-529
-4,1,0.0457259,-TIA- 3,36,429,244,-530
-3,1,0.0457607,-TIA- 3,36,429,241,-531
-4,1,0.0457839,-TIA- 3,36,429,237,-532
-4,1,0.0458014,-TIA- 3,36,429,233,-533
-4,1,0.0458304,-TIA- 3,36,429,229,-534
-3,1,0.0458478,-TIA- 3,36,429,226,-535
-4,1,0.0458826,-TIA- 3,36,429,222,-536
-4,1,0.0459117,-TIA- 3,36,429,218,-537
-4,1,0.0459349,-TIA- 3,36,429,214,-538
-3,-1,0.0460626,-TIA- 3,36,429,211,-537
-4,-1,0.0460974,-TIA- 3,36,429,207,-536
-4,-1,0.0461032,-TIA- 3,36,429,203,-535
-3,-2,0.0461322,-TIA- 3,36,429,200,-533
-4,-2,0.0461552,-TIA- 3,36,429,196,-531
-4,-2,0.0461787,-TIA- 3,36,429,192,-529
-4,-1,0.0462077,-TIA- 3,36,429,188,-528
-3,-2,0.0462483,-TIA- 3,36,429,185,-526
-4,-2,0.04626,-TIA- 3,36,429,181,-524
-4,-2,0.046289,-TIA- 3,36,429,177,-522
-4,-2,0.0463122,-TIA- 3,36,429,173,-520
-3,-1,0.0463296,-TIA- 3,36,429,170,-519
-4,-1,0.0463702,-TIA- 3,36,429,166,-518
-3,1,0.0464341,-TIA- 3,36,429,163,-519
-4,1,0.0464573,-TIA- 3,36,429,159,-520
-4,2,0.0464863,-TIA- 3,36,429,155,-522
-4,2,0.0465154,-TIA- 3,36,429,151,-524
-3,2,0.0465444,-TIA- 3,36,429,148,-526
-4,2,0.046556,-TIA- 3,36,429,144,-528
-4,1,0.0465792,-TIA- 3,36,429,140,-529
-4,2,0.0466199,-TIA- 3,36,429,136,-531
-3,2,0.0466431,-TIA- 3,36,429,133,-533
-4,2,0.0466663,-TIA- 3,36,429,129,-535
-4,1,0.0466953,-TIA- 3,36,429,125,-536
-4,1,0.0467127,-TIA- 3,36,429,121,-537
-3,1,0.046736,-TIA- 3,36,429,118,-538
-4,-1,0.0468579,-TIA- 3,36,429,114,-537
-4,-1,0.0468869,-TIA- 3,36,429,110,-536
-4,-1,0.0469101,-TIA- 3,36,429,106,-535
-3,-1,0.0469449,-TIA- 3,36,429,103,-534
-4,-1,0.046974,-TIA- 3,36,429,99,-533
-4,-1,0.047003,-TIA- 3,36,429,95,-532
-4,-1,0.0470146,-TIA- 3,36,429,91,-531
-3,-1,0.0470378,-TIA- 3,36,429,88,-530
-4,-1,0.0470668,-TIA- 3,36,429,84,-529
-4,-1,0.0470959,-TIA- 3,36,429,80,-528
-4,1,0.0473165,-TIA- 3,36,429,76,-529
-3,1,0.0473455,-TIA- 3,36,429,73,-530
-4,1,0.0473803,-TIA- 3,36,429,69,-531
-4,1,0.0474035,-TIA- 3,36,429,65,-532
-4,2,0.0474198,-TIA- 3,36,429,61,-534
-3,2,0.0474674,-TIA- 3,36,429,58,-536
-4,3,0.0474732,-TIA- 3,36,429,54,-539
-4,3,0.0474964,-TIA- 3,36,429,50,-542
-4,2,0.0475312,-TIA- 3,36,429,46,-544
-3,8,0.0475719,-TIA- 3,36,429,43,-552
-8,3,0.0475951,-TIA- 3,36,429,35,-555
-3,1,0.0476299,-TIA- 3,36,429,32,-556
-2,1,0.0476503,-TIA- 3,36,429,30,-557
-2,1,0.0477112,-TIA- 3,36,429,28,-558
-1,1,0.0477228,-TIA- 3,36,429,27,-559
-1,1,0.047746,-TIA- 3,36,429,26,-560
-1,-1,0.0534095,GO 4,49,382,25,-559
-1,-1,0.0534698,GO 4,49,382,24,-558
-1,-1,0.0534988,GO 4,49,382,23,-557
-1,-1,0.0535278,GO 4,49,382,22,-556
-1,-1,0.0535626,GO 4,49,382,21,-555
-1,-1,0.0536033,GO 4,49,382,20,-554
-1,-1,0.0536323,GO 4,49,382,19,-553
-2,-1,0.0536671,GO 4,49,382,17,-552
-1,-1,0.0536961,GO 4,49,382,16,-551
-1,-1,0.0537136,GO 4,49,382,15,-550
-1,-1,0.0537426,GO 4,49,382,14,-549
-1,-1,0.0537774,GO 4,49,382,13,-548
-1,-1,0.0538064,GO 4,49,382,12,-547
-1,-1,0.0538355,GO 4,49,382,11,-546
-1,-1,0.0540909,GO 4,49,382,10,-545
1,-1,0.0541141,GO 4,49,382,11,-544
1,-2,0.0541431,GO 4,49,382,12,-542
2,-2,0.054178,GO 4,49,382,14,-540
2,-2,0.0542012,GO 4,49,382,16,-538
3,-3,0.0542186,GO 4,49,382,19,-535
3,-3,0.0542244,GO 4,49,382,22,-532
3,-3,0.0542592,GO 4,49,382,25,-529
2,-2,0.0542824,GO 4,49,382,27,-527
3,-3,0.0543115,GO 4,49,382,30,-524
3,-3,0.0543405,GO 4,49,382,33,-521
3,-3,0.0543463,GO 4,49,382,36,-518
3,-3,0.0543811,GO 4,49,382,39,-515
2,-2,0.0543927,GO 4,49,382,41,-513
3,-3,0.0544276,GO 4,49,382,44,-510
3,-3,0.0544624,GO 4,49,382,47,-507
3,-3,0.0544798,GO 4,49,382,50,-504
3,-3,0.0544972,GO 4,49,382,53,-501
2,-2,0.0545263,GO 4,49,382,55,-499
3,-3,0.0545437,GO 4,49,382,58,-496
2,-3,0.0545785,GO 4,49,382,60,-493
2,-3,0.0546191,GO 4,49,382,62,-490
2,-3,0.0546424,GO 4,49,382,64,-487
1,-2,0.0546598,GO 4,49,382,65,-485
1,-1,0.054683,GO 4,49,382,66,-484
2,-1,0.0644238,FRAY 5,295,438,68,-483
3,-1,0.0644412,FRAY 5,295,438,71,-482
3,-1,0.0644702,FRAY 5,295,438,74,-481
3,-1,0.0644992,FRAY 5,295,438,77,-480
3,-1,0.0645399,FRAY 5,295,438,80,-479
2,-2,0.0645689,FRAY 5,295,438,82,-477
6,-1,0.0645979,FRAY 5,295,438,88,-476
3,-1,0.0646327,FRAY 5,295,438,91,-475
3,1,0.0649694,FRAY 5,295,438,94,-476
3,1,0.0650043,FRAY 5,295,438,97,-477
3,1,0.0650333,FRAY 5,295,438,100,-478
3,1,0.0650739,FRAY 5,295,438,103,-479
2,2,0.0650971,FRAY 5,295,438,105,-481
6,1,0.065132,FRAY 5,295,438,111,-482
3,2,0.0651552,FRAY 5,295,438,114,-484
3,2,0.0651784,FRAY 5,295,438,117,-486
2,1,0.0652074,FRAY 5,295,438,119,-487
3,4,0.0652481,FRAY 5,295,438,122,-491
6,2,0.0652713,FRAY 5,295,438,128,-493
3,2,0.0653003,FRAY 5,295,438,131,-495
3,2,0.0653293,FRAY 5,295,438,134,-497
2,2,0.0653642,FRAY 5,295,438,136,-499
3,2,0.0654048,FRAY 5,295,438,139,-501
3,1,0.0654106,FRAY 5,295,438,142,-502
3,1,0.0654571,FRAY 5,295,438,145,-503
2,1,0.0654803,FRAY 5,295,438,147,-504
3,1,0.0655151,FRAY 5,295,438,150,-505
3,1,0.0655441,FRAY 5,295,438,153,-506
3,1,0.0655557,FRAY 5,295,438,156,-507
3,1,0.065579,FRAY 5,295,438,159,-508
2,1,0.065608,FRAY 5,295,438,161,-509
3,1,0.0656312,FRAY 5,295,438,164,-510
3,1,0.065666,FRAY 5,295,438,167,-511
3,1,0.0656893,FRAY 5,295,438,170,-512
3,1,0.0657009,FRAY 5,295,438,173,-513
2,1,0.0657241,FRAY 5,295,438,175,-514
3,-1,0.0658634,FRAY 5,295,438,178,-513
2,-1,0.065875,FRAY 5,295,438,180,-512
2,-1,0.065904,FRAY 5,295,438,182,-511
2,-1,0.0659215,FRAY 5,295,438,184,-510
2,-2,0.0659621,FRAY 5,295,438,186,-508
1,-2,0.0659853,FRAY 5,295,438,187,-506
1,-2,0.0660085,FRAY 5,295,438,188,-504
1,-2,0.0660317,FRAY 5,295,438,189,-502
2,-1,0.0660492,FRAY 5,295,438,191,-501
2,-2,0.0660898,FRAY 5,295,438,193,-499
1,-2,0.0661246,FRAY 5,295,438,194,-497
3,-4,0.0661537,FRAY 5,295,438,197,-493
6,-1,0.0661769,FRAY 5,295,438,203,-492
3,-1,0.0662117,FRAY 5,295,438,206,-491
2,-1,0.0662349,FRAY 5,295,438,208,-490
3,-1,0.0662756,FRAY 5,295,438,211,-489
3,1,0.0665484,FRAY 5,295,438,214,-490
3,1,0.0665658,FRAY 5,295,438,217,-491
3,1,0.0665716,FRAY 5,295,438,220,-492
3,1,0.0666064,FRAY 5,295,438,223,-493
2,1,0.0666297,FRAY 5,295,438,225,-494
3,2,0.0666529,FRAY 5,295,438,228,-496
3,2,0.0666761,FRAY 5,295,438,231,-498
3,2,0.0667051,FRAY 5,295,438,234,-500
3,2,0.0667167,FRAY 5,295,438,237,-502
3,1,0.06674,FRAY 5,295,438,240,-503
2,2,0.066769,FRAY 5,295,438,242,-505
3,2,0.0668096,FRAY 5,295,438,245,-507
3,3,0.0668328,FRAY 5,295,438,248,-510
3,3,0.0668619,FRAY 5,295,438,251,-513
3,3,0.0668677,FRAY 5,295,438,254,-516
2,2,0.0668909,FRAY 5,295,438,256,-518
3,3,0.0669257,FRAY 5,295,438,259,-521
3,3,0.0669547,FRAY 5,295,438,262,-524
3,3,0.0669896,FRAY 5,295,438,265,-527
3,3,0.0670128,FRAY 5,295,438,268,-530
2,2,0.0670186,FRAY 5,295,438,270,-532
3,3,0.0670418,FRAY 5,295,438,273,-535
3,3,0.0670766,FRAY 5,295,438,276,-538
3,3,0.0671057,FRAY 5,295,438,279,-541
3,3,0.0671405,FRAY 5,295,438,282,-544
2,3,0.0671561,FRAY 5,295,438,284,-547
3,2,0.0671695,FRAY 5,295,438,287,-549
3,3,0.0671927,FRAY 5,295,438,290,-552
3,3,0.0672276,FRAY 5,295,438,293,-555
3,3,0.0672624,FRAY 5,295,438,296,-558
3,3,0.0672914,FRAY 5,295,438,299,-561
2,5,0.0673205,FRAY 5,295,438,301,-566
6,3,0.0673495,FRAY 5,295,438,307,-569
3,3,0.0673785,FRAY 5,295,438,310,-572
3,3,0.0674017,FRAY 5,295,438,313,-575
2,2,0.0674424,FRAY 5,295,438,315,-577
3,6,0.0674772,FRAY 5,295,438,318,-583
6,3,0.0675062,FRAY 5,295,438,324,-586
3,3,0.0675294,FRAY 5,295,438,327,-589
2,3,0.0675527,FRAY 5,295,438,329,-592
3,2,0.0675933,FRAY 5,295,438,332,-594
3,6,0.0676281,FRAY 5,295,438,335,-600
6,3,0.0676629,FRAY 5,295,438,341,-603
3,3,0.0676688,FRAY 5,295,438,344,-606
2,2,0.067692,FRAY 5,295,438,346,-608
3,3,0.067721,FRAY 5,295,438,349,-611
3,2,0.0677442,FRAY 5,295,438,352,-613
3,2,0.0677558,FRAY 5,295,438,355,-615
3,2,0.0677849,FRAY 5,295,438,358,-617
2,2,0.0678197,FRAY 5,295,438,360,-619
3,2,0.0678429,FRAY 5,295,438,363,-621
3,1,0.0678719,FRAY 5,295,438,366,-622
3,1,0.0679068,FRAY 5,295,438,369,-623
2,-1,0.0680577,FRAY 5,295,438,371,-622
2,-1,0.0681157,FRAY 5,295,438,373,-621
2,-1,0.0681448,FRAY 5,295,438,375,-620
2,-1,0.0681564,FRAY 5,295,438,377,-619
2,-1,0.0681912,FRAY 5,295,438,379,-618
2,-2,0.0682028,FRAY 5,295,438,381,-616
2,-2,0.0682318,FRAY 5,295,438,383,-614
1,-2,0.0682575,FRAY 5,295,438,384,-612
2,-2,0.0682899,FRAY 5,295,438,386,-610
2,-2,0.0683073,FRAY 5,295,438,388,-608
2,-2,0.0683247,FRAY 5,295,438,390,-606
2,-3,0.0683654,FRAY 5,295,438,392,-603
2,-3,0.0683886,FRAY 5,295,438,394,-600
2,-3,0.0684176,FRAY 5,295,438,396,-597
2,-3,0.0684292,FRAY 5,295,438,398,-594
2,-2,0.0684582,FRAY 5,295,438,400,-592
1,-2,0.0684756,FRAY 5,295,438,401,-590
1,-2,0.0685047,FRAY 5,295,438,402,-588
1,-2,0.0685395,FRAY 5,295,438,403,-586
1,-4,0.0685801,FRAY 5,295,438,404,-582
2,-2,0.0686092,FRAY 5,295,438,406,-580
1,-2,0.0686266,FRAY 5,295,438,407,-578
2,-1,0.0686614,FRAY 5,295,438,409,-577
2,-1,0.0686904,FRAY 5,295,438,411,-576
2,-1,0.0687195,FRAY 5,295,438,413,-575
2,-1,0.0687369,FRAY 5,295,438,415,-574
1,-1,0.0687601,FRAY 5,295,438,416,-573
2,-1,0.0687775,FRAY 5,295,438,418,-572
2,-1,0.0688123,FRAY 5,295,438,420,-571
2,-1,0.0688414,FRAY 5,295,438,422,-570
1,-1,0.0689052,FRAY 5,295,438,423,-569
1,-1,0.0689691,FRAY 5,295,438,424,-568
-2,-1,0.0689923,FRAY 5,295,438,422,-567
-2,-1,0.0690271,FRAY 5,295,438,420,-566
-3,-1,0.0690329,FRAY 5,295,438,417,-565
-3,-1,0.0690561,FRAY 5,295,438,414,-564
-3,-1,0.069091,FRAY 5,295,438,411,-563
-4,-1,0.0691316,FRAY 5,295,438,407,-562
-4,-1,0.0691374,FRAY 5,295,438,403,-561
-4,1,0.0692129,FRAY 5,295,438,399,-562
-4,1,0.0692419,FRAY 5,295,438,395,-563
-3,1,0.0692767,FRAY 5,295,438,392,-564
-3,1,0.0692825,FRAY 5,295,438,389,-565
-1,1,0.0693058,FRAY 5,295,438,388,-566
-1,1,0.0693638,FRAY 5,295,438,387,-567
-1,1,0.0693928,FRAY 5,295,438,386,-568
-1,-1,0.0735376,SAN- 6,384,432,385,-567
-1,-1,0.0735782,SAN- 6,384,432,384,-566
-1,-2,0.0736421,SAN- 6,384,432,383,-564
1,-2,0.0737001,SAN- 6,384,432,384,-562
1,-2,0.0737292,SAN- 6,384,432,385,-560
1,-1,0.0737466,SAN- 6,384,432,386,-559
2,-1,0.073764,SAN- 6,384,432,388,-558
1,-1,0.073793,SAN- 6,384,432,389,-557
2,-1,0.073822,SAN- 6,384,432,391,-556
2,-1,0.0738859,SAN- 6,384,432,393,-555
2,-1,0.0738975,SAN- 6,384,432,395,-554
2,-1,0.0739149,SAN- 6,384,432,397,-553
3,-1,0.0739484,SAN- 6,384,432,400,-552
2,-1,0.073973,SAN- 6,384,432,402,-551
3,-2,0.074002,SAN- 6,384,432,405,-549
3,-2,0.0740368,SAN- 6,384,432,408,-547
3,-2,0.0740426,SAN- 6,384,432,411,-545
3,-2,0.0740659,SAN- 6,384,432,414,-543
2,-2,0.0741007,SAN- 6,384,432,416,-541
3,-2,0.0741297,SAN- 6,384,432,419,-539
3,-2,0.0741529,SAN- 6,384,432,422,-537
3,-1,0.0741878,SAN- 6,384,432,425,-536
3,-2,0.0741936,SAN- 6,384,432,428,-534
3,-2,0.0742168,SAN- 6,384,432,431,-532
2,-1,0.0742516,SAN- 6,384,432,433,-531
3,-1,0.0742806,SAN- 6,384,432,436,-530
3,1,0.0743503,SAN- 6,384,432,439,-531
2,1,0.0743619,SAN- 6,384,432,441,-532
3,1,0.0743967,SAN- 6,384,432,444,-533
3,2,0.0744258,SAN- 6,384,432,447,-535
3,1,0.0744664,SAN- 6,384,432,450,-536
3,2,0.0744722,SAN- 6,384,432,453,-538
2,2,0.0744838,SAN- 6,384,432,455,-540
3,2,0.0745128,SAN- 6,384,432,458,-542
3,2,0.0745302,SAN- 6,384,432,461,-544
3,2,0.0745709,SAN- 6,384,432,464,-546
3,2,0.0746057,SAN- 6,384,432,467,-548
3,2,0.0746173,SAN- 6,384,432,470,-550
2,1,0.0746289,SAN- 6,384,432,472,-551
3,1,0.0746463,SAN- 6,384,432,475,-552
3,1,0.0746754,SAN- 6,384,432,478,-553
2,-1,0.0747741,SAN- 6,384,432,480,-552
2,-1,0.074803,SAN- 6,384,432,482,-551
2,-2,0.0748263,SAN- 6,384,432,484,-549
-1,-1,0.0748553,SAN- 6,384,432,483,-548
-1,-2,0.0748902,SAN- 6,384,432,482,-546
-1,-2,0.0749308,SAN- 6,384,432,481,-544
-1,-1,0.0749366,SAN- 6,384,432,480,-543
-1,-1,0.0749598,SAN- 6,384,432,479,-542
1,-1,0.0791917,SAN- 6,384,432,480,-541
2,-1,0.0792555,SAN- 6,384,432,482,-540
3,-1,0.0792613,SAN- 6,384,432,485,-539
3,-1,0.0792849,SAN- 6,384,432,488,-538
3,-2,0.0793252,SAN- 6,384,432,491,-536
2,-2,0.07936,SAN- 6,384,432,493,-534
3,-2,0.0793948,SAN- 6,384,432,496,-532
3,-2,0.0794064,SAN- 6,384,432,499,-530
3,-2,0.0794239,SAN- 6,384,432,502,-528
3,-1,0.0794413,SAN- 6,384,432,505,-527
2,-1,0.0794703,SAN- 6,384,432,507,-526
-1,-1,0.0835515,-TIA- 7,242,329,506,-525
-1,-1,0.0835744,-TIA- 7,242,329,505,-524
-2,-2,0.0836093,-TIA- 7,242,329,503,-522
-1,-2,0.0836441,-TIA- 7,242,329,502,-520
-3,-4,0.0836731,-TIA- 7,242,329,499,-516
-6,-3,0.0837079,-TIA- 7,242,329,493,-513
-3,-3,0.0837312,-TIA- 7,242,329,490,-510
-3,-3,0.0837718,-TIA- 7,242,329,487,-507
-2,-6,0.083795,-TIA- 7,242,329,485,-501
-6,-2,0.0838066,-TIA- 7,242,329,479,-499
-3,-3,0.0838415,-TIA- 7,242,329,476,-496
-3,-3,0.0838705,-TIA- 7,242,329,473,-493
-2,-3,0.0838937,-TIA- 7,242,329,471,-490
-3,-3,0.0839169,-TIA- 7,242,329,468,-487
-3,-2,0.0839401,-TIA- 7,242,329,465,-485
-3,-3,0.0839459,-TIA- 7,242,329,462,-482
-3,-3,0.0839808,-TIA- 7,242,329,459,-479
-2,-3,0.0839982,-TIA- 7,242,329,457,-476
-3,-3,0.0840272,-TIA- 7,242,329,454,-473
-3,-2,0.084062,-TIA- 7,242,329,451,-471
-3,-3,0.0840853,-TIA- 7,242,329,448,-468
-3,-3,0.0840911,-TIA- 7,242,329,445,-465
-2,-2,0.0841201,-TIA- 7,242,329,443,-463
-3,-2,0.0841607,-TIA- 7,242,329,440,-461
-3,-2,0.0841723,-TIA- 7,242,329,437,-459
-3,-2,0.0842072,-TIA- 7,242,329,434,-457
-3,-1,0.0842362,-TIA- 7,242,329,431,-456
-3,-2,0.0842536,-TIA- 7,242,329,428,-454
-2,-2,0.084271,-TIA- 7,242,329,426,-452
-3,-2,0.0843,-TIA- 7,242,329,423,-450
-3,-2,0.0843407,-TIA- 7,242,329,420,-448
-3,-2,0.0843581,-TIA- 7,242,329,417,-446
-3,-2,0.0843929,-TIA- 7,242,329,414,-444
-2,-2,0.0843987,-TIA- 7,242,329,412,-442
-3,-1,0.084422,-TIA- 7,242,329,409,-441
-3,-2,0.0844568,-TIA- 7,242,329,406,-439
-3,-2,0.0844858,-TIA- 7,242,329,403,-437
-3,-2,0.084509,-TIA- 7,242,329,400,-435
-2,-2,0.0845439,-TIA- 7,242,329,398,-433
-1,-2,0.0845497,-TIA- 7,242,329,397,-431
-2,-2,0.0845729,-TIA- 7,242,329,395,-429
-2,-2,0.0846077,-TIA- 7,242,329,393,-427
-2,-1,0.0846367,-TIA- 7,242,329,391,-426
-2,-2,0.0846716,-TIA- 7,242,329,389,-424
-3,-2,0.0846832,-TIA- 7,242,329,386,-422
-3,-2,0.0846948,-TIA- 7,242,329,383,-420
-2,-2,0.084718,-TIA- 7,242,329,381,-418
-3,-2,0.0847412,-TIA- 7,242,329,378,-416
-3,-2,0.0847819,-TIA- 7,242,329,375,-414
-3,-2,0.0848109,-TIA- 7,242,329,372,-412
-3,-3,0.0848457,-TIA- 7,242,329,369,-409
-4,-2,0.0848689,-TIA- 7,242,329,365,-407
-2,-2,0.0848922,-TIA- 7,242,329,363,-405
-2,-2,0.0849328,-TIA- 7,242,329,361,-403
-2,-2,0.084956,-TIA- 7,242,329,359,-401
-3,-4,0.0849966,-TIA- 7,242,329,356,-397
-5,-1,0.0850315,-TIA- 7,242,329,351,-396
-3,-2,0.0850431,-TIA- 7,242,329,348,-394
-3,-2,0.0850779,-TIA- 7,242,329,345,-392
-3,-2,0.0851069,-TIA- 7,242,329,342,-390
-3,-2,0.0851185,-TIA- 7,242,329,339,-388
-1,-2,0.0851476,-TIA- 7,242,329,338,-386
-2,-2,0.0851824,-TIA- 7,242,329,336,-384
-2,-2,0.0851998,-TIA- 7,242,329,334,-382
-2,-1,0.085219,-TIA- 7,242,329,332,-381
-2,-4,0.0852637,-TIA- 7,242,329,330,-377
-2,-2,0.0852927,-TIA- 7,242,329,328,-375
-1,-2,0.0853159,-TIA- 7,242,329,327,-373
-1,-2,0.0853391,-TIA- 7,242,329,326,-371
-1,-2,0.085374,-TIA- 7,242,329,325,-369
-1,-1,0.085403,-TIA- 7,242,329,324,-368
-1,-1,0.0854378,-TIA- 7,242,329,323,-367
-1,-1,0.0854668,-TIA- 7,242,329,322,-366
-1,-1,0.0855017,-TIA- 7,242,329,321,-365
-1,-1,0.0855191,-TIA- 7,242,329,320,-364
-1,-2,0.0855481,-TIA- 7,242,329,319,-362
-1,-1,0.0855597,-TIA- 7,242,329,318,-361
-1,-2,0.0855829,-TIA- 7,242,329,317,-359
-1,-2,0.085612,-TIA- 7,242,329,316,-357
-1,-2,0.0856468,-TIA- 7,242,329,315,-355
-1,-2,0.08567,-TIA- 7,242,329,314,-353
-1,-1,0.085699,-TIA- 7,242,329,313,-352
-1,-1,0.0857107,-TIA- 7,242,329,312,-351
-1,-1,0.0857629,-TIA- 7,242,329,311,-350
-1,-1,0.0940815,GO 8,100,161,310,-349
-1,-1,0.0940989,GO 8,100,161,309,-348
-1,-1,0.0941337,GO 8,100,161,308,-347
-1,-1,0.0941976,GO 8,100,161,307,-346
-1,-1,0.0942266,GO 8,100,161,306,-345
-1,-1,0.0942512,GO 8,100,161,305,-344
-1,-1,0.0942788,GO 8,100,161,304,-343
-1,-1,0.0943195,GO 8,100,161,303,-342
-1,-2,0.0943775,GO 8,100,161,302,-340
-2,-1,0.0944123,GO 8,100,161,300,-339
-1,-1,0.0944472,GO 8,100,161,299,-338
-2,-1,0.0944588,GO 8,100,161,297,-337
-1,-2,0.0944936,GO 8,100,161,296,-335
-3,-2,0.0945226,GO 8,100,161,293,-333
-3,-2,0.0945342,GO 8,100,161,290,-331
-4,-3,0.0945633,GO 8,100,161,286,-328
-4,-3,0.0945807,GO 8,100,161,282,-325
-3,-3,0.094611,GO 8,100,161,279,-322
-4,-3,0.0946445,GO 8,100,161,275,-319
-4,-2,0.0946784,GO 8,100,161,271,-317
-4,-3,0.0946852,GO 8,100,161,267,-314
-3,-3,0.0947084,GO 8,100,161,264,-311
-4,-3,0.0947432,GO 8,100,161,260,-308
-4,-3,0.0947722,GO 8,100,161,256,-305
-4,-2,0.0947955,GO 8,100,161,252,-303
-3,-3,0.0948129,GO 8,100,161,249,-300
-4,-3,0.0948361,GO 8,100,161,245,-297
-4,-3,0.0948593,GO 8,100,161,241,-294
-4,-3,0.0948825,GO 8,100,161,237,-291
-3,-3,0.0949174,GO 8,100,161,234,-288
-3,-2,0.094929,GO 8,100,161,231,-286
-3,-3,0.094958,GO 8,100,161,228,-283
-3,-3,0.0949812,GO 8,100,161,225,-280
-3,-3,0.0950044,GO 8,100,161,222,-277
-2,-3,0.0950393,GO 8,100,161,220,-274
-3,-2,0.0950683,GO 8,100,161,217,-272
-3,-3,0.0950799,GO 8,100,161,214,-269
-3,-3,0.0951089,GO 8,100,161,211,-266
-3,-3,0.0951322,GO 8,100,161,208,-263
-2,-3,0.0951554,GO 8,100,161,206,-260
-3,-2,0.0951902,GO 8,100,161,203,-258
-3,-3,0.0952192,GO 8,100,161,200,-255
-3,-3,0.0952308,GO 8,100,161,197,-252
-3,-3,0.0952541,GO 8,100,161,194,-249
-2,-3,0.0952831,GO 8,100,161,192,-246
-4,-3,0.0953121,GO 8,100,161,188,-243
-4,-2,0.0953411,GO 8,100,161,184,-241
-4,-3,0.0953758,GO 8,100,161,180,-238
-3,-3,0.0953818,GO 8,100,161,177,-235
-4,-3,0.095405,GO 8,100,161,173,-232
-3,-3,0.0954356,GO 8,100,161,170,-229
-3,-2,0.0954572,GO 8,100,161,167,-227
-3,-3,0.0954805,GO 8,100,161,164,-224
-2,-3,0.0955095,GO 8,100,161,162,-221
-3,-3,0.0955269,GO 8,100,161,159,-218
-3,-3,0.0955501,GO 8,100,161,156,-215
-3,-2,0.0955737,GO 8,100,161,153,-213
-3,-3,0.0956024,GO 8,100,161,150,-210
-3,-3,0.0956198,GO 8,100,161,147,-207
-2,-3,0.0956488,GO 8,100,161,145,-204
-3,-3,0.0956781,GO 8,100,161,142,-201
-3,-3,0.0956894,GO 8,100,161,139,-198
-3,-2,0.0957127,GO 8,100,161,136,-196
-3,-3,0.0957475,GO 8,100,161,133,-193
-2,-3,0.0957765,GO 8,100,161,131,-190
-3,-3,0.0957997,GO 8,100,161,128,-187
-3,-3,0.0958346,GO 8,100,161,125,-184
-3,-2,0.0958404,GO 8,100,161,122,-182
-3,-3,0.0958636,GO 8,100,161,119,-179
-2,-3,0.0959042,GO 8,100,161,117,-176
-3,-3,0.09591,GO 8,100,161,114,-173
-3,-3,0.095939,GO 8,100,161,111,-170
-2,-2,0.0959681,GO 8,100,161,109,-168
-2,-3,0.0959797,GO 8,100,161,107,-165
-2,-3,0.0960029,GO 8,100,161,105,-162
-2,-3,0.0960331,GO 8,100,161,103,-159
-1,-3,0.096061,GO 8,100,161,102,-156
-2,-3,0.09609,GO 8,100,161,100,-153
-2,-2,0.0961248,GO 8,100,161,98,-151
-2,-3,0.0961306,GO 8,100,161,96,-148
-2,-3,0.0961538,GO 8,100,161,94,-145
-2,-3,0.0961887,GO 8,100,161,92,-142
-2,-3,0.0962177,GO 8,100,161,90,-139
-2,-2,0.0962525,GO 8,100,161,88,-137
-1,-3,0.0962757,GO 8,100,161,87,-134
-2,-3,0.0962873,GO 8,100,161,85,-131
-2,-3,0.0963222,GO 8,100,161,83,-128
-2,-5,0.096357,GO 8,100,161,81,-123
-4,-3,0.096386,GO 8,100,161,77,-120
-2,-3,0.0964209,GO 8,100,161,75,-117
-2,-3,0.0964441,GO 8,100,161,73,-114
-1,-3,0.0964731,GO 8,100,161,72,-111
-2,-3,0.0964905,GO 8,100,161,70,-108
-2,-2,0.0965254,GO 8,100,161,68,-106
-2,-3,0.0965544,GO 8,100,161,66,-103
-2,-6,0.0965892,GO 8,100,161,64,-97
-4,-3,0.0966124,GO 8,100,161,60,-94
-2,-2,0.0966356,GO 8,100,161,58,-92
-1,-3,0.0966705,GO 8,100,161,57,-89
-2,-3,0.0967053,GO 8,100,161,55,-86
-2,-3,0.0967285,GO 8,100,161,53,-83
-1,-3,0.0967401,GO 8,100,161,52,-80
-1,-2,0.0967692,GO 8,100,161,51,-78
-1,-1,0.0967944,GO 8,100,161,50,-77
-1,-2,0.0968214,GO 8,100,161,49,-75
-1,-2,0.096833,GO 8,100,161,48,-73
-1,-1,0.0968678,GO 8,100,161,47,-72
-1,-1,0.0968911,GO 8,100,161,46,-71
