deltaX,deltaY,WHEN,SYLLABLE,XofButton,YofButton,XofTrace,YofTrace
-1,-1,0.0482104,Yield,0,0,-1,1
-2,-3,0.0482801,Yield,0,0,-3,4
-6,-2,0.0483149,Yield,0,0,-9,6
-3,-2,0.0483439,Yield,0,0,-12,8
-3,-2,0.0483846,Yield,0,0,-15,10
-3,-6,0.0484078,Yield,0,0,-18,16
-8,-2,0.048431,Yield,0,0,-26,18
-4,-2,0.0484717,Yield,0,0,-30,20
-2,-2,0.0485007,Yield,0,0,-32,22
-3,-2,0.0485123,Yield,0,0,-35,24
-3,-2,0.0485413,Yield,0,0,-38,26
-3,-2,0.0485645,Yield,0,0,-41,28
-3,-2,0.0485994,Yield,0,0,-44,30
-2,-1,0.0486284,Yield,0,0,-46,31
-2,1,0.0487503,Yield,0,0,-48,30
-3,1,0.0487793,Yield,0,0,-51,29
-3,1,0.0487909,Yield,0,0,-54,28
-3,1,0.0488258,Yield,0,0,-57,27
-3,1,0.0488606,Yield,0,0,-60,26
-3,1,0.0488896,Yield,0,0,-63,25
-2,1,0.048907,Yield,0,0,-65,24
-3,1,0.0489244,Yield,0,0,-68,23
-3,1,0.0489419,Yield,0,0,-71,22
-3,1,0.0489719,Yield,0,0,-74,21
-3,1,0.0489999,Yield,0,0,-77,20
-2,1,0.0490289,Yield,0,0,-79,19
-3,2,0.0490754,Yield,0,0,-82,17
-6,1,0.0491044,Yield,0,0,-88,16
-2,1,0.0491566,Yield,0,0,-90,15
-1,1,0.0491799,Yield,0,0,-91,14
-1,1,0.0492147,Yield,0,0,-92,13
-1,1,0.0493424,Yield,0,0,-93,12
-1,1,0.0494005,Yield,0,0,-94,11
-1,2,0.0494237,Yield,0,0,-95,9
-2,3,0.0494701,Yield,0,0,-97,6
-4,2,0.0495049,Yield,0,0,-101,4
-2,2,0.049534,Yield,0,0,-103,2
-3,2,0.0495688,Yield,0,0,-106,0
-3,2,0.049592,Yield,0,0,-109,-2
-4,3,0.0496094,Yield,0,0,-113,-5
-3,3,0.049621,Yield,0,0,-116,-8
-4,2,0.0496559,Yield,0,0,-120,-10
-4,3,0.0496849,Yield,0,0,-124,-13
-4,3,0.0497197,Yield,0,0,-128,-16
-3,3,0.0497429,Yield,0,0,-131,-19
-4,3,0.0497546,Yield,0,0,-135,-22
-3,2,0.0497836,Yield,0,0,-138,-24
-2,2,0.0498068,Yield,0,0,-140,-26
-1,2,0.0498405,Yield,0,0,-141,-28
-1,2,0.0498707,Yield,0,0,-142,-30
1,4,0.0498997,Yield,0,0,-141,-34
2,2,0.0499403,Yield,0,0,-139,-36
1,2,0.0499693,Yield,0,0,-138,-38
1,1,0.0500216,Yield,0,0,-137,-39
1,1,0.0500332,Yield,0,0,-136,-40
1,1,0.0619392,FRAY 1,277,412,-135,-41
1,1,0.0619857,FRAY 1,277,412,-134,-42
1,2,0.0620263,FRAY 1,277,412,-133,-44
-1,2,0.0620379,FRAY 1,277,412,-134,-46
-1,3,0.0620669,FRAY 1,277,412,-135,-49
-1,2,0.0621018,FRAY 1,277,412,-136,-51
-1,6,0.0621308,FRAY 1,277,412,-137,-57
-2,4,0.0621656,FRAY 1,277,412,-139,-61
-1,4,0.0622005,FRAY 1,277,412,-140,-65
-1,3,0.0622179,FRAY 1,277,412,-141,-68
-1,4,0.0622527,FRAY 1,277,412,-142,-72
-1,4,0.0622585,FRAY 1,277,412,-143,-76
-1,3,0.0622933,FRAY 1,277,412,-144,-79
-1,2,0.0623166,FRAY 1,277,412,-145,-81
-1,3,0.0623456,FRAY 1,277,412,-146,-84
1,3,0.0623862,FRAY 1,277,412,-145,-87
1,3,0.0624036,FRAY 1,277,412,-144,-90
1,2,0.062421,FRAY 1,277,412,-143,-92
1,2,0.0624378,FRAY 1,277,412,-142,-94
2,2,0.0624733,FRAY 1,277,412,-140,-96
2,1,0.0624965,FRAY 1,277,412,-138,-97
2,2,0.0625313,FRAY 1,277,412,-136,-99
3,3,0.0625662,FRAY 1,277,412,-133,-102
5,2,0.0625894,FRAY 1,277,412,-128,-104
3,2,0.06263,FRAY 1,277,412,-125,-106
3,2,0.0626358,FRAY 1,277,412,-122,-108
3,2,0.0626765,FRAY 1,277,412,-119,-110
3,1,0.0626823,FRAY 1,277,412,-116,-111
2,3,0.0627055,FRAY 1,277,412,-114,-114
3,3,0.0627403,FRAY 1,277,412,-111,-117
3,3,0.0627751,FRAY 1,277,412,-108,-120
3,3,0.0627868,FRAY 1,277,412,-105,-123
3,3,0.0628274,FRAY 1,277,412,-102,-126
2,2,0.0628332,FRAY 1,277,412,-100,-128
3,2,0.0628564,FRAY 1,277,412,-97,-130
3,2,0.0628854,FRAY 1,277,412,-94,-132
3,2,0.0629145,FRAY 1,277,412,-91,-134
3,2,0.0629261,FRAY 1,277,412,-88,-136
2,2,0.0629609,FRAY 1,277,412,-86,-138
3,2,0.0629783,FRAY 1,277,412,-83,-140
3,1,0.0630015,FRAY 1,277,412,-80,-141
3,2,0.0630364,FRAY 1,277,412,-77,-143
3,2,0.0630654,FRAY 1,277,412,-74,-145
2,2,0.063077,FRAY 1,277,412,-72,-147
3,2,0.0631002,FRAY 1,277,412,-69,-149
3,2,0.0631293,FRAY 1,277,412,-66,-151
3,2,0.0631641,FRAY 1,277,412,-63,-153
3,2,0.0631873,FRAY 1,277,412,-60,-155
3,1,0.0632163,FRAY 1,277,412,-57,-156
2,2,0.0632279,FRAY 1,277,412,-55,-158
3,2,0.0632512,FRAY 1,277,412,-52,-160
3,2,0.0632802,FRAY 1,277,412,-49,-162
3,2,0.063315,FRAY 1,277,412,-46,-164
3,2,0.0633556,FRAY 1,277,412,-43,-166
2,4,0.0633789,FRAY 1,277,412,-41,-170
6,1,0.0634021,FRAY 1,277,412,-35,-171
3,2,0.0634253,FRAY 1,277,412,-32,-173
3,2,0.0634659,FRAY 1,277,412,-29,-175
2,2,0.063495,FRAY 1,277,412,-27,-177
3,4,0.0635298,FRAY 1,277,412,-24,-181
6,2,0.063553,FRAY 1,277,412,-18,-183
3,2,0.0635762,FRAY 1,277,412,-15,-185
3,1,0.0636169,FRAY 1,277,412,-12,-186
2,2,0.0636401,FRAY 1,277,412,-10,-188
3,4,0.0636807,FRAY 1,277,412,-7,-192
6,2,0.0637214,FRAY 1,277,412,-1,-194
3,2,0.0637446,FRAY 1,277,412,2,-196
2,2,0.0637678,FRAY 1,277,412,4,-198
3,2,0.0638026,FRAY 1,277,412,7,-200
3,1,0.06382,FRAY 1,277,412,10,-201
3,2,0.0638317,FRAY 1,277,412,13,-203
3,3,0.0638665,FRAY 1,277,412,16,-206
2,3,0.0638955,FRAY 1,277,412,18,-209
3,3,0.0639361,FRAY 1,277,412,21,-212
3,3,0.0639652,FRAY 1,277,412,24,-215
3,2,0.063971,FRAY 1,277,412,27,-217
3,3,0.0639826,FRAY 1,277,412,30,-220
3,3,0.0640058,FRAY 1,277,412,33,-223
2,3,0.0640406,FRAY 1,277,412,35,-226
3,3,0.0640755,FRAY 1,277,412,38,-229
3,5,0.0641045,FRAY 1,277,412,41,-234
6,3,0.0641393,FRAY 1,277,412,47,-237
2,4,0.0641625,FRAY 1,277,412,49,-241
3,4,0.0641916,FRAY 1,277,412,52,-245
3,3,0.0642148,FRAY 1,277,412,55,-248
3,4,0.0642264,FRAY 1,277,412,58,-252
3,4,0.0642554,FRAY 1,277,412,61,-256
2,4,0.0642902,FRAY 1,277,412,63,-260
3,3,0.0643077,FRAY 1,277,412,66,-263
3,4,0.0643367,FRAY 1,277,412,69,-267
3,4,0.0643541,FRAY 1,277,412,72,-271
3,4,0.0643773,FRAY 1,277,412,75,-275
2,3,0.064418,FRAY 1,277,412,77,-278
3,4,0.0644412,FRAY 1,277,412,80,-282
3,4,0.0644644,FRAY 1,277,412,83,-286
3,4,0.0644876,FRAY 1,277,412,86,-290
3,3,0.0645224,FRAY 1,277,412,89,-293
3,4,0.0645283,FRAY 1,277,412,92,-297
2,4,0.0645631,FRAY 1,277,412,94,-301
3,4,0.0645863,FRAY 1,277,412,97,-305
3,3,0.0646269,FRAY 1,277,412,100,-308
3,4,0.0646502,FRAY 1,277,412,103,-312
3,4,0.0646734,FRAY 1,277,412,106,-316
2,4,0.0646792,FRAY 1,277,412,108,-320
3,3,0.064714,FRAY 1,277,412,111,-323
3,4,0.0647372,FRAY 1,277,412,114,-327
3,4,0.0647721,FRAY 1,277,412,117,-331
3,4,0.0647953,FRAY 1,277,412,120,-335
2,3,0.0648243,FRAY 1,277,412,122,-338
3,1,0.0648359,FRAY 1,277,412,125,-339
3,4,0.0648649,FRAY 1,277,412,128,-343
3,4,0.0648882,FRAY 1,277,412,131,-347
3,3,0.064923,FRAY 1,277,412,134,-350
2,4,0.064952,FRAY 1,277,412,136,-354
3,4,0.0649636,FRAY 1,277,412,139,-358
3,4,0.0649927,FRAY 1,277,412,142,-362
3,3,0.0650101,FRAY 1,277,412,145,-365
3,4,0.0650333,FRAY 1,277,412,148,-369
2,4,0.0650739,FRAY 1,277,412,150,-373
3,4,0.0651036,FRAY 1,277,412,153,-377
3,7,0.0651378,FRAY 1,277,412,156,-384
6,4,0.065161,FRAY 1,277,412,162,-388
3,4,0.0651958,FRAY 1,277,412,165,-392
2,3,0.0652249,FRAY 1,277,412,167,-395
3,4,0.0652423,FRAY 1,277,412,170,-399
3,8,0.0652887,FRAY 1,277,412,173,-407
6,3,0.0653235,FRAY 1,277,412,179,-410
2,4,0.0653468,FRAY 1,277,412,181,-414
3,4,0.06537,FRAY 1,277,412,184,-418
3,4,0.0654048,FRAY 1,277,412,187,-422
3,3,0.065428,FRAY 1,277,412,190,-425
3,4,0.0654396,FRAY 1,277,412,193,-429
2,4,0.0654745,FRAY 1,277,412,195,-433
3,4,0.0655035,FRAY 1,277,412,198,-437
3,3,0.0655209,FRAY 1,277,412,201,-440
3,4,0.0655615,FRAY 1,277,412,204,-444
3,4,0.0655673,FRAY 1,277,412,207,-448
2,4,0.0655906,FRAY 1,277,412,209,-452
3,3,0.0656254,FRAY 1,277,412,212,-455
3,4,0.0656602,FRAY 1,277,412,215,-459
3,4,0.0656821,FRAY 1,277,412,218,-463
3,4,0.0656893,FRAY 1,277,412,221,-467
3,3,0.0657357,FRAY 1,277,412,224,-470
2,4,0.0657473,FRAY 1,277,412,226,-474
3,4,0.0657705,FRAY 1,277,412,229,-478
3,4,0.0658112,FRAY 1,277,412,232,-482
3,3,0.0658344,FRAY 1,277,412,235,-485
3,4,0.0658576,FRAY 1,277,412,238,-489
2,4,0.0658866,FRAY 1,277,412,240,-493
3,4,0.065904,FRAY 1,277,412,243,-497
3,3,0.0659273,FRAY 1,277,412,246,-500
3,4,0.0659563,FRAY 1,277,412,249,-504
3,8,0.0659969,FRAY 1,277,412,252,-512
5,3,0.0660143,FRAY 1,277,412,257,-515
3,4,0.0660492,FRAY 1,277,412,260,-519
3,4,0.0660724,FRAY 1,277,412,263,-523
3,4,0.066113,FRAY 1,277,412,266,-527
3,4,0.0661362,FRAY 1,277,412,269,-531
1,4,0.0661444,FRAY 1,277,412,270,-535
2,3,0.0661769,FRAY 1,277,412,272,-538
2,4,0.0662117,FRAY 1,277,412,274,-542
2,4,0.0662349,FRAY 1,277,412,276,-546
2,4,0.0662581,FRAY 1,277,412,278,-550
2,3,0.066293,FRAY 1,277,412,280,-553
2,4,0.0663046,FRAY 1,277,412,282,-557
2,4,0.066322,FRAY 1,277,412,284,-561
3,4,0.0663568,FRAY 1,277,412,287,-565
3,3,0.0663943,FRAY 1,277,412,290,-568
3,4,0.0664091,FRAY 1,277,412,293,-572
3,4,0.0664439,FRAY 1,277,412,296,-576
2,4,0.0664497,FRAY 1,277,412,298,-580
3,2,0.0664729,FRAY 1,277,412,301,-582
3,3,0.0665078,FRAY 1,277,412,304,-585
3,3,0.0665426,FRAY 1,277,412,307,-588
3,3,0.0665716,FRAY 1,277,412,310,-591
3,3,0.0665948,FRAY 1,277,412,313,-594
2,2,0.0666006,FRAY 1,277,412,315,-596
3,3,0.0666239,FRAY 1,277,412,318,-599
2,3,0.0666587,FRAY 1,277,412,320,-602
2,3,0.0666877,FRAY 1,277,412,322,-605
2,2,0.0667225,FRAY 1,277,412,324,-607
2,4,0.0667516,FRAY 1,277,412,326,-611
2,1,0.0667767,FRAY 1,277,412,328,-612
1,2,0.0668096,FRAY 1,277,412,329,-614
1,2,0.0668444,FRAY 1,277,412,330,-616
1,1,0.0668735,FRAY 1,277,412,331,-617
1,1,0.0669083,FRAY 1,277,412,332,-618
1,1,0.0669373,FRAY 1,277,412,333,-619
1,1,0.0669605,FRAY 1,277,412,334,-620
-1,1,0.0669954,FRAY 1,277,412,333,-621
-1,1,0.0670476,FRAY 1,277,412,332,-622
-1,1,0.0670592,FRAY 1,277,412,331,-623
-1,1,0.0670824,FRAY 1,277,412,330,-624
-1,1,0.067512,FRAY 1,277,412,329,-625
-1,-1,0.0677849,FRAY 1,277,412,328,-624
-1,-1,0.0678023,FRAY 1,277,412,327,-623
-2,-2,0.0678313,FRAY 1,277,412,325,-621
-2,-2,0.0678661,FRAY 1,277,412,323,-619
-3,-2,0.0678835,FRAY 1,277,412,320,-617
-3,-1,0.0679126,FRAY 1,277,412,317,-616
-4,-2,0.06793,FRAY 1,277,412,313,-614
-3,-2,0.0679706,FRAY 1,277,412,310,-612
-4,-2,0.067988,FRAY 1,277,412,306,-610
-4,-2,0.0680171,FRAY 1,277,412,302,-608
-4,-2,0.0680519,FRAY 1,277,412,298,-606
-3,-1,0.0680577,FRAY 1,277,412,295,-605
-4,-1,0.0680809,FRAY 1,277,412,291,-604
-3,-1,0.0681157,FRAY 1,277,412,288,-603
1,-1,0.0682957,FRAY 1,277,412,289,-602
1,-1,0.0683305,FRAY 1,277,412,290,-601
-1,-2,0.0683712,FRAY 1,277,412,289,-599
-2,-2,0.0683886,FRAY 1,277,412,287,-597
-3,-2,0.0684176,FRAY 1,277,412,284,-595
-3,-2,0.068435,FRAY 1,277,412,281,-593
-2,-2,0.068464,FRAY 1,277,412,279,-591
-3,-2,0.0685163,FRAY 1,277,412,276,-589
-1,-1,0.077276,SAN- 2,151,174,275,-588
-1,-1,0.0772992,SAN- 2,151,174,274,-587
-1,-2,0.0773283,SAN- 2,151,174,273,-585
-2,-2,0.0773631,SAN- 2,151,174,271,-583
-2,-2,0.0773689,SAN- 2,151,174,269,-581
-3,-3,0.0773863,SAN- 2,151,174,266,-578
-3,-3,0.0774269,SAN- 2,151,174,263,-575
-3,-3,0.0774502,SAN- 2,151,174,260,-572
-2,-3,0.0774792,SAN- 2,151,174,258,-569
-3,-2,0.077514,SAN- 2,151,174,255,-567
-3,-3,0.0775198,SAN- 2,151,174,252,-564
-3,-3,0.077543,SAN- 2,151,174,249,-561
-3,-3,0.077571,SAN- 2,151,174,246,-558
-2,-3,0.0776011,SAN- 2,151,174,244,-555
-3,-3,0.0776185,SAN- 2,151,174,241,-552
-2,-2,0.0776649,SAN- 2,151,174,239,-550
-2,-3,0.0776766,SAN- 2,151,174,237,-547
-2,-3,0.0776998,SAN- 2,151,174,235,-544
-2,-3,0.0777288,SAN- 2,151,174,233,-541
-2,-3,0.077752,SAN- 2,151,174,231,-538
-1,-2,0.077781,SAN- 2,151,174,230,-536
-2,-3,0.0778159,SAN- 2,151,174,228,-533
-2,-3,0.0778275,SAN- 2,151,174,226,-530
-2,-3,0.0778507,SAN- 2,151,174,224,-527
-2,-3,0.0778797,SAN- 2,151,174,222,-524
-2,-2,0.0779029,SAN- 2,151,174,220,-522
-2,-3,0.0779378,SAN- 2,151,174,218,-519
-3,-3,0.0779494,SAN- 2,151,174,215,-516
-2,-3,0.0779668,SAN- 2,151,174,213,-513
-3,-3,0.0780016,SAN- 2,151,174,210,-510
-3,-3,0.0780307,SAN- 2,151,174,207,-507
-3,-2,0.0780597,SAN- 2,151,174,204,-505
-3,-3,0.0780887,SAN- 2,151,174,201,-502
-2,-3,0.0781119,SAN- 2,151,174,199,-499
-3,-3,0.0781293,SAN- 2,151,174,196,-496
-3,-3,0.0781526,SAN- 2,151,174,193,-493
-2,-2,0.0781874,SAN- 2,151,174,191,-491
-2,-3,0.0782164,SAN- 2,151,174,189,-488
-2,-3,0.0782338,SAN- 2,151,174,187,-485
-2,-3,0.0782648,SAN- 2,151,174,185,-482
-1,-3,0.0782861,SAN- 2,151,174,184,-479
-2,-2,0.0783035,SAN- 2,151,174,182,-477
-1,-3,0.0783383,SAN- 2,151,174,181,-474
-1,-3,0.0783557,SAN- 2,151,174,180,-471
-1,-3,0.0783848,SAN- 2,151,174,179,-468
-1,-3,0.078408,SAN- 2,151,174,178,-465
-1,-3,0.0784254,SAN- 2,151,174,177,-462
-1,-2,0.0784486,SAN- 2,151,174,176,-460
-1,-3,0.0784718,SAN- 2,151,174,175,-457
-1,-3,0.0785067,SAN- 2,151,174,174,-454
-1,-3,0.07854,SAN- 2,151,174,173,-451
-1,-3,0.0785705,SAN- 2,151,174,172,-448
-1,-2,0.0785763,SAN- 2,151,174,171,-446
-1,-3,0.078601,SAN- 2,151,174,170,-443
-1,-3,0.0786286,SAN- 2,151,174,169,-440
-1,-3,0.0786576,SAN- 2,151,174,168,-437
-2,-3,0.0786692,SAN- 2,151,174,166,-434
-2,-5,0.0787215,SAN- 2,151,174,164,-429
-4,-3,0.0787563,SAN- 2,151,174,160,-426
-3,-3,0.0787795,SAN- 2,151,174,157,-423
-3,-3,0.0788027,SAN- 2,151,174,154,-420
-3,-3,0.0788143,SAN- 2,151,174,151,-417
-3,-2,0.0788492,SAN- 2,151,174,148,-415
-3,-3,0.0788666,SAN- 2,151,174,145,-412
-4,-3,0.0788956,SAN- 2,151,174,141,-409
-4,-3,0.0789188,SAN- 2,151,174,137,-406
-4,-3,0.0789465,SAN- 2,151,174,133,-403
-3,-2,0.0789711,SAN- 2,151,174,130,-401
-4,-3,0.0789943,SAN- 2,151,174,126,-398
-4,-3,0.0790233,SAN- 2,151,174,122,-395
-4,-3,0.0790465,SAN- 2,151,174,118,-392
-3,-3,0.0790698,SAN- 2,151,174,115,-389
-4,-2,0.0791046,SAN- 2,151,174,111,-387
-4,-3,0.079122,SAN- 2,151,174,107,-384
-3,-3,0.0791452,SAN- 2,151,174,104,-381
-3,-3,0.0791742,SAN- 2,151,174,101,-378
-3,-3,0.0791975,SAN- 2,151,174,98,-375
-3,-3,0.0792323,SAN- 2,151,174,95,-372
-3,-2,0.0792613,SAN- 2,151,174,92,-370
-3,-3,0.0792729,SAN- 2,151,174,89,-367
-2,-3,0.0792961,SAN- 2,151,174,87,-364
-3,-3,0.0793194,SAN- 2,151,174,84,-361
-3,-3,0.0793542,SAN- 2,151,174,81,-358
-3,-2,0.0793832,SAN- 2,151,174,78,-356
-3,-3,0.079418,SAN- 2,151,174,75,-353
-2,-3,0.0794239,SAN- 2,151,174,73,-350
-3,-3,0.0794471,SAN- 2,151,174,70,-347
-3,-3,0.0794703,SAN- 2,151,174,67,-344
-3,-2,0.0794976,SAN- 2,151,174,64,-342
-3,-3,0.0795283,SAN- 2,151,174,61,-339
-2,-3,0.0795583,SAN- 2,151,174,59,-336
-3,-3,0.0795748,SAN- 2,151,174,56,-333
-3,-3,0.079598,SAN- 2,151,174,53,-330
-3,-3,0.0796212,SAN- 2,151,174,50,-327
-3,-2,0.0796444,SAN- 2,151,174,47,-325
-3,-3,0.0796793,SAN- 2,151,174,44,-322
-2,-3,0.0797141,SAN- 2,151,174,42,-319
-2,-3,0.0797257,SAN- 2,151,174,40,-316
-2,-3,0.0797541,SAN- 2,151,174,38,-313
-1,-2,0.0797722,SAN- 2,151,174,37,-311
-1,-3,0.0797999,SAN- 2,151,174,36,-308
-1,-3,0.0798302,SAN- 2,151,174,35,-305
1,-3,0.079865,SAN- 2,151,174,36,-302
1,-2,0.0798941,SAN- 2,151,174,37,-300
2,-2,0.0798999,SAN- 2,151,174,39,-298
2,-1,0.0799347,SAN- 2,151,174,41,-297
2,-2,0.0799405,SAN- 2,151,174,43,-295
2,-2,0.0799753,SAN- 2,151,174,45,-293
3,-2,0.0800044,SAN- 2,151,174,48,-291
2,-2,0.0800218,SAN- 2,151,174,50,-289
2,-2,0.0800508,SAN- 2,151,174,52,-287
2,-2,0.0800682,SAN- 2,151,174,54,-285
1,-2,0.0800914,SAN- 2,151,174,55,-283
1,-1,0.0801263,SAN- 2,151,174,56,-282
-1,-2,0.0801495,SAN- 2,151,174,55,-280
-2,-2,0.0801727,SAN- 2,151,174,53,-278
-2,-3,0.0801901,SAN- 2,151,174,51,-275
-3,-3,0.0802191,SAN- 2,151,174,48,-272
-3,-3,0.080254,SAN- 2,151,174,45,-269
-2,-2,0.0802714,SAN- 2,151,174,43,-267
-3,-3,0.0803178,SAN- 2,151,174,40,-264
-4,-3,0.0803236,SAN- 2,151,174,36,-261
-3,-3,0.0803468,SAN- 2,151,174,33,-258
-3,-3,0.0803817,SAN- 2,151,174,30,-255
-2,-3,0.0804165,SAN- 2,151,174,28,-252
-2,-2,0.0804223,SAN- 2,151,174,26,-250
-2,-3,0.0804455,SAN- 2,151,174,24,-247
-1,-3,0.0804571,SAN- 2,151,174,23,-244
-1,-3,0.080492,SAN- 2,151,174,22,-241
-1,-3,0.0805152,SAN- 2,151,174,21,-238
1,-2,0.0805442,SAN- 2,151,174,22,-236
1,-2,0.0805616,SAN- 2,151,174,23,-234
1,-2,0.0805849,SAN- 2,151,174,24,-232
2,-1,0.0806156,SAN- 2,151,174,26,-231
2,-1,0.0806429,SAN- 2,151,174,28,-230
1,-1,0.0806777,SAN- 2,151,174,29,-229
2,1,0.0807416,SAN- 2,151,174,31,-230
2,1,0.080759,SAN- 2,151,174,33,-231
2,1,0.0807938,SAN- 2,151,174,35,-232
2,1,0.0808229,SAN- 2,151,174,37,-233
1,1,0.0808577,SAN- 2,151,174,38,-234
1,1,0.0808867,SAN- 2,151,174,39,-235
1,1,0.0809157,SAN- 2,151,174,40,-236
2,-1,0.0811944,SAN- 2,151,174,42,-235
2,-1,0.0812176,SAN- 2,151,174,44,-234
2,-1,0.0812466,SAN- 2,151,174,46,-233
3,-1,0.081264,SAN- 2,151,174,49,-232
2,-2,0.0813047,SAN- 2,151,174,51,-230
3,-2,0.0813221,SAN- 2,151,174,54,-228
3,-2,0.0813453,SAN- 2,151,174,57,-226
3,-2,0.0813743,SAN- 2,151,174,60,-224
3,-1,0.0814034,SAN- 2,151,174,63,-223
2,-2,0.081415,SAN- 2,151,174,65,-221
3,-2,0.0814556,SAN- 2,151,174,68,-219
3,-2,0.081473,SAN- 2,151,174,71,-217
3,-2,0.0814962,SAN- 2,151,174,74,-215
3,-2,0.0815195,SAN- 2,151,174,77,-213
2,-2,0.0815601,SAN- 2,151,174,79,-211
1,-2,0.0815659,SAN- 2,151,174,80,-209
1,-1,0.0815949,SAN- 2,151,174,81,-208
1,-1,0.0816239,SAN- 2,151,174,82,-207
1,-1,0.0816472,SAN- 2,151,174,83,-206
1,-1,0.0816704,SAN- 2,151,174,84,-205
1,1,0.0817981,SAN- 2,151,174,85,-206
-1,1,0.0818271,SAN- 2,151,174,84,-207
-1,2,0.0818561,SAN- 2,151,174,83,-209
-1,2,0.0818736,SAN- 2,151,174,82,-211
-1,1,0.0819316,SAN- 2,151,174,81,-212
-1,1,0.0819432,SAN- 2,151,174,80,-213
-1,-1,0.091745,-TIA- 3,279,231,79,-212
1,-2,0.0918001,-TIA- 3,279,231,80,-210
2,-2,0.0918233,-TIA- 3,279,231,82,-208
2,-2,0.0918407,-TIA- 3,279,231,84,-206
2,-2,0.0918732,-TIA- 3,279,231,86,-204
2,-2,0.0918988,-TIA- 3,279,231,88,-202
2,-1,0.0919278,-TIA- 3,279,231,90,-201
1,1,0.0920787,-TIA- 3,279,231,91,-202
1,1,0.0921252,-TIA- 3,279,231,92,-203
1,1,0.0921426,-TIA- 3,279,231,93,-204
1,1,0.0922006,-TIA- 3,279,231,94,-205
1,1,0.0924154,-TIA- 3,279,231,95,-206
1,1,0.0924386,-TIA- 3,279,231,96,-207
2,2,0.0924562,-TIA- 3,279,231,98,-209
2,2,0.0924909,-TIA- 3,279,231,100,-211
3,3,0.0925257,-TIA- 3,279,231,103,-214
3,2,0.0925547,-TIA- 3,279,231,106,-216
3,3,0.0925663,-TIA- 3,279,231,109,-219
2,3,0.0925896,-TIA- 3,279,231,111,-222
3,3,0.0926128,-TIA- 3,279,231,114,-225
3,3,0.0926476,-TIA- 3,279,231,117,-228
3,2,0.0926592,-TIA- 3,279,231,120,-230
3,3,0.0926941,-TIA- 3,279,231,123,-233
2,3,0.0927173,-TIA- 3,279,231,125,-236
3,3,0.0927405,-TIA- 3,279,231,128,-239
3,2,0.0927637,-TIA- 3,279,231,131,-241
3,2,0.0927985,-TIA- 3,279,231,134,-243
3,2,0.0928118,-TIA- 3,279,231,137,-245
1,-1,0.0929669,-TIA- 3,279,231,138,-244
1,-1,0.0929901,-TIA- 3,279,231,139,-243
1,-1,0.093044,-TIA- 3,279,231,140,-242
2,-1,0.0930772,-TIA- 3,279,231,142,-241
2,1,0.093141,-TIA- 3,279,231,144,-242
3,1,0.0931701,-TIA- 3,279,231,147,-243
3,2,0.0931991,-TIA- 3,279,231,150,-245
3,1,0.0932281,-TIA- 3,279,231,153,-246
3,2,0.0932629,-TIA- 3,279,231,156,-248
2,3,0.0932688,-TIA- 3,279,231,158,-251
3,3,0.093292,-TIA- 3,279,231,161,-254
3,3,0.0933268,-TIA- 3,279,231,164,-257
3,3,0.09335,-TIA- 3,279,231,167,-260
3,2,0.093379,-TIA- 3,279,231,170,-262
3,3,0.0934197,-TIA- 3,279,231,173,-265
2,3,0.0934313,-TIA- 3,279,231,175,-268
3,3,0.0934429,-TIA- 3,279,231,178,-271
3,3,0.0934661,-TIA- 3,279,231,181,-274
3,1,0.093501,-TIA- 3,279,231,184,-275
3,2,0.0935242,-TIA- 3,279,231,187,-277
2,1,0.0935648,-TIA- 3,279,231,189,-278
1,-1,0.0936461,-TIA- 3,279,231,190,-277
1,-2,0.0936693,-TIA- 3,279,231,191,-275
1,-2,0.0936925,-TIA- 3,279,231,192,-273
1,-2,0.0937157,-TIA- 3,279,231,193,-271
1,-1,0.0937448,-TIA- 3,279,231,194,-270
2,-1,0.0937738,-TIA- 3,279,231,196,-269
1,-1,0.0937854,-TIA- 3,279,231,197,-268
3,1,0.093826,-TIA- 3,279,231,200,-269
3,1,0.0938434,-TIA- 3,279,231,203,-270
3,1,0.0938667,-TIA- 3,279,231,206,-271
2,2,0.0939015,-TIA- 3,279,231,208,-273
3,2,0.0939247,-TIA- 3,279,231,211,-275
3,2,0.0939479,-TIA- 3,279,231,214,-277
3,2,0.093977,-TIA- 3,279,231,217,-279
3,2,0.0939944,-TIA- 3,279,231,220,-281
3,1,0.0940176,-TIA- 3,279,231,223,-282
2,1,0.0940466,-TIA- 3,279,231,225,-283
3,-1,0.0940989,-TIA- 3,279,231,228,-282
3,-1,0.0941337,-TIA- 3,279,231,231,-281
3,-2,0.0941453,-TIA- 3,279,231,234,-279
2,-2,0.0941685,-TIA- 3,279,231,236,-277
3,-2,0.0941917,-TIA- 3,279,231,239,-275
3,-2,0.0942266,-TIA- 3,279,231,242,-273
3,-2,0.0942498,-TIA- 3,279,231,245,-271
3,-3,0.0942846,-TIA- 3,279,231,248,-268
2,-2,0.094302,-TIA- 3,279,231,250,-266
3,-2,0.0943253,-TIA- 3,279,231,253,-264
3,-2,0.0943485,-TIA- 3,279,231,256,-262
3,-2,0.0943775,-TIA- 3,279,231,259,-260
3,-2,0.0944123,-TIA- 3,279,231,262,-258
3,-2,0.0944181,-TIA- 3,279,231,265,-256
2,-1,0.094453,-TIA- 3,279,231,267,-255
3,-2,0.0944762,-TIA- 3,279,231,270,-253
3,-2,0.0944994,-TIA- 3,279,231,273,-251
3,-2,0.0945284,-TIA- 3,279,231,276,-249
3,-2,0.0945633,-TIA- 3,279,231,279,-247
2,-2,0.0945691,-TIA- 3,279,231,281,-245
3,-2,0.0946039,-TIA- 3,279,231,284,-243
3,-2,0.0946271,-TIA- 3,279,231,287,-241
3,-1,0.0946736,-TIA- 3,279,231,290,-240
2,-1,0.0946968,-TIA- 3,279,231,292,-239
3,-1,0.0947258,-TIA- 3,279,231,295,-238
3,1,0.0948245,-TIA- 3,279,231,298,-239
2,1,0.0948419,-TIA- 3,279,231,300,-240
3,1,0.0948651,-TIA- 3,279,231,303,-241
3,2,0.0948883,-TIA- 3,279,231,306,-243
3,3,0.0949174,-TIA- 3,279,231,309,-246
3,3,0.0949522,-TIA- 3,279,231,312,-249
2,3,0.0949754,-TIA- 3,279,231,314,-252
3,3,0.0949928,-TIA- 3,279,231,317,-255
3,2,0.0950219,-TIA- 3,279,231,320,-257
3,3,0.0950567,-TIA- 3,279,231,323,-260
2,3,0.0950857,-TIA- 3,279,231,325,-263
1,3,0.0951205,-TIA- 3,279,231,326,-266
1,1,0.095167,-TIA- 3,279,231,327,-267
-1,-1,0.108344,GO 4,91,186,326,-266
-1,-1,0.108373,GO 4,91,186,325,-265
-1,-2,0.108402,GO 4,91,186,324,-263
-1,-3,0.10842,GO 4,91,186,323,-260
-1,-3,0.108455,GO 4,91,186,322,-257
-2,-3,0.108478,GO 4,91,186,320,-254
-1,-3,0.108495,GO 4,91,186,319,-251
-2,-2,0.108518,GO 4,91,186,317,-249
-2,-3,0.108547,GO 4,91,186,315,-246
-2,-3,0.108577,GO 4,91,186,313,-243
-3,-3,0.108606,GO 4,91,186,310,-240
-3,-3,0.10864,GO 4,91,186,307,-237
-3,-2,0.108646,GO 4,91,186,304,-235
-2,-3,0.108669,GO 4,91,186,302,-232
-3,-3,0.108704,GO 4,91,186,299,-229
-4,-3,0.108733,GO 4,91,186,295,-226
-4,-3,0.108751,GO 4,91,186,291,-223
-3,-2,0.10878,GO 4,91,186,288,-221
-4,-3,0.108797,GO 4,91,186,284,-218
-4,-3,0.10882,GO 4,91,186,280,-215
-4,-3,0.108855,GO 4,91,186,276,-212
-3,-3,0.108884,GO 4,91,186,273,-209
-4,-3,0.108919,GO 4,91,186,269,-206
-4,-2,0.108925,GO 4,91,186,265,-204
-4,-3,0.108954,GO 4,91,186,261,-201
-3,-3,0.108971,GO 4,91,186,258,-198
-3,-3,0.109,GO 4,91,186,255,-195
-3,-3,0.109037,GO 4,91,186,252,-192
-3,-1,0.10907,GO 4,91,186,249,-191
-2,-2,0.109076,GO 4,91,186,247,-189
-2,-2,0.109103,GO 4,91,186,245,-187
-1,-2,0.109128,GO 4,91,186,244,-185
-2,-2,0.109157,GO 4,91,186,242,-183
-3,-2,0.109192,GO 4,91,186,239,-181
-3,-3,0.109221,GO 4,91,186,236,-178
-3,-2,0.109232,GO 4,91,186,233,-176
-3,-3,0.109256,GO 4,91,186,230,-173
-2,-3,0.109285,GO 4,91,186,228,-170
-4,-3,0.109308,GO 4,91,186,224,-167
-4,-3,0.109343,GO 4,91,186,220,-164
-4,-3,0.109366,GO 4,91,186,216,-161
-3,-2,0.109383,GO 4,91,186,213,-159
-4,-3,0.109407,GO 4,91,186,209,-156
-4,-3,0.10943,GO 4,91,186,205,-153
-4,-2,0.10947,GO 4,91,186,201,-151
-3,-2,0.109488,GO 4,91,186,198,-149
-4,-2,0.109502,GO 4,91,186,194,-147
-4,-1,0.109534,GO 4,91,186,190,-146
-4,-2,0.109558,GO 4,91,186,186,-144
-3,-2,0.109581,GO 4,91,186,183,-142
-4,-2,0.109616,GO 4,91,186,179,-140
-4,-4,0.109656,GO 4,91,186,175,-136
-7,-2,0.109685,GO 4,91,186,168,-134
-4,-2,0.109708,GO 4,91,186,164,-132
-4,-1,0.109737,GO 4,91,186,160,-131
-4,-2,0.109767,GO 4,91,186,156,-129
-3,-2,0.109801,GO 4,91,186,153,-127
-4,-2,0.109807,GO 4,91,186,149,-125
-4,-2,0.10983,GO 4,91,186,145,-123
-4,-2,0.109859,GO 4,91,186,141,-121
-3,-2,0.109888,GO 4,91,186,138,-119
-4,-2,0.109917,GO 4,91,186,134,-117
-3,-1,0.109952,GO 4,91,186,131,-116
-2,-1,0.109981,GO 4,91,186,129,-115
-1,1,0.110103,GO 4,91,186,128,-116
-1,1,0.110109,GO 4,91,186,127,-117
-1,1,0.110132,GO 4,91,186,126,-118
-1,1,0.110167,GO 4,91,186,125,-119
-1,1,0.110224,GO 4,91,186,124,-120
-1,1,0.110254,GO 4,91,186,123,-121
-1,1,0.110266,GO 4,91,186,122,-122
-1,1,0.110283,GO 4,91,186,121,-123
-2,1,0.110318,GO 4,91,186,119,-124
-2,1,0.110351,GO 4,91,186,117,-125
-2,1,0.110376,GO 4,91,186,115,-126
-3,1,0.110405,GO 4,91,186,112,-127
-3,2,0.11044,GO 4,91,186,109,-129
-3,2,0.110469,GO 4,91,186,106,-131
-3,2,0.110504,GO 4,91,186,103,-133
-3,2,0.110533,GO 4,91,186,100,-135
-2,2,0.110544,GO 4,91,186,98,-137
-3,2,0.110568,GO 4,91,186,95,-139
-3,3,0.110591,GO 4,91,186,92,-142
-3,2,0.110614,GO 4,91,186,89,-144
-2,3,0.110637,GO 4,91,186,87,-147
-2,3,0.110684,GO 4,91,186,85,-150
-1,3,0.110695,GO 4,91,186,84,-153
-2,3,0.110719,GO 4,91,186,82,-156
-1,2,0.110748,GO 4,91,186,81,-158
-1,3,0.110777,GO 4,91,186,80,-161
-1,3,0.110789,GO 4,91,186,79,-164
-1,3,0.110823,GO 4,91,186,78,-167
-1,3,0.11084,GO 4,91,186,77,-170
-1,2,0.110864,GO 4,91,186,76,-172
-1,3,0.110893,GO 4,91,186,75,-175
-2,3,0.110928,GO 4,91,186,73,-178
-2,3,0.110933,GO 4,91,186,71,-181
-2,3,0.110962,GO 4,91,186,69,-184
-2,3,0.110991,GO 4,91,186,67,-187
-3,2,0.111015,GO 4,91,186,64,-189
-3,3,0.111038,GO 4,91,186,61,-192
-3,3,0.111078,GO 4,91,186,58,-195
-3,3,0.111084,GO 4,91,186,55,-198
-2,3,0.111113,GO 4,91,186,53,-201
-3,2,0.111142,GO 4,91,186,50,-203
-3,3,0.111166,GO 4,91,186,47,-206
-3,3,0.111189,GO 4,91,186,44,-209
-3,3,0.111224,GO 4,91,186,41,-212
-2,3,0.111253,GO 4,91,186,39,-215
-3,2,0.111264,GO 4,91,186,36,-217
-3,3,0.111276,GO 4,91,186,33,-220
-2,3,0.111308,GO 4,91,186,31,-223
-2,3,0.111334,GO 4,91,186,29,-226
-2,3,0.111363,GO 4,91,186,27,-229
-2,3,0.111398,GO 4,91,186,25,-232
-1,2,0.111404,GO 4,91,186,24,-234
-2,3,0.111427,GO 4,91,186,22,-237
-2,3,0.111462,GO 4,91,186,20,-240
-2,3,0.111485,GO 4,91,186,18,-243
-2,3,0.111514,GO 4,91,186,16,-246
-2,2,0.111531,GO 4,91,186,14,-248
-2,3,0.111554,GO 4,91,186,12,-251
-2,3,0.111583,GO 4,91,186,10,-254
-1,3,0.111613,GO 4,91,186,9,-257
-1,3,0.111636,GO 4,91,186,8,-260
-1,2,0.111668,GO 4,91,186,7,-262
-1,3,0.111682,GO 4,91,186,6,-265
-1,3,0.111705,GO 4,91,186,5,-268
-1,3,0.111734,GO 4,91,186,4,-271
-1,3,0.111763,GO 4,91,186,3,-274
-1,3,0.111804,GO 4,91,186,2,-277
-1,1,0.111821,GO 4,91,186,1,-278
-1,2,0.111833,GO 4,91,186,0,-280
-1,1,0.111862,GO 4,91,186,-1,-281
-1,1,0.111885,GO 4,91,186,-2,-282
-1,1,0.111914,GO 4,91,186,-3,-283
-1,-1,0.121347,FRAY 5,167,425,-4,-282
-1,-2,0.121394,FRAY 5,167,425,-5,-280
-1,-2,0.121429,FRAY 5,167,425,-6,-278
1,-1,0.12144,FRAY 5,167,425,-5,-277
1,-1,0.12158,FRAY 5,167,425,-4,-276
-2,-1,0.121597,FRAY 5,167,425,-6,-275
-2,-1,0.12162,FRAY 5,167,425,-8,-274
-2,-1,0.121649,FRAY 5,167,425,-10,-273
-2,-1,0.121678,FRAY 5,167,425,-12,-272
-1,1,0.121748,FRAY 5,167,425,-13,-273
-1,1,0.121754,FRAY 5,167,425,-14,-274
-1,2,0.121789,FRAY 5,167,425,-15,-276
-1,3,0.121812,FRAY 5,167,425,-16,-279
-1,3,0.121844,FRAY 5,167,425,-17,-282
-1,2,0.121876,FRAY 5,167,425,-18,-284
-1,4,0.121882,FRAY 5,167,425,-19,-288
-2,4,0.121907,FRAY 5,167,425,-21,-292
-2,4,0.12193,FRAY 5,167,425,-23,-296
-2,3,0.121963,FRAY 5,167,425,-25,-299
-1,4,0.121996,FRAY 5,167,425,-26,-303
-2,4,0.122027,FRAY 5,167,425,-28,-307
-1,4,0.122035,FRAY 5,167,425,-29,-311
-1,3,0.122061,FRAY 5,167,425,-30,-314
-1,4,0.122085,FRAY 5,167,425,-31,-318
1,4,0.122114,FRAY 5,167,425,-30,-322
1,4,0.122137,FRAY 5,167,425,-29,-326
2,3,0.122172,FRAY 5,167,425,-27,-329
1,4,0.122189,FRAY 5,167,425,-26,-333
2,4,0.122212,FRAY 5,167,425,-24,-337
2,4,0.122241,FRAY 5,167,425,-22,-341
2,3,0.122265,FRAY 5,167,425,-20,-344
2,4,0.122294,FRAY 5,167,425,-18,-348
2,4,0.122323,FRAY 5,167,425,-16,-352
2,4,0.12234,FRAY 5,167,425,-14,-356
2,3,0.122363,FRAY 5,167,425,-12,-359
1,4,0.122392,FRAY 5,167,425,-11,-363
2,4,0.122427,FRAY 5,167,425,-9,-367
2,4,0.122462,FRAY 5,167,425,-7,-371
2,3,0.122474,FRAY 5,167,425,-5,-374
2,4,0.122491,FRAY 5,167,425,-3,-378
2,4,0.122514,FRAY 5,167,425,-1,-382
1,4,0.122538,FRAY 5,167,425,0,-386
1,3,0.122572,FRAY 5,167,425,1,-389
2,4,0.122613,FRAY 5,167,425,3,-393
1,4,0.12263,FRAY 5,167,425,4,-397
2,4,0.122648,FRAY 5,167,425,6,-401
2,3,0.122671,FRAY 5,167,425,8,-404
2,4,0.1227,FRAY 5,167,425,10,-408
3,4,0.122723,FRAY 5,167,425,13,-412
3,4,0.12277,FRAY 5,167,425,16,-416
3,3,0.122787,FRAY 5,167,425,19,-419
2,4,0.122799,FRAY 5,167,425,21,-423
3,4,0.122828,FRAY 5,167,425,24,-427
3,4,0.122863,FRAY 5,167,425,27,-431
3,3,0.122886,FRAY 5,167,425,30,-434
3,4,0.122909,FRAY 5,167,425,33,-438
2,4,0.122938,FRAY 5,167,425,35,-442
3,4,0.122949,FRAY 5,167,425,38,-446
3,3,0.122967,FRAY 5,167,425,41,-449
3,4,0.12299,FRAY 5,167,425,44,-453
3,4,0.123019,FRAY 5,167,425,47,-457
2,4,0.123032,FRAY 5,167,425,49,-461
2,3,0.12306,FRAY 5,167,425,51,-464
2,4,0.123089,FRAY 5,167,425,53,-468
2,4,0.123112,FRAY 5,167,425,55,-472
2,4,0.123147,FRAY 5,167,425,57,-476
2,3,0.12317,FRAY 5,167,425,59,-479
2,3,0.123188,FRAY 5,167,425,61,-482
1,3,0.123211,FRAY 5,167,425,62,-485
1,3,0.12324,FRAY 5,167,425,63,-488
1,3,0.123269,FRAY 5,167,425,64,-491
1,2,0.123298,FRAY 5,167,425,65,-493
1,3,0.123333,FRAY 5,167,425,66,-496
1,3,0.123339,FRAY 5,167,425,67,-499
1,3,0.123362,FRAY 5,167,425,68,-502
1,3,0.123391,FRAY 5,167,425,69,-505
1,3,0.12342,FRAY 5,167,425,70,-508
1,1,0.123443,FRAY 5,167,425,71,-509
1,2,0.123484,FRAY 5,167,425,72,-511
1,2,0.12349,FRAY 5,167,425,73,-513
1,2,0.123513,FRAY 5,167,425,74,-515
1,3,0.123536,FRAY 5,167,425,75,-518
1,3,0.123571,FRAY 5,167,425,76,-521
1,2,0.123606,FRAY 5,167,425,77,-523
1,3,0.123635,FRAY 5,167,425,78,-526
1,3,0.12364,FRAY 5,167,425,79,-529
1,3,0.123664,FRAY 5,167,425,80,-532
2,4,0.123699,FRAY 5,167,425,82,-536
2,3,0.123722,FRAY 5,167,425,84,-539
2,4,0.123757,FRAY 5,167,425,86,-543
2,4,0.123786,FRAY 5,167,425,88,-547
2,4,0.123797,FRAY 5,167,425,90,-551
2,3,0.12382,FRAY 5,167,425,92,-554
2,4,0.123849,FRAY 5,167,425,94,-558
1,4,0.123884,FRAY 5,167,425,95,-562
2,4,0.123913,FRAY 5,167,425,97,-566
2,3,0.123919,FRAY 5,167,425,99,-569
2,4,0.123948,FRAY 5,167,425,101,-573
2,4,0.123971,FRAY 5,167,425,103,-577
2,4,0.124,FRAY 5,167,425,105,-581
2,3,0.124024,FRAY 5,167,425,107,-584
2,4,0.124064,FRAY 5,167,425,109,-588
1,4,0.124075,FRAY 5,167,425,110,-592
2,3,0.124099,FRAY 5,167,425,112,-595
2,3,0.124122,FRAY 5,167,425,114,-598
2,2,0.124145,FRAY 5,167,425,116,-600
2,2,0.124186,FRAY 5,167,425,118,-602
1,2,0.124192,FRAY 5,167,425,119,-604
1,1,0.124227,FRAY 5,167,425,120,-605
1,1,0.12425,FRAY 5,167,425,121,-606
1,1,0.137601,SAN- 6,141,492,122,-607
-1,2,0.137648,SAN- 6,141,492,121,-609
-1,2,0.137674,SAN- 6,141,492,120,-611
-2,3,0.137712,SAN- 6,141,492,118,-614
-2,3,0.137723,SAN- 6,141,492,116,-617
-2,3,0.13777,SAN- 6,141,492,114,-620
-3,3,0.137776,SAN- 6,141,492,111,-623
-2,4,0.137805,SAN- 6,141,492,109,-627
-3,4,0.137834,SAN- 6,141,492,106,-631
-3,4,0.137868,SAN- 6,141,492,103,-635
-3,3,0.137874,SAN- 6,141,492,100,-638
-3,4,0.137898,SAN- 6,141,492,97,-642
-3,4,0.137932,SAN- 6,141,492,94,-646
-2,4,0.137956,SAN- 6,141,492,92,-650
-3,3,0.137996,SAN- 6,141,492,89,-653
-3,4,0.138019,SAN- 6,141,492,86,-657
-3,4,0.138025,SAN- 6,141,492,83,-661
-3,4,0.138048,SAN- 6,141,492,80,-665
-2,2,0.138083,SAN- 6,141,492,78,-667
-3,3,0.138106,SAN- 6,141,492,75,-670
-3,3,0.138136,SAN- 6,141,492,72,-673
-3,3,0.13817,SAN- 6,141,492,69,-676
-3,3,0.138182,SAN- 6,141,492,66,-679
-2,2,0.138201,SAN- 6,141,492,64,-681
-2,3,0.138234,SAN- 6,141,492,62,-684
-2,3,0.138269,SAN- 6,141,492,60,-687
-2,3,0.138292,SAN- 6,141,492,58,-690
-2,3,0.138321,SAN- 6,141,492,56,-693
-2,2,0.138327,SAN- 6,141,492,54,-695
-2,3,0.138356,SAN- 6,141,492,52,-698
-2,3,0.138385,SAN- 6,141,492,50,-701
-1,3,0.13842,SAN- 6,141,492,49,-704
-2,3,0.138449,SAN- 6,141,492,47,-707
-2,2,0.138461,SAN- 6,141,492,45,-709
-2,1,0.138484,SAN- 6,141,492,43,-710
-2,1,0.138507,SAN- 6,141,492,41,-711
-1,1,0.13853,SAN- 6,141,492,40,-712
-1,1,0.138571,SAN- 6,141,492,39,-713
-1,1,0.1386,SAN- 6,141,492,38,-714
-1,-1,0.152218,-TIA- 7,145,252,37,-713
1,-1,0.152236,-TIA- 7,145,252,38,-712
1,-1,0.152282,-TIA- 7,145,252,39,-711
1,-2,0.152311,-TIA- 7,145,252,40,-709
1,-2,0.152335,-TIA- 7,145,252,41,-707
1,-2,0.152375,-TIA- 7,145,252,42,-705
1,-2,0.152387,-TIA- 7,145,252,43,-703
1,-3,0.15241,-TIA- 7,145,252,44,-700
1,-2,0.152433,-TIA- 7,145,252,45,-698
1,-3,0.152462,-TIA- 7,145,252,46,-695
1,-3,0.152497,-TIA- 7,145,252,47,-692
1,-3,0.15252,-TIA- 7,145,252,48,-689
1,-3,0.152549,-TIA- 7,145,252,49,-686
1,-2,0.152561,-TIA- 7,145,252,50,-684
2,-3,0.152584,-TIA- 7,145,252,52,-681
1,-3,0.152613,-TIA- 7,145,252,53,-678
2,-3,0.152648,-TIA- 7,145,252,55,-675
2,-3,0.152671,-TIA- 7,145,252,57,-672
1,-2,0.152694,-TIA- 7,145,252,58,-670
1,-3,0.152715,-TIA- 7,145,252,59,-667
1,-2,0.152735,-TIA- 7,145,252,60,-665
-1,-2,0.152758,-TIA- 7,145,252,59,-663
-1,-2,0.152799,-TIA- 7,145,252,58,-661
-2,-2,0.152834,-TIA- 7,145,252,56,-659
-2,-2,0.152857,-TIA- 7,145,252,54,-657
-2,-2,0.152869,-TIA- 7,145,252,52,-655
-3,-2,0.152886,-TIA- 7,145,252,49,-653
-3,-3,0.152909,-TIA- 7,145,252,46,-650
-3,-3,0.152944,-TIA- 7,145,252,43,-647
-4,-3,0.15299,-TIA- 7,145,252,39,-644
-3,-5,0.153025,-TIA- 7,145,252,36,-639
-8,-3,0.153041,-TIA- 7,145,252,28,-636
-4,-3,0.153066,-TIA- 7,145,252,24,-633
-2,-3,0.153095,-TIA- 7,145,252,22,-630
-3,-3,0.15313,-TIA- 7,145,252,19,-627
-3,-5,0.15317,-TIA- 7,145,252,16,-622
-6,-3,0.153199,-TIA- 7,145,252,10,-619
-2,-3,0.153217,-TIA- 7,145,252,8,-616
-3,-3,0.153246,-TIA- 7,145,252,5,-613
-3,-3,0.153281,-TIA- 7,145,252,2,-610
-3,-2,0.153311,-TIA- 7,145,252,-1,-608
-3,-3,0.153321,-TIA- 7,145,252,-4,-605
-2,-3,0.153345,-TIA- 7,145,252,-6,-602
-3,-3,0.153368,-TIA- 7,145,252,-9,-599
-3,-3,0.153391,-TIA- 7,145,252,-12,-596
-3,-2,0.153408,-TIA- 7,145,252,-15,-594
-4,-3,0.153455,-TIA- 7,145,252,-19,-591
-3,-3,0.153466,-TIA- 7,145,252,-22,-588
-4,-3,0.15349,-TIA- 7,145,252,-26,-585
-4,-3,0.153519,-TIA- 7,145,252,-30,-582
-4,-5,0.153559,-TIA- 7,145,252,-34,-577
-7,-3,0.153612,-TIA- 7,145,252,-41,-574
-4,-3,0.153617,-TIA- 7,145,252,-45,-571
-3,-3,0.153641,-TIA- 7,145,252,-48,-568
-2,-3,0.153675,-TIA- 7,145,252,-50,-565
-2,-2,0.153704,-TIA- 7,145,252,-52,-563
-2,-3,0.15371,-TIA- 7,145,252,-54,-560
-1,-3,0.153739,-TIA- 7,145,252,-55,-557
-1,-3,0.153768,-TIA- 7,145,252,-56,-554
-1,-3,0.153786,-TIA- 7,145,252,-57,-551
-1,-2,0.153815,-TIA- 7,145,252,-58,-549
-1,-3,0.15385,-TIA- 7,145,252,-59,-546
-1,-3,0.153855,-TIA- 7,145,252,-60,-543
-1,-3,0.153879,-TIA- 7,145,252,-61,-540
1,-2,0.153913,-TIA- 7,145,252,-60,-538
1,-2,0.153937,-TIA- 7,145,252,-59,-536
2,-1,0.15396,-TIA- 7,145,252,-57,-535
2,-2,0.153983,-TIA- 7,145,252,-55,-533
2,-2,0.154001,-TIA- 7,145,252,-53,-531
2,-2,0.154024,-TIA- 7,145,252,-51,-529
3,-3,0.154053,-TIA- 7,145,252,-48,-526
3,-3,0.154088,-TIA- 7,145,252,-45,-523
3,-3,0.154111,-TIA- 7,145,252,-42,-520
3,-2,0.154134,-TIA- 7,145,252,-39,-518
1,-3,0.154151,-TIA- 7,145,252,-38,-515
2,-3,0.154175,-TIA- 7,145,252,-36,-512
2,-3,0.154204,-TIA- 7,145,252,-34,-509
2,-3,0.154233,-TIA- 7,145,252,-32,-506
2,-2,0.154256,-TIA- 7,145,252,-30,-504
2,-3,0.154285,-TIA- 7,145,252,-28,-501
2,-3,0.154297,-TIA- 7,145,252,-26,-498
2,-3,0.154314,-TIA- 7,145,252,-24,-495
1,-3,0.154337,-TIA- 7,145,252,-23,-492
2,-2,0.154378,-TIA- 7,145,252,-21,-490
3,-3,0.154407,-TIA- 7,145,252,-18,-487
3,-6,0.154442,-TIA- 7,145,252,-15,-481
5,-3,0.154465,-TIA- 7,145,252,-10,-478
1,-3,0.154488,-TIA- 7,145,252,-9,-475
2,-2,0.154517,-TIA- 7,145,252,-7,-473
3,-3,0.154558,-TIA- 7,145,252,-4,-470
3,-6,0.154593,-TIA- 7,145,252,-1,-464
6,-3,0.154616,-TIA- 7,145,252,5,-461
2,-2,0.154639,-TIA- 7,145,252,7,-459
3,-3,0.154673,-TIA- 7,145,252,10,-456
3,-3,0.154715,-TIA- 7,145,252,13,-453
3,-3,0.15472,-TIA- 7,145,252,16,-450
3,-3,0.154744,-TIA- 7,145,252,19,-447
2,-2,0.154773,-TIA- 7,145,252,21,-445
3,-3,0.154802,-TIA- 7,145,252,24,-442
3,-3,0.154831,-TIA- 7,145,252,27,-439
3,-3,0.154842,-TIA- 7,145,252,30,-436
3,-3,0.154871,-TIA- 7,145,252,33,-433
3,-3,0.154895,-TIA- 7,145,252,36,-430
2,-2,0.154929,-TIA- 7,145,252,38,-428
3,-3,0.154958,-TIA- 7,145,252,41,-425
3,-3,0.154976,-TIA- 7,145,252,44,-422
3,-3,0.154999,-TIA- 7,145,252,47,-419
3,-3,0.155022,-TIA- 7,145,252,50,-416
2,-2,0.155045,-TIA- 7,145,252,52,-414
3,-3,0.155069,-TIA- 7,145,252,55,-411
3,-3,0.155115,-TIA- 7,145,252,58,-408
3,-6,0.155144,-TIA- 7,145,252,61,-402
5,-2,0.155179,-TIA- 7,145,252,66,-400
3,-3,0.155202,-TIA- 7,145,252,69,-397
3,-3,0.15522,-TIA- 7,145,252,72,-394
3,-2,0.155249,-TIA- 7,145,252,75,-392
3,-2,0.155283,-TIA- 7,145,252,78,-390
3,-2,0.155289,-TIA- 7,145,252,81,-388
2,-1,0.155324,-TIA- 7,145,252,83,-387
3,-1,0.155347,-TIA- 7,145,252,86,-386
3,-1,0.155371,-TIA- 7,145,252,89,-385
2,-1,0.155614,-TIA- 7,145,252,91,-384
2,-1,0.155649,-TIA- 7,145,252,93,-383
1,-1,0.155672,-TIA- 7,145,252,94,-382
1,-1,0.155713,-TIA- 7,145,252,95,-381
1,-1,0.155747,-TIA- 7,145,252,96,-380
-1,-1,0.155775,-TIA- 7,145,252,95,-379
-1,-1,0.155783,-TIA- 7,145,252,94,-378
-1,-1,0.155812,-TIA- 7,145,252,93,-377
-1,-1,0.155852,-TIA- 7,145,252,92,-376
-1,-1,0.155876,-TIA- 7,145,252,91,-375
-1,-1,0.155899,-TIA- 7,145,252,90,-374
-1,-1,0.155934,-TIA- 7,145,252,89,-373
-1,-1,0.155963,-TIA- 7,145,252,88,-372
-1,-1,0.156003,-TIA- 7,145,252,87,-371
-1,-1,0.156021,-TIA- 7,145,252,86,-370
-1,-1,0.156044,-TIA- 7,145,252,85,-369
-1,-1,0.156067,-TIA- 7,145,252,84,-368
-1,-1,0.167764,GO 8,183,101,83,-367
-1,-1,0.167799,GO 8,183,101,82,-366
1,-2,0.167816,GO 8,183,101,83,-364
1,-2,0.167834,GO 8,183,101,84,-362
1,-3,0.167869,GO 8,183,101,85,-359
1,-3,0.167902,GO 8,183,101,86,-356
1,-2,0.167933,GO 8,183,101,87,-354
1,-6,0.167966,GO 8,183,101,88,-348
2,-3,0.167991,GO 8,183,101,90,-345
2,-3,0.168014,GO 8,183,101,92,-342
2,-3,0.168043,GO 8,183,101,94,-339
-1,-2,0.168066,GO 8,183,101,93,-337
-1,-6,0.168118,GO 8,183,101,92,-331
-5,-3,0.168141,GO 8,183,101,87,-328
-3,-3,0.168176,GO 8,183,101,84,-325
-3,-2,0.168195,GO 8,183,101,81,-323
-3,-3,0.168211,GO 8,183,101,78,-320
-2,-3,0.168246,GO 8,183,101,76,-317
-3,-3,0.168269,GO 8,183,101,73,-314
-3,-3,0.168292,GO 8,183,101,70,-311
-3,-2,0.168339,GO 8,183,101,67,-309
-3,-3,0.168356,GO 8,183,101,64,-306
-2,-3,0.168368,GO 8,183,101,62,-303
-3,-3,0.168391,GO 8,183,101,59,-300
-2,-3,0.16842,GO 8,183,101,57,-297
-2,-3,0.168443,GO 8,183,101,55,-294
-1,-2,0.168484,GO 8,183,101,54,-292
-1,-3,0.168501,GO 8,183,101,53,-289
1,-3,0.168519,GO 8,183,101,54,-286
2,-3,0.168548,GO 8,183,101,56,-283
2,-3,0.168571,GO 8,183,101,58,-280
2,-2,0.168594,GO 8,183,101,60,-278
2,-3,0.168629,GO 8,183,101,62,-275
3,-3,0.168658,GO 8,183,101,65,-272
3,-3,0.16867,GO 8,183,101,68,-269
3,-3,0.168699,GO 8,183,101,71,-266
3,-2,0.168716,GO 8,183,101,74,-264
2,-3,0.168745,GO 8,183,101,76,-261
3,-3,0.16878,GO 8,183,101,79,-258
3,-3,0.168815,GO 8,183,101,82,-255
2,-3,0.168821,GO 8,183,101,84,-252
2,-3,0.168844,GO 8,183,101,86,-249
1,-2,0.168885,GO 8,183,101,87,-247
1,-3,0.168902,GO 8,183,101,88,-244
1,-3,0.168931,GO 8,183,101,89,-241
-1,-3,0.168966,GO 8,183,101,88,-238
-2,-3,0.168972,GO 8,183,101,86,-235
-2,-2,0.168995,GO 8,183,101,84,-233
-2,-3,0.16903,GO 8,183,101,82,-230
-2,-3,0.169053,GO 8,183,101,80,-227
-2,-3,0.169088,GO 8,183,101,78,-224
-1,-3,0.169117,GO 8,183,101,77,-221
-1,-2,0.169123,GO 8,183,101,76,-219
-1,-3,0.169134,GO 8,183,101,75,-216
-1,-3,0.169169,GO 8,183,101,74,-213
1,-3,0.169198,GO 8,183,101,75,-210
1,-3,0.169221,GO 8,183,101,76,-207
1,-3,0.169256,GO 8,183,101,77,-204
2,-2,0.169262,GO 8,183,101,79,-202
2,-3,0.169285,GO 8,183,101,81,-199
2,-3,0.16932,GO 8,183,101,83,-196
2,-3,0.169349,GO 8,183,101,85,-193
2,-3,0.169384,GO 8,183,101,87,-190
2,-2,0.169407,GO 8,183,101,89,-188
2,-3,0.169413,GO 8,183,101,91,-185
1,-3,0.169442,GO 8,183,101,92,-182
2,-3,0.169471,GO 8,183,101,94,-179
2,-3,0.169506,GO 8,183,101,96,-176
2,-2,0.169511,GO 8,183,101,98,-174
2,-6,0.16957,GO 8,183,101,100,-168
4,-3,0.169593,GO 8,183,101,104,-165
2,-3,0.169616,GO 8,183,101,106,-162
1,-3,0.169645,GO 8,183,101,107,-159
2,-2,0.169662,GO 8,183,101,109,-157
2,-6,0.16972,GO 8,183,101,111,-151
4,-3,0.169749,GO 8,183,101,115,-148
2,-2,0.169775,GO 8,183,101,117,-146
2,-2,0.169802,GO 8,183,101,119,-144
2,-1,0.169819,GO 8,183,101,121,-143
1,-2,0.169842,GO 8,183,101,122,-141
2,-2,0.169871,GO 8,183,101,124,-139
1,-2,0.169895,GO 8,183,101,125,-137
1,-2,0.169935,GO 8,183,101,126,-135
1,-1,0.169943,GO 8,183,101,127,-134
1,-1,0.16997,GO 8,183,101,128,-133
1,-1,0.170022,GO 8,183,101,129,-132
1,-1,0.170051,GO 8,183,101,130,-131
1,-1,0.170086,GO 8,183,101,131,-130
1,-1,0.170121,GO 8,183,101,132,-129
1,-2,0.170133,GO 8,183,101,133,-127
1,-1,0.17015,GO 8,183,101,134,-126
1,-2,0.170167,GO 8,183,101,135,-124
1,-2,0.170196,GO 8,183,101,136,-122
1,-2,0.17022,GO 8,183,101,137,-120
1,-2,0.170232,GO 8,183,101,138,-118
1,-2,0.17026,GO 8,183,101,139,-116
1,-2,0.170289,GO 8,183,101,140,-114
1,-1,0.170324,GO 8,183,101,141,-113
1,-2,0.170347,GO 8,183,101,142,-111
1,-1,0.170382,GO 8,183,101,143,-110
1,-1,0.170388,GO 8,183,101,144,-109
1,1,0.170458,GO 8,183,101,145,-110
1,2,0.170516,GO 8,183,101,146,-112
1,1,0.170539,GO 8,183,101,147,-113
1,1,0.170562,GO 8,183,101,148,-114
1,1,0.170597,GO 8,183,101,149,-115
1,1,0.170626,GO 8,183,101,150,-116
