deltaX,deltaY,WHEN,SYLLABLE,XofButton,YofButton,XofTrace,YofTrace
-1,-1,0.0222157,Yield,0,0,-1,1
-2,-1,0.0222447,Yield,0,0,-3,2
-2,-1,0.0226917,Yield,0,0,-5,3
-2,-1,0.0227265,Yield,0,0,-7,4
-3,-1,0.0227377,Yield,0,0,-10,5
-2,-1,0.0227556,Yield,0,0,-12,6
-2,1,0.0231619,Yield,0,0,-14,5
-3,1,0.0231793,Yield,0,0,-17,4
-2,1,0.02322,Yield,0,0,-19,3
-2,1,0.0232374,Yield,0,0,-21,2
-1,1,0.0237018,Yield,0,0,-22,1
-2,1,0.0237134,Yield,0,0,-24,0
-3,2,0.0237308,Yield,0,0,-27,-2
-3,3,0.0237598,Yield,0,0,-30,-5
-3,3,0.0238005,Yield,0,0,-33,-8
-3,5,0.0238295,Yield,0,0,-36,-13
-5,3,0.0238643,Yield,0,0,-41,-16
-2,3,0.0238933,Yield,0,0,-43,-19
-1,3,0.0239166,Yield,0,0,-44,-22
-1,3,0.0239398,Yield,0,0,-45,-25
-1,5,0.0239804,Yield,0,0,-46,-30
-1,3,0.0240152,Yield,0,0,-47,-33
-1,3,0.0240466,Yield,0,0,-48,-36
-1,3,0.0240791,Yield,0,0,-49,-39
-2,3,0.0241081,Yield,0,0,-51,-42
-5,2,0.0241313,Yield,0,0,-56,-44
-2,1,0.0241564,Yield,0,0,-58,-45
-4,1,0.0241952,Yield,0,0,-62,-46
-1,-2,0.0246538,Yield,0,0,-63,-44
-1,-1,0.0247002,Yield,0,0,-64,-43
-1,-1,0.0250195,Yield,0,0,-65,-42
-1,-1,0.0250543,Yield,0,0,-66,-41
-2,-2,0.0250892,Yield,0,0,-68,-39
-2,-2,0.0251124,Yield,0,0,-70,-37
-2,-2,0.0251356,Yield,0,0,-72,-35
-2,-2,0.0251646,Yield,0,0,-74,-33
-2,-2,0.0251878,Yield,0,0,-76,-31
-1,-1,0.0252111,Yield,0,0,-77,-30
-1,-2,0.0252401,Yield,0,0,-78,-28
-1,-2,0.0252633,Yield,0,0,-79,-26
-1,-2,0.0252865,Yield,0,0,-80,-24
-1,-1,0.0253205,Yield,0,0,-81,-23
-1,-1,0.0253504,Yield,0,0,-82,-22
-1,-1,0.0253562,Yield,0,0,-83,-21
-1,-1,0.0254259,Yield,0,0,-84,-20
-1,-1,0.0254549,Yield,0,0,-85,-19
-1,-1,0.0254723,Yield,0,0,-86,-18
-1,-1,0.0254839,Yield,0,0,-87,-17
-1,1,0.0367049,FRAY 1,301,167,-88,-18
-1,2,0.0367572,FRAY 1,301,167,-89,-20
-1,2,0.0367862,FRAY 1,301,167,-90,-22
1,3,0.036821,FRAY 1,301,167,-89,-25
1,3,0.0368443,FRAY 1,301,167,-88,-28
1,2,0.0368733,FRAY 1,301,167,-87,-30
2,3,0.0368907,FRAY 1,301,167,-85,-33
2,3,0.0369081,FRAY 1,301,167,-83,-36
2,3,0.0369371,FRAY 1,301,167,-81,-39
3,3,0.0369778,FRAY 1,301,167,-78,-42
3,5,0.0370126,FRAY 1,301,167,-75,-47
5,3,0.0370416,FRAY 1,301,167,-70,-50
3,3,0.0370765,FRAY 1,301,167,-67,-53
3,3,0.0371113,FRAY 1,301,167,-64,-56
3,5,0.0371461,FRAY 1,301,167,-61,-61
5,3,0.037181,FRAY 1,301,167,-56,-64
2,4,0.0371984,FRAY 1,301,167,-54,-68
2,4,0.0372274,FRAY 1,301,167,-52,-72
2,3,0.0372622,FRAY 1,301,167,-50,-75
2,8,0.0372912,FRAY 1,301,167,-48,-83
4,4,0.0373261,FRAY 1,301,167,-44,-87
1,3,0.0373493,FRAY 1,301,167,-43,-90
2,4,0.0373783,FRAY 1,301,167,-41,-94
2,4,0.0373899,FRAY 1,301,167,-39,-98
2,4,0.0374248,FRAY 1,301,167,-37,-102
2,2,0.0374422,FRAY 1,301,167,-35,-104
2,3,0.037477,FRAY 1,301,167,-33,-107
2,2,0.0375104,FRAY 1,301,167,-31,-109
2,4,0.0375467,FRAY 1,301,167,-29,-113
3,1,0.0375699,FRAY 1,301,167,-26,-114
3,1,0.0375815,FRAY 1,301,167,-23,-115
3,1,0.0376047,FRAY 1,301,167,-20,-116
3,1,0.0376454,FRAY 1,301,167,-17,-117
3,1,0.0376802,FRAY 1,301,167,-14,-118
5,1,0.0377092,FRAY 1,301,167,-9,-119
3,1,0.0377324,FRAY 1,301,167,-6,-120
3,1,0.0377615,FRAY 1,301,167,-3,-121
3,1,0.0377905,FRAY 1,301,167,0,-122
2,1,0.0378137,FRAY 1,301,167,2,-123
3,1,0.0378311,FRAY 1,301,167,5,-124
3,1,0.0378601,FRAY 1,301,167,8,-125
3,1,0.037895,FRAY 1,301,167,11,-126
3,1,0.0379066,FRAY 1,301,167,14,-127
3,1,0.0381156,FRAY 1,301,167,17,-128
3,1,0.0381504,FRAY 1,301,167,20,-129
3,2,0.0381844,FRAY 1,301,167,23,-131
2,2,0.0382084,FRAY 1,301,167,25,-133
3,3,0.0382433,FRAY 1,301,167,28,-136
6,2,0.0382781,FRAY 1,301,167,34,-138
3,2,0.0382955,FRAY 1,301,167,37,-140
2,2,0.0383245,FRAY 1,301,167,39,-142
3,2,0.038342,FRAY 1,301,167,42,-144
3,2,0.0383884,FRAY 1,301,167,45,-146
3,2,0.0384,FRAY 1,301,167,48,-148
3,1,0.0384232,FRAY 1,301,167,51,-149
3,1,0.0384639,FRAY 1,301,167,54,-150
2,1,0.0384813,FRAY 1,301,167,56,-151
3,1,0.0384987,FRAY 1,301,167,59,-152
3,1,0.0385277,FRAY 1,301,167,62,-153
3,1,0.0385509,FRAY 1,301,167,65,-154
3,1,0.0385741,FRAY 1,301,167,68,-155
2,1,0.0386148,FRAY 1,301,167,70,-156
3,1,0.0386438,FRAY 1,301,167,73,-157
-1,1,0.0388296,FRAY 1,301,167,72,-158
-1,1,0.0388528,FRAY 1,301,167,71,-159
-3,1,0.038876,FRAY 1,301,167,68,-160
-3,3,0.0389166,FRAY 1,301,167,65,-163
-3,3,0.0389399,FRAY 1,301,167,62,-166
-1,3,0.0389515,FRAY 1,301,167,61,-169
-1,3,0.0389863,FRAY 1,301,167,60,-172
-1,3,0.0390037,FRAY 1,301,167,59,-175
2,2,0.0390327,FRAY 1,301,167,61,-177
2,3,0.0390618,FRAY 1,301,167,63,-180
3,3,0.0390966,FRAY 1,301,167,66,-183
3,3,0.0391082,FRAY 1,301,167,69,-186
3,2,0.0391256,FRAY 1,301,167,72,-188
2,2,0.0391605,FRAY 1,301,167,74,-190
3,-1,0.0392824,FRAY 1,301,167,77,-189
2,-1,0.0393114,FRAY 1,301,167,79,-188
3,-2,0.0393404,FRAY 1,301,167,82,-186
3,-4,0.039381,FRAY 1,301,167,85,-182
6,-2,0.0394217,FRAY 1,301,167,91,-180
2,-2,0.0394333,FRAY 1,301,167,93,-178
3,-1,0.0394623,FRAY 1,301,167,96,-177
3,-1,0.039493,FRAY 1,301,167,99,-176
3,1,0.03959,FRAY 1,301,167,102,-177
3,2,0.039619,FRAY 1,301,167,105,-179
6,2,0.0396539,FRAY 1,301,167,111,-181
2,2,0.0396771,FRAY 1,301,167,113,-183
3,2,0.0397003,FRAY 1,301,167,116,-185
3,2,0.0397293,FRAY 1,301,167,119,-187
3,2,0.03977,FRAY 1,301,167,122,-189
3,-1,0.0398571,FRAY 1,301,167,125,-188
3,-1,0.0398803,FRAY 1,301,167,128,-187
3,-1,0.0399151,FRAY 1,301,167,131,-186
3,-1,0.0399209,FRAY 1,301,167,134,-185
2,-1,0.0399557,FRAY 1,301,167,136,-184
3,-1,0.039979,FRAY 1,301,167,139,-183
2,1,0.0400486,FRAY 1,301,167,141,-184
2,1,0.0400718,FRAY 1,301,167,143,-185
1,2,0.0400988,FRAY 1,301,167,144,-187
2,2,0.0401261,FRAY 1,301,167,146,-189
2,2,0.0401647,FRAY 1,301,167,148,-191
2,3,0.0401879,FRAY 1,301,167,150,-194
3,3,0.0402054,FRAY 1,301,167,153,-197
3,3,0.0402286,FRAY 1,301,167,156,-200
3,3,0.0402512,FRAY 1,301,167,159,-203
2,2,0.0402808,FRAY 1,301,167,161,-205
3,3,0.040304,FRAY 1,301,167,164,-208
3,6,0.0403505,FRAY 1,301,167,167,-214
6,2,0.0403853,FRAY 1,301,167,173,-216
2,2,0.0404085,FRAY 1,301,167,175,-218
3,2,0.0404434,FRAY 1,301,167,178,-220
3,1,0.0404956,FRAY 1,301,167,181,-221
3,1,0.0405072,FRAY 1,301,167,184,-222
2,1,0.0405304,FRAY 1,301,167,186,-223
3,1,0.0405595,FRAY 1,301,167,189,-224
3,-1,0.0407162,FRAY 1,301,167,192,-223
3,-1,0.0407278,FRAY 1,301,167,195,-222
3,-1,0.040751,FRAY 1,301,167,198,-221
3,-1,0.0407859,FRAY 1,301,167,201,-220
3,-1,0.0408323,FRAY 1,301,167,204,-219
3,-1,0.0408671,FRAY 1,301,167,207,-218
3,-1,0.0408961,FRAY 1,301,167,210,-217
3,-1,0.0409078,FRAY 1,301,167,213,-216
3,1,0.0415173,FRAY 1,301,167,216,-217
3,1,0.0415521,FRAY 1,301,167,219,-218
3,1,0.0415695,FRAY 1,301,167,222,-219
3,1,0.0416044,FRAY 1,301,167,225,-220
3,1,0.0416392,FRAY 1,301,167,228,-221
3,2,0.0416682,FRAY 1,301,167,231,-223
3,2,0.0416972,FRAY 1,301,167,234,-225
3,2,0.0417321,FRAY 1,301,167,237,-227
2,2,0.0417379,FRAY 1,301,167,239,-229
3,3,0.0417843,FRAY 1,301,167,242,-232
2,3,0.0417959,FRAY 1,301,167,244,-235
2,2,0.0418191,FRAY 1,301,167,246,-237
1,3,0.0418482,FRAY 1,301,167,247,-240
1,3,0.0418656,FRAY 1,301,167,248,-243
1,4,0.0418888,FRAY 1,301,167,249,-247
1,3,0.041912,FRAY 1,301,167,250,-250
1,4,0.0419468,FRAY 1,301,167,251,-254
1,4,0.0419701,FRAY 1,301,167,252,-258
1,4,0.0419933,FRAY 1,301,167,253,-262
2,3,0.0420165,FRAY 1,301,167,255,-265
2,3,0.0420397,FRAY 1,301,167,257,-268
2,3,0.0420629,FRAY 1,301,167,259,-271
2,3,0.0420978,FRAY 1,301,167,261,-274
1,3,0.042121,FRAY 1,301,167,262,-277
1,2,0.0421442,FRAY 1,301,167,263,-279
1,1,0.0421849,FRAY 1,301,167,264,-280
1,1,0.0421965,FRAY 1,301,167,265,-281
1,1,0.0422197,FRAY 1,301,167,266,-282
1,1,0.0422487,FRAY 1,301,167,267,-283
-1,-1,0.0517979,SAN- 2,101,124,266,-282
-2,-1,0.0518211,SAN- 2,101,124,264,-281
-2,-1,0.0518618,SAN- 2,101,124,262,-280
-1,-2,0.051885,SAN- 2,101,124,261,-278
-3,-2,0.0518966,SAN- 2,101,124,258,-276
-3,-2,0.0519198,SAN- 2,101,124,255,-274
-3,-2,0.0519488,SAN- 2,101,124,252,-272
-3,-1,0.0519721,SAN- 2,101,124,249,-271
-3,-2,0.0520069,SAN- 2,101,124,246,-269
-4,-4,0.0520475,SAN- 2,101,124,242,-265
-8,-3,0.0520707,SAN- 2,101,124,234,-262
-3,-3,0.052094,SAN- 2,101,124,231,-259
-4,-3,0.0521288,SAN- 2,101,124,227,-256
-4,-2,0.0521578,SAN- 2,101,124,223,-254
-4,-3,0.0521752,SAN- 2,101,124,219,-251
-3,-3,0.0521985,SAN- 2,101,124,216,-248
-4,-3,0.0522319,SAN- 2,101,124,212,-245
-4,-3,0.0522623,SAN- 2,101,124,208,-242
-4,-2,0.0522855,SAN- 2,101,124,204,-240
-3,-3,0.0523088,SAN- 2,101,124,201,-237
-4,-3,0.0523262,SAN- 2,101,124,197,-234
-4,-3,0.0523494,SAN- 2,101,124,193,-231
-4,-3,0.0523726,SAN- 2,101,124,189,-228
-3,-2,0.0524132,SAN- 2,101,124,186,-226
-4,-3,0.0524481,SAN- 2,101,124,182,-223
-4,-3,0.0524637,SAN- 2,101,124,178,-220
-4,-3,0.0524771,SAN- 2,101,124,174,-217
-3,-2,0.0525003,SAN- 2,101,124,171,-215
-4,-2,0.0525235,SAN- 2,101,124,167,-213
-4,-2,0.0525584,SAN- 2,101,124,163,-211
-4,-1,0.0526048,SAN- 2,101,124,159,-210
-3,-3,0.0526286,SAN- 2,101,124,156,-207
-8,-1,0.0526629,SAN- 2,101,124,148,-206
-4,-1,0.0526803,SAN- 2,101,124,144,-205
-4,1,0.0527848,SAN- 2,101,124,140,-206
-3,1,0.0528138,SAN- 2,101,124,137,-207
-4,1,0.0528486,SAN- 2,101,124,133,-208
-4,1,0.0528602,SAN- 2,101,124,129,-209
-4,1,0.0528776,SAN- 2,101,124,125,-210
-3,1,0.0529009,SAN- 2,101,124,122,-211
-4,1,0.0529357,SAN- 2,101,124,118,-212
-4,2,0.0529647,SAN- 2,101,124,114,-214
-4,1,0.0529995,SAN- 2,101,124,110,-215
-3,2,0.0530286,SAN- 2,101,124,107,-217
-8,1,0.0530634,SAN- 2,101,124,99,-218
-4,1,0.0530866,SAN- 2,101,124,95,-219
-3,1,0.0531156,SAN- 2,101,124,92,-220
-4,1,0.0531447,SAN- 2,101,124,88,-221
-4,2,0.0531853,SAN- 2,101,124,84,-223
-6,1,0.0532143,SAN- 2,101,124,78,-224
-3,1,0.0532407,SAN- 2,101,124,75,-225
-2,1,0.0532724,SAN- 2,101,124,73,-226
-2,1,0.0533304,SAN- 2,101,124,71,-227
-1,1,0.0533362,SAN- 2,101,124,70,-228
-3,-1,0.0539748,SAN- 2,101,124,67,-227
-4,-1,0.0540038,SAN- 2,101,124,63,-226
-4,-1,0.0540328,SAN- 2,101,124,59,-225
-4,-1,0.0540386,SAN- 2,101,124,55,-224
-4,-1,0.0540967,SAN- 2,101,124,51,-223
-4,-1,0.0541257,SAN- 2,101,124,47,-222
-4,-2,0.0541605,SAN- 2,101,124,43,-220
-3,-2,0.0541838,SAN- 2,101,124,40,-218
-4,-2,0.0541954,SAN- 2,101,124,36,-216
-4,-2,0.0542244,SAN- 2,101,124,32,-214
-3,-2,0.054265,SAN- 2,101,124,29,-212
-2,-2,0.0542883,SAN- 2,101,124,27,-210
-3,-1,0.0543115,SAN- 2,101,124,24,-209
-3,-2,0.0543199,SAN- 2,101,124,21,-207
-3,-2,0.0543463,SAN- 2,101,124,18,-205
-3,-2,0.0543695,SAN- 2,101,124,15,-203
-3,-1,0.0543985,SAN- 2,101,124,12,-202
-2,-1,0.0544334,SAN- 2,101,124,10,-201
-1,1,0.0550777,SAN- 2,101,124,9,-202
-1,1,0.0551358,SAN- 2,101,124,8,-203
-1,2,0.0551996,SAN- 2,101,124,7,-205
-1,1,0.0552693,SAN- 2,101,124,6,-206
1,1,0.0552867,SAN- 2,101,124,7,-207
1,1,0.0553099,SAN- 2,101,124,8,-208
1,1,0.0553273,SAN- 2,101,124,9,-209
1,1,0.0553854,SAN- 2,101,124,10,-210
1,1,0.0554144,SAN- 2,101,124,11,-211
1,1,0.0554318,SAN- 2,101,124,12,-212
2,1,0.0554609,SAN- 2,101,124,14,-213
1,1,0.0679358,-TIA- 3,242,494,15,-214
1,1,0.0679648,-TIA- 3,242,494,16,-215
1,2,0.0680287,-TIA- 3,242,494,17,-217
2,2,0.0680345,-TIA- 3,242,494,19,-219
2,3,0.0680635,-TIA- 3,242,494,21,-222
2,3,0.0680925,-TIA- 3,242,494,23,-225
2,3,0.0681273,-TIA- 3,242,494,25,-228
2,2,0.0681564,-TIA- 3,242,494,27,-230
3,3,0.068168,-TIA- 3,242,494,30,-233
3,4,0.0681912,-TIA- 3,242,494,33,-237
3,4,0.0682144,-TIA- 3,242,494,36,-241
3,3,0.0682434,-TIA- 3,242,494,39,-244
2,4,0.0682783,-TIA- 3,242,494,41,-248
3,3,0.0683073,-TIA- 3,242,494,44,-251
3,3,0.0683189,-TIA- 3,242,494,47,-254
3,3,0.0683421,-TIA- 3,242,494,50,-257
3,2,0.0683654,-TIA- 3,242,494,53,-259
3,2,0.0684002,-TIA- 3,242,494,56,-261
2,1,0.0684292,-TIA- 3,242,494,58,-262
2,-1,0.0684698,-TIA- 3,242,494,60,-261
2,-1,0.0684931,-TIA- 3,242,494,62,-260
2,-2,0.0685279,-TIA- 3,242,494,64,-258
2,-5,0.0685685,-TIA- 3,242,494,66,-253
3,-3,0.0685976,-TIA- 3,242,494,69,-250
2,-3,0.0686208,-TIA- 3,242,494,71,-247
2,-2,0.068644,-TIA- 3,242,494,73,-245
1,-1,0.0686788,-TIA- 3,242,494,74,-244
1,-2,0.0686962,-TIA- 3,242,494,75,-242
1,-1,0.0687195,-TIA- 3,242,494,76,-241
1,-1,0.0687427,-TIA- 3,242,494,77,-240
2,-1,0.0690445,-TIA- 3,242,494,79,-239
2,-1,0.0690794,-TIA- 3,242,494,81,-238
3,-1,0.0691084,-TIA- 3,242,494,84,-237
3,-1,0.0691316,-TIA- 3,242,494,87,-236
3,-1,0.0691664,-TIA- 3,242,494,90,-235
2,1,0.0691955,-TIA- 3,242,494,92,-236
3,2,0.0692303,-TIA- 3,242,494,95,-238
2,2,0.0692535,-TIA- 3,242,494,97,-240
2,3,0.0692883,-TIA- 3,242,494,99,-243
2,3,0.0693116,-TIA- 3,242,494,101,-246
2,3,0.0693174,-TIA- 3,242,494,103,-249
2,3,0.0693406,-TIA- 3,242,494,105,-252
1,4,0.0693754,-TIA- 3,242,494,106,-256
2,4,0.0693986,-TIA- 3,242,494,108,-260
2,4,0.0694393,-TIA- 3,242,494,110,-264
2,7,0.0694683,-TIA- 3,242,494,112,-271
4,4,0.069492,-TIA- 3,242,494,116,-275
2,4,0.0695205,-TIA- 3,242,494,118,-279
2,3,0.0695612,-TIA- 3,242,494,120,-282
2,4,0.069567,-TIA- 3,242,494,122,-286
3,8,0.0696192,-TIA- 3,242,494,125,-294
6,3,0.0696541,-TIA- 3,242,494,131,-297
3,4,0.0696773,-TIA- 3,242,494,134,-301
2,4,0.0697121,-TIA- 3,242,494,136,-305
3,4,0.0697179,-TIA- 3,242,494,139,-309
3,3,0.0697527,-TIA- 3,242,494,142,-312
3,4,0.069776,-TIA- 3,242,494,145,-316
3,4,0.069805,-TIA- 3,242,494,148,-320
3,4,0.0698398,-TIA- 3,242,494,151,-324
2,3,0.0698572,-TIA- 3,242,494,153,-327
3,4,0.0698688,-TIA- 3,242,494,156,-331
3,4,0.0699037,-TIA- 3,242,494,159,-335
3,4,0.0699269,-TIA- 3,242,494,162,-339
3,3,0.0699566,-TIA- 3,242,494,165,-342
2,4,0.0699849,-TIA- 3,242,494,167,-346
3,8,0.0700256,-TIA- 3,242,494,170,-354
5,4,0.0700546,-TIA- 3,242,494,175,-358
2,3,0.0700778,-TIA- 3,242,494,177,-361
2,4,0.070101,-TIA- 3,242,494,179,-365
1,4,0.0701359,-TIA- 3,242,494,180,-369
1,4,0.0701533,-TIA- 3,242,494,181,-373
1,3,0.0701765,-TIA- 3,242,494,182,-376
1,4,0.0702055,-TIA- 3,242,494,183,-380
1,4,0.0702404,-TIA- 3,242,494,184,-384
1,4,0.0702752,-TIA- 3,242,494,185,-388
1,3,0.0702926,-TIA- 3,242,494,186,-391
2,4,0.0703042,-TIA- 3,242,494,188,-395
2,4,0.0703274,-TIA- 3,242,494,190,-399
2,4,0.0703571,-TIA- 3,242,494,192,-403
2,3,0.0703913,-TIA- 3,242,494,194,-406
2,4,0.0704203,-TIA- 3,242,494,196,-410
2,4,0.0704493,-TIA- 3,242,494,198,-414
2,4,0.0704551,-TIA- 3,242,494,200,-418
2,3,0.0704784,-TIA- 3,242,494,202,-421
3,4,0.0705061,-TIA- 3,242,494,205,-425
3,4,0.0705364,-TIA- 3,242,494,208,-429
3,4,0.0705771,-TIA- 3,242,494,211,-433
3,7,0.0706061,-TIA- 3,242,494,214,-440
5,4,0.0706409,-TIA- 3,242,494,219,-444
3,4,0.0706641,-TIA- 3,242,494,222,-448
3,3,0.0706932,-TIA- 3,242,494,225,-451
3,4,0.070699,-TIA- 3,242,494,228,-455
2,8,0.070757,-TIA- 3,242,494,230,-463
6,3,0.070783,-TIA- 3,242,494,236,-466
2,4,0.0708093,-TIA- 3,242,494,238,-470
1,4,0.0708383,-TIA- 3,242,494,239,-474
1,4,0.0708557,-TIA- 3,242,494,240,-478
-1,3,0.0708905,-TIA- 3,242,494,239,-481
-2,4,0.0709079,-TIA- 3,242,494,237,-485
-2,4,0.0709428,-TIA- 3,242,494,235,-489
-3,4,0.0709718,-TIA- 3,242,494,232,-493
-2,7,0.0710066,-TIA- 3,242,494,230,-500
-6,4,0.0710473,-TIA- 3,242,494,224,-504
-3,4,0.0710763,-TIA- 3,242,494,221,-508
-3,3,0.0710937,-TIA- 3,242,494,218,-511
-2,4,0.0711169,-TIA- 3,242,494,216,-515
-1,8,0.0711576,-TIA- 3,242,494,215,-523
-4,3,0.0711924,-TIA- 3,242,494,211,-526
-2,4,0.0712214,-TIA- 3,242,494,209,-530
-2,4,0.0712388,-TIA- 3,242,494,207,-534
-2,4,0.0712795,-TIA- 3,242,494,205,-538
-2,4,0.0712911,-TIA- 3,242,494,203,-542
-1,4,0.0713027,-TIA- 3,242,494,202,-546
-1,3,0.0713366,-TIA- 3,242,494,201,-549
-1,4,0.0713665,-TIA- 3,242,494,200,-553
1,4,0.0713982,-TIA- 3,242,494,201,-557
1,7,0.0714304,-TIA- 3,242,494,202,-564
4,4,0.0714652,-TIA- 3,242,494,206,-568
2,4,0.0714884,-TIA- 3,242,494,208,-572
3,4,0.0715117,-TIA- 3,242,494,211,-576
3,3,0.0715523,-TIA- 3,242,494,214,-579
2,8,0.0715813,-TIA- 3,242,494,216,-587
5,4,0.0716161,-TIA- 3,242,494,221,-591
2,3,0.0716278,-TIA- 3,242,494,223,-594
2,4,0.0716684,-TIA- 3,242,494,225,-598
2,4,0.0716916,-TIA- 3,242,494,227,-602
2,4,0.0717264,-TIA- 3,242,494,229,-606
1,3,0.0717322,-TIA- 3,242,494,230,-609
1,4,0.0717497,-TIA- 3,242,494,231,-613
1,4,0.0717961,-TIA- 3,242,494,232,-617
1,4,0.0718135,-TIA- 3,242,494,233,-621
2,3,0.0718251,-TIA- 3,242,494,235,-624
2,4,0.0718716,-TIA- 3,242,494,237,-628
2,4,0.0718774,-TIA- 3,242,494,239,-632
2,4,0.0719122,-TIA- 3,242,494,241,-636
3,3,0.0719412,-TIA- 3,242,494,244,-639
2,8,0.0719761,-TIA- 3,242,494,246,-647
6,4,0.0720051,-TIA- 3,242,494,252,-651
3,3,0.0720399,-TIA- 3,242,494,255,-654
3,4,0.0720631,-TIA- 3,242,494,258,-658
3,4,0.0720863,-TIA- 3,242,494,261,-662
2,4,0.0721038,-TIA- 3,242,494,263,-666
3,3,0.072127,-TIA- 3,242,494,266,-669
3,4,0.0721502,-TIA- 3,242,494,269,-673
2,4,0.0721908,-TIA- 3,242,494,271,-677
1,4,0.0722199,-TIA- 3,242,494,272,-681
1,3,0.0722489,-TIA- 3,242,494,273,-684
-1,4,0.0722605,-TIA- 3,242,494,272,-688
-2,4,0.0722779,-TIA- 3,242,494,270,-692
-3,4,0.0723011,-TIA- 3,242,494,267,-696
-3,3,0.0723302,-TIA- 3,242,494,264,-699
-2,4,0.072365,-TIA- 3,242,494,262,-703
-4,8,0.0723998,-TIA- 3,242,494,258,-711
-8,3,0.0724288,-TIA- 3,242,494,250,-714
-3,4,0.0724579,-TIA- 3,242,494,247,-718
-4,4,0.0724811,-TIA- 3,242,494,243,-722
-4,3,0.0725101,-TIA- 3,242,494,239,-725
-3,1,0.0725275,-TIA- 3,242,494,236,-726
-3,2,0.0725507,-TIA- 3,242,494,233,-728
-1,1,0.0725856,-TIA- 3,242,494,232,-729
-1,1,0.0726146,-TIA- 3,242,494,231,-730
-1,-1,0.0729745,-TIA- 3,242,494,230,-729
-1,-1,0.0730326,-TIA- 3,242,494,229,-728
-1,-2,0.0730964,-TIA- 3,242,494,228,-726
-1,-2,0.0731022,-TIA- 3,242,494,227,-724
-1,-2,0.0731254,-TIA- 3,242,494,226,-722
-1,-2,0.0731545,-TIA- 3,242,494,225,-720
-1,-2,0.0731835,-TIA- 3,242,494,224,-718
-1,-2,0.0732183,-TIA- 3,242,494,223,-716
-1,-2,0.073259,-TIA- 3,242,494,222,-714
-1,-3,0.0732648,-TIA- 3,242,494,221,-711
-1,-3,0.0732822,-TIA- 3,242,494,220,-708
-1,-3,0.073317,-TIA- 3,242,494,219,-705
-1,-3,0.0733576,-TIA- 3,242,494,218,-702
-1,-5,0.0733867,-TIA- 3,242,494,217,-697
-1,-3,0.0734157,-TIA- 3,242,494,216,-694
-1,-3,0.0734331,-TIA- 3,242,494,215,-691
-1,-3,0.0734621,-TIA- 3,242,494,214,-688
-1,-2,0.073497,-TIA- 3,242,494,213,-686
-1,-6,0.0735376,-TIA- 3,242,494,212,-680
-1,-2,0.0735724,-TIA- 3,242,494,211,-678
1,-2,0.0735898,-TIA- 3,242,494,212,-676
1,-1,0.0736188,-TIA- 3,242,494,213,-675
1,-1,0.0736305,-TIA- 3,242,494,214,-674
1,-2,0.0815485,GO 4,29,440,215,-672
1,-2,0.0815717,GO 4,29,440,216,-670
1,-1,0.0816123,GO 4,29,440,217,-669
-1,-1,0.0816472,GO 4,29,440,216,-668
-1,-2,0.0816762,GO 4,29,440,215,-666
-4,-1,0.0817052,GO 4,29,440,211,-665
-3,-1,0.0817342,GO 4,29,440,208,-664
-4,-1,0.0817749,GO 4,29,440,204,-663
-3,-1,0.0818097,GO 4,29,440,201,-662
-4,-1,0.0818329,GO 4,29,440,197,-661
-4,-1,0.081862,GO 4,29,440,193,-660
-4,-1,0.0818944,GO 4,29,440,189,-659
-3,-1,0.08192,GO 4,29,440,186,-658
-4,-1,0.0819258,GO 4,29,440,182,-657
-4,-2,0.081949,GO 4,29,440,178,-655
-4,-2,0.0819839,GO 4,29,440,174,-653
-3,-2,0.0820129,GO 4,29,440,171,-651
-4,-2,0.0820477,GO 4,29,440,167,-649
-4,-1,0.0820651,GO 4,29,440,163,-648
-4,-2,0.0820709,GO 4,29,440,159,-646
-3,-2,0.0820941,GO 4,29,440,156,-644
-4,-2,0.082129,GO 4,29,440,152,-642
-4,-2,0.082158,GO 4,29,440,148,-640
-4,-2,0.0821928,GO 4,29,440,144,-638
-3,-4,0.0822219,GO 4,29,440,141,-634
-8,-1,0.0822451,GO 4,29,440,133,-633
-4,-2,0.0822625,GO 4,29,440,129,-631
-3,-2,0.0822915,GO 4,29,440,126,-629
-4,-2,0.0823322,GO 4,29,440,122,-627
-4,-4,0.0823612,GO 4,29,440,118,-623
-7,-2,0.082396,GO 4,29,440,111,-621
-4,-2,0.0824192,GO 4,29,440,107,-619
-4,-1,0.0824424,GO 4,29,440,103,-618
-4,-2,0.0824831,GO 4,29,440,99,-616
-3,-2,0.0824947,GO 4,29,440,96,-614
-4,-2,0.0825179,GO 4,29,440,92,-612
-4,-2,0.0825469,GO 4,29,440,88,-610
-4,-2,0.0825818,GO 4,29,440,84,-608
-3,-2,0.082605,GO 4,29,440,81,-606
-4,-2,0.0826282,GO 4,29,440,77,-604
-4,-1,0.0826456,GO 4,29,440,73,-603
-4,-2,0.0826688,GO 4,29,440,69,-601
-3,-2,0.0826805,GO 4,29,440,66,-599
-4,-2,0.0827211,GO 4,29,440,62,-597
-4,-1,0.0827559,GO 4,29,440,58,-596
-4,-1,0.0827749,GO 4,29,440,54,-595
-3,-1,0.0827849,GO 4,29,440,51,-594
-4,-1,0.0828082,GO 4,29,440,47,-593
-4,-1,0.0828314,GO 4,29,440,43,-592
-4,-1,0.0828659,GO 4,29,440,39,-591
-3,-1,0.0828952,GO 4,29,440,36,-590
-4,-1,0.0829243,GO 4,29,440,32,-589
-3,-1,0.0829707,GO 4,29,440,29,-588
-2,-1,0.0829823,GO 4,29,440,27,-587
-3,-1,0.0830171,GO 4,29,440,24,-586
-4,1,0.0834873,GO 4,29,440,20,-587
-7,1,0.0835222,GO 4,29,440,13,-588
-3,1,0.0835338,GO 4,29,440,10,-589
-3,1,0.0835976,GO 4,29,440,7,-590
-2,1,0.0836325,GO 4,29,440,5,-591
-2,1,0.0836383,GO 4,29,440,3,-592
-1,1,0.0836615,GO 4,29,440,2,-593
1,1,0.0969607,FRAY 5,284,498,3,-594
4,2,0.0969898,FRAY 5,284,498,7,-596
3,2,0.0970137,FRAY 5,284,498,10,-598
3,3,0.0970478,FRAY 5,284,498,13,-601
3,2,0.0970826,FRAY 5,284,498,16,-603
2,7,0.0971117,FRAY 5,284,498,18,-610
6,4,0.0971407,FRAY 5,284,498,24,-614
3,3,0.0971779,FRAY 5,284,498,27,-617
3,4,0.0971987,FRAY 5,284,498,30,-621
2,4,0.097222,FRAY 5,284,498,32,-625
3,4,0.0972336,FRAY 5,284,498,35,-629
3,3,0.0972742,FRAY 5,284,498,38,-632
3,2,0.0973032,FRAY 5,284,498,41,-634
3,3,0.0973206,FRAY 5,284,498,44,-637
2,6,0.0973497,FRAY 5,284,498,46,-643
6,2,0.0973845,FRAY 5,284,498,52,-645
3,2,0.0974077,FRAY 5,284,498,55,-647
3,1,0.0974416,FRAY 5,284,498,58,-648
3,2,0.0974658,FRAY 5,284,498,61,-650
2,2,0.0974774,FRAY 5,284,498,63,-652
3,1,0.0974948,FRAY 5,284,498,66,-653
3,1,0.0975296,FRAY 5,284,498,69,-654
3,1,0.0975586,FRAY 5,284,498,72,-655
3,1,0.0975819,FRAY 5,284,498,75,-656
3,-1,0.0977103,FRAY 5,284,498,78,-655
2,-1,0.0977444,FRAY 5,284,498,80,-654
3,-1,0.0977676,FRAY 5,284,498,83,-653
2,-1,0.0977792,FRAY 5,284,498,85,-652
2,-1,0.0978024,FRAY 5,284,498,87,-651
2,-1,0.0978315,FRAY 5,284,498,89,-650
3,-1,0.0978663,FRAY 5,284,498,92,-649
2,-1,0.0978953,FRAY 5,284,498,94,-648
3,-1,0.0979302,FRAY 5,284,498,97,-647
6,-1,0.0979592,FRAY 5,284,498,103,-646
3,-1,0.0979824,FRAY 5,284,498,106,-645
3,-1,0.0980114,FRAY 5,284,498,109,-644
3,-1,0.0982668,FRAY 5,284,498,112,-643
2,-1,0.0982959,FRAY 5,284,498,114,-642
3,-1,0.0983307,FRAY 5,284,498,117,-641
3,-2,0.0983597,FRAY 5,284,498,120,-639
6,-1,0.0983946,FRAY 5,284,498,126,-638
3,-2,0.0984178,FRAY 5,284,498,129,-636
2,-2,0.098441,FRAY 5,284,498,131,-634
3,-2,0.09847,FRAY 5,284,498,134,-632
3,-1,0.0984816,FRAY 5,284,498,137,-631
3,-2,0.0985107,FRAY 5,284,498,140,-629
3,-2,0.0985455,FRAY 5,284,498,143,-627
2,-2,0.0985687,FRAY 5,284,498,145,-625
3,-2,0.0985999,FRAY 5,284,498,148,-623
3,-2,0.0986151,FRAY 5,284,498,151,-621
3,-2,0.0986326,FRAY 5,284,498,154,-619
3,-2,0.0986616,FRAY 5,284,498,157,-617
2,-1,0.0986892,FRAY 5,284,498,159,-616
3,-1,0.0987254,FRAY 5,284,498,162,-615
3,-1,0.0987545,FRAY 5,284,498,165,-614
3,-1,0.0987603,FRAY 5,284,498,168,-613
3,-1,0.0987951,FRAY 5,284,498,171,-612
3,-1,0.0988067,FRAY 5,284,498,174,-611
2,-1,0.0988415,FRAY 5,284,498,176,-610
3,-1,0.0988648,FRAY 5,284,498,179,-609
3,-2,0.0989112,FRAY 5,284,498,182,-607
6,-1,0.0989344,FRAY 5,284,498,188,-606
2,-1,0.0989576,FRAY 5,284,498,190,-605
3,-1,0.0989925,FRAY 5,284,498,193,-604
3,-1,0.0990263,FRAY 5,284,498,196,-603
3,-1,0.0990447,FRAY 5,284,498,199,-602
2,-1,0.0990737,FRAY 5,284,498,201,-601
3,-1,0.0991086,FRAY 5,284,498,204,-600
3,-1,0.0991376,FRAY 5,284,498,207,-599
2,-1,0.0991608,FRAY 5,284,498,209,-598
2,-1,0.0991956,FRAY 5,284,498,211,-597
2,-1,0.0992015,FRAY 5,284,498,213,-596
2,-1,0.0992247,FRAY 5,284,498,215,-595
3,-1,0.0992595,FRAY 5,284,498,218,-594
3,-1,0.0993001,FRAY 5,284,498,221,-593
3,1,0.0994104,FRAY 5,284,498,224,-594
3,1,0.0994278,FRAY 5,284,498,227,-595
3,1,0.0994743,FRAY 5,284,498,230,-596
3,1,0.0994801,FRAY 5,284,498,233,-597
2,1,0.099508,FRAY 5,284,498,235,-598
3,1,0.0995323,FRAY 5,284,498,238,-599
3,1,0.0995614,FRAY 5,284,498,241,-600
3,2,0.0995962,FRAY 5,284,498,244,-602
3,1,0.099602,FRAY 5,284,498,247,-603
2,2,0.0996368,FRAY 5,284,498,249,-605
3,2,0.09966,FRAY 5,284,498,252,-607
3,2,0.0997007,FRAY 5,284,498,255,-609
3,3,0.0997297,FRAY 5,284,498,258,-612
3,3,0.0997297,FRAY 5,284,498,261,-615
3,2,0.0997529,FRAY 5,284,498,264,-617
2,3,0.0997878,FRAY 5,284,498,266,-620
3,3,0.099811,FRAY 5,284,498,269,-623
3,3,0.09984,FRAY 5,284,498,272,-626
3,2,0.099869,FRAY 5,284,498,275,-628
3,2,0.0998806,FRAY 5,284,498,278,-630
2,2,0.0999057,FRAY 5,284,498,280,-632
3,1,0.0999329,FRAY 5,284,498,283,-633
3,2,0.0999619,FRAY 5,284,498,286,-635
3,1,0.0999851,FRAY 5,284,498,289,-636
3,1,0.100037,FRAY 5,284,498,292,-637
2,1,0.100043,FRAY 5,284,498,294,-638
3,1,0.100061,FRAY 5,284,498,297,-639
3,1,0.100084,FRAY 5,284,498,300,-640
2,1,0.100333,FRAY 5,284,498,302,-641
3,1,0.100339,FRAY 5,284,498,305,-642
3,1,0.100362,FRAY 5,284,498,308,-643
3,2,0.100397,FRAY 5,284,498,311,-645
3,2,0.100426,FRAY 5,284,498,314,-647
2,1,0.10045,FRAY 5,284,498,316,-648
3,2,0.100473,FRAY 5,284,498,319,-650
3,2,0.100481,FRAY 5,284,498,322,-652
3,2,0.100502,FRAY 5,284,498,325,-654
3,2,0.100537,FRAY 5,284,498,328,-656
2,2,0.100566,FRAY 5,284,498,330,-658
3,2,0.100606,FRAY 5,284,498,333,-660
3,2,0.100624,FRAY 5,284,498,336,-662
2,1,0.100629,FRAY 5,284,498,338,-663
2,2,0.100659,FRAY 5,284,498,340,-665
2,2,0.100688,FRAY 5,284,498,342,-667
2,2,0.100722,FRAY 5,284,498,344,-669
1,2,0.100728,FRAY 5,284,498,345,-671
2,3,0.100786,FRAY 5,284,498,347,-674
2,1,0.100809,FRAY 5,284,498,349,-675
1,1,0.100862,FRAY 5,284,498,350,-676
-1,-1,0.111897,SAN- 6,184,417,349,-675
-2,-1,0.111938,SAN- 6,184,417,347,-674
-2,-1,0.111967,SAN- 6,184,417,345,-673
-1,-1,0.111996,SAN- 6,184,417,344,-672
-1,-1,0.112025,SAN- 6,184,417,343,-671
-1,-1,0.112036,SAN- 6,184,417,342,-670
-1,-1,0.112785,SAN- 6,184,417,341,-669
-1,-1,0.112808,SAN- 6,184,417,340,-668
-1,-2,0.112843,SAN- 6,184,417,339,-666
-1,-2,0.112884,SAN- 6,184,417,338,-664
-2,-3,0.112898,SAN- 6,184,417,336,-661
-2,-3,0.112913,SAN- 6,184,417,334,-658
-3,-2,0.112936,SAN- 6,184,417,331,-656
-3,-3,0.112965,SAN- 6,184,417,328,-653
-3,-3,0.112994,SAN- 6,184,417,325,-650
-4,-3,0.113035,SAN- 6,184,417,321,-647
-4,-6,0.113064,SAN- 6,184,417,317,-641
-7,-2,0.113099,SAN- 6,184,417,310,-639
-4,-3,0.113115,SAN- 6,184,417,306,-636
-4,-3,0.113145,SAN- 6,184,417,302,-633
-4,-3,0.11318,SAN- 6,184,417,298,-630
-3,-3,0.113209,SAN- 6,184,417,295,-627
-4,-2,0.11322,SAN- 6,184,417,291,-625
-4,-3,0.113244,SAN- 6,184,417,287,-622
-4,-3,0.113284,SAN- 6,184,417,283,-619
-3,-3,0.113308,SAN- 6,184,417,280,-616
-4,-3,0.113325,SAN- 6,184,417,276,-613
-4,-2,0.11336,SAN- 6,184,417,272,-611
-4,-3,0.113371,SAN- 6,184,417,268,-608
-3,-3,0.113395,SAN- 6,184,417,265,-605
-4,-3,0.113424,SAN- 6,184,417,261,-602
-4,-3,0.113451,SAN- 6,184,417,257,-599
-4,-3,0.113482,SAN- 6,184,417,253,-596
-3,-2,0.113505,SAN- 6,184,417,250,-594
-4,-3,0.113511,SAN- 6,184,417,246,-591
-4,-3,0.11354,SAN- 6,184,417,242,-588
-4,-3,0.113569,SAN- 6,184,417,238,-585
-3,-3,0.113598,SAN- 6,184,417,235,-582
-4,-2,0.113609,SAN- 6,184,417,231,-580
-4,-3,0.113644,SAN- 6,184,417,227,-577
-4,-3,0.113667,SAN- 6,184,417,223,-574
-3,-3,0.113691,SAN- 6,184,417,220,-571
-3,-3,0.11372,SAN- 6,184,417,217,-568
-3,-2,0.113755,SAN- 6,184,417,214,-566
-2,-3,0.11376,SAN- 6,184,417,212,-563
-2,-3,0.113795,SAN- 6,184,417,210,-560
-1,-3,0.113824,SAN- 6,184,417,209,-557
-1,-3,0.113859,SAN- 6,184,417,208,-554
-1,-3,0.113876,SAN- 6,184,417,207,-551
-1,-2,0.113888,SAN- 6,184,417,206,-549
-1,-3,0.113905,SAN- 6,184,417,205,-546
-2,-3,0.113929,SAN- 6,184,417,203,-543
-2,-3,0.113964,SAN- 6,184,417,201,-540
-3,-3,0.113993,SAN- 6,184,417,198,-537
-3,-2,0.114027,SAN- 6,184,417,195,-535
-3,-3,0.114033,SAN- 6,184,417,192,-532
-3,-3,0.114056,SAN- 6,184,417,189,-529
-4,-3,0.114091,SAN- 6,184,417,185,-526
-4,-3,0.11412,SAN- 6,184,417,181,-523
-4,-2,0.114143,SAN- 6,184,417,177,-521
-4,-1,0.114184,SAN- 6,184,417,173,-520
-4,1,0.114236,SAN- 6,184,417,169,-521
1,1,0.115003,SAN- 6,184,417,170,-522
1,1,0.115026,SAN- 6,184,417,171,-523
2,2,0.115043,SAN- 6,184,417,173,-525
2,2,0.115066,SAN- 6,184,417,175,-527
2,2,0.115096,SAN- 6,184,417,177,-529
2,3,0.11513,SAN- 6,184,417,179,-532
3,2,0.115154,SAN- 6,184,417,182,-534
2,3,0.115186,SAN- 6,184,417,184,-537
3,3,0.115194,SAN- 6,184,417,187,-540
3,3,0.115217,SAN- 6,184,417,190,-543
3,3,0.115246,SAN- 6,184,417,193,-546
3,2,0.115281,SAN- 6,184,417,196,-548
2,3,0.115316,SAN- 6,184,417,198,-551
3,3,0.115339,SAN- 6,184,417,201,-554
3,3,0.115345,SAN- 6,184,417,204,-557
3,3,0.115368,SAN- 6,184,417,207,-560
3,2,0.115393,SAN- 6,184,417,210,-562
3,1,0.115432,SAN- 6,184,417,213,-563
1,1,0.115455,SAN- 6,184,417,214,-564
1,2,0.115496,SAN- 6,184,417,215,-566
-1,-1,0.12742,-TIA- 7,256,100,214,-565
-1,-1,0.12746,-TIA- 7,256,100,213,-564
-1,-1,0.127489,-TIA- 7,256,100,212,-563
-2,-1,0.127501,-TIA- 7,256,100,210,-562
-3,-2,0.127524,-TIA- 7,256,100,207,-560
-3,-3,0.127553,-TIA- 7,256,100,204,-557
-3,-6,0.127594,-TIA- 7,256,100,201,-551
-5,-3,0.127634,-TIA- 7,256,100,196,-548
-3,-2,0.127641,-TIA- 7,256,100,193,-546
-3,-3,0.127669,-TIA- 7,256,100,190,-543
-3,-3,0.127698,-TIA- 7,256,100,187,-540
-3,-3,0.127733,-TIA- 7,256,100,184,-537
-2,-3,0.127739,-TIA- 7,256,100,182,-534
-1,-2,0.127774,-TIA- 7,256,100,181,-532
-2,-3,0.127794,-TIA- 7,256,100,179,-529
-2,-3,0.12782,-TIA- 7,256,100,177,-526
-2,-3,0.127849,-TIA- 7,256,100,175,-523
-2,-3,0.127884,-TIA- 7,256,100,173,-520
-2,-3,0.127896,-TIA- 7,256,100,171,-517
-2,-2,0.127913,-TIA- 7,256,100,169,-515
-2,-3,0.127954,-TIA- 7,256,100,167,-512
-2,-3,0.127977,-TIA- 7,256,100,165,-509
-3,-3,0.128002,-TIA- 7,256,100,162,-506
-3,-3,0.128035,-TIA- 7,256,100,159,-503
-3,-2,0.128046,-TIA- 7,256,100,156,-501
-3,-3,0.12807,-TIA- 7,256,100,153,-498
-2,-3,0.128099,-TIA- 7,256,100,151,-495
-3,-2,0.128134,-TIA- 7,256,100,148,-493
-2,-2,0.128163,-TIA- 7,256,100,146,-491
-1,-1,0.128186,-TIA- 7,256,100,145,-490
1,-1,0.128221,-TIA- 7,256,100,146,-489
2,-1,0.12825,-TIA- 7,256,100,148,-488
1,-1,0.128284,-TIA- 7,256,100,149,-487
3,-1,0.128313,-TIA- 7,256,100,152,-486
3,-1,0.128337,-TIA- 7,256,100,155,-485
3,-1,0.128348,-TIA- 7,256,100,158,-484
3,-1,0.128372,-TIA- 7,256,100,161,-483
3,-1,0.128401,-TIA- 7,256,100,164,-482
2,-2,0.128435,-TIA- 7,256,100,166,-480
3,-2,0.128459,-TIA- 7,256,100,169,-478
3,-5,0.128488,-TIA- 7,256,100,172,-473
6,-3,0.128511,-TIA- 7,256,100,178,-470
2,-3,0.128534,-TIA- 7,256,100,180,-467
3,-3,0.128569,-TIA- 7,256,100,183,-464
3,-3,0.128598,-TIA- 7,256,100,186,-461
3,-2,0.128633,-TIA- 7,256,100,189,-459
3,-3,0.128639,-TIA- 7,256,100,192,-456
2,-3,0.128662,-TIA- 7,256,100,194,-453
3,-3,0.128697,-TIA- 7,256,100,197,-450
3,-3,0.128726,-TIA- 7,256,100,200,-447
3,-2,0.128749,-TIA- 7,256,100,203,-445
3,-3,0.128784,-TIA- 7,256,100,206,-442
2,-3,0.128789,-TIA- 7,256,100,208,-439
3,-3,0.128813,-TIA- 7,256,100,211,-436
3,-3,0.128853,-TIA- 7,256,100,214,-433
2,-2,0.128871,-TIA- 7,256,100,216,-431
2,-3,0.128905,-TIA- 7,256,100,218,-428
2,-3,0.128917,-TIA- 7,256,100,220,-425
1,-3,0.12894,-TIA- 7,256,100,221,-422
1,-3,0.128966,-TIA- 7,256,100,222,-419
1,-3,0.128998,-TIA- 7,256,100,223,-416
1,-2,0.129033,-TIA- 7,256,100,224,-414
1,-3,0.129062,-TIA- 7,256,100,225,-411
-1,-3,0.129086,-TIA- 7,256,100,224,-408
-1,-3,0.129097,-TIA- 7,256,100,223,-405
-1,-3,0.129132,-TIA- 7,256,100,222,-402
-1,-2,0.129149,-TIA- 7,256,100,221,-400
1,-3,0.129184,-TIA- 7,256,100,222,-397
1,-3,0.12919,-TIA- 7,256,100,223,-394
1,-3,0.129236,-TIA- 7,256,100,224,-391
1,-3,0.129248,-TIA- 7,256,100,225,-388
1,-2,0.129271,-TIA- 7,256,100,226,-386
1,-3,0.1293,-TIA- 7,256,100,227,-383
1,-3,0.129335,-TIA- 7,256,100,228,-380
1,-3,0.129341,-TIA- 7,256,100,229,-377
1,-3,0.129393,-TIA- 7,256,100,230,-374
1,-3,0.129399,-TIA- 7,256,100,231,-371
2,-2,0.129422,-TIA- 7,256,100,233,-369
2,-3,0.129454,-TIA- 7,256,100,235,-366
2,-3,0.129469,-TIA- 7,256,100,237,-363
2,-3,0.129498,-TIA- 7,256,100,239,-360
1,-3,0.129521,-TIA- 7,256,100,240,-357
2,-2,0.12955,-TIA- 7,256,100,242,-355
2,-3,0.129573,-TIA- 7,256,100,244,-352
2,-3,0.129608,-TIA- 7,256,100,246,-349
2,-3,0.129637,-TIA- 7,256,100,248,-346
2,-3,0.129649,-TIA- 7,256,100,250,-343
3,-2,0.129672,-TIA- 7,256,100,253,-341
2,-3,0.129707,-TIA- 7,256,100,255,-338
3,-3,0.129736,-TIA- 7,256,100,258,-335
3,-3,0.129759,-TIA- 7,256,100,261,-332
3,-3,0.129792,-TIA- 7,256,100,264,-329
3,-3,0.1298,-TIA- 7,256,100,267,-326
3,-2,0.129823,-TIA- 7,256,100,270,-324
2,-3,0.129857,-TIA- 7,256,100,272,-321
3,-3,0.129887,-TIA- 7,256,100,275,-318
3,-3,0.12991,-TIA- 7,256,100,278,-315
3,-3,0.129945,-TIA- 7,256,100,281,-312
2,-2,0.12995,-TIA- 7,256,100,283,-310
2,-3,0.129974,-TIA- 7,256,100,285,-307
1,-3,0.129997,-TIA- 7,256,100,286,-304
2,-3,0.130032,-TIA- 7,256,100,288,-301
2,-3,0.130072,-TIA- 7,256,100,290,-298
2,-5,0.130101,-TIA- 7,256,100,292,-293
4,-3,0.130125,-TIA- 7,256,100,296,-290
2,-3,0.130148,-TIA- 7,256,100,298,-287
2,-3,0.130183,-TIA- 7,256,100,300,-284
3,-3,0.130218,-TIA- 7,256,100,303,-281
3,-5,0.130252,-TIA- 7,256,100,306,-276
6,-3,0.130281,-TIA- 7,256,100,312,-273
3,-3,0.130305,-TIA- 7,256,100,315,-270
2,-3,0.130334,-TIA- 7,256,100,317,-267
2,-2,0.130363,-TIA- 7,256,100,319,-265
2,-3,0.13038,-TIA- 7,256,100,321,-262
2,-3,0.130403,-TIA- 7,256,100,323,-259
2,-3,0.130426,-TIA- 7,256,100,325,-256
2,-3,0.130461,-TIA- 7,256,100,327,-253
2,-2,0.13049,-TIA- 7,256,100,329,-251
1,-3,0.130502,-TIA- 7,256,100,330,-248
2,-3,0.130548,-TIA- 7,256,100,332,-245
2,-3,0.130554,-TIA- 7,256,100,334,-242
1,-3,0.130583,-TIA- 7,256,100,335,-239
1,-3,0.130612,-TIA- 7,256,100,336,-236
1,-2,0.130635,-TIA- 7,256,100,337,-234
1,-3,0.130653,-TIA- 7,256,100,338,-231
1,-3,0.130699,-TIA- 7,256,100,339,-228
1,-3,0.130705,-TIA- 7,256,100,340,-225
1,-3,0.130734,-TIA- 7,256,100,341,-222
1,-2,0.130763,-TIA- 7,256,100,342,-220
1,-3,0.130794,-TIA- 7,256,100,343,-217
1,-3,0.130821,-TIA- 7,256,100,344,-214
1,-3,0.13085,-TIA- 7,256,100,345,-211
1,-3,0.130862,-TIA- 7,256,100,346,-208
2,-2,0.130885,-TIA- 7,256,100,348,-206
2,-3,0.130914,-TIA- 7,256,100,350,-203
2,-3,0.130955,-TIA- 7,256,100,352,-200
2,-3,0.130978,-TIA- 7,256,100,354,-197
1,-2,0.131013,-TIA- 7,256,100,355,-195
1,-3,0.131036,-TIA- 7,256,100,356,-192
1,-3,0.131077,-TIA- 7,256,100,357,-189
1,-2,0.1311,-TIA- 7,256,100,358,-187
1,-3,0.131123,-TIA- 7,256,100,359,-184
1,-3,0.13114,-TIA- 7,256,100,360,-181
1,-3,0.131164,-TIA- 7,256,100,361,-178
-1,-3,0.131187,-TIA- 7,256,100,360,-175
-1,-2,0.13121,-TIA- 7,256,100,359,-173
-1,-3,0.131251,-TIA- 7,256,100,358,-170
-2,-3,0.131262,-TIA- 7,256,100,356,-167
-2,-3,0.131286,-TIA- 7,256,100,354,-164
-1,-3,0.131309,-TIA- 7,256,100,353,-161
-1,-3,0.131338,-TIA- 7,256,100,352,-158
-1,-2,0.131361,-TIA- 7,256,100,351,-156
-1,-3,0.131402,-TIA- 7,256,100,350,-153
-1,-3,0.131413,-TIA- 7,256,100,349,-150
-1,-3,0.131437,-TIA- 7,256,100,348,-147
-1,-3,0.131466,-TIA- 7,256,100,347,-144
-1,-2,0.131489,-TIA- 7,256,100,346,-142
-1,-3,0.131524,-TIA- 7,256,100,345,-139
-1,-3,0.131553,-TIA- 7,256,100,344,-136
1,-3,0.131564,-TIA- 7,256,100,345,-133
1,-3,0.131587,-TIA- 7,256,100,346,-130
1,-2,0.131611,-TIA- 7,256,100,347,-128
1,-3,0.131651,-TIA- 7,256,100,348,-125
1,-3,0.131686,-TIA- 7,256,100,349,-122
-1,-6,0.131721,-TIA- 7,256,100,348,-116
-3,-3,0.131744,-TIA- 7,256,100,345,-113
-2,-2,0.131767,-TIA- 7,256,100,343,-111
-1,-3,0.131796,-TIA- 7,256,100,342,-108
-3,-3,0.131837,-TIA- 7,256,100,339,-105
-3,-6,0.131872,-TIA- 7,256,100,336,-99
-6,-2,0.131901,-TIA- 7,256,100,330,-97
-2,-3,0.131924,-TIA- 7,256,100,328,-94
-2,-3,0.131959,-TIA- 7,256,100,326,-91
-2,-3,0.131988,-TIA- 7,256,100,324,-88
-2,-3,0.132,-TIA- 7,256,100,322,-85
-1,-2,0.132023,-TIA- 7,256,100,321,-83
-1,-3,0.132052,-TIA- 7,256,100,320,-80
-1,-3,0.132087,-TIA- 7,256,100,319,-77
-1,-3,0.13211,-TIA- 7,256,100,318,-74
1,-3,0.132122,-TIA- 7,256,100,319,-71
1,-3,0.132156,-TIA- 7,256,100,320,-68
1,-2,0.132174,-TIA- 7,256,100,321,-66
1,-3,0.132209,-TIA- 7,256,100,322,-63
1,-3,0.132238,-TIA- 7,256,100,323,-60
1,-6,0.132272,-TIA- 7,256,100,324,-54
-2,-2,0.132307,-TIA- 7,256,100,322,-52
-2,-3,0.132325,-TIA- 7,256,100,320,-49
-2,-3,0.132348,-TIA- 7,256,100,318,-46
-2,-3,0.132371,-TIA- 7,256,100,316,-43
-2,-5,0.132423,-TIA- 7,256,100,314,-38
-3,-2,0.132452,-TIA- 7,256,100,311,-36
-2,-2,0.132476,-TIA- 7,256,100,309,-34
-1,-1,0.13251,-TIA- 7,256,100,308,-33
-1,-1,0.13254,-TIA- 7,256,100,307,-32
-1,1,0.142095,GO 8,182,165,306,-33
-1,1,0.142112,GO 8,182,165,305,-34
-2,2,0.142182,GO 8,182,165,303,-36
-3,2,0.142193,GO 8,182,165,300,-38
-3,2,0.142216,GO 8,182,165,297,-40
-3,2,0.142257,GO 8,182,165,294,-42
-3,2,0.14228,GO 8,182,165,291,-44
-4,2,0.142286,GO 8,182,165,287,-46
-4,1,0.142309,GO 8,182,165,283,-47
-4,1,0.142344,GO 8,182,165,279,-48
-3,1,0.142367,GO 8,182,165,276,-49
-4,1,0.142431,GO 8,182,165,272,-50
-4,1,0.142437,GO 8,182,165,268,-51
-3,1,0.14246,GO 8,182,165,265,-52
-4,2,0.142495,GO 8,182,165,261,-54
-4,2,0.142524,GO 8,182,165,257,-56
-4,2,0.14255,GO 8,182,165,253,-58
-3,3,0.142582,GO 8,182,165,250,-61
-4,3,0.142594,GO 8,182,165,246,-64
-4,2,0.142617,GO 8,182,165,242,-66
-4,3,0.142646,GO 8,182,165,238,-69
-3,4,0.142681,GO 8,182,165,235,-73
-2,4,0.14271,GO 8,182,165,233,-77
-3,3,0.142721,GO 8,182,165,230,-80
-2,4,0.142745,GO 8,182,165,228,-84
-2,4,0.142768,GO 8,182,165,226,-88
-1,4,0.142797,GO 8,182,165,225,-92
-1,3,0.142826,GO 8,182,165,224,-95
-1,4,0.142861,GO 8,182,165,223,-99
-1,4,0.142872,GO 8,182,165,222,-103
-1,4,0.142896,GO 8,182,165,221,-107
-1,3,0.142925,GO 8,182,165,220,-110
-1,4,0.142951,GO 8,182,165,219,-114
-2,4,0.142983,GO 8,182,165,217,-118
-2,4,0.143012,GO 8,182,165,215,-122
-2,2,0.143018,GO 8,182,165,213,-124
-2,3,0.143041,GO 8,182,165,211,-127
-2,3,0.14307,GO 8,182,165,209,-130
-2,2,0.143105,GO 8,182,165,207,-132
-1,2,0.143128,GO 8,182,165,206,-134
-1,1,0.143157,GO 8,182,165,205,-135
-1,1,0.143192,GO 8,182,165,204,-136
-1,-5,0.154273,GO 8,182,165,203,-131
-1,-6,0.154285,GO 8,182,165,202,-125
-1,-13,0.154311,GO 8,182,165,201,-112
-3,-14,0.154337,GO 8,182,165,198,-98
