deltaX,deltaY,WHEN,SYLLABLE,XofButton,YofButton,XofTrace,YofTrace
-1,1,0.278129,Yield,0,0,-1,-1
-1,1,0.278187,Yield,0,0,-2,-2
-1,1,0.278203,Yield,0,0,-3,-3
-1,1,0.278251,Yield,0,0,-4,-4
-1,1,0.278297,Yield,0,0,-5,-5
-1,1,0.278332,Yield,0,0,-6,-6
-1,1,0.278338,Yield,0,0,-7,-7
-1,1,0.278361,Yield,0,0,-8,-8
-1,1,0.278407,Yield,0,0,-9,-9
-1,1,0.27843,Yield,0,0,-10,-10
-1,1,0.27846,Yield,0,0,-11,-11
-1,1,0.278489,Yield,0,0,-12,-12
-1,1,0.278547,Yield,0,0,-13,-13
-1,1,0.27857,Yield,0,0,-14,-14
-1,1,0.278587,Yield,0,0,-15,-15
-1,1,0.27861,Yield,0,0,-16,-16
-1,1,0.278663,Yield,0,0,-17,-17
-1,1,0.278698,Yield,0,0,-18,-18
-1,1,0.278721,Yield,0,0,-19,-19
-1,1,0.278738,Yield,0,0,-20,-20
-1,-1,0.279481,Yield,0,0,-21,-19
-2,-1,0.279504,Yield,0,0,-23,-18
-2,-1,0.279528,Yield,0,0,-25,-17
-2,-1,0.279562,Yield,0,0,-27,-16
-2,-1,0.279574,Yield,0,0,-29,-15
-2,-1,0.279591,Yield,0,0,-31,-14
-3,-1,0.27962,Yield,0,0,-34,-13
-3,-1,0.279644,Yield,0,0,-37,-12
-3,-1,0.279667,Yield,0,0,-40,-11
-3,-1,0.279702,Yield,0,0,-43,-10
-2,-1,0.279992,Yield,0,0,-45,-9
-2,-1,0.279998,Yield,0,0,-47,-8
-2,-1,0.280015,Yield,0,0,-49,-7
-2,-1,0.280033,Yield,0,0,-51,-6
-1,-1,0.280062,Yield,0,0,-52,-5
-2,-1,0.280091,Yield,0,0,-54,-4
-1,-1,0.28012,Yield,0,0,-55,-3
-1,1,0.281165,Yield,0,0,-56,-4
-1,1,0.281217,Yield,0,0,-57,-5
-1,1,0.28124,Yield,0,0,-58,-6
-2,1,0.281281,Yield,0,0,-60,-7
-2,2,0.28131,Yield,0,0,-62,-9
-5,1,0.281339,Yield,0,0,-67,-10
-3,1,0.281368,Yield,0,0,-70,-11
-3,1,0.281397,Yield,0,0,-73,-12
-3,1,0.281455,Yield,0,0,-76,-13
-1,1,0.281751,Yield,0,0,-77,-14
-1,1,0.281763,Yield,0,0,-78,-15
-1,1,0.281786,Yield,0,0,-79,-16
-1,1,0.281815,Yield,0,0,-80,-17
-1,1,0.281884,Yield,0,0,-81,-18
-1,1,0.28189,Yield,0,0,-82,-19
-1,1,0.282419,Yield,0,0,-83,-20
1,1,0.291718,FRAY 1,87,416,-82,-21
1,1,0.291747,FRAY 1,87,416,-81,-22
1,2,0.291765,FRAY 1,87,416,-80,-24
1,2,0.291794,FRAY 1,87,416,-79,-26
1,2,0.291811,FRAY 1,87,416,-78,-28
1,3,0.29184,FRAY 1,87,416,-77,-31
-1,3,0.291869,FRAY 1,87,416,-78,-34
-1,3,0.291892,FRAY 1,87,416,-79,-37
-1,3,0.291915,FRAY 1,87,416,-80,-40
-1,3,0.291944,FRAY 1,87,416,-81,-43
-1,4,0.291974,FRAY 1,87,416,-82,-47
1,4,0.292008,FRAY 1,87,416,-81,-51
1,4,0.29202,FRAY 1,87,416,-80,-55
2,3,0.292055,FRAY 1,87,416,-78,-58
2,4,0.292071,FRAY 1,87,416,-76,-62
1,4,0.292095,FRAY 1,87,416,-75,-66
2,4,0.292119,FRAY 1,87,416,-73,-70
2,3,0.292152,FRAY 1,87,416,-71,-73
2,4,0.292171,FRAY 1,87,416,-69,-77
2,4,0.292188,FRAY 1,87,416,-67,-81
2,4,0.292223,FRAY 1,87,416,-65,-85
2,3,0.292246,FRAY 1,87,416,-63,-88
2,4,0.29227,FRAY 1,87,416,-61,-92
1,4,0.292304,FRAY 1,87,416,-60,-96
2,4,0.292316,FRAY 1,87,416,-58,-100
2,3,0.292344,FRAY 1,87,416,-56,-103
2,4,0.292374,FRAY 1,87,416,-54,-107
2,4,0.292409,FRAY 1,87,416,-52,-111
2,4,0.29242,FRAY 1,87,416,-50,-115
2,3,0.292455,FRAY 1,87,416,-48,-118
2,4,0.292468,FRAY 1,87,416,-46,-122
1,4,0.292496,FRAY 1,87,416,-45,-126
3,4,0.292519,FRAY 1,87,416,-42,-130
3,3,0.292548,FRAY 1,87,416,-39,-133
3,4,0.292583,FRAY 1,87,416,-36,-137
3,4,0.292606,FRAY 1,87,416,-33,-141
2,4,0.292624,FRAY 1,87,416,-31,-145
3,3,0.292647,FRAY 1,87,416,-28,-148
3,4,0.292682,FRAY 1,87,416,-25,-152
3,4,0.292699,FRAY 1,87,416,-22,-156
3,4,0.292734,FRAY 1,87,416,-19,-160
3,3,0.292763,FRAY 1,87,416,-16,-163
2,4,0.292775,FRAY 1,87,416,-14,-167
3,4,0.292798,FRAY 1,87,416,-11,-171
3,4,0.292821,FRAY 1,87,416,-8,-175
3,3,0.292856,FRAY 1,87,416,-5,-178
3,4,0.292885,FRAY 1,87,416,-2,-182
1,4,0.29292,FRAY 1,87,416,-1,-186
2,4,0.292926,FRAY 1,87,416,1,-190
2,3,0.292955,FRAY 1,87,416,3,-193
2,4,0.292972,FRAY 1,87,416,5,-197
2,4,0.293007,FRAY 1,87,416,7,-201
2,4,0.29303,FRAY 1,87,416,9,-205
2,3,0.293065,FRAY 1,87,416,11,-208
2,4,0.293076,FRAY 1,87,416,13,-212
1,4,0.293105,FRAY 1,87,416,14,-216
2,4,0.293135,FRAY 1,87,416,16,-220
2,3,0.293158,FRAY 1,87,416,18,-223
2,4,0.293181,FRAY 1,87,416,20,-227
2,4,0.293222,FRAY 1,87,416,22,-231
2,4,0.293227,FRAY 1,87,416,24,-235
2,3,0.293251,FRAY 1,87,416,26,-238
2,4,0.293285,FRAY 1,87,416,28,-242
2,4,0.293309,FRAY 1,87,416,30,-246
1,4,0.293326,FRAY 1,87,416,31,-250
1,3,0.293364,FRAY 1,87,416,32,-253
1,4,0.293378,FRAY 1,87,416,33,-257
2,4,0.293402,FRAY 1,87,416,35,-261
2,4,0.293436,FRAY 1,87,416,37,-265
2,3,0.293471,FRAY 1,87,416,39,-268
2,4,0.293477,FRAY 1,87,416,41,-272
2,4,0.293506,FRAY 1,87,416,43,-276
2,4,0.293529,FRAY 1,87,416,45,-280
1,3,0.293558,FRAY 1,87,416,46,-283
2,4,0.293581,FRAY 1,87,416,48,-287
2,4,0.293605,FRAY 1,87,416,50,-291
2,4,0.293622,FRAY 1,87,416,52,-295
2,3,0.293645,FRAY 1,87,416,54,-298
2,4,0.293674,FRAY 1,87,416,56,-302
2,4,0.293698,FRAY 1,87,416,58,-306
2,4,0.293722,FRAY 1,87,416,60,-310
1,3,0.293767,FRAY 1,87,416,61,-313
2,4,0.293773,FRAY 1,87,416,63,-317
2,4,0.293796,FRAY 1,87,416,65,-321
2,4,0.293831,FRAY 1,87,416,67,-325
2,3,0.293854,FRAY 1,87,416,69,-328
2,4,0.293878,FRAY 1,87,416,71,-332
1,4,0.293907,FRAY 1,87,416,72,-336
1,4,0.293924,FRAY 1,87,416,73,-340
1,3,0.293947,FRAY 1,87,416,74,-343
1,4,0.29397,FRAY 1,87,416,75,-347
1,4,0.293994,FRAY 1,87,416,76,-351
1,4,0.294017,FRAY 1,87,416,77,-355
1,3,0.29404,FRAY 1,87,416,78,-358
1,4,0.294081,FRAY 1,87,416,79,-362
1,4,0.294087,FRAY 1,87,416,80,-366
1,4,0.294116,FRAY 1,87,416,81,-370
1,3,0.294145,FRAY 1,87,416,82,-373
1,4,0.294168,FRAY 1,87,416,83,-377
1,4,0.294191,FRAY 1,87,416,84,-381
1,4,0.294232,FRAY 1,87,416,85,-385
1,3,0.294243,FRAY 1,87,416,86,-388
1,4,0.294266,FRAY 1,87,416,87,-392
1,4,0.294296,FRAY 1,87,416,88,-396
1,4,0.294319,FRAY 1,87,416,89,-400
1,3,0.294342,FRAY 1,87,416,90,-403
1,4,0.294377,FRAY 1,87,416,91,-407
1,4,0.294394,FRAY 1,87,416,92,-411
1,4,0.294417,FRAY 1,87,416,93,-415
1,3,0.294441,FRAY 1,87,416,94,-418
1,4,0.294474,FRAY 1,87,416,95,-422
1,4,0.294499,FRAY 1,87,416,96,-426
1,4,0.294528,FRAY 1,87,416,97,-430
1,3,0.294545,FRAY 1,87,416,98,-433
1,4,0.294568,FRAY 1,87,416,99,-437
1,4,0.294602,FRAY 1,87,416,100,-441
1,4,0.294626,FRAY 1,87,416,101,-445
1,3,0.29465,FRAY 1,87,416,102,-448
1,4,0.294684,FRAY 1,87,416,103,-452
1,4,0.294696,FRAY 1,87,416,104,-456
1,4,0.294719,FRAY 1,87,416,105,-460
1,3,0.294748,FRAY 1,87,416,106,-463
1,4,0.294789,FRAY 1,87,416,107,-467
1,4,0.294801,FRAY 1,87,416,108,-471
1,4,0.294835,FRAY 1,87,416,109,-475
1,3,0.294847,FRAY 1,87,416,110,-478
1,4,0.294876,FRAY 1,87,416,111,-482
1,4,0.294899,FRAY 1,87,416,112,-486
1,4,0.294928,FRAY 1,87,416,113,-490
1,3,0.294963,FRAY 1,87,416,114,-493
1,4,0.294986,FRAY 1,87,416,115,-497
1,4,0.295004,FRAY 1,87,416,116,-501
1,4,0.295027,FRAY 1,87,416,117,-505
1,3,0.29505,FRAY 1,87,416,118,-508
1,4,0.295082,FRAY 1,87,416,119,-512
1,4,0.295114,FRAY 1,87,416,120,-516
1,4,0.295143,FRAY 1,87,416,121,-520
1,3,0.295155,FRAY 1,87,416,122,-523
1,4,0.295178,FRAY 1,87,416,123,-527
1,4,0.295201,FRAY 1,87,416,124,-531
1,3,0.295224,FRAY 1,87,416,125,-534
1,2,0.295265,FRAY 1,87,416,126,-536
1,3,0.295282,FRAY 1,87,416,127,-539
1,3,0.295306,FRAY 1,87,416,128,-542
1,2,0.295329,FRAY 1,87,416,129,-544
1,2,0.295352,FRAY 1,87,416,130,-546
1,1,0.295381,FRAY 1,87,416,131,-547
1,1,0.295427,FRAY 1,87,416,132,-548
1,1,0.295457,FRAY 1,87,416,133,-549
1,1,0.295602,FRAY 1,87,416,134,-550
-1,1,0.295631,FRAY 1,87,416,133,-551
-1,1,0.295671,FRAY 1,87,416,132,-552
-1,1,0.295695,FRAY 1,87,416,131,-553
-1,1,0.295747,FRAY 1,87,416,130,-554
-1,1,0.295973,FRAY 1,87,416,129,-555
-1,1,0.296002,FRAY 1,87,416,128,-556
-1,1,0.296014,FRAY 1,87,416,127,-557
-1,1,0.29606,FRAY 1,87,416,126,-558
-2,1,0.296093,FRAY 1,87,416,124,-559
-2,1,0.296124,FRAY 1,87,416,122,-560
-1,2,0.296141,FRAY 1,87,416,121,-562
-1,1,0.296159,FRAY 1,87,416,120,-563
-1,1,0.296182,FRAY 1,87,416,119,-564
-1,1,0.296225,FRAY 1,87,416,118,-565
-1,1,0.296258,FRAY 1,87,416,117,-566
-1,1,0.296275,FRAY 1,87,416,116,-567
-1,1,0.296298,FRAY 1,87,416,115,-568
-1,1,0.296345,FRAY 1,87,416,114,-569
-1,1,0.29638,FRAY 1,87,416,113,-570
-1,1,0.296409,FRAY 1,87,416,112,-571
-1,1,0.296443,FRAY 1,87,416,111,-572
-1,1,0.296449,FRAY 1,87,416,110,-573
-1,1,0.296472,FRAY 1,87,416,109,-574
-1,2,0.296496,FRAY 1,87,416,108,-576
-1,2,0.29653,FRAY 1,87,416,107,-578
-1,2,0.296544,FRAY 1,87,416,106,-580
-1,2,0.296571,FRAY 1,87,416,105,-582
-1,2,0.2966,FRAY 1,87,416,104,-584
-1,2,0.296623,FRAY 1,87,416,103,-586
-1,2,0.296652,FRAY 1,87,416,102,-588
-1,1,0.296681,FRAY 1,87,416,101,-589
-1,1,0.296699,FRAY 1,87,416,100,-590
-1,1,0.296751,FRAY 1,87,416,99,-591
-1,1,0.29678,FRAY 1,87,416,98,-592
-1,1,0.296826,FRAY 1,87,416,97,-593
-1,1,0.296873,FRAY 1,87,416,96,-594
-1,1,0.296902,FRAY 1,87,416,95,-595
-1,1,0.296931,FRAY 1,87,416,94,-596
-1,1,0.296954,FRAY 1,87,416,93,-597
-1,1,0.296995,FRAY 1,87,416,92,-598
-1,2,0.297001,FRAY 1,87,416,91,-600
-1,2,0.29703,FRAY 1,87,416,90,-602
-1,2,0.297047,FRAY 1,87,416,89,-604
-1,3,0.297082,FRAY 1,87,416,88,-607
-1,3,0.297105,FRAY 1,87,416,87,-610
-1,2,0.297135,FRAY 1,87,416,86,-612
-1,3,0.297152,FRAY 1,87,416,85,-615
-1,3,0.297181,FRAY 1,87,416,84,-618
-1,3,0.297204,FRAY 1,87,416,83,-621
-1,3,0.297227,FRAY 1,87,416,82,-624
-1,2,0.297256,FRAY 1,87,416,81,-626
-1,3,0.297291,FRAY 1,87,416,80,-629
-1,3,0.297302,FRAY 1,87,416,79,-632
-1,3,0.297332,FRAY 1,87,416,78,-635
-1,2,0.297355,FRAY 1,87,416,77,-637
-1,2,0.297378,FRAY 1,87,416,76,-639
-1,2,0.297411,FRAY 1,87,416,75,-641
-1,1,0.297442,FRAY 1,87,416,74,-642
-1,2,0.297459,FRAY 1,87,416,73,-644
-1,2,0.297482,FRAY 1,87,416,72,-646
-1,2,0.297506,FRAY 1,87,416,71,-648
-1,2,0.297529,FRAY 1,87,416,70,-650
-1,2,0.297564,FRAY 1,87,416,69,-652
-1,2,0.297593,FRAY 1,87,416,68,-654
-1,2,0.29761,FRAY 1,87,416,67,-656
-1,1,0.297633,FRAY 1,87,416,66,-657
-1,2,0.297657,FRAY 1,87,416,65,-659
-2,2,0.297691,FRAY 1,87,416,63,-661
-2,2,0.29772,FRAY 1,87,416,61,-663
-1,2,0.297744,FRAY 1,87,416,60,-665
-2,2,0.297761,FRAY 1,87,416,58,-667
-2,2,0.297784,FRAY 1,87,416,56,-669
-1,2,0.297808,FRAY 1,87,416,55,-671
-1,1,0.29786,FRAY 1,87,416,54,-672
-1,1,0.297906,FRAY 1,87,416,53,-673
-1,1,0.297935,FRAY 1,87,416,52,-674
1,-1,0.306858,SAN- 2,387,311,53,-673
1,-1,0.306881,SAN- 2,387,311,54,-672
1,-1,0.306927,SAN- 2,387,311,55,-671
1,-1,0.306956,SAN- 2,387,311,56,-670
1,1,0.307154,SAN- 2,387,311,57,-671
1,1,0.307183,SAN- 2,387,311,58,-672
3,-1,0.307734,SAN- 2,387,311,61,-671
3,-1,0.307763,SAN- 2,387,311,64,-670
2,-1,0.307786,SAN- 2,387,311,66,-669
3,-1,0.307821,SAN- 2,387,311,69,-668
2,1,0.308042,SAN- 2,387,311,71,-669
3,1,0.308065,SAN- 2,387,311,74,-670
3,1,0.308088,SAN- 2,387,311,77,-671
3,1,0.308111,SAN- 2,387,311,80,-672
3,1,0.30814,SAN- 2,387,311,83,-673
2,1,0.308164,SAN- 2,387,311,85,-674
3,1,0.308193,SAN- 2,387,311,88,-675
2,-1,0.309052,SAN- 2,387,311,90,-674
2,-1,0.309075,SAN- 2,387,311,92,-673
2,-1,0.309104,SAN- 2,387,311,94,-672
1,-1,0.309127,SAN- 2,387,311,95,-671
2,-1,0.309145,SAN- 2,387,311,97,-670
2,-1,0.309174,SAN- 2,387,311,99,-669
2,-1,0.309203,SAN- 2,387,311,101,-668
2,-1,0.309255,SAN- 2,387,311,103,-667
2,-1,0.309278,SAN- 2,387,311,105,-666
2,-1,0.309296,SAN- 2,387,311,107,-665
1,-1,0.30933,SAN- 2,387,311,108,-664
2,-1,0.309354,SAN- 2,387,311,110,-663
2,-1,0.309377,SAN- 2,387,311,112,-662
3,-1,0.309406,SAN- 2,387,311,115,-661
3,-1,0.309441,SAN- 2,387,311,118,-660
3,-1,0.309447,SAN- 2,387,311,121,-659
2,-2,0.309473,SAN- 2,387,311,123,-657
3,-2,0.309505,SAN- 2,387,311,126,-655
3,-2,0.309528,SAN- 2,387,311,129,-653
3,-1,0.309551,SAN- 2,387,311,132,-652
3,-2,0.309592,SAN- 2,387,311,135,-650
2,-2,0.309603,SAN- 2,387,311,137,-648
3,-2,0.309626,SAN- 2,387,311,140,-646
3,-2,0.309656,SAN- 2,387,311,143,-644
3,-2,0.309679,SAN- 2,387,311,146,-642
3,-2,0.309708,SAN- 2,387,311,149,-640
2,-2,0.309737,SAN- 2,387,311,151,-638
3,-1,0.309754,SAN- 2,387,311,154,-637
3,-2,0.309777,SAN- 2,387,311,157,-635
3,-2,0.309812,SAN- 2,387,311,160,-633
3,-2,0.309824,SAN- 2,387,311,163,-631
3,-2,0.309859,SAN- 2,387,311,166,-629
2,-2,0.30987,SAN- 2,387,311,168,-627
3,-2,0.309899,SAN- 2,387,311,171,-625
3,-2,0.309923,SAN- 2,387,311,174,-623
3,-1,0.309946,SAN- 2,387,311,177,-622
3,-2,0.309986,SAN- 2,387,311,180,-620
2,-2,0.309998,SAN- 2,387,311,182,-618
2,-2,0.310033,SAN- 2,387,311,184,-616
2,-2,0.31005,SAN- 2,387,311,186,-614
2,-2,0.310073,SAN- 2,387,311,188,-612
2,-2,0.310097,SAN- 2,387,311,190,-610
2,-2,0.310132,SAN- 2,387,311,192,-608
2,-1,0.310155,SAN- 2,387,311,194,-607
2,-2,0.310184,SAN- 2,387,311,196,-605
1,-2,0.310201,SAN- 2,387,311,197,-603
2,-2,0.310224,SAN- 2,387,311,199,-601
2,-2,0.310248,SAN- 2,387,311,201,-599
2,-2,0.310282,SAN- 2,387,311,203,-597
2,-2,0.310311,SAN- 2,387,311,205,-595
2,-2,0.310346,SAN- 2,387,311,207,-593
2,-1,0.310352,SAN- 2,387,311,209,-592
2,-2,0.310375,SAN- 2,387,311,211,-590
1,-2,0.310399,SAN- 2,387,311,212,-588
2,-2,0.310433,SAN- 2,387,311,214,-586
2,-2,0.310462,SAN- 2,387,311,216,-584
2,-2,0.310491,SAN- 2,387,311,218,-582
2,-2,0.310503,SAN- 2,387,311,220,-580
2,-2,0.310532,SAN- 2,387,311,222,-578
2,-1,0.310555,SAN- 2,387,311,224,-577
2,-2,0.310584,SAN- 2,387,311,226,-575
1,-2,0.310619,SAN- 2,387,311,227,-573
3,-2,0.310648,SAN- 2,387,311,230,-571
3,-2,0.310654,SAN- 2,387,311,233,-569
3,-2,0.310683,SAN- 2,387,311,236,-567
3,-2,0.310706,SAN- 2,387,311,239,-565
2,-1,0.310729,SAN- 2,387,311,241,-564
3,-1,0.310758,SAN- 2,387,311,244,-563
3,-1,0.310811,SAN- 2,387,311,247,-562
3,-1,0.310834,SAN- 2,387,311,250,-561
3,-1,0.310857,SAN- 2,387,311,253,-560
2,-1,0.31088,SAN- 2,387,311,255,-559
3,-1,0.310915,SAN- 2,387,311,258,-558
3,-1,0.310927,SAN- 2,387,311,261,-557
3,-1,0.310962,SAN- 2,387,311,264,-556
3,-1,0.310991,SAN- 2,387,311,267,-555
2,-1,0.311008,SAN- 2,387,311,269,-554
3,-1,0.311025,SAN- 2,387,311,272,-553
3,-1,0.31106,SAN- 2,387,311,275,-552
3,-1,0.311078,SAN- 2,387,311,278,-551
3,-1,0.311107,SAN- 2,387,311,281,-550
2,-1,0.31113,SAN- 2,387,311,283,-549
3,-1,0.311162,SAN- 2,387,311,286,-548
3,-1,0.311211,SAN- 2,387,311,289,-547
3,-1,0.311229,SAN- 2,387,311,292,-546
2,-1,0.311258,SAN- 2,387,311,294,-545
3,-1,0.311281,SAN- 2,387,311,297,-544
3,-1,0.311304,SAN- 2,387,311,300,-543
3,-1,0.311327,SAN- 2,387,311,303,-542
3,-1,0.311362,SAN- 2,387,311,306,-541
3,-1,0.31138,SAN- 2,387,311,309,-540
2,-1,0.311403,SAN- 2,387,311,311,-539
3,-1,0.311438,SAN- 2,387,311,314,-538
3,-1,0.311461,SAN- 2,387,311,317,-537
3,-1,0.31149,SAN- 2,387,311,320,-536
3,-1,0.311507,SAN- 2,387,311,323,-535
2,-1,0.311531,SAN- 2,387,311,325,-534
3,-1,0.311554,SAN- 2,387,311,328,-533
3,-1,0.3116,SAN- 2,387,311,331,-532
3,-1,0.311635,SAN- 2,387,311,334,-531
2,-1,0.311652,SAN- 2,387,311,336,-530
3,-1,0.311676,SAN- 2,387,311,339,-529
3,-1,0.311699,SAN- 2,387,311,342,-528
3,-1,0.311722,SAN- 2,387,311,345,-527
3,-1,0.311757,SAN- 2,387,311,348,-526
3,-1,0.311786,SAN- 2,387,311,351,-525
2,-1,0.311821,SAN- 2,387,311,353,-524
3,-1,0.311827,SAN- 2,387,311,356,-523
3,-1,0.31185,SAN- 2,387,311,359,-522
3,-1,0.311885,SAN- 2,387,311,362,-521
3,-1,0.311908,SAN- 2,387,311,365,-520
2,-1,0.311937,SAN- 2,387,311,367,-519
3,-1,0.311954,SAN- 2,387,311,370,-518
3,-1,0.312001,SAN- 2,387,311,373,-517
1,-1,0.31286,SAN- 2,387,311,374,-516
2,-1,0.312895,SAN- 2,387,311,376,-515
2,-1,0.312912,SAN- 2,387,311,378,-514
1,-1,0.322363,-TIA- 3,329,115,379,-513
1,-1,0.322415,-TIA- 3,329,115,380,-512
1,-1,0.322456,-TIA- 3,329,115,381,-511
1,-1,0.32248,-TIA- 3,329,115,382,-510
1,-1,0.322543,-TIA- 3,329,115,383,-509
1,-1,0.322577,-TIA- 3,329,115,384,-508
1,-1,0.322612,-TIA- 3,329,115,385,-507
1,-1,0.322635,-TIA- 3,329,115,386,-506
1,-1,0.322699,-TIA- 3,329,115,387,-505
1,-1,0.322711,-TIA- 3,329,115,388,-504
1,-1,0.322763,-TIA- 3,329,115,389,-503
1,-1,0.322786,-TIA- 3,329,115,390,-502
1,-1,0.32285,-TIA- 3,329,115,391,-501
1,-1,0.322868,-TIA- 3,329,115,392,-500
1,-1,0.322914,-TIA- 3,329,115,393,-499
1,-2,0.322937,-TIA- 3,329,115,394,-497
1,-2,0.322972,-TIA- 3,329,115,395,-495
1,-1,0.323001,-TIA- 3,329,115,396,-494
1,-2,0.323036,-TIA- 3,329,115,397,-492
1,-2,0.323042,-TIA- 3,329,115,398,-490
1,-2,0.323065,-TIA- 3,329,115,399,-488
1,-2,0.323088,-TIA- 3,329,115,400,-486
1,-1,0.323123,-TIA- 3,329,115,401,-485
1,-1,0.323175,-TIA- 3,329,115,402,-484
1,-1,0.323187,-TIA- 3,329,115,403,-483
-1,-1,0.32321,-TIA- 3,329,115,402,-482
-1,-1,0.323257,-TIA- 3,329,115,401,-481
-1,-1,0.323291,-TIA- 3,329,115,400,-480
-1,-1,0.32332,-TIA- 3,329,115,399,-479
-1,-1,0.323338,-TIA- 3,329,115,398,-478
-1,-1,0.323384,-TIA- 3,329,115,397,-477
-1,-1,0.323408,-TIA- 3,329,115,396,-476
-1,-2,0.323442,-TIA- 3,329,115,395,-474
-1,-2,0.32346,-TIA- 3,329,115,394,-472
-1,-1,0.323489,-TIA- 3,329,115,393,-471
-1,-2,0.323512,-TIA- 3,329,115,392,-469
-1,-2,0.323547,-TIA- 3,329,115,391,-467
-1,-2,0.323558,-TIA- 3,329,115,390,-465
-1,-2,0.323586,-TIA- 3,329,115,389,-463
-1,-2,0.323611,-TIA- 3,329,115,388,-461
-1,-2,0.32364,-TIA- 3,329,115,387,-459
-1,-1,0.323663,-TIA- 3,329,115,386,-458
-1,-2,0.323692,-TIA- 3,329,115,385,-456
-1,-2,0.323715,-TIA- 3,329,115,384,-454
-1,-2,0.323744,-TIA- 3,329,115,383,-452
-1,-2,0.323762,-TIA- 3,329,115,382,-450
-1,-2,0.323785,-TIA- 3,329,115,381,-448
-1,-2,0.32382,-TIA- 3,329,115,380,-446
-1,-2,0.323843,-TIA- 3,329,115,379,-444
-1,-1,0.323872,-TIA- 3,329,115,378,-443
-1,-2,0.323889,-TIA- 3,329,115,377,-441
-1,-2,0.323913,-TIA- 3,329,115,376,-439
-1,-2,0.323936,-TIA- 3,329,115,375,-437
-1,-2,0.323971,-TIA- 3,329,115,374,-435
-1,-2,0.323994,-TIA- 3,329,115,373,-433
-2,-2,0.324023,-TIA- 3,329,115,371,-431
-2,-2,0.32404,-TIA- 3,329,115,369,-429
-2,-2,0.324063,-TIA- 3,329,115,367,-427
-2,-3,0.324093,-TIA- 3,329,115,365,-424
-2,-3,0.324116,-TIA- 3,329,115,363,-421
-2,-3,0.324145,-TIA- 3,329,115,361,-418
-1,-3,0.32418,-TIA- 3,329,115,360,-415
-1,-2,0.324191,-TIA- 3,329,115,359,-413
-1,-3,0.324214,-TIA- 3,329,115,358,-410
-1,-3,0.324243,-TIA- 3,329,115,357,-407
-1,-3,0.324267,-TIA- 3,329,115,356,-404
-1,-3,0.324296,-TIA- 3,329,115,355,-401
-1,-2,0.324319,-TIA- 3,329,115,354,-399
-1,-3,0.32436,-TIA- 3,329,115,353,-396
-1,-3,0.324365,-TIA- 3,329,115,352,-393
1,-3,0.324394,-TIA- 3,329,115,353,-390
1,-3,0.324418,-TIA- 3,329,115,354,-387
1,-3,0.324441,-TIA- 3,329,115,355,-384
1,-2,0.32447,-TIA- 3,329,115,356,-382
1,-3,0.324505,-TIA- 3,329,115,357,-379
1,-3,0.324522,-TIA- 3,329,115,358,-376
1,-3,0.324545,-TIA- 3,329,115,359,-373
1,-3,0.324569,-TIA- 3,329,115,360,-370
1,-2,0.324592,-TIA- 3,329,115,361,-368
1,-3,0.324627,-TIA- 3,329,115,362,-365
1,-3,0.324656,-TIA- 3,329,115,363,-362
1,-3,0.324673,-TIA- 3,329,115,364,-359
1,-3,0.324696,-TIA- 3,329,115,365,-356
1,-2,0.324719,-TIA- 3,329,115,366,-354
1,-3,0.324737,-TIA- 3,329,115,367,-351
1,-3,0.324766,-TIA- 3,329,115,368,-348
1,-3,0.324801,-TIA- 3,329,115,369,-345
1,-3,0.324818,-TIA- 3,329,115,370,-342
1,-3,0.324841,-TIA- 3,329,115,371,-339
1,-2,0.324876,-TIA- 3,329,115,372,-337
1,-3,0.324894,-TIA- 3,329,115,373,-334
1,-3,0.324923,-TIA- 3,329,115,374,-331
1,-3,0.324952,-TIA- 3,329,115,375,-328
1,-3,0.324969,-TIA- 3,329,115,376,-325
1,-2,0.324992,-TIA- 3,329,115,377,-323
1,-3,0.325016,-TIA- 3,329,115,378,-320
1,-3,0.325039,-TIA- 3,329,115,379,-317
1,-3,0.325074,-TIA- 3,329,115,380,-314
1,-3,0.325097,-TIA- 3,329,115,381,-311
1,-2,0.325126,-TIA- 3,329,115,382,-309
1,-3,0.325143,-TIA- 3,329,115,383,-306
1,-3,0.325166,-TIA- 3,329,115,384,-303
1,-3,0.325201,-TIA- 3,329,115,385,-300
1,-3,0.325219,-TIA- 3,329,115,386,-297
1,-3,0.325242,-TIA- 3,329,115,387,-294
1,-2,0.325277,-TIA- 3,329,115,388,-292
1,-3,0.325294,-TIA- 3,329,115,389,-289
1,-3,0.325317,-TIA- 3,329,115,390,-286
1,-3,0.325341,-TIA- 3,329,115,391,-283
1,-3,0.32537,-TIA- 3,329,115,392,-280
1,-2,0.325393,-TIA- 3,329,115,393,-278
1,-3,0.325433,-TIA- 3,329,115,394,-275
1,-3,0.32545,-TIA- 3,329,115,395,-272
1,-3,0.325474,-TIA- 3,329,115,396,-269
1,-3,0.325497,-TIA- 3,329,115,397,-266
1,-2,0.325544,-TIA- 3,329,115,398,-264
1,-3,0.325544,-TIA- 3,329,115,399,-261
1,-3,0.325567,-TIA- 3,329,115,400,-258
1,-2,0.325602,-TIA- 3,329,115,401,-256
1,-2,0.325625,-TIA- 3,329,115,402,-254
1,-2,0.325648,-TIA- 3,329,115,403,-252
1,-2,0.325677,-TIA- 3,329,115,404,-250
1,-1,0.325695,-TIA- 3,329,115,405,-249
1,-2,0.325724,-TIA- 3,329,115,406,-247
1,-2,0.325753,-TIA- 3,329,115,407,-245
1,-2,0.325776,-TIA- 3,329,115,408,-243
-1,-2,0.325799,-TIA- 3,329,115,407,-241
-1,-2,0.32584,-TIA- 3,329,115,406,-239
-1,-2,0.325846,-TIA- 3,329,115,405,-237
-1,-1,0.325869,-TIA- 3,329,115,404,-236
-1,-2,0.325898,-TIA- 3,329,115,403,-234
-1,-2,0.325927,-TIA- 3,329,115,402,-232
-1,-2,0.325962,-TIA- 3,329,115,401,-230
-1,-2,0.325985,-TIA- 3,329,115,400,-228
-1,-2,0.326002,-TIA- 3,329,115,399,-226
-1,-2,0.326026,-TIA- 3,329,115,398,-224
-1,-2,0.326049,-TIA- 3,329,115,397,-222
-1,-1,0.326082,-TIA- 3,329,115,396,-221
-1,-2,0.326101,-TIA- 3,329,115,395,-219
-1,-2,0.326136,-TIA- 3,329,115,394,-217
-1,-2,0.326153,-TIA- 3,329,115,393,-215
-1,-2,0.326177,-TIA- 3,329,115,392,-213
-1,-2,0.3262,-TIA- 3,329,115,391,-211
-1,-2,0.326229,-TIA- 3,329,115,390,-209
-1,-2,0.326264,-TIA- 3,329,115,389,-207
-1,-1,0.326281,-TIA- 3,329,115,388,-206
-1,-2,0.326304,-TIA- 3,329,115,387,-204
-1,-2,0.326327,-TIA- 3,329,115,386,-202
-1,-2,0.326351,-TIA- 3,329,115,385,-200
-1,-2,0.326385,-TIA- 3,329,115,384,-198
-1,-2,0.326415,-TIA- 3,329,115,383,-196
-1,-2,0.326438,-TIA- 3,329,115,382,-194
-1,-2,0.326455,-TIA- 3,329,115,381,-192
-1,-1,0.326478,-TIA- 3,329,115,380,-191
-1,-2,0.326502,-TIA- 3,329,115,379,-189
-1,-2,0.326536,-TIA- 3,329,115,378,-187
-1,-2,0.326568,-TIA- 3,329,115,377,-185
-1,-2,0.3266,-TIA- 3,329,115,376,-183
-1,-2,0.326612,-TIA- 3,329,115,375,-181
-1,-2,0.326635,-TIA- 3,329,115,374,-179
-1,-1,0.326658,-TIA- 3,329,115,373,-178
-1,-2,0.326687,-TIA- 3,329,115,372,-176
-1,-2,0.326722,-TIA- 3,329,115,371,-174
-1,-2,0.326751,-TIA- 3,329,115,370,-172
-1,-2,0.32676,-TIA- 3,329,115,369,-170
-1,-2,0.326786,-TIA- 3,329,115,368,-168
-1,-2,0.326809,-TIA- 3,329,115,367,-166
-1,-2,0.326832,-TIA- 3,329,115,366,-164
-1,-1,0.326865,-TIA- 3,329,115,365,-163
-1,-2,0.326896,-TIA- 3,329,115,364,-161
-1,-2,0.326914,-TIA- 3,329,115,363,-159
-1,-2,0.326937,-TIA- 3,329,115,362,-157
-1,-2,0.326966,-TIA- 3,329,115,361,-155
-1,-1,0.326983,-TIA- 3,329,115,360,-154
-1,-1,0.327018,-TIA- 3,329,115,359,-153
-1,-1,0.32703,-TIA- 3,329,115,358,-152
-1,-1,0.327088,-TIA- 3,329,115,357,-151
-1,-1,0.327111,-TIA- 3,329,115,356,-150
-1,-1,0.327134,-TIA- 3,329,115,355,-149
-1,-1,0.327169,-TIA- 3,329,115,354,-148
-1,-1,0.327216,-TIA- 3,329,115,353,-147
-1,-1,0.327239,-TIA- 3,329,115,352,-146
-1,-1,0.327262,-TIA- 3,329,115,351,-145
-1,-1,0.327303,-TIA- 3,329,115,350,-144
-1,-1,0.327338,-TIA- 3,329,115,349,-143
-1,-1,0.327361,-TIA- 3,329,115,348,-142
-1,-1,0.32739,-TIA- 3,329,115,347,-141
-1,-1,0.327413,-TIA- 3,329,115,346,-140
-1,-1,0.327465,-TIA- 3,329,115,345,-139
-1,-1,0.327918,-TIA- 3,329,115,344,-138
-1,-1,0.327947,-TIA- 3,329,115,343,-137
-1,-1,0.32797,-TIA- 3,329,115,342,-136
-1,-1,0.327999,-TIA- 3,329,115,341,-135
-1,-1,0.328057,-TIA- 3,329,115,340,-134
-1,-1,0.328069,-TIA- 3,329,115,339,-133
-1,-1,0.328098,-TIA- 3,329,115,338,-132
-1,-1,0.328121,-TIA- 3,329,115,337,-131
-1,-1,0.328522,-TIA- 3,329,115,336,-130
-1,-1,0.328545,-TIA- 3,329,115,335,-129
-1,-1,0.328574,-TIA- 3,329,115,334,-128
-1,-1,0.328609,-TIA- 3,329,115,333,-127
-1,-1,0.328638,-TIA- 3,329,115,332,-126
-1,-1,0.328673,-TIA- 3,329,115,331,-125
-1,-1,0.328696,-TIA- 3,329,115,330,-124
-1,-1,0.328731,-TIA- 3,329,115,329,-123
-1,-1,0.328771,-TIA- 3,329,115,328,-122
-1,-1,0.328795,-TIA- 3,329,115,327,-121
-1,-1,0.329271,-TIA- 3,329,115,326,-120
-1,-1,0.329305,-TIA- 3,329,115,325,-119
-1,-1,0.329352,-TIA- 3,329,115,324,-118
-1,-1,0.329381,-TIA- 3,329,115,323,-117
-1,-1,0.329404,-TIA- 3,329,115,322,-116
-1,-1,0.329427,-TIA- 3,329,115,321,-115
-1,-1,0.329474,-TIA- 3,329,115,320,-114
-1,-1,0.329503,-TIA- 3,329,115,319,-113
-1,-1,0.329532,-TIA- 3,329,115,318,-112
-1,-1,0.329555,-TIA- 3,329,115,317,-111
2,1,0.336991,GO 4,331,221,319,-112
2,1,0.336997,GO 4,331,221,321,-113
2,1,0.33702,GO 4,331,221,323,-114
1,1,0.337078,GO 4,331,221,324,-115
1,2,0.337096,GO 4,331,221,325,-117
-1,2,0.337119,GO 4,331,221,324,-119
-1,2,0.337154,GO 4,331,221,323,-121
-1,2,0.337177,GO 4,331,221,322,-123
-2,1,0.337206,GO 4,331,221,320,-124
-1,2,0.337241,GO 4,331,221,319,-126
-1,3,0.337247,GO 4,331,221,318,-129
-1,3,0.33727,GO 4,331,221,317,-132
-1,3,0.337305,GO 4,331,221,316,-135
-2,3,0.337328,GO 4,331,221,314,-138
-2,2,0.337357,GO 4,331,221,312,-140
-2,3,0.337392,GO 4,331,221,310,-143
-3,3,0.337403,GO 4,331,221,307,-146
-2,3,0.337423,GO 4,331,221,305,-149
-3,3,0.337461,GO 4,331,221,302,-152
-3,2,0.337496,GO 4,331,221,299,-154
-4,3,0.337514,GO 4,331,221,295,-157
-3,3,0.337525,GO 4,331,221,292,-160
-4,3,0.337554,GO 4,331,221,288,-163
-3,3,0.337578,GO 4,331,221,285,-166
-3,2,0.337607,GO 4,331,221,282,-168
-3,3,0.33763,GO 4,331,221,279,-171
-2,3,0.337665,GO 4,331,221,277,-174
-3,3,0.337682,GO 4,331,221,274,-177
-2,3,0.337705,GO 4,331,221,272,-180
-2,3,0.337728,GO 4,331,221,270,-183
-2,2,0.337763,GO 4,331,221,268,-185
-1,2,0.337786,GO 4,331,221,267,-187
-1,2,0.337816,GO 4,331,221,266,-189
-1,2,0.337839,GO 4,331,221,265,-191
-1,1,0.337856,GO 4,331,221,264,-192
-1,1,0.337879,GO 4,331,221,263,-193
-1,1,0.337903,GO 4,331,221,262,-194
-1,1,0.337966,GO 4,331,221,261,-195
-1,1,0.337984,GO 4,331,221,260,-196
-1,1,0.338001,GO 4,331,221,259,-197
-1,1,0.338024,GO 4,331,221,258,-198
-1,1,0.338088,GO 4,331,221,257,-199
-1,1,0.338123,GO 4,331,221,256,-200
-1,1,0.338129,GO 4,331,221,255,-201
-1,1,0.338158,GO 4,331,221,254,-202
-1,1,0.33821,GO 4,331,221,253,-203
-1,1,0.338222,GO 4,331,221,252,-204
-1,1,0.338239,GO 4,331,221,251,-205
-1,1,0.338274,GO 4,331,221,250,-206
-1,1,0.338321,GO 4,331,221,249,-207
-1,1,0.338344,GO 4,331,221,248,-208
-1,1,0.338367,GO 4,331,221,247,-209
-1,1,0.33839,GO 4,331,221,246,-210
-1,2,0.338448,GO 4,331,221,245,-212
-1,2,0.33848,GO 4,331,221,244,-214
-1,2,0.338512,GO 4,331,221,243,-216
-1,1,0.338535,GO 4,331,221,242,-217
-1,2,0.338547,GO 4,331,221,241,-219
-1,2,0.33857,GO 4,331,221,240,-221
1,2,0.338599,GO 4,331,221,241,-223
1,3,0.338622,GO 4,331,221,242,-226
1,3,0.338663,GO 4,331,221,243,-229
1,4,0.338698,GO 4,331,221,244,-233
2,2,0.338721,GO 4,331,221,246,-235
1,2,0.33875,GO 4,331,221,247,-237
1,2,0.338775,GO 4,331,221,248,-239
1,2,0.338808,GO 4,331,221,249,-241
1,2,0.338837,GO 4,331,221,250,-243
1,2,0.338849,GO 4,331,221,251,-245
1,1,0.338872,GO 4,331,221,252,-246
1,2,0.338895,GO 4,331,221,253,-248
1,2,0.33893,GO 4,331,221,254,-250
1,2,0.338959,GO 4,331,221,255,-252
1,2,0.338994,GO 4,331,221,256,-254
1,2,0.339,GO 4,331,221,257,-256
1,2,0.339023,GO 4,331,221,258,-258
1,2,0.339046,GO 4,331,221,259,-260
1,1,0.339081,GO 4,331,221,260,-261
1,2,0.33911,GO 4,331,221,261,-263
1,2,0.339145,GO 4,331,221,262,-265
1,2,0.339151,GO 4,331,221,263,-267
1,2,0.33918,GO 4,331,221,264,-269
1,2,0.339203,GO 4,331,221,265,-271
1,2,0.339232,GO 4,331,221,266,-273
1,1,0.339255,GO 4,331,221,267,-274
1,2,0.339296,GO 4,331,221,268,-276
1,2,0.339307,GO 4,331,221,269,-278
1,2,0.339331,GO 4,331,221,270,-280
1,2,0.33936,GO 4,331,221,271,-282
1,2,0.339394,GO 4,331,221,272,-284
1,2,0.339406,GO 4,331,221,273,-286
1,2,0.339441,GO 4,331,221,274,-288
1,1,0.339458,GO 4,331,221,275,-289
1,2,0.339482,GO 4,331,221,276,-291
1,2,0.339505,GO 4,331,221,277,-293
1,1,0.33954,GO 4,331,221,278,-294
1,1,0.339563,GO 4,331,221,279,-295
1,1,0.339609,GO 4,331,221,280,-296
1,1,0.339632,GO 4,331,221,281,-297
1,1,0.339691,GO 4,331,221,282,-298
1,1,0.339702,GO 4,331,221,283,-299
1,1,0.33976,GO 4,331,221,284,-300
1,1,0.339783,GO 4,331,221,285,-301
1,1,0.339841,GO 4,331,221,286,-302
1,1,0.339859,GO 4,331,221,287,-303
1,1,0.339911,GO 4,331,221,288,-304
1,1,0.339963,GO 4,331,221,289,-305
1,1,0.340474,GO 4,331,221,290,-306
1,1,0.340515,GO 4,331,221,291,-307
1,1,0.340561,GO 4,331,221,292,-308
1,1,0.340602,GO 4,331,221,293,-309
1,1,0.340643,GO 4,331,221,294,-310
1,1,0.340666,GO 4,331,221,295,-311
1,1,0.340712,GO 4,331,221,296,-312
1,1,0.340747,GO 4,331,221,297,-313
1,1,0.352863,FRAY 5,207,484,298,-314
1,1,0.352914,FRAY 5,207,484,299,-315
1,2,0.352938,FRAY 5,207,484,300,-317
1,1,0.352961,FRAY 5,207,484,301,-318
1,2,0.352993,FRAY 5,207,484,302,-320
1,1,0.353025,FRAY 5,207,484,303,-321
1,1,0.353048,FRAY 5,207,484,304,-322
-1,1,0.353065,FRAY 5,207,484,303,-323
-1,1,0.353088,FRAY 5,207,484,302,-324
-1,1,0.353112,FRAY 5,207,484,301,-325
-1,1,0.353367,FRAY 5,207,484,300,-326
-1,1,0.35339,FRAY 5,207,484,299,-327
-1,1,0.353419,FRAY 5,207,484,298,-328
-1,1,0.353443,FRAY 5,207,484,297,-329
-1,1,0.353506,FRAY 5,207,484,296,-330
-1,1,0.353524,FRAY 5,207,484,295,-331
-1,1,0.353547,FRAY 5,207,484,294,-332
-1,1,0.353617,FRAY 5,207,484,293,-333
-1,1,0.353657,FRAY 5,207,484,292,-334
-1,1,0.353675,FRAY 5,207,484,291,-335
-1,1,0.353698,FRAY 5,207,484,290,-336
-1,1,0.353744,FRAY 5,207,484,289,-337
-1,1,0.353768,FRAY 5,207,484,288,-338
-1,1,0.353808,FRAY 5,207,484,287,-339
-1,1,0.353843,FRAY 5,207,484,286,-340
-1,1,0.353872,FRAY 5,207,484,285,-341
-1,1,0.353895,FRAY 5,207,484,284,-342
-1,1,0.35393,FRAY 5,207,484,283,-343
-1,1,0.353959,FRAY 5,207,484,282,-344
-1,1,0.354,FRAY 5,207,484,281,-345
-1,1,0.354023,FRAY 5,207,484,280,-346
-1,1,0.354058,FRAY 5,207,484,279,-347
-1,1,0.354075,FRAY 5,207,484,278,-348
-1,1,0.354099,FRAY 5,207,484,277,-349
-1,1,0.354157,FRAY 5,207,484,276,-350
-1,2,0.354174,FRAY 5,207,484,275,-352
-1,2,0.354209,FRAY 5,207,484,274,-354
-1,2,0.354232,FRAY 5,207,484,273,-356
-1,2,0.354249,FRAY 5,207,484,272,-358
-1,1,0.354296,FRAY 5,207,484,271,-359
-1,2,0.354305,FRAY 5,207,484,270,-361
-1,2,0.354331,FRAY 5,207,484,269,-363
-1,2,0.35436,FRAY 5,207,484,268,-365
-1,2,0.354395,FRAY 5,207,484,267,-367
-1,2,0.3544,FRAY 5,207,484,266,-369
-1,2,0.354424,FRAY 5,207,484,265,-371
-1,2,0.354458,FRAY 5,207,484,264,-373
-1,2,0.354482,FRAY 5,207,484,263,-375
-1,3,0.354511,FRAY 5,207,484,262,-378
-1,3,0.354545,FRAY 5,207,484,261,-381
-1,3,0.354554,FRAY 5,207,484,260,-384
-1,3,0.354575,FRAY 5,207,484,259,-387
-1,2,0.354609,FRAY 5,207,484,258,-389
-1,3,0.354633,FRAY 5,207,484,257,-392
-1,3,0.354656,FRAY 5,207,484,256,-395
-1,3,0.354691,FRAY 5,207,484,255,-398
-1,3,0.354702,FRAY 5,207,484,254,-401
-1,3,0.354731,FRAY 5,207,484,253,-404
-1,2,0.354754,FRAY 5,207,484,252,-406
-1,3,0.354783,FRAY 5,207,484,251,-409
-1,3,0.354807,FRAY 5,207,484,250,-412
-1,3,0.354842,FRAY 5,207,484,249,-415
-1,3,0.354859,FRAY 5,207,484,248,-418
-1,3,0.354882,FRAY 5,207,484,247,-421
-1,4,0.354911,FRAY 5,207,484,246,-425
-1,4,0.354934,FRAY 5,207,484,245,-429
-1,4,0.354969,FRAY 5,207,484,244,-433
-1,3,0.354987,FRAY 5,207,484,243,-436
-1,4,0.35501,FRAY 5,207,484,242,-440
-1,4,0.355033,FRAY 5,207,484,241,-444
-1,4,0.355056,FRAY 5,207,484,240,-448
-1,3,0.355097,FRAY 5,207,484,239,-451
-1,4,0.355114,FRAY 5,207,484,238,-455
-1,4,0.355143,FRAY 5,207,484,237,-459
-1,4,0.355161,FRAY 5,207,484,236,-463
-1,3,0.355184,FRAY 5,207,484,235,-466
-1,4,0.355207,FRAY 5,207,484,234,-470
-1,4,0.355242,FRAY 5,207,484,233,-474
-1,4,0.355265,FRAY 5,207,484,232,-478
-1,3,0.355294,FRAY 5,207,484,231,-481
-1,4,0.355312,FRAY 5,207,484,230,-485
-1,4,0.355335,FRAY 5,207,484,229,-489
-1,4,0.35536,FRAY 5,207,484,228,-493
-1,3,0.355393,FRAY 5,207,484,227,-496
-1,4,0.355428,FRAY 5,207,484,226,-500
-1,7,0.355463,FRAY 5,207,484,225,-507
-1,2,0.355486,FRAY 5,207,484,224,-509
-1,3,0.355509,FRAY 5,207,484,223,-512
-1,3,0.355532,FRAY 5,207,484,222,-515
-1,3,0.355579,FRAY 5,207,484,221,-518
-1,3,0.355608,FRAY 5,207,484,220,-521
-1,3,0.355614,FRAY 5,207,484,219,-524
-1,2,0.355637,FRAY 5,207,484,218,-526
-1,3,0.355662,FRAY 5,207,484,217,-529
-1,3,0.355695,FRAY 5,207,484,216,-532
-1,3,0.355712,FRAY 5,207,484,215,-535
-1,3,0.355759,FRAY 5,207,484,214,-538
-1,2,0.35577,FRAY 5,207,484,213,-540
-1,3,0.355794,FRAY 5,207,484,212,-543
-1,3,0.355817,FRAY 5,207,484,211,-546
-1,3,0.355846,FRAY 5,207,484,210,-549
-1,3,0.355863,FRAY 5,207,484,209,-552
-1,2,0.355886,FRAY 5,207,484,208,-554
-1,3,0.355921,FRAY 5,207,484,207,-557
-1,3,0.355944,FRAY 5,207,484,206,-560
-1,3,0.355974,FRAY 5,207,484,205,-563
-1,3,0.356008,FRAY 5,207,484,204,-566
-1,3,0.356014,FRAY 5,207,484,203,-569
-1,2,0.356037,FRAY 5,207,484,202,-571
-1,3,0.356072,FRAY 5,207,484,201,-574
-1,3,0.356095,FRAY 5,207,484,200,-577
-1,3,0.35613,FRAY 5,207,484,199,-580
-1,3,0.356153,FRAY 5,207,484,198,-583
-1,2,0.356171,FRAY 5,207,484,197,-585
-1,3,0.356194,FRAY 5,207,484,196,-588
-1,3,0.356217,FRAY 5,207,484,195,-591
-1,3,0.356246,FRAY 5,207,484,194,-594
-1,3,0.35627,FRAY 5,207,484,193,-597
-1,2,0.356304,FRAY 5,207,484,192,-599
-1,3,0.356322,FRAY 5,207,484,191,-602
-1,3,0.356345,FRAY 5,207,484,190,-605
-1,3,0.356374,FRAY 5,207,484,189,-608
-1,3,0.356397,FRAY 5,207,484,188,-611
-1,3,0.356426,FRAY 5,207,484,187,-614
-1,2,0.356461,FRAY 5,207,484,186,-616
-1,3,0.356473,FRAY 5,207,484,185,-619
-1,3,0.356496,FRAY 5,207,484,184,-622
-1,3,0.356519,FRAY 5,207,484,183,-625
-1,3,0.356542,FRAY 5,207,484,182,-628
-1,2,0.356577,FRAY 5,207,484,181,-630
-1,3,0.356612,FRAY 5,207,484,180,-633
-1,3,0.356624,FRAY 5,207,484,179,-636
-1,3,0.356647,FRAY 5,207,484,178,-639
-1,3,0.35667,FRAY 5,207,484,177,-642
-1,2,0.356693,FRAY 5,207,484,176,-644
-1,3,0.356728,FRAY 5,207,484,175,-647
-1,3,0.356769,FRAY 5,207,484,174,-650
-1,3,0.356775,FRAY 5,207,484,173,-653
-1,3,0.356798,FRAY 5,207,484,172,-656
-1,3,0.356821,FRAY 5,207,484,171,-659
-1,2,0.356856,FRAY 5,207,484,170,-661
-1,3,0.356897,FRAY 5,207,484,169,-664
-1,3,0.356914,FRAY 5,207,484,168,-667
-1,3,0.356926,FRAY 5,207,484,167,-670
-1,3,0.356949,FRAY 5,207,484,166,-673
-1,2,0.356978,FRAY 5,207,484,165,-675
-1,3,0.357007,FRAY 5,207,484,164,-678
-1,3,0.35703,FRAY 5,207,484,163,-681
-1,3,0.357065,FRAY 5,207,484,162,-684
-1,3,0.357082,FRAY 5,207,484,161,-687
-1,2,0.357105,FRAY 5,207,484,160,-689
-1,3,0.357129,FRAY 5,207,484,159,-692
-1,3,0.357158,FRAY 5,207,484,158,-695
-1,3,0.357193,FRAY 5,207,484,157,-698
-1,3,0.357198,FRAY 5,207,484,156,-701
-1,3,0.357233,FRAY 5,207,484,155,-704
-1,2,0.357256,FRAY 5,207,484,154,-706
-1,3,0.35728,FRAY 5,207,484,153,-709
-1,3,0.357303,FRAY 5,207,484,152,-712
-1,3,0.357338,FRAY 5,207,484,151,-715
-1,2,0.357349,FRAY 5,207,484,150,-717
-1,2,0.357384,FRAY 5,207,484,149,-719
-1,1,0.357407,FRAY 5,207,484,148,-720
-1,2,0.357431,FRAY 5,207,484,147,-722
-1,2,0.357454,FRAY 5,207,484,146,-724
-1,2,0.357494,FRAY 5,207,484,145,-726
-1,2,0.357506,FRAY 5,207,484,144,-728
-1,2,0.357535,FRAY 5,207,484,143,-730
-1,2,0.357558,FRAY 5,207,484,142,-732
-1,2,0.357593,FRAY 5,207,484,141,-734
-1,1,0.357605,FRAY 5,207,484,140,-735
-1,2,0.357634,FRAY 5,207,484,139,-737
-1,2,0.357657,FRAY 5,207,484,138,-739
-1,2,0.35768,FRAY 5,207,484,137,-741
-1,2,0.357709,FRAY 5,207,484,136,-743
-1,2,0.357744,FRAY 5,207,484,135,-745
-1,2,0.357761,FRAY 5,207,484,134,-747
-1,2,0.35779,FRAY 5,207,484,133,-749
-1,1,0.357808,FRAY 5,207,484,132,-750
-1,1,0.357831,FRAY 5,207,484,131,-751
-1,1,0.357866,FRAY 5,207,484,130,-752
-1,1,0.357889,FRAY 5,207,484,129,-753
-1,1,0.357941,FRAY 5,207,484,128,-754
-1,1,0.358223,FRAY 5,207,484,127,-755
-1,1,0.358249,FRAY 5,207,484,126,-756
-1,1,0.358278,FRAY 5,207,484,125,-757
-1,1,0.358301,FRAY 5,207,484,124,-758
-1,1,0.358336,FRAY 5,207,484,123,-759
-1,1,0.358365,FRAY 5,207,484,122,-760
-1,1,0.358406,FRAY 5,207,484,121,-761
-1,1,0.358452,FRAY 5,207,484,120,-762
-1,1,0.358487,FRAY 5,207,484,119,-763
-1,-1,0.367473,SAN- 6,134,342,118,-762
-1,-1,0.367491,SAN- 6,134,342,117,-761
-1,-1,0.367514,SAN- 6,134,342,116,-760
-1,-1,0.36756,SAN- 6,134,342,115,-759
-1,-1,0.367589,SAN- 6,134,342,114,-758
-1,-1,0.367624,SAN- 6,134,342,113,-757
-1,-1,0.367647,SAN- 6,134,342,112,-756
-1,-1,0.367676,SAN- 6,134,342,111,-755
-1,-1,0.367705,SAN- 6,134,342,110,-754
-1,-1,0.367729,SAN- 6,134,342,109,-753
-1,-1,0.367758,SAN- 6,134,342,108,-752
-1,-1,0.367792,SAN- 6,134,342,107,-751
-1,-1,0.367827,SAN- 6,134,342,106,-750
-1,-1,0.367851,SAN- 6,134,342,105,-749
-1,-1,0.367885,SAN- 6,134,342,104,-748
-1,-1,0.367909,SAN- 6,134,342,103,-747
-1,-1,0.367926,SAN- 6,134,342,102,-746
-1,-1,0.367984,SAN- 6,134,342,101,-745
-2,-1,0.368001,SAN- 6,134,342,99,-744
-2,-1,0.368036,SAN- 6,134,342,97,-743
-2,-1,0.36806,SAN- 6,134,342,95,-742
-2,-1,0.368077,SAN- 6,134,342,93,-741
-2,-1,0.368123,SAN- 6,134,342,91,-740
-2,-2,0.368135,SAN- 6,134,342,89,-738
-1,-2,0.368157,SAN- 6,134,342,88,-736
-2,-2,0.368187,SAN- 6,134,342,86,-734
-2,-2,0.36821,SAN- 6,134,342,84,-732
-2,-1,0.368228,SAN- 6,134,342,82,-731
-2,-2,0.368251,SAN- 6,134,342,80,-729
-1,-2,0.368286,SAN- 6,134,342,79,-727
-1,-2,0.368309,SAN- 6,134,342,78,-725
-1,-2,0.368338,SAN- 6,134,342,77,-723
-1,-2,0.368356,SAN- 6,134,342,76,-721
-1,-2,0.368396,SAN- 6,134,342,75,-719
-1,-2,0.368402,SAN- 6,134,342,74,-717
-1,-1,0.368437,SAN- 6,134,342,73,-716
-1,-2,0.36846,SAN- 6,134,342,72,-714
-1,-2,0.368495,SAN- 6,134,342,71,-712
-1,-2,0.368506,SAN- 6,134,342,70,-710
-1,-2,0.368547,SAN- 6,134,342,69,-708
-1,-2,0.368559,SAN- 6,134,342,68,-706
-1,-2,0.368588,SAN- 6,134,342,67,-704
-1,-2,0.368599,SAN- 6,134,342,66,-702
-1,-1,0.368627,SAN- 6,134,342,65,-701
-1,-2,0.368669,SAN- 6,134,342,64,-699
-1,-2,0.368692,SAN- 6,134,342,63,-697
-1,-2,0.368698,SAN- 6,134,342,62,-695
-1,-2,0.368721,SAN- 6,134,342,61,-693
-1,-2,0.368756,SAN- 6,134,342,60,-691
-1,-2,0.368785,SAN- 6,134,342,59,-689
-1,-2,0.368808,SAN- 6,134,342,58,-687
-1,-1,0.368837,SAN- 6,134,342,57,-686
-1,-2,0.368849,SAN- 6,134,342,56,-684
-1,-2,0.368872,SAN- 6,134,342,55,-682
-1,-2,0.368902,SAN- 6,134,342,54,-680
-1,-2,0.36893,SAN- 6,134,342,53,-678
-1,-2,0.368959,SAN- 6,134,342,52,-676
-1,-2,0.368994,SAN- 6,134,342,51,-674
-1,-2,0.369,SAN- 6,134,342,50,-672
-1,-1,0.369023,SAN- 6,134,342,49,-671
-1,-2,0.369046,SAN- 6,134,342,48,-669
-1,-1,0.369081,SAN- 6,134,342,47,-668
-1,-1,0.36911,SAN- 6,134,342,46,-667
-1,-1,0.369145,SAN- 6,134,342,45,-666
-1,-1,0.369151,SAN- 6,134,342,44,-665
-1,-1,0.369203,SAN- 6,134,342,43,-664
-1,-1,0.369232,SAN- 6,134,342,42,-663
-1,-1,0.369266,SAN- 6,134,342,41,-662
-1,-1,0.369296,SAN- 6,134,342,40,-661
-1,-1,0.369325,SAN- 6,134,342,39,-660
-1,-1,0.369354,SAN- 6,134,342,38,-659
-1,-1,0.369383,SAN- 6,134,342,37,-658
-1,-1,0.369406,SAN- 6,134,342,36,-657
-1,-1,0.369456,SAN- 6,134,342,35,-656
-1,-1,0.369482,SAN- 6,134,342,34,-655
-1,-1,0.369511,SAN- 6,134,342,33,-654
-1,-1,0.369528,SAN- 6,134,342,32,-653
-1,-1,0.369557,SAN- 6,134,342,31,-652
-1,-1,0.369609,SAN- 6,134,342,30,-651
-1,-1,0.369633,SAN- 6,134,342,29,-650
-1,-1,0.369656,SAN- 6,134,342,28,-649
-1,-1,0.369685,SAN- 6,134,342,27,-648
-1,-1,0.36972,SAN- 6,134,342,26,-647
-1,-1,0.36976,SAN- 6,134,342,25,-646
-1,-1,0.369784,SAN- 6,134,342,24,-645
-1,-1,0.369807,SAN- 6,134,342,23,-644
-1,-1,0.369847,SAN- 6,134,342,22,-643
-1,-1,0.369894,SAN- 6,134,342,21,-642
-1,-1,0.369911,SAN- 6,134,342,20,-641
-1,-1,0.36994,SAN- 6,134,342,19,-640
-1,-1,0.369958,SAN- 6,134,342,18,-639
-1,-1,0.370016,SAN- 6,134,342,17,-638
-1,-1,0.370033,SAN- 6,134,342,16,-637
-1,-1,0.37008,SAN- 6,134,342,15,-636
-1,-1,0.370091,SAN- 6,134,342,14,-635
-1,-1,0.370143,SAN- 6,134,342,13,-634
-1,-1,0.370167,SAN- 6,134,342,12,-633
-1,-1,0.370184,SAN- 6,134,342,11,-632
-1,-1,0.370231,SAN- 6,134,342,10,-631
-1,-1,0.370265,SAN- 6,134,342,9,-630
-1,-1,0.370294,SAN- 6,134,342,8,-629
-1,-2,0.370329,SAN- 6,134,342,7,-627
-1,-2,0.370335,SAN- 6,134,342,6,-625
-1,-2,0.370376,SAN- 6,134,342,5,-623
-1,-2,0.370393,SAN- 6,134,342,4,-621
-1,-1,0.370416,SAN- 6,134,342,3,-620
-1,-2,0.37044,SAN- 6,134,342,2,-618
-1,-2,0.370474,SAN- 6,134,342,1,-616
-1,-2,0.370498,SAN- 6,134,342,0,-614
-1,-2,0.370515,SAN- 6,134,342,-1,-612
-1,-2,0.370544,SAN- 6,134,342,-2,-610
-1,-2,0.370567,SAN- 6,134,342,-3,-608
-1,-2,0.37059,SAN- 6,134,342,-4,-606
-1,-1,0.370625,SAN- 6,134,342,-5,-605
-1,-2,0.370649,SAN- 6,134,342,-6,-603
-1,-2,0.370666,SAN- 6,134,342,-7,-601
-1,-2,0.370695,SAN- 6,134,342,-8,-599
-1,-2,0.370718,SAN- 6,134,342,-9,-597
-1,-2,0.370747,SAN- 6,134,342,-10,-595
-1,-2,0.370776,SAN- 6,134,342,-11,-593
-1,-2,0.370807,SAN- 6,134,342,-12,-591
-1,-1,0.370817,SAN- 6,134,342,-13,-590
-1,-2,0.37084,SAN- 6,134,342,-14,-588
-1,-2,0.370873,SAN- 6,134,342,-15,-586
-1,-2,0.370898,SAN- 6,134,342,-16,-584
-1,-1,0.370927,SAN- 6,134,342,-17,-583
-1,-1,0.370962,SAN- 6,134,342,-18,-582
-1,-1,0.370968,SAN- 6,134,342,-19,-581
-1,-1,0.370991,SAN- 6,134,342,-20,-580
-1,-1,0.371049,SAN- 6,134,342,-21,-579
-1,-1,0.371072,SAN- 6,134,342,-22,-578
-1,-1,0.371119,SAN- 6,134,342,-23,-577
-1,-1,0.371125,SAN- 6,134,342,-24,-576
-1,-1,0.371165,SAN- 6,134,342,-25,-575
-1,-1,0.3712,SAN- 6,134,342,-26,-574
-1,-1,0.371223,SAN- 6,134,342,-27,-573
-1,-1,0.371258,SAN- 6,134,342,-28,-572
-1,-1,0.371299,SAN- 6,134,342,-29,-571
-1,-1,0.371328,SAN- 6,134,342,-30,-570
-1,-1,0.371363,SAN- 6,134,342,-31,-569
-1,-1,0.371374,SAN- 6,134,342,-32,-568
-1,-1,0.371426,SAN- 6,134,342,-33,-567
-1,-1,0.37145,SAN- 6,134,342,-34,-566
-1,-1,0.371473,SAN- 6,134,342,-35,-565
-1,-1,0.371513,SAN- 6,134,342,-36,-564
-1,-1,0.371531,SAN- 6,134,342,-37,-563
-1,-1,0.371577,SAN- 6,134,342,-38,-562
-1,-1,0.371601,SAN- 6,134,342,-39,-561
-1,-1,0.371624,SAN- 6,134,342,-40,-560
-1,-1,0.371659,SAN- 6,134,342,-41,-559
-1,-1,0.371711,SAN- 6,134,342,-42,-558
-1,-1,0.371728,SAN- 6,134,342,-43,-557
-1,-1,0.371775,SAN- 6,134,342,-44,-556
-1,-1,0.37181,SAN- 6,134,342,-45,-555
-1,-1,0.371862,SAN- 6,134,342,-46,-554
-1,-1,0.371879,SAN- 6,134,342,-47,-553
-1,-1,0.371902,SAN- 6,134,342,-48,-552
-1,-1,0.371926,SAN- 6,134,342,-49,-551
-1,-1,0.371989,SAN- 6,134,342,-50,-550
-1,-1,0.372024,SAN- 6,134,342,-51,-549
-1,-1,0.37203,SAN- 6,134,342,-52,-548
-1,-1,0.372053,SAN- 6,134,342,-53,-547
-1,-1,0.372111,SAN- 6,134,342,-54,-546
-1,-1,0.372129,SAN- 6,134,342,-55,-545
-1,-1,0.372175,SAN- 6,134,342,-56,-544
-1,-1,0.372181,SAN- 6,134,342,-57,-543
-1,-1,0.372233,SAN- 6,134,342,-58,-542
-1,-1,0.372262,SAN- 6,134,342,-59,-541
-1,-1,0.37228,SAN- 6,134,342,-60,-540
-1,-2,0.372303,SAN- 6,134,342,-61,-538
-1,-1,0.372332,SAN- 6,134,342,-62,-537
-1,-2,0.372361,SAN- 6,134,342,-63,-535
-1,-2,0.37239,SAN- 6,134,342,-64,-533
-1,-2,0.372413,SAN- 6,134,342,-65,-531
-1,-2,0.372431,SAN- 6,134,342,-66,-529
-1,-2,0.372454,SAN- 6,134,342,-67,-527
-1,-2,0.372489,SAN- 6,134,342,-68,-525
-1,-2,0.372512,SAN- 6,134,342,-69,-523
-1,-1,0.372541,SAN- 6,134,342,-70,-522
-1,-2,0.372576,SAN- 6,134,342,-71,-520
-1,-2,0.372582,SAN- 6,134,342,-72,-518
-1,-2,0.372605,SAN- 6,134,342,-73,-516
-1,-2,0.372634,SAN- 6,134,342,-74,-514
-1,-2,0.372663,SAN- 6,134,342,-75,-512
-1,-2,0.372698,SAN- 6,134,342,-76,-510
-1,-2,0.372727,SAN- 6,134,342,-77,-508
-1,-1,0.372738,SAN- 6,134,342,-78,-507
-1,-2,0.372762,SAN- 6,134,342,-79,-505
-1,-2,0.372785,SAN- 6,134,342,-80,-503
-1,-2,0.372814,SAN- 6,134,342,-81,-501
-1,-2,0.372849,SAN- 6,134,342,-82,-499
-1,-2,0.372872,SAN- 6,134,342,-83,-497
-1,-2,0.372889,SAN- 6,134,342,-84,-495
-1,-1,0.372912,SAN- 6,134,342,-85,-494
-1,-2,0.372941,SAN- 6,134,342,-86,-492
-1,-2,0.372959,SAN- 6,134,342,-87,-490
-1,-2,0.372991,SAN- 6,134,342,-88,-488
-1,-2,0.373023,SAN- 6,134,342,-89,-486
-1,-2,0.37304,SAN- 6,134,342,-90,-484
-1,-2,0.373063,SAN- 6,134,342,-91,-482
-1,-2,0.373092,SAN- 6,134,342,-92,-480
-1,-1,0.37311,SAN- 6,134,342,-93,-479
-1,-2,0.373145,SAN- 6,134,342,-94,-477
-1,-2,0.373174,SAN- 6,134,342,-95,-475
-1,-2,0.373191,SAN- 6,134,342,-96,-473
-1,-2,0.373214,SAN- 6,134,342,-97,-471
-1,-2,0.373238,SAN- 6,134,342,-98,-469
-1,-2,0.373284,SAN- 6,134,342,-99,-467
-1,-2,0.373307,SAN- 6,134,342,-100,-465
-1,-1,0.37333,SAN- 6,134,342,-101,-464
-1,-1,0.373348,SAN- 6,134,342,-102,-463
-1,-1,0.373371,SAN- 6,134,342,-103,-462
-1,-1,0.373394,SAN- 6,134,342,-104,-461
-1,1,0.382491,-TIA- 7,9,200,-105,-462
-1,1,0.382543,-TIA- 7,9,200,-106,-463
-1,1,0.382578,-TIA- 7,9,200,-107,-464
-1,1,0.382584,-TIA- 7,9,200,-108,-465
-1,1,0.382618,-TIA- 7,9,200,-109,-466
-1,1,0.382642,-TIA- 7,9,200,-110,-467
-1,1,0.382694,-TIA- 7,9,200,-111,-468
-1,-1,0.382887,-TIA- 7,9,200,-112,-467
-1,-1,0.382943,-TIA- 7,9,200,-113,-466
-1,-1,0.382978,-TIA- 7,9,200,-114,-465
-1,-1,0.383007,-TIA- 7,9,200,-115,-464
-1,-1,0.383019,-TIA- 7,9,200,-116,-463
-1,-1,0.383071,-TIA- 7,9,200,-117,-462
-1,-1,0.383106,-TIA- 7,9,200,-118,-461
-1,-1,0.383129,-TIA- 7,9,200,-119,-460
-1,-1,0.383152,-TIA- 7,9,200,-120,-459
-1,-1,0.383193,-TIA- 7,9,200,-121,-458
-1,-1,0.383222,-TIA- 7,9,200,-122,-457
-1,-1,0.383257,-TIA- 7,9,200,-123,-456
-1,-1,0.38328,-TIA- 7,9,200,-124,-455
-2,-1,0.383303,-TIA- 7,9,200,-126,-454
-2,-1,0.383321,-TIA- 7,9,200,-128,-453
-2,-1,0.383344,-TIA- 7,9,200,-130,-452
-1,-1,0.383367,-TIA- 7,9,200,-131,-451
-2,-1,0.383425,-TIA- 7,9,200,-133,-450
-2,-2,0.383454,-TIA- 7,9,200,-135,-448
-2,-2,0.383478,-TIA- 7,9,200,-137,-446
-2,-2,0.383495,-TIA- 7,9,200,-139,-444
-2,-2,0.383518,-TIA- 7,9,200,-141,-442
-2,-2,0.383553,-TIA- 7,9,200,-143,-440
-1,-2,0.383582,-TIA- 7,9,200,-144,-438
-2,-2,0.383617,-TIA- 7,9,200,-146,-436
-2,-1,0.383623,-TIA- 7,9,200,-148,-435
-2,-2,0.383646,-TIA- 7,9,200,-150,-433
-2,-2,0.383669,-TIA- 7,9,200,-152,-431
-2,-2,0.383704,-TIA- 7,9,200,-154,-429
-2,-2,0.383733,-TIA- 7,9,200,-156,-427
-1,-2,0.383768,-TIA- 7,9,200,-157,-425
-1,-2,0.383774,-TIA- 7,9,200,-158,-423
-1,-1,0.383797,-TIA- 7,9,200,-159,-422
-1,-1,0.383849,-TIA- 7,9,200,-160,-421
-1,-1,0.38389,-TIA- 7,9,200,-161,-420
-1,-1,0.383919,-TIA- 7,9,200,-162,-419
-1,-1,0.383925,-TIA- 7,9,200,-163,-418
-1,-2,0.383977,-TIA- 7,9,200,-164,-416
-1,-2,0.384,-TIA- 7,9,200,-165,-414
-1,-2,0.384041,-TIA- 7,9,200,-166,-412
-1,-2,0.384064,-TIA- 7,9,200,-167,-410
-1,-2,0.384081,-TIA- 7,9,200,-168,-408
-1,-2,0.384104,-TIA- 7,9,200,-169,-406
-1,-2,0.384128,-TIA- 7,9,200,-170,-404
-1,-1,0.384151,-TIA- 7,9,200,-171,-403
-2,-2,0.384183,-TIA- 7,9,200,-173,-401
-2,-2,0.384215,-TIA- 7,9,200,-175,-399
-1,-2,0.384232,-TIA- 7,9,200,-176,-397
-1,-2,0.384255,-TIA- 7,9,200,-177,-395
-1,-2,0.384279,-TIA- 7,9,200,-178,-393
-1,-2,0.384313,-TIA- 7,9,200,-179,-391
-1,-2,0.384342,-TIA- 7,9,200,-180,-389
-1,-1,0.384354,-TIA- 7,9,200,-181,-388
-1,-2,0.384383,-TIA- 7,9,200,-182,-386
-1,-2,0.384406,-TIA- 7,9,200,-183,-384
-1,-2,0.384441,-TIA- 7,9,200,-184,-382
-1,-2,0.38447,-TIA- 7,9,200,-185,-380
-1,-2,0.384482,-TIA- 7,9,200,-186,-378
-1,-2,0.384499,-TIA- 7,9,200,-187,-376
-1,-2,0.384528,-TIA- 7,9,200,-188,-374
-1,-1,0.384551,-TIA- 7,9,200,-189,-373
-1,-2,0.384575,-TIA- 7,9,200,-190,-371
-1,-2,0.38461,-TIA- 7,9,200,-191,-369
-1,-2,0.384633,-TIA- 7,9,200,-192,-367
-1,-2,0.38465,-TIA- 7,9,200,-193,-365
-1,-2,0.384672,-TIA- 7,9,200,-194,-363
-1,-2,0.384702,-TIA- 7,9,200,-195,-361
-1,-2,0.384726,-TIA- 7,9,200,-196,-359
-2,-3,0.384784,-TIA- 7,9,200,-198,-356
-4,-2,0.384801,-TIA- 7,9,200,-202,-354
-2,-2,0.384824,-TIA- 7,9,200,-204,-352
-1,-2,0.384853,-TIA- 7,9,200,-205,-350
-2,-2,0.384877,-TIA- 7,9,200,-207,-348
-2,-2,0.384911,-TIA- 7,9,200,-209,-346
-2,-2,0.384929,-TIA- 7,9,200,-211,-344
-2,-1,0.384952,-TIA- 7,9,200,-213,-343
-1,-2,0.384975,-TIA- 7,9,200,-214,-341
-1,-2,0.384998,-TIA- 7,9,200,-215,-339
-1,-2,0.385033,-TIA- 7,9,200,-216,-337
-1,-2,0.385062,-TIA- 7,9,200,-217,-335
-1,-2,0.38508,-TIA- 7,9,200,-218,-333
-1,-2,0.385103,-TIA- 7,9,200,-219,-331
-1,-2,0.385126,-TIA- 7,9,200,-220,-329
-1,-1,0.385161,-TIA- 7,9,200,-221,-328
-1,-1,0.385196,-TIA- 7,9,200,-222,-327
-1,-1,0.385219,-TIA- 7,9,200,-223,-326
-1,-1,0.385236,-TIA- 7,9,200,-224,-325
-1,-1,0.385256,-TIA- 7,9,200,-225,-324
-1,-1,0.385283,-TIA- 7,9,200,-226,-323
-1,-1,0.385347,-TIA- 7,9,200,-227,-322
-1,-1,0.38537,-TIA- 7,9,200,-228,-321
-1,-1,0.385382,-TIA- 7,9,200,-229,-320
-1,-1,0.385411,-TIA- 7,9,200,-230,-319
-1,-1,0.385469,-TIA- 7,9,200,-231,-318
-1,-1,0.385498,-TIA- 7,9,200,-232,-317
-1,-1,0.385529,-TIA- 7,9,200,-233,-316
-1,-1,0.385538,-TIA- 7,9,200,-234,-315
-1,-1,0.385562,-TIA- 7,9,200,-235,-314
-2,-1,0.385608,-TIA- 7,9,200,-237,-313
-2,-1,0.385643,-TIA- 7,9,200,-239,-312
-2,-1,0.38566,-TIA- 7,9,200,-241,-311
-2,-1,0.385689,-TIA- 7,9,200,-243,-310
-2,-1,0.385712,-TIA- 7,9,200,-245,-309
-2,-1,0.385736,-TIA- 7,9,200,-247,-308
-2,-1,0.385759,-TIA- 7,9,200,-249,-307
-1,-1,0.3858,-TIA- 7,9,200,-250,-306
-1,-1,0.385811,-TIA- 7,9,200,-251,-305
-1,-1,0.385863,-TIA- 7,9,200,-252,-304
-1,-1,0.385887,-TIA- 7,9,200,-253,-303
-1,-1,0.385916,-TIA- 7,9,200,-254,-302
-1,-1,0.385939,-TIA- 7,9,200,-255,-301
-1,-1,0.385956,-TIA- 7,9,200,-256,-300
-1,-1,0.386009,-TIA- 7,9,200,-257,-299
-1,-1,0.386049,-TIA- 7,9,200,-258,-298
-1,-1,0.386072,-TIA- 7,9,200,-259,-297
-1,-1,0.38609,-TIA- 7,9,200,-260,-296
-1,-1,0.38613,-TIA- 7,9,200,-261,-295
-1,-2,0.386159,-TIA- 7,9,200,-262,-293
-1,-2,0.386188,-TIA- 7,9,200,-263,-291
-1,-2,0.386218,-TIA- 7,9,200,-264,-289
-1,-2,0.386241,-TIA- 7,9,200,-265,-287
-1,-2,0.386258,-TIA- 7,9,200,-266,-285
-1,-1,0.386281,-TIA- 7,9,200,-267,-284
-1,-2,0.386316,-TIA- 7,9,200,-268,-282
-1,-2,0.386339,-TIA- 7,9,200,-269,-280
-1,-2,0.386368,-TIA- 7,9,200,-270,-278
-1,-2,0.386403,-TIA- 7,9,200,-271,-276
-1,-2,0.386415,-TIA- 7,9,200,-272,-274
-1,-2,0.386444,-TIA- 7,9,200,-273,-272
-1,-2,0.38646,-TIA- 7,9,200,-274,-270
-1,-1,0.38649,-TIA- 7,9,200,-275,-269
-1,-2,0.386519,-TIA- 7,9,200,-276,-267
-1,-2,0.386554,-TIA- 7,9,200,-277,-265
-2,-2,0.38656,-TIA- 7,9,200,-279,-263
-1,-2,0.386583,-TIA- 7,9,200,-280,-261
-2,-2,0.386612,-TIA- 7,9,200,-282,-259
-2,-2,0.386635,-TIA- 7,9,200,-284,-257
-1,-1,0.38667,-TIA- 7,9,200,-285,-256
-1,-1,0.386711,-TIA- 7,9,200,-286,-255
-1,-1,0.386734,-TIA- 7,9,200,-287,-254
-1,-1,0.386768,-TIA- 7,9,200,-288,-253
-1,-1,0.386798,-TIA- 7,9,200,-289,-252
-2,-1,0.386821,-TIA- 7,9,200,-291,-251
-2,-1,0.386839,-TIA- 7,9,200,-293,-250
-2,-1,0.386862,-TIA- 7,9,200,-295,-249
-2,-1,0.386885,-TIA- 7,9,200,-297,-248
-2,-1,0.38692,-TIA- 7,9,200,-299,-247
-2,-1,0.386949,-TIA- 7,9,200,-301,-246
-2,-1,0.386995,-TIA- 7,9,200,-303,-245
-2,-1,0.387013,-TIA- 7,9,200,-305,-244
-2,-1,0.387036,-TIA- 7,9,200,-307,-243
-2,-1,0.387071,-TIA- 7,9,200,-309,-242
-2,-1,0.3871,-TIA- 7,9,200,-311,-241
-2,-1,0.387111,-TIA- 7,9,200,-313,-240
-2,-1,0.387146,-TIA- 7,9,200,-315,-239
-1,-1,0.387164,-TIA- 7,9,200,-316,-238
-2,-1,0.387192,-TIA- 7,9,200,-318,-237
-2,-1,0.387222,-TIA- 7,9,200,-320,-236
-2,-1,0.387257,-TIA- 7,9,200,-322,-235
-2,-1,0.387262,-TIA- 7,9,200,-324,-234
-2,-1,0.387297,-TIA- 7,9,200,-326,-233
-2,-1,0.38732,-TIA- 7,9,200,-328,-232
-1,-1,0.387367,-TIA- 7,9,200,-329,-231
-2,-1,0.387396,-TIA- 7,9,200,-331,-230
-2,-1,0.387413,-TIA- 7,9,200,-333,-229
-2,-1,0.387437,-TIA- 7,9,200,-335,-228
-2,-1,0.387471,-TIA- 7,9,200,-337,-227
-2,-1,0.387495,-TIA- 7,9,200,-339,-226
-2,-1,0.387518,-TIA- 7,9,200,-341,-225
-2,-1,0.387553,-TIA- 7,9,200,-343,-224
-1,-1,0.387564,-TIA- 7,9,200,-344,-223
-1,-1,0.387587,-TIA- 7,9,200,-345,-222
-1,-1,0.387646,-TIA- 7,9,200,-346,-221
-1,-1,0.38768,-TIA- 7,9,200,-347,-220
-2,-1,0.387704,-TIA- 7,9,200,-349,-219
-1,-1,0.387715,-TIA- 7,9,200,-350,-218
-2,-1,0.387744,-TIA- 7,9,200,-352,-217
-2,-1,0.387773,-TIA- 7,9,200,-354,-216
-2,-1,0.387796,-TIA- 7,9,200,-356,-215
-2,-1,0.387831,-TIA- 7,9,200,-358,-214
-2,-1,0.387855,-TIA- 7,9,200,-360,-213
-2,-1,0.387872,-TIA- 7,9,200,-362,-212
-2,-1,0.387895,-TIA- 7,9,200,-364,-211
-2,-1,0.387947,-TIA- 7,9,200,-366,-210
-2,-1,0.387991,-TIA- 7,9,200,-368,-209
-2,-1,0.388005,-TIA- 7,9,200,-370,-208
-1,-1,0.388023,-TIA- 7,9,200,-371,-207
-1,-1,0.388046,-TIA- 7,9,200,-372,-206
-1,-1,0.388069,-TIA- 7,9,200,-373,-205
-1,-1,0.388104,-TIA- 7,9,200,-374,-204
-1,-1,0.388162,-TIA- 7,9,200,-375,-203
-1,-1,0.388174,-TIA- 7,9,200,-376,-202
-1,-1,0.388201,-TIA- 7,9,200,-377,-201
-1,-1,0.388226,-TIA- 7,9,200,-378,-200
-1,-1,0.38829,-TIA- 7,9,200,-379,-199
-1,-1,0.388319,-TIA- 7,9,200,-380,-198
-1,-1,0.388331,-TIA- 7,9,200,-381,-197
-1,-1,0.388354,-TIA- 7,9,200,-382,-196
-1,-1,0.388406,-TIA- 7,9,200,-383,-195
-1,-1,0.388441,-TIA- 7,9,200,-384,-194
-1,-1,0.38847,-TIA- 7,9,200,-385,-193
-1,-1,0.388481,-TIA- 7,9,200,-386,-192
-1,-1,0.388505,-TIA- 7,9,200,-387,-191
-1,-1,0.388563,-TIA- 7,9,200,-388,-190
-1,-1,0.388586,-TIA- 7,9,200,-389,-189
-1,-1,0.388615,-TIA- 7,9,200,-390,-188
-1,-1,0.388632,-TIA- 7,9,200,-391,-187
-1,-1,0.388679,-TIA- 7,9,200,-392,-186
-1,-1,0.388702,-TIA- 7,9,200,-393,-185
-1,-1,0.388737,-TIA- 7,9,200,-394,-184
-1,-1,0.388766,-TIA- 7,9,200,-395,-183
-1,-1,0.388807,-TIA- 7,9,200,-396,-182
-1,-1,0.38883,-TIA- 7,9,200,-397,-181
-1,-1,0.388859,-TIA- 7,9,200,-398,-180
-1,-1,0.388882,-TIA- 7,9,200,-399,-179
-1,-1,0.388905,-TIA- 7,9,200,-400,-178
-1,-1,0.388961,-TIA- 7,9,200,-401,-177
-1,-1,0.388985,-TIA- 7,9,200,-402,-176
-1,-1,0.389026,-TIA- 7,9,200,-403,-175
-1,-1,0.389033,-TIA- 7,9,200,-404,-174
-1,-1,0.389085,-TIA- 7,9,200,-405,-173
-1,-1,0.389114,-TIA- 7,9,200,-406,-172
-1,-1,0.389137,-TIA- 7,9,200,-407,-171
-1,-1,0.389166,-TIA- 7,9,200,-408,-170
-1,-1,0.389207,-TIA- 7,9,200,-409,-169
-1,-1,0.389242,-TIA- 7,9,200,-410,-168
-1,-1,0.389265,-TIA- 7,9,200,-411,-167
-1,-1,0.389288,-TIA- 7,9,200,-412,-166
-1,-1,0.389323,-TIA- 7,9,200,-413,-165
-1,-1,0.389358,-TIA- 7,9,200,-414,-164
1,-1,0.390496,-TIA- 7,9,200,-413,-163
1,-1,0.390531,-TIA- 7,9,200,-412,-162
1,-1,0.390554,-TIA- 7,9,200,-411,-161
1,-1,0.390594,-TIA- 7,9,200,-410,-160
1,-1,0.390618,-TIA- 7,9,200,-409,-159
1,-1,0.390653,-TIA- 7,9,200,-408,-158
1,-1,0.390682,-TIA- 7,9,200,-407,-157
1,-1,0.390728,-TIA- 7,9,200,-406,-156
1,-1,0.390745,-TIA- 7,9,200,-405,-155
1,-1,0.390769,-TIA- 7,9,200,-404,-154
1,-1,0.390803,-TIA- 7,9,200,-403,-153
1,-1,0.390844,-TIA- 7,9,200,-402,-152
1,-1,0.390873,-TIA- 7,9,200,-401,-151
1,1,0.396428,GO 8,396,426,-400,-152
1,1,0.396475,GO 8,396,426,-399,-153
1,2,0.396498,GO 8,396,426,-398,-155
1,2,0.396539,GO 8,396,426,-397,-157
1,1,0.396562,GO 8,396,426,-396,-158
2,2,0.396582,GO 8,396,426,-394,-160
2,2,0.396608,GO 8,396,426,-392,-162
2,2,0.396626,GO 8,396,426,-390,-164
2,3,0.396661,GO 8,396,426,-388,-167
2,3,0.39669,GO 8,396,426,-386,-170
2,2,0.396721,GO 8,396,426,-384,-172
1,3,0.39673,GO 8,396,426,-383,-175
2,3,0.396754,GO 8,396,426,-381,-178
2,3,0.396777,GO 8,396,426,-379,-181
2,3,0.3968,GO 8,396,426,-377,-184
2,3,0.396841,GO 8,396,426,-375,-187
2,3,0.396858,GO 8,396,426,-373,-190
3,4,0.396881,GO 8,396,426,-370,-194
2,4,0.396904,GO 8,396,426,-368,-198
3,4,0.396928,GO 8,396,426,-365,-202
3,3,0.396952,GO 8,396,426,-362,-205
3,4,0.39698,GO 8,396,426,-359,-209
3,3,0.397009,GO 8,396,426,-356,-212
2,3,0.397026,GO 8,396,426,-354,-215
3,2,0.39705,GO 8,396,426,-351,-217
3,3,0.397077,GO 8,396,426,-348,-220
3,3,0.397102,GO 8,396,426,-345,-223
3,3,0.397131,GO 8,396,426,-342,-226
2,3,0.397148,GO 8,396,426,-340,-229
3,3,0.397183,GO 8,396,426,-337,-232
3,2,0.397201,GO 8,396,426,-334,-234
3,4,0.397235,GO 8,396,426,-331,-238
3,4,0.39727,GO 8,396,426,-328,-242
3,4,0.397293,GO 8,396,426,-325,-246
2,3,0.397299,GO 8,396,426,-323,-249
3,4,0.397334,GO 8,396,426,-320,-253
3,4,0.397357,GO 8,396,426,-317,-257
3,4,0.39738,GO 8,396,426,-314,-261
3,3,0.397415,GO 8,396,426,-311,-264
2,4,0.397427,GO 8,396,426,-309,-268
3,4,0.39745,GO 8,396,426,-306,-272
3,4,0.397473,GO 8,396,426,-303,-276
3,3,0.397508,GO 8,396,426,-300,-279
3,4,0.397531,GO 8,396,426,-297,-283
2,4,0.39756,GO 8,396,426,-295,-287
3,4,0.397595,GO 8,396,426,-292,-291
3,3,0.397601,GO 8,396,426,-289,-294
3,4,0.39763,GO 8,396,426,-286,-298
3,3,0.397659,GO 8,396,426,-283,-301
3,3,0.397682,GO 8,396,426,-280,-304
2,3,0.397717,GO 8,396,426,-278,-307
3,2,0.397746,GO 8,396,426,-275,-309
3,3,0.397758,GO 8,396,426,-272,-312
3,3,0.397781,GO 8,396,426,-269,-315
3,3,0.39781,GO 8,396,426,-266,-318
2,3,0.397833,GO 8,396,426,-264,-321
3,2,0.397868,GO 8,396,426,-261,-323
3,3,0.397897,GO 8,396,426,-258,-326
3,3,0.397909,GO 8,396,426,-255,-329
3,3,0.397938,GO 8,396,426,-252,-332
2,3,0.397961,GO 8,396,426,-250,-335
3,2,0.397988,GO 8,396,426,-247,-337
3,3,0.398019,GO 8,396,426,-244,-340
3,2,0.398054,GO 8,396,426,-241,-342
3,2,0.39806,GO 8,396,426,-238,-344
2,2,0.398083,GO 8,396,426,-236,-346
3,1,0.398116,GO 8,396,426,-233,-347
3,1,0.398147,GO 8,396,426,-230,-348
3,1,0.39817,GO 8,396,426,-227,-349
3,1,0.398187,GO 8,396,426,-224,-350
3,1,0.398211,GO 8,396,426,-221,-351
2,1,0.398234,GO 8,396,426,-219,-352
3,1,0.398298,GO 8,396,426,-216,-353
3,1,0.398323,GO 8,396,426,-213,-354
3,1,0.398338,GO 8,396,426,-210,-355
2,1,0.398362,GO 8,396,426,-208,-356
3,1,0.398391,GO 8,396,426,-205,-357
3,1,0.39842,GO 8,396,426,-202,-358
3,2,0.398449,GO 8,396,426,-199,-360
3,2,0.398483,GO 8,396,426,-196,-362
2,2,0.398489,GO 8,396,426,-194,-364
3,2,0.398518,GO 8,396,426,-191,-366
3,2,0.398541,GO 8,396,426,-188,-368
3,3,0.398571,GO 8,396,426,-185,-371
3,3,0.398594,GO 8,396,426,-182,-374
3,3,0.398611,GO 8,396,426,-179,-377
2,3,0.398646,GO 8,396,426,-177,-380
3,2,0.398669,GO 8,396,426,-174,-382
3,3,0.398692,GO 8,396,426,-171,-385
3,3,0.398716,GO 8,396,426,-168,-388
3,2,0.398745,GO 8,396,426,-165,-390
2,2,0.398762,GO 8,396,426,-163,-392
3,2,0.398797,GO 8,396,426,-160,-394
3,2,0.39882,GO 8,396,426,-157,-396
3,1,0.398843,GO 8,396,426,-154,-397
3,2,0.398867,GO 8,396,426,-151,-399
2,1,0.398901,GO 8,396,426,-149,-400
3,1,0.398914,GO 8,396,426,-146,-401
3,1,0.398942,GO 8,396,426,-143,-402
3,1,0.398971,GO 8,396,426,-140,-403
3,-1,0.399061,GO 8,396,426,-137,-402
3,-1,0.399076,GO 8,396,426,-134,-401
3,-1,0.399105,GO 8,396,426,-131,-400
3,-1,0.399128,GO 8,396,426,-128,-399
2,-1,0.399151,GO 8,396,426,-126,-398
3,-1,0.399186,GO 8,396,426,-123,-397
3,-1,0.399226,GO 8,396,426,-120,-396
3,-1,0.39925,GO 8,396,426,-117,-395
3,1,0.399354,GO 8,396,426,-114,-396
3,1,0.399377,GO 8,396,426,-111,-397
3,2,0.399435,GO 8,396,426,-108,-399
3,2,0.399464,GO 8,396,426,-105,-401
3,2,0.399499,GO 8,396,426,-102,-403
3,2,0.399505,GO 8,396,426,-99,-405
3,2,0.399528,GO 8,396,426,-96,-407
2,2,0.399552,GO 8,396,426,-94,-409
3,2,0.399586,GO 8,396,426,-91,-411
3,1,0.399621,GO 8,396,426,-88,-412
3,2,0.39965,GO 8,396,426,-85,-414
3,2,0.399656,GO 8,396,426,-82,-416
2,2,0.399679,GO 8,396,426,-80,-418
3,1,0.399708,GO 8,396,426,-77,-419
3,1,0.399732,GO 8,396,426,-74,-420
3,1,0.399761,GO 8,396,426,-71,-421
3,1,0.399795,GO 8,396,426,-68,-422
2,1,0.399811,GO 8,396,426,-66,-423
3,1,0.399836,GO 8,396,426,-63,-424
3,1,0.399859,GO 8,396,426,-60,-425
3,1,0.399888,GO 8,396,426,-57,-426
3,1,0.399911,GO 8,396,426,-54,-427
2,1,0.399952,GO 8,396,426,-52,-428
3,1,0.399981,GO 8,396,426,-49,-429
3,1,0.40001,GO 8,396,426,-46,-430
3,1,0.400033,GO 8,396,426,-43,-431
3,1,0.400057,GO 8,396,426,-40,-432
2,1,0.400091,GO 8,396,426,-38,-433
3,1,0.400109,GO 8,396,426,-35,-434
3,1,0.400132,GO 8,396,426,-32,-435
3,1,0.400167,GO 8,396,426,-29,-436
3,1,0.400393,GO 8,396,426,-26,-437
3,1,0.400428,GO 8,396,426,-23,-438
3,1,0.400434,GO 8,396,426,-20,-439
3,1,0.400457,GO 8,396,426,-17,-440
2,1,0.400492,GO 8,396,426,-15,-441
3,1,0.400504,GO 8,396,426,-12,-442
3,1,0.400538,GO 8,396,426,-9,-443
3,2,0.400573,GO 8,396,426,-6,-445
3,2,0.400585,GO 8,396,426,-3,-447
2,2,0.400608,GO 8,396,426,-1,-449
3,2,0.400643,GO 8,396,426,2,-451
3,2,0.40066,GO 8,396,426,5,-453
3,2,0.400689,GO 8,396,426,8,-455
3,2,0.400695,GO 8,396,426,11,-457
2,1,0.400724,GO 8,396,426,13,-458
3,2,0.400747,GO 8,396,426,16,-460
3,2,0.400771,GO 8,396,426,19,-462
3,2,0.400794,GO 8,396,426,22,-464
3,2,0.400829,GO 8,396,426,25,-466
3,2,0.400846,GO 8,396,426,28,-468
2,2,0.400875,GO 8,396,426,30,-470
3,2,0.400898,GO 8,396,426,33,-472
3,1,0.400922,GO 8,396,426,36,-473
3,2,0.400956,GO 8,396,426,39,-475
3,2,0.40098,GO 8,396,426,42,-477
2,2,0.400997,GO 8,396,426,44,-479
3,2,0.40102,GO 8,396,426,47,-481
3,2,0.401049,GO 8,396,426,50,-483
3,2,0.401072,GO 8,396,426,53,-485
3,2,0.401107,GO 8,396,426,56,-487
2,1,0.401131,GO 8,396,426,58,-488
3,2,0.401148,GO 8,396,426,61,-490
3,2,0.401171,GO 8,396,426,64,-492
3,2,0.4012,GO 8,396,426,67,-494
3,2,0.401223,GO 8,396,426,70,-496
3,2,0.401258,GO 8,396,426,73,-498
2,2,0.401287,GO 8,396,426,75,-500
3,2,0.401299,GO 8,396,426,78,-502
3,1,0.401322,GO 8,396,426,81,-503
3,2,0.401351,GO 8,396,426,84,-505
3,2,0.40138,GO 8,396,426,87,-507
2,2,0.401409,GO 8,396,426,89,-509
3,2,0.401444,GO 8,396,426,92,-511
3,2,0.401461,GO 8,396,426,95,-513
3,2,0.401473,GO 8,396,426,98,-515
3,2,0.401496,GO 8,396,426,101,-517
1,1,0.401531,GO 8,396,426,102,-518
2,2,0.40156,GO 8,396,426,104,-520
2,2,0.401583,GO 8,396,426,106,-522
2,2,0.401607,GO 8,396,426,108,-524
2,1,0.401624,GO 8,396,426,110,-525
2,1,0.401659,GO 8,396,426,112,-526
2,1,0.401682,GO 8,396,426,114,-527
2,1,0.401711,GO 8,396,426,116,-528
1,1,0.40174,GO 8,396,426,117,-529
2,1,0.401752,GO 8,396,426,119,-530
2,1,0.401776,GO 8,396,426,121,-531
2,1,0.40181,GO 8,396,426,123,-532
2,1,0.401868,GO 8,396,426,125,-533
2,1,0.401891,GO 8,396,426,127,-534
2,1,0.401908,GO 8,396,426,129,-535
1,1,0.401932,GO 8,396,426,130,-536
2,1,0.401955,GO 8,396,426,132,-537
2,1,0.401984,GO 8,396,426,134,-538
2,1,0.402024,GO 8,396,426,136,-539
2,1,0.402036,GO 8,396,426,138,-540
2,1,0.402059,GO 8,396,426,140,-541
2,1,0.402083,GO 8,396,426,142,-542
2,1,0.402106,GO 8,396,426,144,-543
1,1,0.402135,GO 8,396,426,145,-544
2,1,0.402152,GO 8,396,426,147,-545
2,1,0.40221,GO 8,396,426,149,-546
1,1,0.403087,GO 8,396,426,150,-547
1,1,0.403116,GO 8,396,426,151,-548
1,1,0.403145,GO 8,396,426,152,-549
1,1,0.40318,GO 8,396,426,153,-550
1,1,0.403215,GO 8,396,426,154,-551
1,-1,0.403673,GO 8,396,426,155,-550
1,-1,0.40372,GO 8,396,426,156,-549
2,-1,0.403754,GO 8,396,426,158,-548
1,-1,0.403772,GO 8,396,426,159,-547
1,-1,0.403807,GO 8,396,426,160,-546
1,-1,0.403824,GO 8,396,426,161,-545
1,-1,0.40387,GO 8,396,426,162,-544
1,-1,0.4039,GO 8,396,426,163,-543
1,-1,0.403923,GO 8,396,426,164,-542
1,-1,0.403946,GO 8,396,426,165,-541
1,-1,0.403981,GO 8,396,426,166,-540
1,-1,0.404016,GO 8,396,426,167,-539
1,-1,0.40405,GO 8,396,426,168,-538
1,-1,0.404062,GO 8,396,426,169,-537
1,-1,0.404091,GO 8,396,426,170,-536
1,-1,0.404474,GO 8,396,426,171,-535
1,-1,0.404721,GO 8,396,426,172,-534
1,-1,0.404776,GO 8,396,426,173,-533
1,-1,0.404799,GO 8,396,426,174,-532
1,-1,0.404852,GO 8,396,426,175,-531
1,-1,0.404875,GO 8,396,426,176,-530
1,-1,0.404898,GO 8,396,426,177,-529
1,-1,0.404927,GO 8,396,426,178,-528
1,-1,0.404985,GO 8,396,426,179,-527
1,-1,0.405002,GO 8,396,426,180,-526
1,-2,0.405049,GO 8,396,426,181,-524
1,-2,0.405084,GO 8,396,426,182,-522
1,-2,0.405119,GO 8,396,426,183,-520
1,-2,0.405148,GO 8,396,426,184,-518
1,-1,0.405177,GO 8,396,426,185,-517
1,-1,0.4052,GO 8,396,426,186,-516
1,-1,0.405264,GO 8,396,426,187,-515
1,-1,0.405299,GO 8,396,426,188,-514
1,-1,0.405304,GO 8,396,426,189,-513
1,-1,0.405357,GO 8,396,426,190,-512
1,-1,0.405386,GO 8,396,426,191,-511
1,-1,0.405403,GO 8,396,426,192,-510
1,-1,0.405426,GO 8,396,426,193,-509
1,-1,0.405484,GO 8,396,426,194,-508
1,-1,0.405507,GO 8,396,426,195,-507
1,-1,0.405554,GO 8,396,426,196,-506
1,-1,0.405577,GO 8,396,426,197,-505
1,-1,0.405635,GO 8,396,426,198,-504
1,-1,0.405664,GO 8,396,426,199,-503
1,-1,0.405786,GO 8,396,426,200,-502
1,-1,0.40585,GO 8,396,426,201,-501
1,-1,0.405856,GO 8,396,426,202,-500
1,-1,0.405908,GO 8,396,426,203,-499
1,-1,0.405937,GO 8,396,426,204,-498
1,-1,0.406001,GO 8,396,426,205,-497
1,-1,0.406036,GO 8,396,426,206,-496
1,-1,0.406059,GO 8,396,426,207,-495
