deltaX,deltaY,WHEN,SYLLABLE,XofButton,YofButton,XofTrace,YofTrace
-1,-1,0.0479376,Yield,0,0,-1,1
-3,-1,0.0479666,Yield,0,0,-4,2
-3,-1,0.0480015,Yield,0,0,-7,3
-3,-1,0.0480073,Yield,0,0,-10,4
-3,-1,0.0480943,Yield,0,0,-13,5
-3,-1,0.0481234,Yield,0,0,-16,6
-3,-1,0.0481408,Yield,0,0,-19,7
-3,-1,0.0481582,Yield,0,0,-22,8
-2,-1,0.048193,Yield,0,0,-24,9
-3,1,0.04846,Yield,0,0,-27,8
-4,1,0.0484891,Yield,0,0,-31,7
-3,2,0.0485007,Yield,0,0,-34,5
-4,2,0.0485239,Yield,0,0,-38,3
-4,3,0.0485587,Yield,0,0,-42,0
-4,2,0.0485936,Yield,0,0,-46,-2
-3,3,0.0486284,Yield,0,0,-49,-5
-4,8,0.0486574,Yield,0,0,-53,-13
-8,4,0.0486922,Yield,0,0,-61,-17
-3,2,0.0487213,Yield,0,0,-64,-19
-4,6,0.0487561,Yield,0,0,-68,-25
-7,3,0.0487967,Yield,0,0,-75,-28
-2,2,0.0488025,Yield,0,0,-77,-30
-2,2,0.0488258,Yield,0,0,-79,-32
-1,1,0.0488896,Yield,0,0,-80,-33
-1,-1,0.0489941,Yield,0,0,-81,-32
-1,-1,0.0490405,Yield,0,0,-82,-31
-1,-1,0.0490754,Yield,0,0,-83,-30
-2,-1,0.049087,Yield,0,0,-85,-29
-2,-1,0.0491102,Yield,0,0,-87,-28
-1,1,0.0491799,Yield,0,0,-88,-29
-1,2,0.0492379,Yield,0,0,-89,-31
-1,1,0.0492611,Yield,0,0,-90,-32
-1,1,0.0492844,Yield,0,0,-91,-33
-1,-1,0.0549152,FRAY 1,87,416,-92,-32
1,-2,0.0549907,FRAY 1,87,416,-91,-30
1,-1,0.0550197,FRAY 1,87,416,-90,-29
1,1,0.055101,FRAY 1,87,416,-89,-30
1,3,0.0551416,FRAY 1,87,416,-88,-33
-2,3,0.0551648,FRAY 1,87,416,-90,-36
-1,3,0.0551938,FRAY 1,87,416,-91,-39
-1,3,0.0552183,FRAY 1,87,416,-92,-42
-1,3,0.0552519,FRAY 1,87,416,-93,-45
1,3,0.0552867,FRAY 1,87,416,-92,-48
1,4,0.0552925,FRAY 1,87,416,-91,-52
2,4,0.0553157,FRAY 1,87,416,-89,-56
2,4,0.0553506,FRAY 1,87,416,-87,-60
1,3,0.0553738,FRAY 1,87,416,-86,-63
3,4,0.0554028,FRAY 1,87,416,-83,-67
3,4,0.0554202,FRAY 1,87,416,-80,-71
3,4,0.0554434,FRAY 1,87,416,-77,-75
3,3,0.0554667,FRAY 1,87,416,-74,-78
3,4,0.0555015,FRAY 1,87,416,-71,-82
2,4,0.0555305,FRAY 1,87,416,-69,-86
3,4,0.0555421,FRAY 1,87,416,-66,-90
3,3,0.0555712,FRAY 1,87,416,-63,-93
3,4,0.0555944,FRAY 1,87,416,-60,-97
3,4,0.0556176,FRAY 1,87,416,-57,-101
2,4,0.0556524,FRAY 1,87,416,-55,-105
3,3,0.0556756,FRAY 1,87,416,-52,-108
3,4,0.0556931,FRAY 1,87,416,-49,-112
3,4,0.0557279,FRAY 1,87,416,-46,-116
3,4,0.055749,FRAY 1,87,416,-43,-120
2,3,0.0557801,FRAY 1,87,416,-41,-123
2,4,0.0558034,FRAY 1,87,416,-39,-127
1,4,0.0558208,FRAY 1,87,416,-38,-131
1,4,0.0558498,FRAY 1,87,416,-37,-135
-1,3,0.0558672,FRAY 1,87,416,-38,-138
-1,4,0.0558904,FRAY 1,87,416,-39,-142
-1,4,0.0559137,FRAY 1,87,416,-40,-146
-2,4,0.0559543,FRAY 1,87,416,-42,-150
-2,3,0.0559601,FRAY 1,87,416,-44,-153
-2,4,0.0559891,FRAY 1,87,416,-46,-157
-2,4,0.0560123,FRAY 1,87,416,-48,-161
-1,4,0.0560414,FRAY 1,87,416,-49,-165
-1,3,0.0560646,FRAY 1,87,416,-50,-168
-1,4,0.0560994,FRAY 1,87,416,-51,-172
-1,4,0.0561168,FRAY 1,87,416,-52,-176
-1,4,0.05614,FRAY 1,87,416,-53,-180
1,3,0.0561633,FRAY 1,87,416,-52,-183
2,4,0.0561923,FRAY 1,87,416,-50,-187
2,4,0.0562199,FRAY 1,87,416,-48,-191
2,4,0.0562561,FRAY 1,87,416,-46,-195
3,3,0.0562723,FRAY 1,87,416,-43,-198
2,4,0.056291,FRAY 1,87,416,-41,-202
3,4,0.0563221,FRAY 1,87,416,-38,-206
3,4,0.0563548,FRAY 1,87,416,-35,-210
2,3,0.056378,FRAY 1,87,416,-33,-213
2,4,0.0564126,FRAY 1,87,416,-31,-217
1,4,0.0564187,FRAY 1,87,416,-30,-221
1,4,0.0564419,FRAY 1,87,416,-29,-225
-2,3,0.0564767,FRAY 1,87,416,-31,-228
-2,4,0.0565058,FRAY 1,87,416,-33,-232
-3,4,0.0565406,FRAY 1,87,416,-36,-236
-3,4,0.0565464,FRAY 1,87,416,-39,-240
-2,3,0.0565754,FRAY 1,87,416,-41,-243
-3,4,0.0565928,FRAY 1,87,416,-44,-247
-3,4,0.0566277,FRAY 1,87,416,-47,-251
-2,4,0.0566509,FRAY 1,87,416,-49,-255
-2,3,0.0566683,FRAY 1,87,416,-51,-258
-1,4,0.0566973,FRAY 1,87,416,-52,-262
-1,4,0.0567205,FRAY 1,87,416,-53,-266
-1,4,0.0567438,FRAY 1,87,416,-54,-270
-1,3,0.0567786,FRAY 1,87,416,-55,-273
-1,4,0.0568018,FRAY 1,87,416,-56,-277
-1,4,0.0568192,FRAY 1,87,416,-57,-281
-1,4,0.0568483,FRAY 1,87,416,-58,-285
-1,3,0.0568773,FRAY 1,87,416,-59,-288
-1,4,0.0569063,FRAY 1,87,416,-60,-292
-1,4,0.0569295,FRAY 1,87,416,-61,-296
1,4,0.0569527,FRAY 1,87,416,-60,-300
1,3,0.0569818,FRAY 1,87,416,-59,-303
1,4,0.0569934,FRAY 1,87,416,-58,-307
1,4,0.0570282,FRAY 1,87,416,-57,-311
1,4,0.0570572,FRAY 1,87,416,-56,-315
1,3,0.0570805,FRAY 1,87,416,-55,-318
-1,4,0.0570979,FRAY 1,87,416,-56,-322
-1,4,0.0571211,FRAY 1,87,416,-57,-326
-1,4,0.0571559,FRAY 1,87,416,-58,-330
-3,3,0.0571791,FRAY 1,87,416,-61,-333
-3,4,0.057214,FRAY 1,87,416,-64,-337
-4,4,0.0572372,FRAY 1,87,416,-68,-341
-4,4,0.0572488,FRAY 1,87,416,-72,-345
-3,3,0.0572662,FRAY 1,87,416,-75,-348
-3,4,0.0572894,FRAY 1,87,416,-78,-352
-3,4,0.0573301,FRAY 1,87,416,-81,-356
-2,4,0.0573649,FRAY 1,87,416,-83,-360
-1,3,0.0573823,FRAY 1,87,416,-84,-363
1,4,0.0573939,FRAY 1,87,416,-83,-367
1,4,0.0574171,FRAY 1,87,416,-82,-371
2,4,0.0574404,FRAY 1,87,416,-80,-375
2,3,0.0574694,FRAY 1,87,416,-78,-378
2,4,0.05751,FRAY 1,87,416,-76,-382
3,4,0.0575216,FRAY 1,87,416,-73,-386
2,4,0.0575449,FRAY 1,87,416,-71,-390
3,3,0.0575681,FRAY 1,87,416,-68,-393
3,4,0.0575913,FRAY 1,87,416,-65,-397
3,4,0.0576319,FRAY 1,87,416,-62,-401
3,4,0.0576668,FRAY 1,87,416,-59,-405
2,3,0.0576726,FRAY 1,87,416,-57,-408
3,4,0.0576958,FRAY 1,87,416,-54,-412
3,3,0.0577306,FRAY 1,87,416,-51,-415
3,3,0.0577538,FRAY 1,87,416,-48,-418
3,2,0.0577771,FRAY 1,87,416,-45,-420
2,1,0.0577945,FRAY 1,87,416,-43,-421
2,2,0.0578235,FRAY 1,87,416,-41,-423
2,3,0.0578467,FRAY 1,87,416,-39,-426
2,3,0.0578815,FRAY 1,87,416,-37,-429
1,3,0.0579106,FRAY 1,87,416,-36,-432
1,4,0.057928,FRAY 1,87,416,-35,-436
1,3,0.0579454,FRAY 1,87,416,-34,-439
1,4,0.0579744,FRAY 1,87,416,-33,-443
-1,4,0.0579976,FRAY 1,87,416,-34,-447
-1,4,0.0580267,FRAY 1,87,416,-35,-451
-1,3,0.0580557,FRAY 1,87,416,-36,-454
-1,4,0.0580789,FRAY 1,87,416,-37,-458
-1,4,0.0580963,FRAY 1,87,416,-38,-462
1,4,0.0581195,FRAY 1,87,416,-37,-466
2,3,0.0581486,FRAY 1,87,416,-35,-469
2,4,0.058166,FRAY 1,87,416,-33,-473
2,4,0.0582008,FRAY 1,87,416,-31,-477
3,4,0.0582182,FRAY 1,87,416,-28,-481
2,3,0.0582415,FRAY 1,87,416,-26,-484
3,4,0.0582705,FRAY 1,87,416,-23,-488
3,4,0.0582937,FRAY 1,87,416,-20,-492
3,4,0.0583227,FRAY 1,87,416,-17,-496
3,3,0.0583517,FRAY 1,87,416,-14,-499
2,4,0.0583692,FRAY 1,87,416,-12,-503
3,3,0.0583924,FRAY 1,87,416,-9,-506
3,3,0.0584156,FRAY 1,87,416,-6,-509
3,2,0.0584562,FRAY 1,87,416,-3,-511
3,3,0.0584737,FRAY 1,87,416,0,-514
2,3,0.0585027,FRAY 1,87,416,2,-517
3,3,0.0585201,FRAY 1,87,416,5,-520
3,3,0.0585433,FRAY 1,87,416,8,-523
3,3,0.0585665,FRAY 1,87,416,11,-526
3,2,0.0586014,FRAY 1,87,416,14,-528
2,3,0.0586304,FRAY 1,87,416,16,-531
1,3,0.0586571,FRAY 1,87,416,17,-534
1,2,0.058671,FRAY 1,87,416,18,-536
1,2,0.0586942,FRAY 1,87,416,19,-538
1,1,0.0587175,FRAY 1,87,416,20,-539
1,1,0.0587826,FRAY 1,87,416,21,-540
-1,1,0.0593534,FRAY 1,87,416,20,-541
-1,1,0.059385,FRAY 1,87,416,19,-542
-1,2,0.0594199,FRAY 1,87,416,18,-544
-1,2,0.0594257,FRAY 1,87,416,17,-546
-1,3,0.0594489,FRAY 1,87,416,16,-549
1,2,0.0594837,FRAY 1,87,416,17,-551
2,3,0.0595069,FRAY 1,87,416,19,-554
2,4,0.059536,FRAY 1,87,416,21,-558
2,1,0.0595708,FRAY 1,87,416,23,-559
2,4,0.0595766,FRAY 1,87,416,25,-563
2,4,0.0595998,FRAY 1,87,416,27,-567
2,3,0.059623,FRAY 1,87,416,29,-570
2,4,0.0596579,FRAY 1,87,416,31,-574
2,3,0.0596869,FRAY 1,87,416,33,-577
1,1,0.0597275,FRAY 1,87,416,34,-578
1,1,0.0597532,FRAY 1,87,416,35,-579
1,1,0.0597856,FRAY 1,87,416,36,-580
2,-1,0.0631931,SAN- 2,387,311,38,-579
1,-1,0.0631989,SAN- 2,387,311,39,-578
2,-1,0.0632221,SAN- 2,387,311,41,-577
1,-2,0.063257,SAN- 2,387,311,42,-575
1,-2,0.063286,SAN- 2,387,311,43,-573
2,-3,0.0632918,SAN- 2,387,311,45,-570
2,-2,0.0633382,SAN- 2,387,311,47,-568
2,-3,0.0633556,SAN- 2,387,311,49,-565
3,-3,0.0633731,SAN- 2,387,311,52,-562
2,-3,0.0633963,SAN- 2,387,311,54,-559
3,-3,0.0634311,SAN- 2,387,311,57,-556
3,-2,0.0634427,SAN- 2,387,311,60,-554
3,-3,0.0634659,SAN- 2,387,311,63,-551
3,-3,0.0635008,SAN- 2,387,311,66,-548
2,-3,0.063524,SAN- 2,387,311,68,-545
3,-3,0.0635472,SAN- 2,387,311,71,-542
3,-2,0.0635762,SAN- 2,387,311,74,-540
3,-3,0.0635878,SAN- 2,387,311,77,-537
3,-3,0.0636111,SAN- 2,387,311,80,-534
2,-2,0.0636459,SAN- 2,387,311,82,-532
3,-2,0.0636691,SAN- 2,387,311,85,-530
3,-2,0.0636923,SAN- 2,387,311,88,-528
3,-2,0.0637272,SAN- 2,387,311,91,-526
3,-1,0.0637388,SAN- 2,387,311,94,-525
3,-2,0.0637678,SAN- 2,387,311,97,-523
1,-2,0.063791,SAN- 2,387,311,98,-521
1,-1,0.06382,SAN- 2,387,311,99,-520
1,-1,0.0638549,SAN- 2,387,311,100,-519
1,1,0.063971,SAN- 2,387,311,101,-520
1,1,0.0639884,SAN- 2,387,311,102,-521
2,1,0.0640198,SAN- 2,387,311,104,-522
2,1,0.0640369,SAN- 2,387,311,106,-523
3,1,0.0640813,SAN- 2,387,311,109,-524
2,1,0.0641161,SAN- 2,387,311,111,-525
3,-1,0.0641858,SAN- 2,387,311,114,-524
3,-1,0.0642117,SAN- 2,387,311,117,-523
2,-1,0.064238,SAN- 2,387,311,119,-522
3,-2,0.064267,SAN- 2,387,311,122,-520
3,-2,0.0643006,SAN- 2,387,311,125,-518
3,-6,0.0643425,SAN- 2,387,311,128,-512
5,-2,0.0643657,SAN- 2,387,311,133,-510
3,-2,0.0643889,SAN- 2,387,311,136,-508
3,-1,0.064418,SAN- 2,387,311,139,-507
3,-2,0.0644528,SAN- 2,387,311,142,-505
3,-1,0.0644818,SAN- 2,387,311,145,-504
3,-1,0.0644934,SAN- 2,387,311,148,-503
2,-1,0.06451,SAN- 2,387,311,150,-502
3,-1,0.0645224,SAN- 2,387,311,153,-501
3,-1,0.0645573,SAN- 2,387,311,156,-500
3,-1,0.0645805,SAN- 2,387,311,159,-499
3,-1,0.0646037,SAN- 2,387,311,162,-498
2,-1,0.0646269,SAN- 2,387,311,164,-497
3,-1,0.0646502,SAN- 2,387,311,167,-496
3,-2,0.0646792,SAN- 2,387,311,170,-494
3,-1,0.0647082,SAN- 2,387,311,173,-493
3,-2,0.0647372,SAN- 2,387,311,176,-491
2,-2,0.0647663,SAN- 2,387,311,178,-489
3,-2,0.0647837,SAN- 2,387,311,181,-487
3,-2,0.0648069,SAN- 2,387,311,184,-485
3,-2,0.0648417,SAN- 2,387,311,187,-483
3,-1,0.0648707,SAN- 2,387,311,190,-482
3,-1,0.0648882,SAN- 2,387,311,193,-481
2,-1,0.0649056,SAN- 2,387,311,195,-480
3,-1,0.0649346,SAN- 2,387,311,198,-479
3,-1,0.0649578,SAN- 2,387,311,201,-478
3,-1,0.0650159,SAN- 2,387,311,204,-477
2,-1,0.0650449,SAN- 2,387,311,206,-476
3,-1,0.0650565,SAN- 2,387,311,209,-475
3,-1,0.0650913,SAN- 2,387,311,212,-474
3,-1,0.0651088,SAN- 2,387,311,215,-473
3,-1,0.0651378,SAN- 2,387,311,218,-472
2,-1,0.0651668,SAN- 2,387,311,220,-471
3,-1,0.0655383,SAN- 2,387,311,223,-470
2,-1,0.0655615,SAN- 2,387,311,225,-469
3,-1,0.0655906,SAN- 2,387,311,228,-468
3,-2,0.0656254,SAN- 2,387,311,231,-466
3,-2,0.0656544,SAN- 2,387,311,234,-464
3,-1,0.065666,SAN- 2,387,311,237,-463
2,-2,0.0656893,SAN- 2,387,311,239,-461
3,-2,0.0657183,SAN- 2,387,311,242,-459
3,-2,0.0657415,SAN- 2,387,311,245,-457
3,-2,0.0657763,SAN- 2,387,311,248,-455
3,-1,0.0657937,SAN- 2,387,311,251,-454
3,-1,0.065817,SAN- 2,387,311,254,-453
2,-1,0.0658402,SAN- 2,387,311,256,-452
2,-1,0.066113,SAN- 2,387,311,258,-451
3,-1,0.0661188,SAN- 2,387,311,261,-450
3,-1,0.066142,SAN- 2,387,311,264,-449
3,-1,0.0661653,SAN- 2,387,311,267,-448
2,-2,0.0662233,SAN- 2,387,311,269,-446
3,-1,0.0662349,SAN- 2,387,311,272,-445
1,-1,0.0662814,SAN- 2,387,311,273,-444
3,-1,0.0662988,SAN- 2,387,311,276,-443
3,-1,0.0663295,SAN- 2,387,311,279,-442
2,-1,0.0663452,SAN- 2,387,311,281,-441
3,-1,0.06638,SAN- 2,387,311,284,-440
1,-1,0.070699,-TIA- 3,15,133,285,-439
-1,-1,0.0707338,-TIA- 3,15,133,284,-438
-1,-2,0.0707512,-TIA- 3,15,133,283,-436
-1,-2,0.0707744,-TIA- 3,15,133,282,-434
-1,-2,0.0707976,-TIA- 3,15,133,281,-432
-1,-2,0.0708267,-TIA- 3,15,133,280,-430
-1,-2,0.0708615,-TIA- 3,15,133,279,-428
-1,-2,0.0708963,-TIA- 3,15,133,278,-426
-1,-1,0.0709195,-TIA- 3,15,133,277,-425
-1,-2,0.0709359,-TIA- 3,15,133,276,-423
-1,-1,0.0709486,-TIA- 3,15,133,275,-422
-2,1,0.0710066,-TIA- 3,15,133,273,-423
-1,1,0.0710531,-TIA- 3,15,133,272,-424
-4,1,0.0710763,-TIA- 3,15,133,268,-425
-1,-1,0.071233,-TIA- 3,15,133,267,-424
-1,-1,0.0712504,-TIA- 3,15,133,266,-423
1,-1,0.0712853,-TIA- 3,15,133,267,-422
1,-2,0.0713143,-TIA- 3,15,133,268,-420
1,-2,0.0713491,-TIA- 3,15,133,269,-418
1,-2,0.0713607,-TIA- 3,15,133,270,-416
1,-1,0.0713781,-TIA- 3,15,133,271,-415
1,-1,0.071413,-TIA- 3,15,133,272,-414
-1,-1,0.0716858,-TIA- 3,15,133,271,-413
-1,-2,0.071709,-TIA- 3,15,133,270,-411
-2,-2,0.0717497,-TIA- 3,15,133,268,-409
-3,-3,0.0717729,-TIA- 3,15,133,265,-406
-3,-2,0.0717787,-TIA- 3,15,133,262,-404
-4,-3,0.0718135,-TIA- 3,15,133,258,-401
-3,-3,0.0718367,-TIA- 3,15,133,255,-398
-4,-3,0.07186,-TIA- 3,15,133,251,-395
-4,-3,0.0718948,-TIA- 3,15,133,247,-392
-4,-4,0.0719296,-TIA- 3,15,133,243,-388
-7,-2,0.0719644,-TIA- 3,15,133,236,-386
-4,-3,0.0719877,-TIA- 3,15,133,232,-383
-4,-3,0.0720109,-TIA- 3,15,133,228,-380
-3,-3,0.0720457,-TIA- 3,15,133,225,-377
-4,-2,0.0720747,-TIA- 3,15,133,221,-375
-4,-3,0.0720863,-TIA- 3,15,133,217,-372
-4,-3,0.0721096,-TIA- 3,15,133,213,-369
-3,-3,0.0721502,-TIA- 3,15,133,210,-366
-4,-3,0.0721751,-TIA- 3,15,133,206,-363
-4,-3,0.0721966,-TIA- 3,15,133,202,-360
-4,-2,0.0722286,-TIA- 3,15,133,198,-358
-3,-3,0.0722373,-TIA- 3,15,133,195,-355
-4,-3,0.0722605,-TIA- 3,15,133,191,-352
-4,-3,0.0722904,-TIA- 3,15,133,187,-349
-4,-3,0.0723185,-TIA- 3,15,133,183,-346
-3,-2,0.0723476,-TIA- 3,15,133,180,-344
-4,-3,0.0723824,-TIA- 3,15,133,176,-341
-4,-3,0.0723926,-TIA- 3,15,133,172,-338
-4,-3,0.0724114,-TIA- 3,15,133,168,-335
-3,-3,0.0724463,-TIA- 3,15,133,165,-332
-4,-2,0.0724753,-TIA- 3,15,133,161,-330
-4,-3,0.0725112,-TIA- 3,15,133,157,-327
-4,-3,0.0725159,-TIA- 3,15,133,153,-324
-3,-3,0.0725507,-TIA- 3,15,133,150,-321
-4,-3,0.0725624,-TIA- 3,15,133,146,-318
-4,-3,0.0725972,-TIA- 3,15,133,142,-315
-4,-2,0.072632,-TIA- 3,15,133,138,-313
-3,-3,0.072661,-TIA- 3,15,133,135,-310
-4,-3,0.0726668,-TIA- 3,15,133,131,-307
-4,-3,0.0727017,-TIA- 3,15,133,127,-304
-4,-3,0.072715,-TIA- 3,15,133,123,-301
-3,-2,0.0727481,-TIA- 3,15,133,120,-299
-4,-3,0.0727655,-TIA- 3,15,133,116,-296
-4,-3,0.072812,-TIA- 3,15,133,112,-293
-4,-3,0.0728178,-TIA- 3,15,133,108,-290
-3,-3,0.0728468,-TIA- 3,15,133,105,-287
-4,-2,0.0728874,-TIA- 3,15,133,101,-285
-4,-3,0.072899,-TIA- 3,15,133,97,-282
-4,-3,0.0729339,-TIA- 3,15,133,93,-279
-3,-3,0.0729629,-TIA- 3,15,133,90,-276
-4,-3,0.0729745,-TIA- 3,15,133,86,-273
-4,-3,0.0729977,-TIA- 3,15,133,82,-270
-4,-2,0.0730326,-TIA- 3,15,133,78,-268
-3,-3,0.0730616,-TIA- 3,15,133,75,-265
-4,-3,0.073076,-TIA- 3,15,133,71,-262
-4,-3,0.0730906,-TIA- 3,15,133,67,-259
-4,-3,0.0731254,-TIA- 3,15,133,63,-256
-3,-2,0.0731487,-TIA- 3,15,133,60,-254
-4,-3,0.0731719,-TIA- 3,15,133,56,-251
-4,-3,0.0732067,-TIA- 3,15,133,52,-248
-4,-3,0.0732357,-TIA- 3,15,133,48,-245
-3,-3,0.0732473,-TIA- 3,15,133,45,-242
-4,-2,0.0732764,-TIA- 3,15,133,41,-240
-4,-3,0.0732996,-TIA- 3,15,133,37,-237
-4,-3,0.0733344,-TIA- 3,15,133,33,-234
-3,-3,0.0733576,-TIA- 3,15,133,30,-231
-4,-3,0.0733634,-TIA- 3,15,133,26,-228
-4,-3,0.0733809,-TIA- 3,15,133,22,-225
-4,-2,0.0734041,-TIA- 3,15,133,18,-223
-3,-3,0.0734331,-TIA- 3,15,133,15,-220
-4,-3,0.0734563,-TIA- 3,15,133,11,-217
-4,-3,0.0734912,-TIA- 3,15,133,7,-214
-4,-3,0.0735202,-TIA- 3,15,133,3,-211
-3,-2,0.0735318,-TIA- 3,15,133,0,-209
-4,-3,0.073555,-TIA- 3,15,133,-4,-206
-4,-3,0.0735843,-TIA- 3,15,133,-8,-203
-4,-3,0.0736131,-TIA- 3,15,133,-12,-200
-3,-3,0.0736421,-TIA- 3,15,133,-15,-197
-4,-2,0.0736595,-TIA- 3,15,133,-19,-195
-4,-2,0.0736885,-TIA- 3,15,133,-23,-193
-4,-2,0.0737059,-TIA- 3,15,133,-27,-191
-3,-2,0.0737466,-TIA- 3,15,133,-30,-189
-4,-1,0.073764,-TIA- 3,15,133,-34,-188
-4,-1,0.073793,-TIA- 3,15,133,-38,-187
-4,-1,0.0738104,-TIA- 3,15,133,-42,-186
-3,-1,0.0738395,-TIA- 3,15,133,-45,-185
-4,-1,0.0739207,-TIA- 3,15,133,-49,-184
-3,-1,0.0739381,-TIA- 3,15,133,-52,-183
-4,-1,0.0739614,-TIA- 3,15,133,-56,-182
-4,-1,0.0739846,-TIA- 3,15,133,-60,-181
-4,-1,0.0740136,-TIA- 3,15,133,-64,-180
-4,-1,0.0740775,-TIA- 3,15,133,-68,-179
-4,-1,0.0741007,-TIA- 3,15,133,-72,-178
-4,-1,0.0741141,-TIA- 3,15,133,-76,-177
-3,-1,0.0741471,-TIA- 3,15,133,-79,-176
-4,1,0.0748785,-TIA- 3,15,133,-83,-177
-4,1,0.0749076,-TIA- 3,15,133,-87,-178
-3,2,0.0749308,-TIA- 3,15,133,-90,-180
-4,1,0.0749482,-TIA- 3,15,133,-94,-181
-4,2,0.0749714,-TIA- 3,15,133,-98,-183
-2,1,0.0749946,-TIA- 3,15,133,-100,-184
-1,1,0.0750295,-TIA- 3,15,133,-101,-185
3,1,0.0792033,GO 4,331,221,-98,-186
3,1,0.0792323,GO 4,331,221,-95,-187
3,1,0.0792544,GO 4,331,221,-92,-188
2,2,0.0792845,GO 4,331,221,-90,-190
3,2,0.0793078,GO 4,331,221,-87,-192
3,1,0.0793252,GO 4,331,221,-84,-193
3,2,0.0793542,GO 4,331,221,-81,-195
3,3,0.0793832,GO 4,331,221,-78,-198
2,3,0.0794064,GO 4,331,221,-76,-201
3,3,0.0794355,GO 4,331,221,-73,-204
3,3,0.0794703,GO 4,331,221,-70,-207
3,3,0.0794761,GO 4,331,221,-67,-210
3,4,0.0795109,GO 4,331,221,-64,-214
3,4,0.0795341,GO 4,331,221,-61,-218
2,4,0.0795574,GO 4,331,221,-59,-222
3,3,0.0795864,GO 4,331,221,-56,-225
3,4,0.0796212,GO 4,331,221,-53,-229
3,4,0.079627,GO 4,331,221,-50,-233
3,4,0.0796502,GO 4,331,221,-47,-237
2,3,0.0796851,GO 4,331,221,-45,-240
3,4,0.0797083,GO 4,331,221,-42,-244
3,4,0.0797373,GO 4,331,221,-39,-248
3,3,0.0797652,GO 4,331,221,-36,-251
3,2,0.079778,GO 4,331,221,-33,-253
2,2,0.0798012,GO 4,331,221,-31,-255
3,2,0.079836,GO 4,331,221,-28,-257
3,1,0.0798708,GO 4,331,221,-25,-258
3,1,0.0798941,GO 4,331,221,-22,-259
2,1,0.0799579,GO 4,331,221,-20,-260
3,1,0.0799869,GO 4,331,221,-17,-261
3,1,0.0800218,GO 4,331,221,-14,-262
3,1,0.080045,GO 4,331,221,-11,-263
3,2,0.0800682,GO 4,331,221,-8,-265
2,2,0.0800785,GO 4,331,221,-6,-267
3,1,0.0800972,GO 4,331,221,-3,-268
3,2,0.0801263,GO 4,331,221,0,-270
3,2,0.0801553,GO 4,331,221,3,-272
3,2,0.0801959,GO 4,331,221,6,-274
2,1,0.0802075,GO 4,331,221,8,-275
3,1,0.0802307,GO 4,331,221,11,-276
3,-1,0.0803178,GO 4,331,221,14,-275
2,-1,0.080341,GO 4,331,221,16,-274
3,-1,0.0803585,GO 4,331,221,19,-273
3,-2,0.0803817,GO 4,331,221,22,-271
3,-2,0.0804049,GO 4,331,221,25,-269
3,-1,0.0804281,GO 4,331,221,28,-268
2,-2,0.0804629,GO 4,331,221,30,-266
1,-2,0.0804862,GO 4,331,221,31,-264
2,-2,0.0805094,GO 4,331,221,33,-262
2,-2,0.0805326,GO 4,331,221,35,-260
2,-2,0.0805558,GO 4,331,221,37,-258
2,-1,0.0805907,GO 4,331,221,39,-257
2,-1,0.0806139,GO 4,331,221,41,-256
3,-1,0.0806255,GO 4,331,221,44,-255
2,-1,0.0806603,GO 4,331,221,46,-254
3,-1,0.0806835,GO 4,331,221,49,-253
3,-1,0.0807416,GO 4,331,221,52,-252
3,-2,0.0807706,GO 4,331,221,55,-250
3,-2,0.0807822,GO 4,331,221,58,-248
2,-2,0.0808112,GO 4,331,221,60,-246
3,-2,0.0808345,GO 4,331,221,63,-244
3,-2,0.0808577,GO 4,331,221,66,-242
3,-2,0.0808925,GO 4,331,221,69,-240
3,-1,0.0809099,GO 4,331,221,72,-239
2,-1,0.0809273,GO 4,331,221,74,-238
3,-1,0.0809796,GO 4,331,221,77,-237
3,-1,0.0811595,GO 4,331,221,80,-236
3,-1,0.0811886,GO 4,331,221,83,-235
2,-1,0.081206,GO 4,331,221,85,-234
3,-1,0.0812292,GO 4,331,221,88,-233
3,-1,0.0812524,GO 4,331,221,91,-232
3,-1,0.0812756,GO 4,331,221,94,-231
3,-1,0.0813105,GO 4,331,221,97,-230
2,-1,0.0813337,GO 4,331,221,99,-229
3,-1,0.0813685,GO 4,331,221,102,-228
3,1,0.0814382,GO 4,331,221,105,-229
2,2,0.0814614,GO 4,331,221,107,-231
3,2,0.0814962,GO 4,331,221,110,-233
3,3,0.0815195,GO 4,331,221,113,-236
3,2,0.0815369,GO 4,331,221,116,-238
2,3,0.0815601,GO 4,331,221,118,-241
2,4,0.0815891,GO 4,331,221,120,-245
1,4,0.0816239,GO 4,331,221,121,-249
2,4,0.0816472,GO 4,331,221,123,-253
3,3,0.0816646,GO 4,331,221,126,-256
3,4,0.0816878,GO 4,331,221,129,-260
3,4,0.081711,GO 4,331,221,132,-264
3,3,0.08174,GO 4,331,221,135,-267
2,2,0.0817749,GO 4,331,221,137,-269
3,2,0.0818039,GO 4,331,221,140,-271
3,2,0.0818155,GO 4,331,221,143,-273
3,2,0.0818387,GO 4,331,221,146,-275
3,2,0.081862,GO 4,331,221,149,-277
2,2,0.0818968,GO 4,331,221,151,-279
3,2,0.08192,GO 4,331,221,154,-281
3,2,0.081949,GO 4,331,221,157,-283
3,1,0.0819665,GO 4,331,221,160,-284
3,2,0.0819897,GO 4,331,221,163,-286
3,2,0.0820129,GO 4,331,221,166,-288
2,2,0.0820477,GO 4,331,221,168,-290
3,2,0.0820767,GO 4,331,221,171,-292
3,1,0.0820883,GO 4,331,221,174,-293
3,1,0.0821348,GO 4,331,221,177,-294
3,1,0.0821406,GO 4,331,221,180,-295
2,1,0.0821696,GO 4,331,221,182,-296
3,1,0.0821986,GO 4,331,221,185,-297
3,1,0.0822219,GO 4,331,221,188,-298
3,1,0.0827443,GO 4,331,221,191,-299
3,1,0.0827733,GO 4,331,221,194,-300
3,1,0.0828082,GO 4,331,221,197,-301
2,1,0.0828314,GO 4,331,221,199,-302
3,1,0.0828488,GO 4,331,221,202,-303
3,1,0.082872,GO 4,331,221,205,-304
3,1,0.0828952,GO 4,331,221,208,-305
3,1,0.0829243,GO 4,331,221,211,-306
3,1,0.0829475,GO 4,331,221,214,-307
2,1,0.0829707,GO 4,331,221,216,-308
3,1,0.0829997,GO 4,331,221,219,-309
3,1,0.0830229,GO 4,331,221,222,-310
3,1,0.083052,GO 4,331,221,225,-311
3,1,0.0830752,GO 4,331,221,228,-312
2,1,0.08311,GO 4,331,221,230,-313
3,1,0.0831507,GO 4,331,221,233,-314
3,1,0.0831739,GO 4,331,221,236,-315
3,1,0.0832087,GO 4,331,221,239,-316
2,1,0.0832377,GO 4,331,221,241,-317
3,1,0.0832551,GO 4,331,221,244,-318
3,1,0.0832842,GO 4,331,221,247,-319
3,1,0.0833016,GO 4,331,221,250,-320
3,1,0.0833248,GO 4,331,221,253,-321
3,1,0.0833596,GO 4,331,221,256,-322
2,1,0.0833945,GO 4,331,221,258,-323
3,1,0.0834119,GO 4,331,221,261,-324
3,1,0.0834351,GO 4,331,221,264,-325
3,1,0.0834525,GO 4,331,221,267,-326
3,1,0.0834757,GO 4,331,221,270,-327
2,1,0.083499,GO 4,331,221,272,-328
3,2,0.0835396,GO 4,331,221,275,-330
3,2,0.0835802,GO 4,331,221,278,-332
3,2,0.0835976,GO 4,331,221,281,-334
2,2,0.0836209,GO 4,331,221,283,-336
3,2,0.0836383,GO 4,331,221,286,-338
2,2,0.0836731,GO 4,331,221,288,-340
3,2,0.0836847,GO 4,331,221,291,-342
3,2,0.0837137,GO 4,331,221,294,-344
3,1,0.083737,GO 4,331,221,297,-345
2,2,0.0837602,GO 4,331,221,299,-347
3,2,0.083795,GO 4,331,221,302,-349
3,2,0.0838182,GO 4,331,221,305,-351
3,2,0.0838356,GO 4,331,221,308,-353
3,1,0.0838589,GO 4,331,221,311,-354
2,1,0.0838937,GO 4,331,221,313,-355
3,1,0.0839227,GO 4,331,221,316,-356
3,1,0.0839517,GO 4,331,221,319,-357
1,1,0.0840446,GO 4,331,221,320,-358
2,1,0.0840661,GO 4,331,221,322,-359
2,1,0.0841201,GO 4,331,221,324,-360
1,1,0.0841375,GO 4,331,221,325,-361
1,1,0.0841607,GO 4,331,221,326,-362
1,1,0.0841956,GO 4,331,221,327,-363
-1,-1,0.086564,FRAY 5,338,307,326,-362
-1,-1,0.0865988,FRAY 5,338,307,325,-361
-1,-2,0.086622,FRAY 5,338,307,324,-359
-1,-1,0.0866453,FRAY 5,338,307,323,-358
-1,-2,0.0866743,FRAY 5,338,307,322,-356
-1,-1,0.0866917,FRAY 5,338,307,321,-355
-1,-1,0.0867207,FRAY 5,338,307,320,-354
-1,-1,0.0867498,FRAY 5,338,307,319,-353
-1,1,0.0867962,FRAY 5,338,307,318,-354
-1,1,0.086831,FRAY 5,338,307,317,-355
-1,1,0.0868484,FRAY 5,338,307,316,-356
-1,2,0.0868717,FRAY 5,338,307,315,-358
-1,3,0.0869007,FRAY 5,338,307,314,-361
-1,3,0.0869297,FRAY 5,338,307,313,-364
-1,3,0.0869355,FRAY 5,338,307,312,-367
-1,3,0.0869587,FRAY 5,338,307,311,-370
-1,4,0.0869936,FRAY 5,338,307,310,-374
-1,4,0.0870168,FRAY 5,338,307,309,-378
-1,4,0.0870458,FRAY 5,338,307,308,-382
-1,3,0.0870806,FRAY 5,338,307,307,-385
-1,4,0.0870864,FRAY 5,338,307,306,-389
-1,4,0.0871097,FRAY 5,338,307,305,-393
-1,4,0.0871445,FRAY 5,338,307,304,-397
-1,3,0.0871793,FRAY 5,338,307,303,-400
-1,4,0.0872025,FRAY 5,338,307,302,-404
-1,4,0.0872258,FRAY 5,338,307,301,-408
-1,4,0.0872388,FRAY 5,338,307,300,-412
-1,3,0.0872664,FRAY 5,338,307,299,-415
-1,4,0.0872954,FRAY 5,338,307,298,-419
1,4,0.0873186,FRAY 5,338,307,299,-423
1,4,0.0873593,FRAY 5,338,307,300,-427
1,3,0.0873709,FRAY 5,338,307,301,-430
1,4,0.0873883,FRAY 5,338,307,302,-434
1,4,0.0874057,FRAY 5,338,307,303,-438
1,4,0.0874289,FRAY 5,338,307,304,-442
2,3,0.0874638,FRAY 5,338,307,306,-445
1,4,0.0875044,FRAY 5,338,307,307,-449
2,6,0.0875334,FRAY 5,338,307,309,-455
4,3,0.0875566,FRAY 5,338,307,313,-458
2,2,0.0875799,FRAY 5,338,307,315,-460
2,3,0.0876147,FRAY 5,338,307,317,-463
2,3,0.0876437,FRAY 5,338,307,319,-466
2,6,0.0876902,FRAY 5,338,307,321,-472
2,2,0.0877076,FRAY 5,338,307,323,-474
2,1,0.0877656,FRAY 5,338,307,325,-475
2,1,0.0877888,FRAY 5,338,307,327,-476
2,-1,0.0949,SAN- 6,280,234,329,-475
-1,-1,0.094929,SAN- 6,280,234,328,-474
-2,-2,0.0949522,SAN- 6,280,234,326,-472
-2,-2,0.0949812,SAN- 6,280,234,324,-470
-3,-3,0.0950161,SAN- 6,280,234,321,-467
-3,-2,0.0950393,SAN- 6,280,234,318,-465
-2,-3,0.0950509,SAN- 6,280,234,316,-462
-3,-3,0.0950799,SAN- 6,280,234,313,-459
-4,-3,0.0951031,SAN- 6,280,234,309,-456
-4,-3,0.0951322,SAN- 6,280,234,305,-453
-3,-2,0.095167,SAN- 6,280,234,302,-451
-4,-3,0.095196,SAN- 6,280,234,298,-448
-4,-3,0.0952076,SAN- 6,280,234,294,-445
-4,-3,0.0952308,SAN- 6,280,234,290,-442
-2,-3,0.0952541,SAN- 6,280,234,288,-439
-3,-2,0.0952773,SAN- 6,280,234,285,-437
-3,-3,0.0953179,SAN- 6,280,234,282,-434
-3,-3,0.0953527,SAN- 6,280,234,279,-431
-3,-3,0.0953644,SAN- 6,280,234,276,-428
-2,-3,0.0953818,SAN- 6,280,234,274,-425
-2,-3,0.095405,SAN- 6,280,234,272,-422
-2,-2,0.0954282,SAN- 6,280,234,270,-420
-2,-3,0.095463,SAN- 6,280,234,268,-417
-1,-3,0.0954921,SAN- 6,280,234,267,-414
-1,-3,0.0955194,SAN- 6,280,234,266,-411
-1,-3,0.0955327,SAN- 6,280,234,265,-408
-1,-2,0.0955559,SAN- 6,280,234,264,-406
-1,-3,0.0955849,SAN- 6,280,234,263,-403
-1,-3,0.095614,SAN- 6,280,234,262,-400
-1,-3,0.0956488,SAN- 6,280,234,261,-397
-1,-3,0.0956778,SAN- 6,280,234,260,-394
-1,-2,0.0956836,SAN- 6,280,234,259,-392
-1,-3,0.0957127,SAN- 6,280,234,258,-389
-1,-3,0.0957359,SAN- 6,280,234,257,-386
-1,-3,0.0957698,SAN- 6,280,234,256,-383
-1,-3,0.0957997,SAN- 6,280,234,255,-380
-1,-3,0.0958055,SAN- 6,280,234,254,-377
-2,-2,0.0958368,SAN- 6,280,234,252,-375
-2,-3,0.0958636,SAN- 6,280,234,250,-372
-2,-3,0.0958868,SAN- 6,280,234,248,-369
-3,-3,0.09591,SAN- 6,280,234,245,-366
-2,-3,0.0959332,SAN- 6,280,234,243,-363
-3,-2,0.0959565,SAN- 6,280,234,240,-361
-3,-3,0.0959913,SAN- 6,280,234,237,-358
-3,-3,0.0960145,SAN- 6,280,234,234,-355
-3,-3,0.0960377,SAN- 6,280,234,231,-352
-3,-3,0.09606,SAN- 6,280,234,228,-349
-2,-2,0.0960958,SAN- 6,280,234,226,-347
-2,-3,0.0961132,SAN- 6,280,234,224,-344
-2,-2,0.0961364,SAN- 6,280,234,222,-342
-1,-1,0.0961654,SAN- 6,280,234,221,-341
-1,-1,0.0961887,SAN- 6,280,234,220,-340
-1,-1,0.103631,-TIA- 7,121,109,219,-339
-1,-1,0.10366,-TIA- 7,121,109,218,-338
-1,-2,0.103677,-TIA- 7,121,109,217,-336
-1,-2,0.1037,-TIA- 7,121,109,216,-334
-1,-2,0.103735,-TIA- 7,121,109,215,-332
-1,-2,0.103758,-TIA- 7,121,109,214,-330
-1,-2,0.103782,-TIA- 7,121,109,213,-328
-1,-2,0.103811,-TIA- 7,121,109,212,-326
1,-1,0.103828,-TIA- 7,121,109,213,-325
1,-2,0.103851,-TIA- 7,121,109,214,-323
1,-1,0.10388,-TIA- 7,121,109,215,-322
1,-1,0.103903,-TIA- 7,121,109,216,-321
-1,-1,0.104147,-TIA- 7,121,109,215,-320
-1,-1,0.104171,-TIA- 7,121,109,214,-319
-1,-1,0.104205,-TIA- 7,121,109,213,-318
-1,-2,0.104234,-TIA- 7,121,109,212,-316
-2,-2,0.104269,-TIA- 7,121,109,210,-314
-2,-3,0.104275,-TIA- 7,121,109,208,-311
-1,-3,0.10431,-TIA- 7,121,109,207,-308
-3,-3,0.104316,-TIA- 7,121,109,204,-305
-3,-2,0.104345,-TIA- 7,121,109,201,-303
-3,-3,0.104362,-TIA- 7,121,109,198,-300
-3,-3,0.104414,-TIA- 7,121,109,195,-297
-2,-3,0.10442,-TIA- 7,121,109,193,-294
-3,-3,0.104443,-TIA- 7,121,109,190,-291
-3,-2,0.104467,-TIA- 7,121,109,187,-289
-3,-3,0.104501,-TIA- 7,121,109,184,-286
-3,-3,0.104513,-TIA- 7,121,109,181,-283
-3,-3,0.104542,-TIA- 7,121,109,178,-280
-2,-3,0.104559,-TIA- 7,121,109,176,-277
-3,-3,0.104588,-TIA- 7,121,109,173,-274
-3,-2,0.104618,-TIA- 7,121,109,170,-272
-4,-3,0.104641,-TIA- 7,121,109,166,-269
-3,-3,0.104658,-TIA- 7,121,109,163,-266
-4,-3,0.104681,-TIA- 7,121,109,159,-263
-4,-3,0.104716,-TIA- 7,121,109,155,-260
-4,-2,0.104739,-TIA- 7,121,109,151,-258
-3,-3,0.104763,-TIA- 7,121,109,148,-255
-4,-3,0.104792,-TIA- 7,121,109,144,-252
-4,-3,0.104803,-TIA- 7,121,109,140,-249
-4,-3,0.104826,-TIA- 7,121,109,136,-246
-3,-2,0.104856,-TIA- 7,121,109,133,-244
-4,-3,0.104885,-TIA- 7,121,109,129,-241
-4,-3,0.104914,-TIA- 7,121,109,125,-238
-4,-3,0.104931,-TIA- 7,121,109,121,-235
-3,-3,0.104954,-TIA- 7,121,109,118,-232
-4,-3,0.104977,-TIA- 7,121,109,114,-229
-4,-2,0.105001,-TIA- 7,121,109,110,-227
-4,-3,0.105035,-TIA- 7,121,109,106,-224
-2,-3,0.105064,-TIA- 7,121,109,104,-221
-3,-3,0.105082,-TIA- 7,121,109,101,-218
-3,-3,0.105111,-TIA- 7,121,109,98,-215
-3,-2,0.105128,-TIA- 7,121,109,95,-213
-3,-3,0.105163,-TIA- 7,121,109,92,-210
-3,-3,0.105192,-TIA- 7,121,109,89,-207
-2,-3,0.105218,-TIA- 7,121,109,87,-204
-3,-3,0.105233,-TIA- 7,121,109,84,-201
-3,-2,0.105256,-TIA- 7,121,109,81,-199
-3,-3,0.105285,-TIA- 7,121,109,78,-196
-3,-3,0.105314,-TIA- 7,121,109,75,-193
-2,-3,0.105337,-TIA- 7,121,109,73,-190
-3,-3,0.105378,-TIA- 7,121,109,70,-187
-3,-3,0.105384,-TIA- 7,121,109,67,-184
-3,-2,0.105413,-TIA- 7,121,109,64,-182
-3,-3,0.105436,-TIA- 7,121,109,61,-179
-2,-3,0.105465,-TIA- 7,121,109,59,-176
-3,-3,0.1055,-TIA- 7,121,109,56,-173
-3,-3,0.105529,-TIA- 7,121,109,53,-170
-3,-2,0.10554,-TIA- 7,121,109,50,-168
-3,-3,0.105564,-TIA- 7,121,109,47,-165
-3,-3,0.105587,-TIA- 7,121,109,44,-162
-2,-3,0.105616,-TIA- 7,121,109,42,-159
-3,-3,0.105628,-TIA- 7,121,109,39,-156
-3,-2,0.10568,-TIA- 7,121,109,36,-154
-3,-3,0.105691,-TIA- 7,121,109,33,-151
-3,-3,0.105715,-TIA- 7,121,109,30,-148
-2,-3,0.105744,-TIA- 7,121,109,28,-145
-3,-3,0.105773,-TIA- 7,121,109,25,-142
-3,-3,0.105779,-TIA- 7,121,109,22,-139
-2,-2,0.105802,-TIA- 7,121,109,20,-137
-2,-3,0.105837,-TIA- 7,121,109,18,-134
-2,-3,0.10586,-TIA- 7,121,109,16,-131
-2,-3,0.105889,-TIA- 7,121,109,14,-128
-1,-3,0.105912,-TIA- 7,121,109,13,-125
-2,-2,0.105929,-TIA- 7,121,109,11,-123
-2,-3,0.105953,-TIA- 7,121,109,9,-120
-2,-3,0.105987,-TIA- 7,121,109,7,-117
-2,-3,0.106011,-TIA- 7,121,109,5,-114
-2,-3,0.106046,-TIA- 7,121,109,3,-111
-2,-2,0.106075,-TIA- 7,121,109,1,-109
-2,-2,0.106086,-TIA- 7,121,109,-1,-107
-1,-2,0.106109,-TIA- 7,121,109,-2,-105
-2,-2,0.106138,-TIA- 7,121,109,-4,-103
-1,-1,0.106162,-TIA- 7,121,109,-5,-102
-1,-1,0.106196,-TIA- 7,121,109,-6,-101
-1,-1,0.110916,GO 8,142,496,-7,-100
-1,-1,0.110957,GO 8,142,496,-8,-99
-1,-1,0.110986,GO 8,142,496,-9,-98
-1,1,0.11109,GO 8,142,496,-10,-99
-1,1,0.111113,GO 8,142,496,-11,-100
-1,1,0.111137,GO 8,142,496,-12,-101
1,2,0.111166,GO 8,142,496,-11,-103
1,3,0.111195,GO 8,142,496,-10,-106
1,3,0.111235,GO 8,142,496,-9,-109
1,7,0.111264,GO 8,142,496,-8,-116
2,3,0.111293,GO 8,142,496,-6,-119
2,4,0.111322,GO 8,142,496,-4,-123
2,4,0.111345,GO 8,142,496,-2,-127
1,4,0.111363,GO 8,142,496,-1,-131
2,3,0.111392,GO 8,142,496,1,-134
2,4,0.111421,GO 8,142,496,3,-138
2,4,0.111444,GO 8,142,496,5,-142
2,4,0.111467,GO 8,142,496,7,-146
2,3,0.111496,GO 8,142,496,9,-149
2,4,0.11152,GO 8,142,496,11,-153
2,4,0.111549,GO 8,142,496,13,-157
1,4,0.111572,GO 8,142,496,14,-161
2,3,0.111601,GO 8,142,496,16,-164
2,4,0.111624,GO 8,142,496,18,-168
2,4,0.111659,GO 8,142,496,20,-172
2,4,0.111665,GO 8,142,496,22,-176
2,3,0.111688,GO 8,142,496,24,-179
2,4,0.111723,GO 8,142,496,26,-183
2,4,0.111746,GO 8,142,496,28,-187
1,4,0.111781,GO 8,142,496,29,-191
2,3,0.111792,GO 8,142,496,31,-194
2,4,0.111816,GO 8,142,496,33,-198
2,4,0.111851,GO 8,142,496,35,-202
2,4,0.111885,GO 8,142,496,37,-206
2,3,0.111897,GO 8,142,496,39,-209
2,4,0.111932,GO 8,142,496,41,-213
2,4,0.111949,GO 8,142,496,43,-217
1,4,0.111972,GO 8,142,496,44,-221
2,3,0.111996,GO 8,142,496,46,-224
2,4,0.112036,GO 8,142,496,48,-228
3,4,0.112054,GO 8,142,496,51,-232
3,4,0.112083,GO 8,142,496,54,-236
3,3,0.1121,GO 8,142,496,57,-239
2,4,0.112123,GO 8,142,496,59,-243
3,4,0.112147,GO 8,142,496,62,-247
3,4,0.112181,GO 8,142,496,65,-251
3,3,0.11221,GO 8,142,496,68,-254
2,4,0.112245,GO 8,142,496,70,-258
2,4,0.112251,GO 8,142,496,72,-262
2,4,0.112274,GO 8,142,496,74,-266
1,3,0.112298,GO 8,142,496,75,-269
2,4,0.112332,GO 8,142,496,77,-273
1,4,0.112361,GO 8,142,496,78,-277
1,4,0.112379,GO 8,142,496,79,-281
1,3,0.112402,GO 8,142,496,80,-284
1,4,0.112431,GO 8,142,496,81,-288
1,4,0.112454,GO 8,142,496,82,-292
1,4,0.112483,GO 8,142,496,83,-296
1,3,0.112501,GO 8,142,496,84,-299
1,4,0.11253,GO 8,142,496,85,-303
1,4,0.112547,GO 8,142,496,86,-307
1,4,0.112576,GO 8,142,496,87,-311
1,3,0.112599,GO 8,142,496,88,-314
1,4,0.112628,GO 8,142,496,89,-318
1,4,0.112646,GO 8,142,496,90,-322
1,4,0.112692,GO 8,142,496,91,-326
1,3,0.112702,GO 8,142,496,92,-329
1,4,0.112727,GO 8,142,496,93,-333
1,4,0.112756,GO 8,142,496,94,-337
-1,4,0.112779,GO 8,142,496,93,-341
-1,3,0.112797,GO 8,142,496,92,-344
-1,4,0.11282,GO 8,142,496,91,-348
-2,4,0.112849,GO 8,142,496,89,-352
-2,4,0.112878,GO 8,142,496,87,-356
-2,3,0.112907,GO 8,142,496,85,-359
-3,4,0.112942,GO 8,142,496,82,-363
-2,4,0.112948,GO 8,142,496,80,-367
-3,4,0.112971,GO 8,142,496,77,-371
-3,3,0.113012,GO 8,142,496,74,-374
-3,4,0.113023,GO 8,142,496,71,-378
-3,4,0.113046,GO 8,142,496,68,-382
-3,4,0.113075,GO 8,142,496,65,-386
-2,3,0.113093,GO 8,142,496,63,-389
-3,4,0.113116,GO 8,142,496,60,-393
-3,4,0.113151,GO 8,142,496,57,-397
-3,4,0.113174,GO 8,142,496,54,-401
-3,3,0.113197,GO 8,142,496,51,-404
-2,4,0.113226,GO 8,142,496,49,-408
-3,4,0.113244,GO 8,142,496,46,-412
-3,4,0.113267,GO 8,142,496,43,-416
-3,3,0.113302,GO 8,142,496,40,-419
-3,4,0.113321,GO 8,142,496,37,-423
-2,4,0.113366,GO 8,142,496,35,-427
-3,4,0.113371,GO 8,142,496,32,-431
-3,3,0.113389,GO 8,142,496,29,-434
-3,4,0.113412,GO 8,142,496,26,-438
-2,4,0.113435,GO 8,142,496,24,-442
-1,4,0.113476,GO 8,142,496,23,-446
-1,3,0.113493,GO 8,142,496,22,-449
-1,4,0.113522,GO 8,142,496,21,-453
1,4,0.11354,GO 8,142,496,22,-457
1,4,0.113563,GO 8,142,496,23,-461
1,3,0.113586,GO 8,142,496,24,-464
1,4,0.113621,GO 8,142,496,25,-468
1,4,0.11365,GO 8,142,496,26,-472
1,4,0.113673,GO 8,142,496,27,-476
1,3,0.113691,GO 8,142,496,28,-479
1,4,0.113714,GO 8,142,496,29,-483
1,4,0.113743,GO 8,142,496,30,-487
-1,4,0.113772,GO 8,142,496,29,-491
-2,3,0.113801,GO 8,142,496,27,-494
-2,4,0.113836,GO 8,142,496,25,-498
-3,4,0.113842,GO 8,142,496,22,-502
-3,4,0.113865,GO 8,142,496,19,-506
-2,3,0.113888,GO 8,142,496,17,-509
-4,4,0.113923,GO 8,142,496,13,-513
-4,4,0.113953,GO 8,142,496,9,-517
-4,4,0.113981,GO 8,142,496,5,-521
-2,3,0.113993,GO 8,142,496,3,-524
-3,4,0.114022,GO 8,142,496,0,-528
-3,4,0.114044,GO 8,142,496,-3,-532
-2,4,0.114074,GO 8,142,496,-5,-536
-1,3,0.114109,GO 8,142,496,-6,-539
-1,4,0.114138,GO 8,142,496,-7,-543
1,4,0.114149,GO 8,142,496,-6,-547
1,4,0.114173,GO 8,142,496,-5,-551
1,3,0.114196,GO 8,142,496,-4,-554
1,4,0.114219,GO 8,142,496,-3,-558
1,4,0.114248,GO 8,142,496,-2,-562
1,4,0.114265,GO 8,142,496,-1,-566
1,3,0.1143,GO 8,142,496,0,-569
1,4,0.114323,GO 8,142,496,1,-573
1,4,0.114352,GO 8,142,496,2,-577
1,4,0.114376,GO 8,142,496,3,-581
1,3,0.114393,GO 8,142,496,4,-584
1,4,0.114411,GO 8,142,496,5,-588
-1,4,0.114435,GO 8,142,496,4,-592
-1,4,0.114457,GO 8,142,496,3,-596
-2,3,0.114492,GO 8,142,496,1,-599
-2,4,0.114509,GO 8,142,496,-1,-603
-2,4,0.114538,GO 8,142,496,-3,-607
-3,4,0.11455,GO 8,142,496,-6,-611
-3,3,0.114573,GO 8,142,496,-9,-614
-1,4,0.114602,GO 8,142,496,-10,-618
-2,4,0.114631,GO 8,142,496,-12,-622
-2,4,0.11466,GO 8,142,496,-14,-626
-1,3,0.114695,GO 8,142,496,-15,-629
-1,4,0.114701,GO 8,142,496,-16,-633
-1,4,0.114724,GO 8,142,496,-17,-637
-1,4,0.114759,GO 8,142,496,-18,-641
-1,3,0.114782,GO 8,142,496,-19,-644
1,4,0.114811,GO 8,142,496,-18,-648
1,4,0.114834,GO 8,142,496,-17,-652
1,4,0.114852,GO 8,142,496,-16,-656
2,3,0.114875,GO 8,142,496,-14,-659
2,4,0.11491,GO 8,142,496,-12,-663
1,3,0.114933,GO 8,142,496,-11,-666
2,3,0.114968,GO 8,142,496,-9,-669
2,2,0.114997,GO 8,142,496,-7,-671
2,3,0.115003,GO 8,142,496,-5,-674
2,2,0.115032,GO 8,142,496,-3,-676
2,2,0.115055,GO 8,142,496,-1,-678
1,1,0.115084,GO 8,142,496,0,-679
1,1,0.115107,GO 8,142,496,1,-680
1,1,0.115159,GO 8,142,496,2,-681
1,1,0.115183,GO 8,142,496,3,-682
1,1,0.115235,GO 8,142,496,4,-683
1,1,0.115258,GO 8,142,496,5,-684
1,1,0.115299,GO 8,142,496,6,-685
1,2,0.11531,GO 8,142,496,7,-687
1,2,0.115334,GO 8,142,496,8,-689
1,3,0.115357,GO 8,142,496,9,-692
1,3,0.11538,GO 8,142,496,10,-695
1,2,0.115415,GO 8,142,496,11,-697
1,3,0.115444,GO 8,142,496,12,-700
1,3,0.115461,GO 8,142,496,13,-703
1,2,0.115484,GO 8,142,496,14,-705
1,1,0.115519,GO 8,142,496,15,-706
1,1,0.115542,GO 8,142,496,16,-707
-1,1,0.115601,GO 8,142,496,15,-708
-1,1,0.115624,GO 8,142,496,14,-709
