deltaX,deltaY,WHEN,SYLLABLE,XofButton,YofButton,XofTrace,YofTrace
0,1,0.0168751,Yield,0,0,0,-1
1,2,0.0169506,Yield,0,0,1,-3
2,1,0.0169854,Yield,0,0,3,-4
2,1,0.0170144,Yield,0,0,5,-5
2,1,0.0170551,Yield,0,0,7,-6
1,1,0.0170841,Yield,0,0,8,-7
-1,-1,0.017653,Yield,0,0,7,-6
-2,-1,0.017682,Yield,0,0,5,-5
-2,-1,0.0176994,Yield,0,0,3,-4
-3,-1,0.0177284,Yield,0,0,0,-3
-2,-1,0.0177633,Yield,0,0,-2,-2
-3,-1,0.0177923,Yield,0,0,-5,-1
-4,-1,0.0178039,Yield,0,0,-9,0
-4,-1,0.0178387,Yield,0,0,-13,1
-3,1,0.0179606,Yield,0,0,-16,0
-2,1,0.017978,Yield,0,0,-18,-1
-2,1,0.0180013,Yield,0,0,-20,-2
-2,1,0.0180361,Yield,0,0,-22,-3
-2,1,0.0180651,Yield,0,0,-24,-4
-1,-1,0.0182277,Yield,0,0,-25,-3
-2,-1,0.0182509,Yield,0,0,-27,-2
-2,-1,0.0182567,Yield,0,0,-29,-1
-2,-1,0.0182799,Yield,0,0,-31,0
-2,-2,0.0183147,Yield,0,0,-33,2
-1,-2,0.0183438,Yield,0,0,-34,4
-2,-2,0.0183612,Yield,0,0,-36,6
-1,-1,0.0183844,Yield,0,0,-37,7
-1,-1,0.0184192,Yield,0,0,-38,8
-1,-1,0.0184483,Yield,0,0,-39,9
-1,1,0.0185295,Yield,0,0,-40,8
-1,1,0.0185702,Yield,0,0,-41,7
-1,1,0.0185934,Yield,0,0,-42,6
-1,1,0.0186166,Yield,0,0,-43,5
-1,1,0.0186514,Yield,0,0,-44,4
-1,2,0.018663,Yield,0,0,-45,2
-1,2,0.0186805,Yield,0,0,-46,0
-1,2,0.0187153,Yield,0,0,-47,-2
-1,1,0.0187443,Yield,0,0,-48,-3
-1,1,0.0187791,Yield,0,0,-49,-4
-1,-1,0.0189301,Yield,0,0,-50,-3
-1,-1,0.0189591,Yield,0,0,-51,-2
-1,-1,0.0189823,Yield,0,0,-52,-1
-1,-1,0.0190445,Yield,0,0,-53,0
-1,-1,0.0190752,Yield,0,0,-54,1
-1,-1,0.01911,Yield,0,0,-55,2
-1,1,0.0192435,Yield,0,0,-56,1
-2,1,0.0192784,Yield,0,0,-58,0
-1,1,0.01929,Yield,0,0,-59,-1
-1,2,0.0193596,Yield,0,0,-60,-3
-4,2,0.0194119,Yield,0,0,-64,-5
-4,1,0.0194467,Yield,0,0,-68,-6
-1,-1,0.020033,Yield,0,0,-69,-5
-1,-1,0.020062,Yield,0,0,-70,-4
-1,-1,0.020088,Yield,0,0,-71,-3
-2,-1,0.0201259,Yield,0,0,-73,-2
-1,-1,0.0212985,Yield,0,0,-74,-1
-1,-1,0.0213333,Yield,0,0,-75,0
-1,-2,0.0213624,Yield,0,0,-76,2
-3,-1,0.021403,Yield,0,0,-79,3
-1,1,0.0217745,Yield,0,0,-80,2
-2,1,0.0217803,Yield,0,0,-82,1
-2,1,0.0218035,Yield,0,0,-84,0
-1,1,0.0218384,Yield,0,0,-85,-1
-2,1,0.0218674,Yield,0,0,-87,-2
-2,1,0.0218906,Yield,0,0,-89,-3
-2,1,0.0219093,Yield,0,0,-91,-4
-2,1,0.0219371,Yield,0,0,-93,-5
-1,1,0.0219777,Yield,0,0,-94,-6
-1,1,0.0220125,Yield,0,0,-95,-7
-1,1,0.0297099,FRAY 1,242,379,-96,-8
-1,3,0.0297622,FRAY 1,242,379,-97,-11
-1,3,0.0297912,FRAY 1,242,379,-98,-14
1,3,0.0298202,FRAY 1,242,379,-97,-17
1,2,0.0298493,FRAY 1,242,379,-96,-19
1,3,0.0298667,FRAY 1,242,379,-95,-22
1,3,0.0298841,FRAY 1,242,379,-94,-25
2,3,0.0299131,FRAY 1,242,379,-92,-28
2,3,0.0299537,FRAY 1,242,379,-90,-31
2,5,0.0299828,FRAY 1,242,379,-88,-36
4,3,0.0300176,FRAY 1,242,379,-84,-39
2,3,0.0300466,FRAY 1,242,379,-82,-42
2,3,0.0300815,FRAY 1,242,379,-80,-45
3,2,0.0300943,FRAY 1,242,379,-77,-47
3,6,0.0301337,FRAY 1,242,379,-74,-53
6,3,0.0301685,FRAY 1,242,379,-68,-56
2,3,0.0301976,FRAY 1,242,379,-66,-59
3,3,0.0302324,FRAY 1,242,379,-63,-62
3,5,0.0302614,FRAY 1,242,379,-60,-67
6,4,0.0302788,FRAY 1,242,379,-54,-71
2,4,0.0303133,FRAY 1,242,379,-52,-75
3,3,0.0303427,FRAY 1,242,379,-49,-78
3,4,0.0303659,FRAY 1,242,379,-46,-82
3,4,0.0304007,FRAY 1,242,379,-43,-86
3,4,0.0304065,FRAY 1,242,379,-40,-90
3,3,0.0304298,FRAY 1,242,379,-37,-93
2,4,0.0304646,FRAY 1,242,379,-35,-97
3,4,0.0304936,FRAY 1,242,379,-32,-101
3,4,0.0305284,FRAY 1,242,379,-29,-105
3,3,0.0305413,FRAY 1,242,379,-26,-108
3,4,0.0305517,FRAY 1,242,379,-23,-112
2,4,0.0305749,FRAY 1,242,379,-21,-116
3,4,0.0306097,FRAY 1,242,379,-18,-120
2,3,0.0306387,FRAY 1,242,379,-16,-123
2,4,0.0306734,FRAY 1,242,379,-14,-127
2,8,0.0307026,FRAY 1,242,379,-12,-135
4,3,0.0307258,FRAY 1,242,379,-8,-138
1,4,0.0307606,FRAY 1,242,379,-7,-142
1,4,0.0307897,FRAY 1,242,379,-6,-146
1,4,0.0308245,FRAY 1,242,379,-5,-150
1,3,0.0308535,FRAY 1,242,379,-4,-153
1,4,0.0308593,FRAY 1,242,379,-3,-157
1,3,0.0308883,FRAY 1,242,379,-2,-160
1,3,0.0309,FRAY 1,242,379,-1,-163
1,3,0.0309348,FRAY 1,242,379,0,-166
1,2,0.0309696,FRAY 1,242,379,1,-168
1,6,0.0310057,FRAY 1,242,379,2,-174
1,3,0.0310393,FRAY 1,242,379,3,-177
1,3,0.0310712,FRAY 1,242,379,4,-180
1,6,0.0311031,FRAY 1,242,379,5,-186
2,4,0.0311322,FRAY 1,242,379,7,-190
1,4,0.0311496,FRAY 1,242,379,8,-194
1,3,0.0311844,FRAY 1,242,379,9,-197
1,4,0.0312134,FRAY 1,242,379,10,-201
1,8,0.0312452,FRAY 1,242,379,11,-209
2,3,0.0312831,FRAY 1,242,379,13,-212
1,4,0.0313121,FRAY 1,242,379,14,-216
1,4,0.0313353,FRAY 1,242,379,15,-220
1,4,0.0313644,FRAY 1,242,379,16,-224
1,3,0.0313876,FRAY 1,242,379,17,-227
1,4,0.0313992,FRAY 1,242,379,18,-231
-1,4,0.0314282,FRAY 1,242,379,17,-235
-1,4,0.0314514,FRAY 1,242,379,16,-239
-1,3,0.0314746,FRAY 1,242,379,15,-242
-2,4,0.0315153,FRAY 1,242,379,13,-246
-1,4,0.0315385,FRAY 1,242,379,12,-250
-1,4,0.0315501,FRAY 1,242,379,11,-254
-1,3,0.0315791,FRAY 1,242,379,10,-257
-1,3,0.0316024,FRAY 1,242,379,9,-260
1,3,0.0316301,FRAY 1,242,379,10,-263
1,3,0.0316604,FRAY 1,242,379,11,-266
2,3,0.0316952,FRAY 1,242,379,13,-269
2,3,0.031701,FRAY 1,242,379,15,-272
2,2,0.0317243,FRAY 1,242,379,17,-274
3,3,0.0317591,FRAY 1,242,379,20,-277
3,4,0.0317997,FRAY 1,242,379,23,-281
3,4,0.0318055,FRAY 1,242,379,26,-285
3,3,0.0318288,FRAY 1,242,379,29,-288
3,4,0.031852,FRAY 1,242,379,32,-292
2,4,0.0318752,FRAY 1,242,379,34,-296
3,4,0.03191,FRAY 1,242,379,37,-300
3,3,0.031939,FRAY 1,242,379,40,-303
3,4,0.0319739,FRAY 1,242,379,43,-307
3,4,0.0319797,FRAY 1,242,379,46,-311
2,4,0.0320029,FRAY 1,242,379,48,-315
3,3,0.0320319,FRAY 1,242,379,51,-318
3,4,0.032061,FRAY 1,242,379,54,-322
3,4,0.0320952,FRAY 1,242,379,57,-326
3,4,0.0321248,FRAY 1,242,379,60,-330
2,3,0.0321306,FRAY 1,242,379,62,-333
3,4,0.0321538,FRAY 1,242,379,65,-337
3,4,0.0321829,FRAY 1,242,379,68,-341
3,4,0.0322119,FRAY 1,242,379,71,-345
3,3,0.0322351,FRAY 1,242,379,74,-348
3,4,0.0322699,FRAY 1,242,379,77,-352
2,4,0.0322932,FRAY 1,242,379,79,-356
3,4,0.0323106,FRAY 1,242,379,82,-360
3,3,0.0323396,FRAY 1,242,379,85,-363
3,4,0.032357,FRAY 1,242,379,88,-367
3,4,0.0323918,FRAY 1,242,379,91,-371
2,4,0.0324209,FRAY 1,242,379,93,-375
3,7,0.0324615,FRAY 1,242,379,96,-382
6,4,0.0324905,FRAY 1,242,379,102,-386
3,4,0.0325079,FRAY 1,242,379,105,-390
2,3,0.0325486,FRAY 1,242,379,107,-393
3,4,0.032566,FRAY 1,242,379,110,-397
3,4,0.0325892,FRAY 1,242,379,113,-401
3,4,0.0326124,FRAY 1,242,379,116,-405
2,3,0.0326473,FRAY 1,242,379,118,-408
2,4,0.0326589,FRAY 1,242,379,120,-412
1,4,0.0326937,FRAY 1,242,379,121,-416
2,4,0.0327169,FRAY 1,242,379,123,-420
2,3,0.0327576,FRAY 1,242,379,125,-423
2,4,0.0327634,FRAY 1,242,379,127,-427
2,4,0.0327866,FRAY 1,242,379,129,-431
2,3,0.0328214,FRAY 1,242,379,131,-434
2,3,0.0328446,FRAY 1,242,379,133,-437
3,2,0.0328678,FRAY 1,242,379,136,-439
2,3,0.0329085,FRAY 1,242,379,138,-442
3,3,0.0329182,FRAY 1,242,379,141,-445
3,3,0.0329433,FRAY 1,242,379,144,-448
3,3,0.0329723,FRAY 1,242,379,147,-451
3,1,0.0329956,FRAY 1,242,379,150,-452
2,3,0.0330304,FRAY 1,242,379,152,-455
3,3,0.0330362,FRAY 1,242,379,155,-458
3,3,0.033071,FRAY 1,242,379,158,-461
2,2,0.0330942,FRAY 1,242,379,160,-463
3,3,0.0331233,FRAY 1,242,379,163,-466
3,3,0.0331407,FRAY 1,242,379,166,-469
3,3,0.0331813,FRAY 1,242,379,169,-472
3,3,0.0331871,FRAY 1,242,379,172,-475
2,2,0.033222,FRAY 1,242,379,174,-477
3,3,0.0332452,FRAY 1,242,379,177,-480
3,3,0.033278,FRAY 1,242,379,180,-483
3,3,0.033309,FRAY 1,242,379,183,-486
2,2,0.0333148,FRAY 1,242,379,185,-488
2,2,0.0333497,FRAY 1,242,379,187,-490
2,1,0.0333671,FRAY 1,242,379,189,-491
1,1,0.0334193,FRAY 1,242,379,190,-492
1,1,0.03346,FRAY 1,242,379,191,-493
1,1,0.0334716,FRAY 1,242,379,192,-494
1,1,0.0342436,FRAY 1,242,379,193,-495
2,1,0.0342785,FRAY 1,242,379,195,-496
2,1,0.0343017,FRAY 1,242,379,197,-497
2,1,0.0343307,FRAY 1,242,379,199,-498
1,1,0.0343566,FRAY 1,242,379,200,-499
2,1,0.0343713,FRAY 1,242,379,202,-500
3,1,0.0344004,FRAY 1,242,379,205,-501
3,1,0.0344294,FRAY 1,242,379,208,-502
2,2,0.0344584,FRAY 1,242,379,210,-504
2,2,0.0344932,FRAY 1,242,379,212,-506
2,4,0.0345223,FRAY 1,242,379,214,-510
2,3,0.0345571,FRAY 1,242,379,216,-513
1,3,0.0345803,FRAY 1,242,379,217,-516
1,3,0.0346151,FRAY 1,242,379,218,-519
1,2,0.0346442,FRAY 1,242,379,219,-521
1,2,0.034679,FRAY 1,242,379,220,-523
1,1,0.034708,FRAY 1,242,379,221,-524
1,1,0.0347254,FRAY 1,242,379,222,-525
1,-1,0.0348532,FRAY 1,242,379,223,-524
1,-1,0.0348764,FRAY 1,242,379,224,-523
2,-1,0.034911,FRAY 1,242,379,226,-522
2,-1,0.034946,FRAY 1,242,379,228,-521
2,-1,0.0349751,FRAY 1,242,379,230,-520
3,-1,0.0349809,FRAY 1,242,379,233,-519
1,-1,0.0447216,SAN- 2,136,195,234,-518
1,-1,0.044739,SAN- 2,136,195,235,-517
2,-1,0.0447623,SAN- 2,136,195,237,-516
2,-1,0.0448319,SAN- 2,136,195,239,-515
2,-2,0.0448435,SAN- 2,136,195,241,-513
2,-2,0.0448784,SAN- 2,136,195,243,-511
2,-2,0.0448842,SAN- 2,136,195,245,-509
1,-3,0.0449074,SAN- 2,136,195,246,-506
1,-3,0.044948,SAN- 2,136,195,247,-503
1,-2,0.0449712,SAN- 2,136,195,248,-501
-1,-3,0.0450061,SAN- 2,136,195,247,-498
-1,-3,0.0450293,SAN- 2,136,195,246,-495
-1,-3,0.0450351,SAN- 2,136,195,245,-492
-2,-3,0.0450699,SAN- 2,136,195,243,-489
-2,-3,0.0450932,SAN- 2,136,195,241,-486
-3,-2,0.0451222,SAN- 2,136,195,238,-484
-3,-3,0.0451454,SAN- 2,136,195,235,-481
-2,-3,0.0451802,SAN- 2,136,195,233,-478
-3,-3,0.0451976,SAN- 2,136,195,230,-475
-3,-3,0.0452122,SAN- 2,136,195,227,-472
-2,-2,0.0452441,SAN- 2,136,195,225,-470
-2,-3,0.0452789,SAN- 2,136,195,223,-467
-2,-3,0.0453079,SAN- 2,136,195,221,-464
-1,-3,0.0453312,SAN- 2,136,195,220,-461
-1,-3,0.0453486,SAN- 2,136,195,219,-458
-1,-2,0.045366,SAN- 2,136,195,218,-456
-1,-3,0.045395,SAN- 2,136,195,217,-453
-1,-3,0.0454182,SAN- 2,136,195,216,-450
-1,-3,0.0454589,SAN- 2,136,195,215,-447
-1,-3,0.0454821,SAN- 2,136,195,214,-444
-2,-3,0.0454879,SAN- 2,136,195,212,-441
-3,-2,0.0455111,SAN- 2,136,195,209,-439
-3,-3,0.0455343,SAN- 2,136,195,206,-436
-3,-3,0.0455692,SAN- 2,136,195,203,-433
-3,-3,0.0455982,SAN- 2,136,195,200,-430
-4,-3,0.0456272,SAN- 2,136,195,196,-427
-4,-2,0.0456504,SAN- 2,136,195,192,-425
-4,-3,0.045662,SAN- 2,136,195,188,-422
-3,-3,0.0456969,SAN- 2,136,195,185,-419
-4,-3,0.0457201,SAN- 2,136,195,181,-416
-4,-3,0.0457549,SAN- 2,136,195,177,-413
-4,-5,0.0457944,SAN- 2,136,195,173,-408
-7,-3,0.0458246,SAN- 2,136,195,166,-405
-4,-3,0.045842,SAN- 2,136,195,162,-402
-4,-3,0.045871,SAN- 2,136,195,158,-399
-3,-3,0.0459059,SAN- 2,136,195,155,-396
-4,-2,0.0459117,SAN- 2,136,195,151,-394
-4,-3,0.0459465,SAN- 2,136,195,147,-391
-4,-3,0.0459755,SAN- 2,136,195,143,-388
-3,-3,0.0459929,SAN- 2,136,195,140,-385
-4,-3,0.046022,SAN- 2,136,195,136,-382
-4,-2,0.0460452,SAN- 2,136,195,132,-380
-4,-3,0.0460742,SAN- 2,136,195,128,-377
-3,-3,0.0460974,SAN- 2,136,195,125,-374
-4,-3,0.0461264,SAN- 2,136,195,121,-371
-4,-3,0.0461497,SAN- 2,136,195,117,-368
-4,-2,0.0461787,SAN- 2,136,195,113,-366
-3,-3,0.0462019,SAN- 2,136,195,110,-363
-4,-3,0.0462183,SAN- 2,136,195,106,-360
-4,-3,0.0462425,SAN- 2,136,195,102,-357
-4,-3,0.0462832,SAN- 2,136,195,98,-354
-3,-3,0.0463064,SAN- 2,136,195,95,-351
-3,-2,0.0463354,SAN- 2,136,195,92,-349
-3,-3,0.0463586,SAN- 2,136,195,89,-346
-3,-3,0.0463761,SAN- 2,136,195,86,-343
-3,-3,0.0463993,SAN- 2,136,195,83,-340
-2,-3,0.0464341,SAN- 2,136,195,81,-337
-3,-2,0.0464573,SAN- 2,136,195,78,-335
-3,-3,0.0464863,SAN- 2,136,195,75,-332
-3,-3,0.0465096,SAN- 2,136,195,72,-329
-3,-3,0.046527,SAN- 2,136,195,69,-326
-2,-3,0.0465502,SAN- 2,136,195,67,-323
-3,-2,0.046585,SAN- 2,136,195,64,-321
-3,-3,0.0466083,SAN- 2,136,195,61,-318
-3,-3,0.0466373,SAN- 2,136,195,58,-315
-3,-3,0.0466619,SAN- 2,136,195,55,-312
-3,-3,0.0466721,SAN- 2,136,195,52,-309
-4,-3,0.0466953,SAN- 2,136,195,48,-306
-4,-2,0.0467244,SAN- 2,136,195,44,-304
-4,-3,0.0467534,SAN- 2,136,195,40,-301
-2,-3,0.0467824,SAN- 2,136,195,38,-298
-3,-3,0.046823,SAN- 2,136,195,35,-295
-3,-3,0.046832,SAN- 2,136,195,32,-292
-2,-2,0.0468579,SAN- 2,136,195,30,-290
-1,-3,0.0468811,SAN- 2,136,195,29,-287
-1,-3,0.0469101,SAN- 2,136,195,28,-284
1,-3,0.0469449,SAN- 2,136,195,29,-281
2,-3,0.046974,SAN- 2,136,195,31,-278
2,-2,0.0469856,SAN- 2,136,195,33,-276
2,-3,0.0470146,SAN- 2,136,195,35,-273
2,-3,0.0470346,SAN- 2,136,195,37,-270
2,-3,0.047061,SAN- 2,136,195,39,-267
3,-3,0.0470901,SAN- 2,136,195,42,-264
3,-3,0.0471233,SAN- 2,136,195,45,-261
3,-2,0.0471307,SAN- 2,136,195,48,-259
3,-3,0.0471539,SAN- 2,136,195,51,-256
2,-3,0.0471946,SAN- 2,136,195,53,-253
3,-3,0.047212,SAN- 2,136,195,56,-250
3,-3,0.047241,SAN- 2,136,195,59,-247
3,-2,0.0472758,SAN- 2,136,195,62,-245
3,-3,0.0472932,SAN- 2,136,195,65,-242
2,-3,0.0473165,SAN- 2,136,195,67,-239
3,-3,0.0473381,SAN- 2,136,195,70,-236
3,-3,0.0473629,SAN- 2,136,195,73,-233
3,-2,0.0473919,SAN- 2,136,195,76,-231
3,-3,0.0474268,SAN- 2,136,195,79,-228
3,-2,0.0474442,SAN- 2,136,195,82,-226
2,-2,0.0474674,SAN- 2,136,195,84,-224
3,-2,0.0474906,SAN- 2,136,195,87,-222
3,-1,0.0475138,SAN- 2,136,195,90,-221
3,-1,0.0475487,SAN- 2,136,195,93,-220
3,1,0.0476415,SAN- 2,136,195,96,-221
2,1,0.0478273,SAN- 2,136,195,98,-222
3,1,0.0478621,SAN- 2,136,195,101,-223
3,1,0.0478679,SAN- 2,136,195,104,-224
2,1,0.047897,SAN- 2,136,195,106,-225
3,1,0.0479144,SAN- 2,136,195,109,-226
3,2,0.0479376,SAN- 2,136,195,112,-228
3,2,0.0479782,SAN- 2,136,195,115,-230
3,1,0.0480131,SAN- 2,136,195,118,-231
2,2,0.0480189,SAN- 2,136,195,120,-233
3,2,0.0480537,SAN- 2,136,195,123,-235
3,2,0.0480769,SAN- 2,136,195,126,-237
2,2,0.0480943,SAN- 2,136,195,128,-239
1,2,0.0481234,SAN- 2,136,195,129,-241
1,1,0.0481524,SAN- 2,136,195,130,-242
1,1,0.0481872,SAN- 2,136,195,131,-243
1,1,0.0482278,SAN- 2,136,195,132,-244
1,1,0.0485239,SAN- 2,136,195,133,-245
-1,1,0.0485761,SAN- 2,136,195,132,-246
-1,1,0.048611,SAN- 2,136,195,131,-247
-1,1,0.0490283,SAN- 2,136,195,130,-248
-1,1,0.049058,SAN- 2,136,195,129,-249
-1,1,0.0490754,SAN- 2,136,195,128,-250
-1,2,0.0490986,SAN- 2,136,195,127,-252
-1,2,0.0491218,SAN- 2,136,195,126,-254
-1,2,0.0491566,SAN- 2,136,195,125,-256
-1,2,0.0491624,SAN- 2,136,195,124,-258
-1,2,0.0491973,SAN- 2,136,195,123,-260
-1,2,0.0492089,SAN- 2,136,195,122,-262
-1,1,0.0492553,SAN- 2,136,195,121,-263
-1,1,0.0492785,SAN- 2,136,195,120,-264
-1,1,0.0493018,SAN- 2,136,195,119,-265
-1,1,0.0493346,SAN- 2,136,195,118,-266
-1,1,0.0493656,SAN- 2,136,195,117,-267
-1,1,0.0494005,SAN- 2,136,195,116,-268
-1,1,0.0494295,SAN- 2,136,195,115,-269
-1,1,0.0494527,SAN- 2,136,195,114,-270
-1,1,0.0494933,SAN- 2,136,195,113,-271
-1,1,0.0495166,SAN- 2,136,195,112,-272
-1,1,0.0495398,SAN- 2,136,195,111,-273
-1,1,0.0495688,SAN- 2,136,195,110,-274
-1,1,0.0594489,-TIA- 3,391,248,109,-275
-1,1,0.0595011,-TIA- 3,391,248,108,-276
-1,1,0.0595302,-TIA- 3,391,248,107,-277
1,1,0.0597101,-TIA- 3,391,248,108,-278
1,1,0.0597275,-TIA- 3,391,248,109,-279
1,1,0.0597507,-TIA- 3,391,248,110,-280
1,1,0.059774,-TIA- 3,391,248,111,-281
2,2,0.0598088,-TIA- 3,391,248,113,-283
2,2,0.059832,-TIA- 3,391,248,115,-285
2,2,0.0598727,-TIA- 3,391,248,117,-287
2,2,0.0598785,-TIA- 3,391,248,119,-289
2,1,0.0599133,-TIA- 3,391,248,121,-290
1,1,0.0599258,-TIA- 3,391,248,122,-291
2,1,0.0599597,-TIA- 3,391,248,124,-292
3,-1,0.0600294,-TIA- 3,391,248,127,-291
3,-1,0.0600526,-TIA- 3,391,248,130,-290
2,-1,0.0600816,-TIA- 3,391,248,132,-289
3,-1,0.0601049,-TIA- 3,391,248,135,-288
3,-1,0.0601281,-TIA- 3,391,248,138,-287
3,-1,0.0601745,-TIA- 3,391,248,141,-286
3,-1,0.0601861,-TIA- 3,391,248,144,-285
3,-1,0.0602093,-TIA- 3,391,248,147,-284
2,-1,0.0602326,-TIA- 3,391,248,149,-283
3,-1,0.0602639,-TIA- 3,391,248,152,-282
3,-1,0.0602964,-TIA- 3,391,248,155,-281
2,1,0.060488,-TIA- 3,391,248,157,-282
3,1,0.0605112,-TIA- 3,391,248,160,-283
3,1,0.0605344,-TIA- 3,391,248,163,-284
3,1,0.0605634,-TIA- 3,391,248,166,-285
3,1,0.0605925,-TIA- 3,391,248,169,-286
2,1,0.0606099,-TIA- 3,391,248,171,-287
3,2,0.0606389,-TIA- 3,391,248,174,-289
3,2,0.0606643,-TIA- 3,391,248,177,-291
3,2,0.060697,-TIA- 3,391,248,180,-293
3,2,0.0607318,-TIA- 3,391,248,183,-295
3,1,0.0607434,-TIA- 3,391,248,186,-296
2,2,0.0607608,-TIA- 3,391,248,188,-298
3,2,0.0607956,-TIA- 3,391,248,191,-300
3,2,0.0608073,-TIA- 3,391,248,194,-302
3,2,0.0608363,-TIA- 3,391,248,197,-304
3,2,0.0608653,-TIA- 3,391,248,200,-306
2,2,0.0608885,-TIA- 3,391,248,202,-308
3,2,0.0609059,-TIA- 3,391,248,205,-310
3,1,0.0609292,-TIA- 3,391,248,208,-311
3,2,0.060964,-TIA- 3,391,248,211,-313
3,1,0.0609872,-TIA- 3,391,248,214,-314
2,1,0.0610162,-TIA- 3,391,248,216,-315
3,-1,0.0611323,-TIA- 3,391,248,219,-314
2,-1,0.0611614,-TIA- 3,391,248,221,-313
3,-1,0.0611788,-TIA- 3,391,248,224,-312
3,1,0.061498,-TIA- 3,391,248,227,-313
2,1,0.0615213,-TIA- 3,391,248,229,-314
3,1,0.0615503,-TIA- 3,391,248,232,-315
3,1,0.0615677,-TIA- 3,391,248,235,-316
3,1,0.0616025,-TIA- 3,391,248,238,-317
3,2,0.0616316,-TIA- 3,391,248,241,-319
3,2,0.061649,-TIA- 3,391,248,244,-321
2,2,0.0616722,-TIA- 3,391,248,246,-323
3,2,0.0616954,-TIA- 3,391,248,249,-325
3,1,0.0617186,-TIA- 3,391,248,252,-326
3,1,0.0617535,-TIA- 3,391,248,255,-327
3,1,0.0617825,-TIA- 3,391,248,258,-328
2,1,0.0617999,-TIA- 3,391,248,260,-329
3,1,0.0618231,-TIA- 3,391,248,263,-330
3,1,0.0618463,-TIA- 3,391,248,266,-331
3,1,0.0618696,-TIA- 3,391,248,269,-332
3,1,0.0619044,-TIA- 3,391,248,272,-333
2,1,0.0619334,-TIA- 3,391,248,274,-334
3,1,0.0619508,-TIA- 3,391,248,277,-335
3,1,0.0619799,-TIA- 3,391,248,280,-336
3,1,0.0619973,-TIA- 3,391,248,283,-337
3,2,0.0620321,-TIA- 3,391,248,286,-339
3,2,0.0620553,-TIA- 3,391,248,289,-341
2,1,0.0620902,-TIA- 3,391,248,291,-342
3,2,0.0621018,-TIA- 3,391,248,294,-344
3,2,0.0621272,-TIA- 3,391,248,297,-346
3,2,0.062154,-TIA- 3,391,248,300,-348
3,2,0.0621888,-TIA- 3,391,248,303,-350
2,2,0.0622179,-TIA- 3,391,248,305,-352
3,2,0.0622469,-TIA- 3,391,248,308,-354
3,2,0.0622585,-TIA- 3,391,248,311,-356
3,1,0.0622817,-TIA- 3,391,248,314,-357
3,2,0.0623049,-TIA- 3,391,248,317,-359
2,1,0.062334,-TIA- 3,391,248,319,-360
3,1,0.0623688,-TIA- 3,391,248,322,-361
3,1,0.0623746,-TIA- 3,391,248,325,-362
3,1,0.0624094,-TIA- 3,391,248,328,-363
3,1,0.0624327,-TIA- 3,391,248,331,-364
3,1,0.0624559,-TIA- 3,391,248,334,-365
2,1,0.0624861,-TIA- 3,391,248,336,-366
3,1,0.0625197,-TIA- 3,391,248,339,-367
3,1,0.0625255,-TIA- 3,391,248,342,-368
3,1,0.0625662,-TIA- 3,391,248,345,-369
3,1,0.0625894,-TIA- 3,391,248,348,-370
2,1,0.0626068,-TIA- 3,391,248,350,-371
3,2,0.06263,-TIA- 3,391,248,353,-373
3,2,0.0626649,-TIA- 3,391,248,356,-375
3,1,0.0626785,-TIA- 3,391,248,359,-376
3,1,0.0627055,-TIA- 3,391,248,362,-377
2,1,0.0627403,-TIA- 3,391,248,364,-378
3,-1,0.0628158,-TIA- 3,391,248,367,-377
3,-1,0.0628332,-TIA- 3,391,248,370,-376
2,-1,0.0628564,-TIA- 3,391,248,372,-375
3,1,0.0629841,-TIA- 3,391,248,375,-376
2,1,0.0630073,-TIA- 3,391,248,377,-377
3,1,0.0630422,-TIA- 3,391,248,380,-378
3,1,0.0630654,-TIA- 3,391,248,383,-379
3,1,0.0630886,-TIA- 3,391,248,386,-380
3,1,0.0631176,-TIA- 3,391,248,389,-381
2,1,0.0631351,-TIA- 3,391,248,391,-382
3,1,0.0631583,-TIA- 3,391,248,394,-383
3,1,0.0631815,-TIA- 3,391,248,397,-384
3,1,0.0632105,-TIA- 3,391,248,400,-385
3,1,0.0632337,-TIA- 3,391,248,403,-386
3,1,0.0632802,-TIA- 3,391,248,406,-387
3,1,0.0633034,-TIA- 3,391,248,409,-388
3,1,0.0633324,-TIA- 3,391,248,412,-389
3,1,0.0633615,-TIA- 3,391,248,415,-390
3,1,0.0633847,-TIA- 3,391,248,418,-391
2,1,0.0634253,-TIA- 3,391,248,420,-392
2,1,0.0634311,-TIA- 3,391,248,422,-393
2,1,0.0634601,-TIA- 3,391,248,424,-394
2,1,0.0634834,-TIA- 3,391,248,426,-395
2,1,0.0635124,-TIA- 3,391,248,428,-396
2,1,0.0635472,-TIA- 3,391,248,430,-397
1,1,0.0748611,GO 4,296,461,431,-398
-1,1,0.0748844,GO 4,296,461,430,-399
-1,1,0.0749134,GO 4,296,461,429,-400
-1,2,0.0749656,GO 4,296,461,428,-402
-1,2,0.0750005,GO 4,296,461,427,-404
-1,3,0.0750295,GO 4,296,461,426,-407
-1,3,0.0750411,GO 4,296,461,425,-410
-1,3,0.0750677,GO 4,296,461,424,-413
-1,2,0.0750991,GO 4,296,461,423,-415
-2,4,0.0751224,GO 4,296,461,421,-419
-2,4,0.0751572,GO 4,296,461,419,-423
-1,4,0.0751804,GO 4,296,461,418,-427
-2,3,0.0751978,GO 4,296,461,416,-430
-2,4,0.075221,GO 4,296,461,414,-434
-2,4,0.0752443,GO 4,296,461,412,-438
-2,4,0.0752849,GO 4,296,461,410,-442
-2,3,0.0753139,GO 4,296,461,408,-445
-2,4,0.0753255,GO 4,296,461,406,-449
-2,4,0.0753488,GO 4,296,461,404,-453
-1,4,0.0753778,GO 4,296,461,403,-457
-3,3,0.0753952,GO 4,296,461,400,-460
-3,4,0.0754358,GO 4,296,461,397,-464
-3,4,0.0754707,GO 4,296,461,394,-468
-3,4,0.0754823,GO 4,296,461,391,-472
-3,3,0.0754997,GO 4,296,461,388,-475
-2,4,0.0755229,GO 4,296,461,386,-479
-3,4,0.0755519,GO 4,296,461,383,-483
-3,4,0.075581,GO 4,296,461,380,-487
-3,3,0.07561,GO 4,296,461,377,-490
-3,8,0.0756506,GO 4,296,461,374,-498
-5,4,0.0756738,GO 4,296,461,369,-502
-3,3,0.0756971,GO 4,296,461,366,-505
-3,4,0.0757319,GO 4,296,461,363,-509
-2,4,0.0757493,GO 4,296,461,361,-513
-2,4,0.0757957,GO 4,296,461,359,-517
-1,3,0.0758015,GO 4,296,461,358,-520
-2,4,0.0758248,GO 4,296,461,356,-524
-2,4,0.075848,GO 4,296,461,354,-528
-2,4,0.0758828,GO 4,296,461,352,-532
-2,2,0.075906,GO 4,296,461,350,-534
-2,3,0.0759467,GO 4,296,461,348,-537
-2,3,0.0759583,GO 4,296,461,346,-540
-1,3,0.0759815,GO 4,296,461,345,-543
-1,3,0.0760047,GO 4,296,461,344,-546
-1,3,0.0760337,GO 4,296,461,343,-549
-1,2,0.076057,GO 4,296,461,342,-551
-1,3,0.0760918,GO 4,296,461,341,-554
-1,3,0.0761092,GO 4,296,461,340,-557
-1,3,0.0761324,GO 4,296,461,339,-560
1,3,0.0761556,GO 4,296,461,340,-563
1,2,0.0761789,GO 4,296,461,341,-565
1,3,0.0762119,GO 4,296,461,342,-568
1,3,0.0762253,GO 4,296,461,343,-571
1,3,0.0762601,GO 4,296,461,344,-574
1,3,0.0762834,GO 4,296,461,345,-577
1,2,0.0763066,GO 4,296,461,346,-579
1,3,0.0763298,GO 4,296,461,347,-582
1,4,0.0763646,GO 4,296,461,348,-586
1,4,0.0763762,GO 4,296,461,349,-590
-1,4,0.0764111,GO 4,296,461,348,-594
-1,3,0.0764343,GO 4,296,461,347,-597
-1,4,0.0764691,GO 4,296,461,346,-601
-2,4,0.0764981,GO 4,296,461,344,-605
-1,4,0.0765156,GO 4,296,461,343,-609
-2,3,0.076533,GO 4,296,461,341,-612
-2,4,0.0765562,GO 4,296,461,339,-616
-2,4,0.0765852,GO 4,296,461,337,-620
-2,4,0.0766084,GO 4,296,461,335,-624
-1,2,0.0766433,GO 4,296,461,334,-626
-1,3,0.0766665,GO 4,296,461,333,-629
-1,3,0.0766839,GO 4,296,461,332,-632
-1,3,0.0767071,GO 4,296,461,331,-635
-1,3,0.0767361,GO 4,296,461,330,-638
-1,2,0.0767652,GO 4,296,461,329,-640
-1,2,0.0767942,GO 4,296,461,328,-642
-1,2,0.0768174,GO 4,296,461,327,-644
-1,2,0.0768348,GO 4,296,461,326,-646
-1,2,0.076858,GO 4,296,461,325,-648
-1,1,0.0768813,GO 4,296,461,324,-649
-1,2,0.0769161,GO 4,296,461,323,-651
-1,2,0.0769451,GO 4,296,461,322,-653
-1,2,0.0769625,GO 4,296,461,321,-655
-1,3,0.0769858,GO 4,296,461,320,-658
-1,3,0.077009,GO 4,296,461,319,-661
-1,2,0.0770322,GO 4,296,461,318,-663
-2,3,0.077067,GO 4,296,461,316,-666
-2,3,0.0770961,GO 4,296,461,314,-669
-2,4,0.0771309,GO 4,296,461,312,-673
-2,3,0.0771425,GO 4,296,461,310,-676
-2,2,0.0771599,GO 4,296,461,308,-678
-2,3,0.0771889,GO 4,296,461,306,-681
-2,3,0.077218,GO 4,296,461,304,-684
-2,3,0.0772412,GO 4,296,461,302,-687
-1,2,0.077276,GO 4,296,461,301,-689
-1,2,0.0772916,GO 4,296,461,300,-691
-1,2,0.0773166,GO 4,296,461,299,-693
-1,1,0.0773631,GO 4,296,461,298,-694
-1,1,0.0773979,GO 4,296,461,297,-695
-1,1,0.0774269,GO 4,296,461,296,-696
-1,1,0.0774908,GO 4,296,461,295,-697
-1,1,0.077514,GO 4,296,461,294,-698
-1,1,0.0775779,GO 4,296,461,293,-699
-1,1,0.0775953,GO 4,296,461,292,-700
-1,1,0.0776185,GO 4,296,461,291,-701
-1,1,0.0776417,GO 4,296,461,290,-702
-1,1,0.0777056,GO 4,296,461,289,-703
-1,1,0.0777288,GO 4,296,461,288,-704
-1,1,0.0777462,GO 4,296,461,287,-705
-1,1,0.0777694,GO 4,296,461,286,-706
-1,1,0.0782745,GO 4,296,461,285,-707
-1,1,0.0783151,GO 4,296,461,284,-708
-1,2,0.0783209,GO 4,296,461,283,-710
1,3,0.0783499,GO 4,296,461,284,-713
1,3,0.0783673,GO 4,296,461,285,-716
1,2,0.0783906,GO 4,296,461,286,-718
1,3,0.0784254,GO 4,296,461,287,-721
2,3,0.0784486,GO 4,296,461,289,-724
1,3,0.0784718,GO 4,296,461,290,-727
1,3,0.0785009,GO 4,296,461,291,-730
1,3,0.0785241,GO 4,296,461,292,-733
1,2,0.0785415,GO 4,296,461,293,-735
1,3,0.0785763,GO 4,296,461,294,-738
1,3,0.0786112,GO 4,296,461,295,-741
1,3,0.0786228,GO 4,296,461,296,-744
1,3,0.0786518,GO 4,296,461,297,-747
1,2,0.078675,GO 4,296,461,298,-749
1,2,0.0786982,GO 4,296,461,299,-751
1,1,0.0787389,GO 4,296,461,300,-752
1,1,0.0787563,GO 4,296,461,301,-753
1,-1,0.0899541,FRAY 5,288,268,302,-752
1,-1,0.0903663,FRAY 5,288,268,303,-751
1,-1,0.0904011,FRAY 5,288,268,304,-750
1,-2,0.0904127,FRAY 5,288,268,305,-748
1,-3,0.0904359,FRAY 5,288,268,306,-745
2,-3,0.0904766,FRAY 5,288,268,308,-742
2,-2,0.0904882,FRAY 5,288,268,310,-740
2,-3,0.0905172,FRAY 5,288,268,312,-737
3,-3,0.090552,FRAY 5,288,268,315,-734
2,-3,0.0905683,FRAY 5,288,268,317,-731
3,-3,0.0905927,FRAY 5,288,268,320,-728
3,-3,0.0906275,FRAY 5,288,268,323,-725
3,-2,0.0906449,FRAY 5,288,268,326,-723
3,-3,0.0906681,FRAY 5,288,268,329,-720
2,-3,0.0907029,FRAY 5,288,268,331,-717
2,-3,0.0907204,FRAY 5,288,268,333,-714
2,-3,0.0907436,FRAY 5,288,268,335,-711
1,-2,0.0907668,FRAY 5,288,268,336,-709
1,-3,0.0907993,FRAY 5,288,268,337,-706
1,-3,0.0908132,FRAY 5,288,268,338,-703
-1,-3,0.0908307,FRAY 5,288,268,337,-700
-1,-3,0.0908597,FRAY 5,288,268,336,-697
-1,-2,0.0908887,FRAY 5,288,268,335,-695
-2,-3,0.0909119,FRAY 5,288,268,333,-692
-1,-3,0.090941,FRAY 5,288,268,332,-689
-2,-3,0.0909758,FRAY 5,288,268,330,-686
-2,-3,0.0909816,FRAY 5,288,268,328,-683
-2,-3,0.0910153,FRAY 5,288,268,326,-680
-1,-2,0.0910396,FRAY 5,288,268,325,-678
-1,-3,0.0910629,FRAY 5,288,268,324,-675
-1,-3,0.0910938,FRAY 5,288,268,323,-672
-1,-3,0.0911267,FRAY 5,288,268,322,-669
-1,-3,0.0911325,FRAY 5,288,268,321,-666
-1,-2,0.0911673,FRAY 5,288,268,320,-664
-2,-3,0.0911906,FRAY 5,288,268,318,-661
-1,-3,0.0912138,FRAY 5,288,268,317,-658
-2,-3,0.0912486,FRAY 5,288,268,315,-655
-2,-3,0.0912776,FRAY 5,288,268,313,-652
-2,-2,0.0912893,FRAY 5,288,268,311,-650
-2,-3,0.0913125,FRAY 5,288,268,309,-647
-2,-3,0.0913415,FRAY 5,288,268,307,-644
-2,-3,0.0913647,FRAY 5,288,268,305,-641
-2,-3,0.0913879,FRAY 5,288,268,303,-638
-1,-3,0.0914228,FRAY 5,288,268,302,-635
-2,-2,0.0914402,FRAY 5,288,268,300,-633
-2,-3,0.0914634,FRAY 5,288,268,298,-630
-2,-3,0.0914924,FRAY 5,288,268,296,-627
-2,-3,0.0915156,FRAY 5,288,268,294,-624
-2,-3,0.0915447,FRAY 5,288,268,292,-621
-2,-2,0.0915737,FRAY 5,288,268,290,-619
-2,-3,0.0915911,FRAY 5,288,268,288,-616
-1,-3,0.0916143,FRAY 5,288,268,287,-613
-2,-3,0.0916376,FRAY 5,288,268,285,-610
-2,-3,0.0916666,FRAY 5,288,268,283,-607
-2,-2,0.0916956,FRAY 5,288,268,281,-605
-2,-3,0.0917246,FRAY 5,288,268,279,-602
-1,-3,0.091742,FRAY 5,288,268,278,-599
-1,-3,0.0917653,FRAY 5,288,268,277,-596
-1,-3,0.0917885,FRAY 5,288,268,276,-593
-1,-3,0.0918233,FRAY 5,288,268,275,-590
-1,-2,0.0918465,FRAY 5,288,268,274,-588
-1,-3,0.0918756,FRAY 5,288,268,273,-585
-1,-3,0.091893,FRAY 5,288,268,272,-582
-1,-3,0.0919162,FRAY 5,288,268,271,-579
-1,-3,0.0919394,FRAY 5,288,268,270,-576
-1,-2,0.0919742,FRAY 5,288,268,269,-574
-1,-3,0.0920033,FRAY 5,288,268,268,-571
-1,-3,0.0920323,FRAY 5,288,268,267,-568
-1,-3,0.0920439,FRAY 5,288,268,266,-565
-1,-3,0.0920671,FRAY 5,288,268,265,-562
-1,-2,0.0920845,FRAY 5,288,268,264,-560
-1,-3,0.0921194,FRAY 5,288,268,263,-557
-1,-3,0.0921426,FRAY 5,288,268,262,-554
-1,-3,0.0921832,FRAY 5,288,268,261,-551
-1,-3,0.092189,FRAY 5,288,268,260,-548
-1,-3,0.0922122,FRAY 5,288,268,259,-545
-1,-2,0.0922355,FRAY 5,288,268,258,-543
-1,-3,0.0922703,FRAY 5,288,268,257,-540
-1,-3,0.0922993,FRAY 5,288,268,256,-537
-1,-3,0.0923341,FRAY 5,288,268,255,-534
-1,-3,0.09234,FRAY 5,288,268,254,-531
-1,-2,0.0923632,FRAY 5,288,268,253,-529
-1,-3,0.0923922,FRAY 5,288,268,252,-526
-1,-3,0.0924154,FRAY 5,288,268,251,-523
-1,-3,0.0924561,FRAY 5,288,268,250,-520
-1,-3,0.0924851,FRAY 5,288,268,249,-517
-1,-2,0.0924967,FRAY 5,288,268,248,-515
-1,-3,0.0925199,FRAY 5,288,268,247,-512
-1,-3,0.0925431,FRAY 5,288,268,246,-509
-1,-3,0.0925663,FRAY 5,288,268,245,-506
1,-3,0.0926012,FRAY 5,288,268,246,-503
1,-3,0.0926302,FRAY 5,288,268,247,-500
1,-2,0.0926476,FRAY 5,288,268,248,-498
1,-3,0.0926708,FRAY 5,288,268,249,-495
1,-3,0.0927057,FRAY 5,288,268,250,-492
1,-3,0.0927173,FRAY 5,288,268,251,-489
1,-3,0.0927521,FRAY 5,288,268,252,-486
1,-2,0.0927637,FRAY 5,288,268,253,-484
1,-3,0.0927985,FRAY 5,288,268,254,-481
1,-3,0.0928218,FRAY 5,288,268,255,-478
1,-3,0.0928566,FRAY 5,288,268,256,-475
1,-3,0.0928624,FRAY 5,288,268,257,-472
1,-2,0.0928914,FRAY 5,288,268,258,-470
1,-3,0.0929088,FRAY 5,288,268,259,-467
1,-3,0.0929437,FRAY 5,288,268,260,-464
1,-3,0.0929669,FRAY 5,288,268,261,-461
1,-3,0.0929901,FRAY 5,288,268,262,-458
1,-3,0.0930133,FRAY 5,288,268,263,-455
1,-2,0.0930482,FRAY 5,288,268,264,-453
1,-3,0.0930598,FRAY 5,288,268,265,-450
1,-3,0.093083,FRAY 5,288,268,266,-447
1,-3,0.0931178,FRAY 5,288,268,267,-444
1,-3,0.093141,FRAY 5,288,268,268,-441
1,-2,0.0931643,FRAY 5,288,268,269,-439
1,-3,0.0931933,FRAY 5,288,268,270,-436
1,-3,0.0932165,FRAY 5,288,268,271,-433
1,-3,0.0932397,FRAY 5,288,268,272,-430
1,-3,0.0932688,FRAY 5,288,268,273,-427
1,-2,0.093292,FRAY 5,288,268,274,-425
1,-3,0.0933268,FRAY 5,288,268,275,-422
2,-3,0.0933442,FRAY 5,288,268,277,-419
1,-3,0.0933674,FRAY 5,288,268,278,-416
2,-3,0.0933907,FRAY 5,288,268,280,-413
2,-3,0.0934139,FRAY 5,288,268,282,-410
2,-2,0.0934463,FRAY 5,288,268,284,-408
2,-3,0.0934777,FRAY 5,288,268,286,-405
1,-3,0.093501,FRAY 5,288,268,287,-402
1,-3,0.0935184,FRAY 5,288,268,288,-399
1,-3,0.0935416,FRAY 5,288,268,289,-396
1,-2,0.0935648,FRAY 5,288,268,290,-394
1,-3,0.0935996,FRAY 5,288,268,291,-391
-1,-3,0.0936287,FRAY 5,288,268,290,-388
-1,-3,0.0936519,FRAY 5,288,268,289,-385
-2,-3,0.0936693,FRAY 5,288,268,287,-382
-2,-2,0.0936925,FRAY 5,288,268,285,-380
-2,-3,0.0937157,FRAY 5,288,268,283,-377
-2,-3,0.0937506,FRAY 5,288,268,281,-374
-2,-3,0.0937738,FRAY 5,288,268,279,-371
-1,-3,0.0938086,FRAY 5,288,268,278,-368
-2,-2,0.0938318,FRAY 5,288,268,276,-366
-1,-1,0.0938434,FRAY 5,288,268,275,-365
-1,-1,0.093871,FRAY 5,288,268,274,-364
-1,-1,0.0938957,FRAY 5,288,268,273,-363
-1,1,0.105285,SAN- 6,35,355,272,-364
-1,1,0.105314,SAN- 6,35,355,271,-365
-1,2,0.105326,SAN- 6,35,355,270,-367
-1,3,0.105375,SAN- 6,35,355,269,-370
-1,3,0.105384,SAN- 6,35,355,268,-373
-1,4,0.105407,SAN- 6,35,355,267,-377
-1,3,0.105442,SAN- 6,35,355,266,-380
-1,4,0.105465,SAN- 6,35,355,265,-384
-1,4,0.105494,SAN- 6,35,355,264,-388
-2,4,0.105529,SAN- 6,35,355,262,-392
-2,3,0.105535,SAN- 6,35,355,260,-395
-1,3,0.105558,SAN- 6,35,355,259,-398
-1,2,0.105593,SAN- 6,35,355,258,-400
-1,2,0.105616,SAN- 6,35,355,257,-402
-1,1,0.105633,SAN- 6,35,355,256,-403
-1,1,0.105657,SAN- 6,35,355,255,-404
-1,1,0.105691,SAN- 6,35,355,254,-405
1,1,0.106109,SAN- 6,35,355,255,-406
1,1,0.106136,SAN- 6,35,355,256,-407
-1,1,0.106493,SAN- 6,35,355,255,-408
-2,1,0.10651,SAN- 6,35,355,253,-409
-2,1,0.106533,SAN- 6,35,355,251,-410
-3,1,0.106556,SAN- 6,35,355,248,-411
-3,1,0.10658,SAN- 6,35,355,245,-412
-4,1,0.106603,SAN- 6,35,355,241,-413
-3,1,0.106638,SAN- 6,35,355,238,-414
-4,1,0.106655,SAN- 6,35,355,234,-415
-4,1,0.106678,SAN- 6,35,355,230,-416
-4,1,0.106701,SAN- 6,35,355,226,-417
-4,1,0.10676,SAN- 6,35,355,222,-418
-4,1,0.106951,SAN- 6,35,355,218,-419
-4,1,0.106974,SAN- 6,35,355,214,-420
-4,2,0.107003,SAN- 6,35,355,210,-422
-3,2,0.107027,SAN- 6,35,355,207,-424
-4,3,0.107061,SAN- 6,35,355,203,-427
-4,3,0.107079,SAN- 6,35,355,199,-430
-4,2,0.107102,SAN- 6,35,355,195,-432
-3,3,0.107125,SAN- 6,35,355,192,-435
-4,3,0.107148,SAN- 6,35,355,188,-438
-4,3,0.107183,SAN- 6,35,355,184,-441
-4,3,0.107207,SAN- 6,35,355,180,-444
-3,3,0.107247,SAN- 6,35,355,177,-447
-4,2,0.107253,SAN- 6,35,355,173,-449
-4,2,0.107276,SAN- 6,35,355,169,-451
-4,2,0.107299,SAN- 6,35,355,165,-453
-3,2,0.107334,SAN- 6,35,355,162,-455
-4,2,0.107357,SAN- 6,35,355,158,-457
-4,2,0.107398,SAN- 6,35,355,154,-459
-4,2,0.107404,SAN- 6,35,355,150,-461
-3,1,0.107427,SAN- 6,35,355,147,-462
-4,2,0.107462,SAN- 6,35,355,143,-464
-4,2,0.107485,SAN- 6,35,355,139,-466
-4,2,0.107508,SAN- 6,35,355,135,-468
-3,2,0.107543,SAN- 6,35,355,132,-470
-4,3,0.107555,SAN- 6,35,355,128,-473
-4,3,0.107578,SAN- 6,35,355,124,-476
-4,2,0.107613,SAN- 6,35,355,120,-478
-3,3,0.107645,SAN- 6,35,355,117,-481
-4,3,0.107659,SAN- 6,35,355,113,-484
-4,3,0.107694,SAN- 6,35,355,109,-487
-4,3,0.107706,SAN- 6,35,355,105,-490
-3,2,0.107729,SAN- 6,35,355,102,-492
-4,2,0.107758,SAN- 6,35,355,98,-494
-4,2,0.107787,SAN- 6,35,355,94,-496
-4,2,0.107804,SAN- 6,35,355,90,-498
-3,2,0.107833,SAN- 6,35,355,87,-500
-4,2,0.107857,SAN- 6,35,355,83,-502
-4,2,0.107886,SAN- 6,35,355,79,-504
-4,2,0.107909,SAN- 6,35,355,75,-506
-3,1,0.107938,SAN- 6,35,355,72,-507
-4,1,0.108002,SAN- 6,35,355,68,-508
-4,-1,0.108093,SAN- 6,35,355,64,-507
-3,-1,0.108141,SAN- 6,35,355,61,-506
-4,-1,0.108169,SAN- 6,35,355,57,-505
-4,-1,0.108193,SAN- 6,35,355,53,-504
-4,-2,0.108211,SAN- 6,35,355,49,-502
-3,-2,0.108246,SAN- 6,35,355,46,-500
-4,-2,0.108257,SAN- 6,35,355,42,-498
-4,-1,0.108286,SAN- 6,35,355,38,-497
-4,-1,0.108315,SAN- 6,35,355,34,-496
-3,-1,0.108339,SAN- 6,35,355,31,-495
-4,1,0.108385,SAN- 6,35,355,27,-496
-4,1,0.108413,SAN- 6,35,355,23,-497
-3,1,0.108437,SAN- 6,35,355,20,-498
-4,1,0.108472,SAN- 6,35,355,16,-499
-4,2,0.108489,SAN- 6,35,355,12,-501
-4,2,0.108524,SAN- 6,35,355,8,-503
-3,2,0.108542,SAN- 6,35,355,5,-505
-4,2,0.108571,SAN- 6,35,355,1,-507
-4,1,0.108571,SAN- 6,35,355,-3,-508
-4,1,0.108594,SAN- 6,35,355,-7,-509
-3,1,0.108629,SAN- 6,35,355,-10,-510
-4,1,0.108664,SAN- 6,35,355,-14,-511
-4,1,0.108687,SAN- 6,35,355,-18,-512
-4,1,0.108698,SAN- 6,35,355,-22,-513
-3,1,0.108726,SAN- 6,35,355,-25,-514
-1,-1,0.120221,-TIA- 7,67,148,-26,-513
-1,-1,0.120227,-TIA- 7,67,148,-27,-512
-1,-2,0.12025,-TIA- 7,67,148,-28,-510
-2,-2,0.120274,-TIA- 7,67,148,-30,-508
-2,-3,0.120308,-TIA- 7,67,148,-32,-505
-2,-3,0.120326,-TIA- 7,67,148,-34,-502
-3,-3,0.120361,-TIA- 7,67,148,-37,-499
-3,-2,0.120378,-TIA- 7,67,148,-40,-497
-2,-3,0.120401,-TIA- 7,67,148,-42,-494
-2,-3,0.12043,-TIA- 7,67,148,-44,-491
-2,-3,0.120459,-TIA- 7,67,148,-46,-488
-1,-3,0.120494,-TIA- 7,67,148,-47,-485
-1,-5,0.120535,-TIA- 7,67,148,-48,-480
3,-3,0.120564,-TIA- 7,67,148,-45,-477
2,-3,0.120599,-TIA- 7,67,148,-43,-474
2,-3,0.12061,-TIA- 7,67,148,-41,-471
3,-3,0.120645,-TIA- 7,67,148,-38,-468
3,-2,0.120651,-TIA- 7,67,148,-35,-466
3,-3,0.120686,-TIA- 7,67,148,-32,-463
3,-3,0.120709,-TIA- 7,67,148,-29,-460
2,-3,0.120732,-TIA- 7,67,148,-27,-457
2,-3,0.120766,-TIA- 7,67,148,-25,-454
2,-2,0.120796,-TIA- 7,67,148,-23,-452
1,-3,0.120808,-TIA- 7,67,148,-22,-449
1,-3,0.120837,-TIA- 7,67,148,-21,-446
1,-3,0.12086,-TIA- 7,67,148,-20,-443
1,-3,0.120895,-TIA- 7,67,148,-19,-440
-1,-3,0.120906,-TIA- 7,67,148,-20,-437
-1,-2,0.120947,-TIA- 7,67,148,-21,-435
-1,-3,0.120959,-TIA- 7,67,148,-22,-432
-1,-3,0.120988,-TIA- 7,67,148,-23,-429
-1,-3,0.121011,-TIA- 7,67,148,-24,-426
-1,-3,0.121046,-TIA- 7,67,148,-25,-423
-1,-2,0.121063,-TIA- 7,67,148,-26,-421
-1,-3,0.121086,-TIA- 7,67,148,-27,-418
-1,-3,0.121104,-TIA- 7,67,148,-28,-415
-1,-3,0.121121,-TIA- 7,67,148,-29,-412
-1,-3,0.121156,-TIA- 7,67,148,-30,-409
-1,-2,0.121187,-TIA- 7,67,148,-31,-407
1,-3,0.121214,-TIA- 7,67,148,-30,-404
1,-3,0.121237,-TIA- 7,67,148,-29,-401
1,-3,0.121255,-TIA- 7,67,148,-28,-398
1,-3,0.121278,-TIA- 7,67,148,-27,-395
2,-3,0.121307,-TIA- 7,67,148,-25,-392
1,-2,0.12133,-TIA- 7,67,148,-24,-390
1,-3,0.121365,-TIA- 7,67,148,-23,-387
1,-3,0.121388,-TIA- 7,67,148,-22,-384
1,-3,0.121406,-TIA- 7,67,148,-21,-381
1,-3,0.121429,-TIA- 7,67,148,-20,-378
-1,-2,0.121452,-TIA- 7,67,148,-21,-376
-1,-3,0.121493,-TIA- 7,67,148,-22,-373
-1,-3,0.121516,-TIA- 7,67,148,-23,-370
-1,-3,0.121539,-TIA- 7,67,148,-24,-367
-1,-3,0.121556,-TIA- 7,67,148,-25,-364
-1,-2,0.12158,-TIA- 7,67,148,-26,-362
-1,-3,0.121603,-TIA- 7,67,148,-27,-359
-1,-3,0.121638,-TIA- 7,67,148,-28,-356
-1,-3,0.121667,-TIA- 7,67,148,-29,-353
-1,-3,0.121684,-TIA- 7,67,148,-30,-350
-1,-3,0.121707,-TIA- 7,67,148,-31,-347
-1,-2,0.121731,-TIA- 7,67,148,-32,-345
1,-3,0.121754,-TIA- 7,67,148,-31,-342
1,-3,0.121789,-TIA- 7,67,148,-30,-339
1,-3,0.121818,-TIA- 7,67,148,-29,-336
1,-3,0.121835,-TIA- 7,67,148,-28,-333
1,-2,0.121858,-TIA- 7,67,148,-27,-331
1,-3,0.121882,-TIA- 7,67,148,-26,-328
1,-3,0.121906,-TIA- 7,67,148,-25,-325
1,-3,0.121934,-TIA- 7,67,148,-24,-322
1,-3,0.121963,-TIA- 7,67,148,-23,-319
1,-2,0.122003,-TIA- 7,67,148,-22,-317
1,-3,0.122015,-TIA- 7,67,148,-21,-314
1,-3,0.122038,-TIA- 7,67,148,-20,-311
-1,-3,0.122061,-TIA- 7,67,148,-21,-308
-1,-3,0.122091,-TIA- 7,67,148,-22,-305
-1,-3,0.122114,-TIA- 7,67,148,-23,-302
-1,-2,0.122154,-TIA- 7,67,148,-24,-300
-1,-3,0.122166,-TIA- 7,67,148,-25,-297
-2,-3,0.122189,-TIA- 7,67,148,-27,-294
-2,-3,0.122218,-TIA- 7,67,148,-29,-291
-2,-3,0.122236,-TIA- 7,67,148,-31,-288
-3,-2,0.122259,-TIA- 7,67,148,-34,-286
-3,-3,0.122294,-TIA- 7,67,148,-37,-283
-2,-3,0.122311,-TIA- 7,67,148,-39,-280
-2,-3,0.12233,-TIA- 7,67,148,-41,-277
-2,-3,0.122363,-TIA- 7,67,148,-43,-274
-1,-2,0.122381,-TIA- 7,67,148,-44,-272
-1,-3,0.12241,-TIA- 7,67,148,-45,-269
-1,-3,0.122445,-TIA- 7,67,148,-46,-266
1,-3,0.122462,-TIA- 7,67,148,-45,-263
1,-3,0.122485,-TIA- 7,67,148,-44,-260
1,-3,0.122508,-TIA- 7,67,148,-43,-257
2,-2,0.122538,-TIA- 7,67,148,-41,-255
1,-3,0.122555,-TIA- 7,67,148,-40,-252
2,-3,0.122572,-TIA- 7,67,148,-38,-249
2,-3,0.122601,-TIA- 7,67,148,-36,-246
2,-3,0.122625,-TIA- 7,67,148,-34,-243
2,-2,0.122654,-TIA- 7,67,148,-32,-241
2,-3,0.122683,-TIA- 7,67,148,-30,-238
2,-3,0.122706,-TIA- 7,67,148,-28,-235
2,-3,0.122723,-TIA- 7,67,148,-26,-232
1,-3,0.122754,-TIA- 7,67,148,-25,-229
2,-2,0.122781,-TIA- 7,67,148,-23,-227
2,-3,0.122805,-TIA- 7,67,148,-21,-224
1,-3,0.122834,-TIA- 7,67,148,-20,-221
1,-3,0.122857,-TIA- 7,67,148,-19,-218
1,-3,0.122874,-TIA- 7,67,148,-18,-215
1,-3,0.122897,-TIA- 7,67,148,-17,-212
2,-2,0.122932,-TIA- 7,67,148,-15,-210
2,-3,0.122955,-TIA- 7,67,148,-13,-207
2,-3,0.122984,-TIA- 7,67,148,-11,-204
1,-3,0.123002,-TIA- 7,67,148,-10,-201
2,-3,0.123025,-TIA- 7,67,148,-8,-198
2,-2,0.123048,-TIA- 7,67,148,-6,-196
2,-3,0.123083,-TIA- 7,67,148,-4,-193
2,-3,0.123106,-TIA- 7,67,148,-2,-190
2,-3,0.12313,-TIA- 7,67,148,0,-187
2,-3,0.12317,-TIA- 7,67,148,2,-184
2,-2,0.123176,-TIA- 7,67,148,4,-182
1,-3,0.123204,-TIA- 7,67,148,5,-179
2,-3,0.123228,-TIA- 7,67,148,7,-176
2,-3,0.123257,-TIA- 7,67,148,9,-173
2,-3,0.123281,-TIA- 7,67,148,11,-170
2,-3,0.123321,-TIA- 7,67,148,13,-167
1,-2,0.123333,-TIA- 7,67,148,14,-165
1,-3,0.123356,-TIA- 7,67,148,15,-162
1,-3,0.123385,-TIA- 7,67,148,16,-159
1,-3,0.123402,-TIA- 7,67,148,17,-156
-1,-3,0.123436,-TIA- 7,67,148,16,-153
-2,-2,0.12346,-TIA- 7,67,148,14,-151
-2,-3,0.123472,-TIA- 7,67,148,12,-148
-2,-3,0.123501,-TIA- 7,67,148,10,-145
-2,-3,0.12353,-TIA- 7,67,148,8,-142
-2,-2,0.123565,-TIA- 7,67,148,6,-140
-2,-1,0.123588,-TIA- 7,67,148,4,-139
1,-1,0.135854,GO 8,263,224,5,-138
2,-1,0.135889,GO 8,263,224,7,-137
2,-1,0.135906,GO 8,263,224,9,-136
2,-1,0.135947,GO 8,263,224,11,-135
3,-1,0.135953,GO 8,263,224,14,-134
3,-1,0.135976,GO 8,263,224,17,-133
3,1,0.136162,GO 8,263,224,20,-134
2,1,0.136185,GO 8,263,224,22,-135
3,1,0.13622,GO 8,263,224,25,-136
3,2,0.136226,GO 8,263,224,28,-138
3,1,0.136255,GO 8,263,224,31,-139
3,2,0.136282,GO 8,263,224,34,-141
3,2,0.136313,GO 8,263,224,37,-143
2,2,0.136336,GO 8,263,224,39,-145
3,2,0.136371,GO 8,263,224,42,-147
3,2,0.136377,GO 8,263,224,45,-149
3,2,0.136411,GO 8,263,224,48,-151
3,2,0.136435,GO 8,263,224,51,-153
2,1,0.136475,GO 8,263,224,53,-154
3,2,0.136487,GO 8,263,224,56,-156
3,2,0.136504,GO 8,263,224,59,-158
3,2,0.136528,GO 8,263,224,62,-160
3,1,0.136562,GO 8,263,224,65,-161
2,1,0.136586,GO 8,263,224,67,-162
3,1,0.136615,GO 8,263,224,70,-163
3,1,0.136649,GO 8,263,224,73,-164
3,1,0.136655,GO 8,263,224,76,-165
3,1,0.136678,GO 8,263,224,79,-166
3,1,0.136707,GO 8,263,224,82,-167
2,1,0.136737,GO 8,263,224,84,-168
3,1,0.136771,GO 8,263,224,87,-169
3,1,0.136783,GO 8,263,224,90,-170
3,2,0.136812,GO 8,263,224,93,-172
3,2,0.136835,GO 8,263,224,96,-174
2,2,0.136858,GO 8,263,224,98,-176
3,2,0.136887,GO 8,263,224,101,-178
3,2,0.136922,GO 8,263,224,104,-180
3,2,0.136951,GO 8,263,224,107,-182
3,2,0.136963,GO 8,263,224,110,-184
2,1,0.136986,GO 8,263,224,112,-185
3,2,0.137015,GO 8,263,224,115,-187
3,2,0.137033,GO 8,263,224,118,-189
3,2,0.137073,GO 8,263,224,121,-191
3,1,0.137091,GO 8,263,224,124,-192
3,1,0.13712,GO 8,263,224,127,-193
2,1,0.137137,GO 8,263,224,129,-194
3,1,0.137166,GO 8,263,224,132,-195
3,1,0.137195,GO 8,263,224,135,-196
3,1,0.137224,GO 8,263,224,138,-197
3,1,0.137259,GO 8,263,224,141,-198
2,1,0.137271,GO 8,263,224,143,-199
3,1,0.137323,GO 8,263,224,146,-200
3,1,0.137352,GO 8,263,224,149,-201
3,1,0.137381,GO 8,263,224,152,-202
2,1,0.137398,GO 8,263,224,154,-203
3,1,0.137416,GO 8,263,224,157,-204
3,1,0.137439,GO 8,263,224,160,-205
3,1,0.137468,GO 8,263,224,163,-206
3,1,0.137497,GO 8,263,224,166,-207
2,1,0.137532,GO 8,263,224,168,-208
3,1,0.137549,GO 8,263,224,171,-209
3,1,0.137567,GO 8,263,224,174,-210
3,1,0.13759,GO 8,263,224,177,-211
3,1,0.137613,GO 8,263,224,180,-212
3,1,0.137648,GO 8,263,224,183,-213
2,1,0.137664,GO 8,263,224,185,-214
3,1,0.137723,GO 8,263,224,188,-215
6,1,0.137741,GO 8,263,224,194,-216
3,1,0.137764,GO 8,263,224,197,-217
2,1,0.137799,GO 8,263,224,199,-218
3,1,0.137816,GO 8,263,224,202,-219
3,1,0.137839,GO 8,263,224,205,-220
3,1,0.137862,GO 8,263,224,208,-221
3,1,0.138031,GO 8,263,224,211,-222
2,1,0.13806,GO 8,263,224,213,-223
3,1,0.138089,GO 8,263,224,216,-224
3,1,0.138106,GO 8,263,224,219,-225
3,2,0.13813,GO 8,263,224,222,-227
3,2,0.138153,GO 8,263,224,225,-229
2,1,0.138188,GO 8,263,224,227,-230
3,2,0.138211,GO 8,263,224,230,-232
3,2,0.13824,GO 8,263,224,233,-234
3,2,0.138263,GO 8,263,224,236,-236
3,2,0.138286,GO 8,263,224,239,-238
2,2,0.138304,GO 8,263,224,241,-240
3,2,0.138339,GO 8,263,224,244,-242
3,2,0.138368,GO 8,263,224,247,-244
3,1,0.138403,GO 8,263,224,250,-245
3,2,0.138408,GO 8,263,224,253,-247
2,2,0.138432,GO 8,263,224,255,-249
3,2,0.138458,GO 8,263,224,258,-251
3,2,0.138484,GO 8,263,224,261,-253
3,2,0.138522,GO 8,263,224,264,-255
3,2,0.138553,GO 8,263,224,267,-257
3,2,0.138565,GO 8,263,224,270,-259
2,1,0.138586,GO 8,263,224,272,-260
3,3,0.138612,GO 8,263,224,275,-263
3,3,0.138635,GO 8,263,224,278,-266
3,3,0.138658,GO 8,263,224,281,-269
3,3,0.138687,GO 8,263,224,284,-272
2,2,0.138704,GO 8,263,224,286,-274
3,3,0.138728,GO 8,263,224,289,-277
3,3,0.138762,GO 8,263,224,292,-280
3,3,0.138774,GO 8,263,224,295,-283
3,2,0.13882,GO 8,263,224,298,-285
2,2,0.138844,GO 8,263,224,300,-287
3,2,0.138861,GO 8,263,224,303,-289
3,1,0.138884,GO 8,263,224,306,-290
3,2,0.138908,GO 8,263,224,309,-292
3,1,0.138931,GO 8,263,224,312,-293
3,1,0.138964,GO 8,263,224,315,-294
2,2,0.138995,GO 8,263,224,317,-296
3,2,0.139012,GO 8,263,224,320,-298
3,2,0.139035,GO 8,263,224,323,-300
3,2,0.139059,GO 8,263,224,326,-302
3,2,0.139082,GO 8,263,224,329,-304
2,1,0.139117,GO 8,263,224,331,-305
3,2,0.139146,GO 8,263,224,334,-307
3,2,0.13918,GO 8,263,224,337,-309
2,1,0.139186,GO 8,263,224,339,-310
1,1,0.139221,GO 8,263,224,340,-311
1,1,0.13925,GO 8,263,224,341,-312
1,1,0.139285,GO 8,263,224,342,-313
