deltaX,deltaY,WHEN,SYLLABLE,XofButton,YofButton,XofTrace,YofTrace
0,-1,0.161535,Yield,0,0,0,1
-2,-1,0.161553,Yield,0,0,-2,2
-3,-1,0.161605,Yield,0,0,-5,3
-2,-2,0.161611,Yield,0,0,-7,5
-4,-2,0.16164,Yield,0,0,-11,7
-4,-2,0.161669,Yield,0,0,-15,9
-4,-2,0.161698,Yield,0,0,-19,11
-3,-3,0.161715,Yield,0,0,-22,14
-4,-3,0.161739,Yield,0,0,-26,17
-4,-2,0.16175,Yield,0,0,-30,19
-4,-2,0.161779,Yield,0,0,-34,21
-3,-2,0.161808,Yield,0,0,-37,23
-4,-2,0.161843,Yield,0,0,-41,25
-4,-1,0.161855,Yield,0,0,-45,26
-4,-1,0.161872,Yield,0,0,-49,27
-4,-1,0.161984,Yield,0,0,-53,28
-2,-1,0.162029,Yield,0,0,-55,29
-1,1,0.162656,Yield,0,0,-56,28
-1,1,0.16272,Yield,0,0,-57,27
-1,2,0.162731,Yield,0,0,-58,25
-1,1,0.16276,Yield,0,0,-59,24
1,3,0.162789,Yield,0,0,-58,21
1,3,0.162813,Yield,0,0,-57,18
1,3,0.162836,Yield,0,0,-56,15
2,3,0.162853,Yield,0,0,-54,12
1,3,0.162871,Yield,0,0,-53,9
2,4,0.1629,Yield,0,0,-51,5
2,4,0.16294,Yield,0,0,-49,1
2,4,0.162975,Yield,0,0,-47,-3
1,7,0.163004,Yield,0,0,-46,-10
1,4,0.163039,Yield,0,0,-45,-14
-2,3,0.163074,Yield,0,0,-47,-17
-2,3,0.163109,Yield,0,0,-49,-20
-3,5,0.163132,Yield,0,0,-52,-25
-7,3,0.163149,Yield,0,0,-59,-28
-4,3,0.163185,Yield,0,0,-63,-31
-4,3,0.163206,Yield,0,0,-67,-34
-3,2,0.163236,Yield,0,0,-70,-36
-4,3,0.163271,Yield,0,0,-74,-39
-4,6,0.163312,Yield,0,0,-78,-45
-7,3,0.163335,Yield,0,0,-85,-48
-4,2,0.163376,Yield,0,0,-89,-50
-4,1,0.163399,Yield,0,0,-93,-51
-4,2,0.163405,Yield,0,0,-97,-53
-3,2,0.163428,Yield,0,0,-100,-55
-4,2,0.163463,Yield,0,0,-104,-57
-4,3,0.163486,Yield,0,0,-108,-60
-4,3,0.163515,Yield,0,0,-112,-63
-3,3,0.163532,Yield,0,0,-115,-66
-4,2,0.163556,Yield,0,0,-119,-68
-4,3,0.163585,Yield,0,0,-123,-71
-4,4,0.163614,Yield,0,0,-127,-75
-2,4,0.163637,Yield,0,0,-129,-79
-1,2,0.163666,Yield,0,0,-130,-81
-1,2,0.163683,Yield,0,0,-131,-83
1,1,0.163712,Yield,0,0,-130,-84
1,-1,0.16373,Yield,0,0,-129,-83
1,-2,0.163765,Yield,0,0,-128,-81
2,-1,0.163788,Yield,0,0,-126,-80
2,-3,0.163811,Yield,0,0,-124,-77
3,-3,0.163828,Yield,0,0,-121,-74
2,-2,0.163852,Yield,0,0,-119,-72
2,-1,0.163886,Yield,0,0,-117,-71
2,-1,0.163898,Yield,0,0,-115,-70
1,-1,0.1646,Yield,0,0,-114,-69
1,-2,0.164641,Yield,0,0,-113,-67
2,-2,0.164647,Yield,0,0,-111,-65
3,-2,0.164664,Yield,0,0,-108,-63
2,-3,0.164682,Yield,0,0,-106,-60
3,-3,0.164705,Yield,0,0,-103,-57
3,-3,0.164722,Yield,0,0,-100,-54
3,-3,0.16474,Yield,0,0,-97,-51
3,-3,0.164769,Yield,0,0,-94,-48
2,-2,0.16478,Yield,0,0,-92,-46
1,-3,0.164804,Yield,0,0,-91,-43
2,-3,0.164815,Yield,0,0,-89,-40
1,-3,0.164844,Yield,0,0,-88,-37
1,-5,0.164867,Yield,0,0,-87,-32
1,-3,0.164897,Yield,0,0,-86,-29
-1,-3,0.164926,Yield,0,0,-87,-26
-1,-3,0.164937,Yield,0,0,-88,-23
-2,-3,0.16496,Yield,0,0,-90,-20
-1,-2,0.164978,Yield,0,0,-91,-18
-2,-3,0.164995,Yield,0,0,-93,-15
-2,-3,0.165024,Yield,0,0,-95,-12
-2,-3,0.165047,Yield,0,0,-97,-9
-2,-2,0.165068,Yield,0,0,-99,-7
-1,-1,0.165094,Yield,0,0,-100,-6
-1,-1,0.1651,Yield,0,0,-101,-5
-1,1,0.166795,FRAY 1,142,270,-102,-6
-1,1,0.166859,FRAY 1,142,270,-103,-7
-1,1,0.166876,FRAY 1,142,270,-104,-8
-1,2,0.166922,FRAY 1,142,270,-105,-10
-1,2,0.16694,FRAY 1,142,270,-106,-12
-1,3,0.166986,FRAY 1,142,270,-107,-15
-1,3,0.166998,FRAY 1,142,270,-108,-18
-1,2,0.167027,FRAY 1,142,270,-109,-20
-2,4,0.167044,FRAY 1,142,270,-111,-24
-2,4,0.167073,FRAY 1,142,270,-113,-28
-2,4,0.167105,FRAY 1,142,270,-115,-32
-2,3,0.16712,FRAY 1,142,270,-117,-35
-1,4,0.167149,FRAY 1,142,270,-118,-39
-1,4,0.167172,FRAY 1,142,270,-119,-43
1,4,0.167201,FRAY 1,142,270,-118,-47
1,3,0.167224,FRAY 1,142,270,-117,-50
2,4,0.167265,FRAY 1,142,270,-115,-54
2,4,0.167277,FRAY 1,142,270,-113,-58
2,4,0.1673,FRAY 1,142,270,-111,-62
2,3,0.167323,FRAY 1,142,270,-109,-65
2,4,0.167352,FRAY 1,142,270,-107,-69
2,4,0.167387,FRAY 1,142,270,-105,-73
2,4,0.167398,FRAY 1,142,270,-103,-77
1,3,0.167427,FRAY 1,142,270,-102,-80
2,4,0.167457,FRAY 1,142,270,-100,-84
2,4,0.167491,FRAY 1,142,270,-98,-88
2,4,0.16752,FRAY 1,142,270,-96,-92
2,3,0.167538,FRAY 1,142,270,-94,-95
2,4,0.167555,FRAY 1,142,270,-92,-99
2,4,0.167572,FRAY 1,142,270,-90,-103
1,4,0.167602,FRAY 1,142,270,-89,-107
1,3,0.167636,FRAY 1,142,270,-88,-110
1,4,0.167649,FRAY 1,142,270,-87,-114
-2,8,0.167706,FRAY 1,142,270,-89,-122
-5,3,0.167735,FRAY 1,142,270,-94,-125
-4,4,0.167758,FRAY 1,142,270,-98,-129
-3,4,0.167787,FRAY 1,142,270,-101,-133
-4,4,0.167805,FRAY 1,142,270,-105,-137
-4,3,0.16784,FRAY 1,142,270,-109,-140
-4,4,0.167857,FRAY 1,142,270,-113,-144
-3,4,0.16788,FRAY 1,142,270,-116,-148
-1,4,0.167903,FRAY 1,142,270,-117,-152
-1,3,0.167938,FRAY 1,142,270,-118,-155
1,4,0.167956,FRAY 1,142,270,-117,-159
1,4,0.168002,FRAY 1,142,270,-116,-163
2,4,0.168008,FRAY 1,142,270,-114,-167
2,3,0.168031,FRAY 1,142,270,-112,-170
2,4,0.16806,FRAY 1,142,270,-110,-174
2,4,0.168083,FRAY 1,142,270,-108,-178
2,4,0.168101,FRAY 1,142,270,-106,-182
3,3,0.168118,FRAY 1,142,270,-103,-185
2,4,0.168159,FRAY 1,142,270,-101,-189
3,4,0.168182,FRAY 1,142,270,-98,-193
3,4,0.168217,FRAY 1,142,270,-95,-197
3,3,0.16824,FRAY 1,142,270,-92,-200
3,4,0.168258,FRAY 1,142,270,-89,-204
2,3,0.168281,FRAY 1,142,270,-87,-207
3,3,0.168316,FRAY 1,142,270,-84,-210
3,3,0.168339,FRAY 1,142,270,-81,-213
3,2,0.168368,FRAY 1,142,270,-78,-215
3,3,0.168403,FRAY 1,142,270,-75,-218
3,3,0.168409,FRAY 1,142,270,-72,-221
2,3,0.168432,FRAY 1,142,270,-70,-224
3,3,0.168455,FRAY 1,142,270,-67,-227
3,2,0.168478,FRAY 1,142,270,-64,-229
3,4,0.168519,FRAY 1,142,270,-61,-233
3,4,0.168554,FRAY 1,142,270,-58,-237
2,4,0.168559,FRAY 1,142,270,-56,-241
3,3,0.168583,FRAY 1,142,270,-53,-244
3,4,0.168606,FRAY 1,142,270,-50,-248
3,4,0.168641,FRAY 1,142,270,-47,-252
3,4,0.16867,FRAY 1,142,270,-44,-256
2,3,0.168694,FRAY 1,142,270,-42,-259
3,4,0.16871,FRAY 1,142,270,-39,-263
3,4,0.168734,FRAY 1,142,270,-36,-267
3,4,0.168768,FRAY 1,142,270,-33,-271
3,3,0.168786,FRAY 1,142,270,-30,-274
3,4,0.168826,FRAY 1,142,270,-27,-278
2,4,0.168838,FRAY 1,142,270,-25,-282
3,4,0.168856,FRAY 1,142,270,-22,-286
3,3,0.168879,FRAY 1,142,270,-19,-289
3,4,0.168919,FRAY 1,142,270,-16,-293
3,4,0.168954,FRAY 1,142,270,-13,-297
2,4,0.168977,FRAY 1,142,270,-11,-301
3,3,0.169001,FRAY 1,142,270,-8,-304
3,3,0.169006,FRAY 1,142,270,-5,-307
3,3,0.169041,FRAY 1,142,270,-2,-310
3,3,0.169064,FRAY 1,142,270,1,-313
2,3,0.169094,FRAY 1,142,270,3,-316
3,1,0.169117,FRAY 1,142,270,6,-317
3,3,0.169152,FRAY 1,142,270,9,-320
3,3,0.169169,FRAY 1,142,270,12,-323
3,3,0.169192,FRAY 1,142,270,15,-326
3,2,0.169215,FRAY 1,142,270,18,-328
3,3,0.169256,FRAY 1,142,270,21,-331
2,3,0.169262,FRAY 1,142,270,23,-334
3,3,0.169297,FRAY 1,142,270,26,-337
3,2,0.16932,FRAY 1,142,270,29,-339
3,2,0.169343,FRAY 1,142,270,32,-341
3,1,0.169366,FRAY 1,142,270,35,-342
3,2,0.169401,FRAY 1,142,270,38,-344
2,2,0.169416,FRAY 1,142,270,40,-346
3,2,0.169448,FRAY 1,142,270,43,-348
2,2,0.169465,FRAY 1,142,270,45,-350
2,1,0.169494,FRAY 1,142,270,47,-351
2,1,0.169517,FRAY 1,142,270,49,-352
2,1,0.169552,FRAY 1,142,270,51,-353
3,-1,0.169645,FRAY 1,142,270,54,-352
3,-1,0.16968,FRAY 1,142,270,57,-351
3,-1,0.169703,FRAY 1,142,270,60,-350
2,-2,0.16972,FRAY 1,142,270,62,-348
3,-2,0.169744,FRAY 1,142,270,65,-346
3,-2,0.169779,FRAY 1,142,270,68,-344
3,-2,0.169802,FRAY 1,142,270,71,-342
3,-1,0.169831,FRAY 1,142,270,74,-341
3,-4,0.169871,FRAY 1,142,270,77,-337
5,-2,0.169895,FRAY 1,142,270,82,-335
3,-2,0.169918,FRAY 1,142,270,85,-333
3,-2,0.169953,FRAY 1,142,270,88,-331
3,-2,0.169982,FRAY 1,142,270,91,-329
2,-2,0.170005,FRAY 1,142,270,93,-327
3,-1,0.170017,FRAY 1,142,270,96,-326
3,-2,0.17004,FRAY 1,142,270,99,-324
3,-1,0.170051,FRAY 1,142,270,102,-323
3,-1,0.170086,FRAY 1,142,270,105,-322
2,-1,0.170115,FRAY 1,142,270,107,-321
3,1,0.170214,FRAY 1,142,270,110,-322
3,1,0.170237,FRAY 1,142,270,113,-323
2,1,0.170272,FRAY 1,142,270,115,-324
3,1,0.170284,FRAY 1,142,270,118,-325
3,1,0.170313,FRAY 1,142,270,121,-326
3,2,0.170336,FRAY 1,142,270,124,-328
3,2,0.170365,FRAY 1,142,270,127,-330
2,2,0.170388,FRAY 1,142,270,129,-332
2,2,0.170423,FRAY 1,142,270,131,-334
2,3,0.17044,FRAY 1,142,270,133,-337
2,3,0.170463,FRAY 1,142,270,135,-340
-1,2,0.170487,FRAY 1,142,270,134,-342
-2,3,0.170516,FRAY 1,142,270,132,-345
-2,3,0.170551,FRAY 1,142,270,130,-348
-3,3,0.170574,FRAY 1,142,270,127,-351
-4,3,0.170591,FRAY 1,142,270,123,-354
-4,2,0.170614,FRAY 1,142,270,119,-356
-4,4,0.170638,FRAY 1,142,270,115,-360
-3,4,0.17067,FRAY 1,142,270,112,-364
-3,4,0.170684,FRAY 1,142,270,109,-368
-2,3,0.170713,FRAY 1,142,270,107,-371
-2,4,0.170733,FRAY 1,142,270,105,-375
1,4,0.170765,FRAY 1,142,270,106,-379
2,3,0.170794,FRAY 1,142,270,108,-382
2,5,0.170841,FRAY 1,142,270,110,-387
5,3,0.17087,FRAY 1,142,270,115,-390
3,3,0.170893,FRAY 1,142,270,118,-393
3,3,0.170916,FRAY 1,142,270,121,-396
3,2,0.170951,FRAY 1,142,270,124,-398
3,2,0.170957,FRAY 1,142,270,127,-400
1,1,0.171009,FRAY 1,142,270,128,-401
1,1,0.171044,FRAY 1,142,270,129,-402
1,1,0.171073,FRAY 1,142,270,130,-403
1,1,0.17545,SAN- 2,356,434,131,-404
1,1,0.175479,SAN- 2,356,434,132,-405
2,1,0.175485,SAN- 2,356,434,134,-406
2,2,0.175514,SAN- 2,356,434,136,-408
3,1,0.175543,SAN- 2,356,434,139,-409
3,2,0.175578,SAN- 2,356,434,142,-411
2,3,0.175601,SAN- 2,356,434,144,-414
3,3,0.17563,SAN- 2,356,434,147,-417
3,3,0.175647,SAN- 2,356,434,150,-420
3,4,0.175665,SAN- 2,356,434,153,-424
3,3,0.175688,SAN- 2,356,434,156,-427
2,4,0.175729,SAN- 2,356,434,158,-431
3,4,0.175758,SAN- 2,356,434,161,-435
3,4,0.175781,SAN- 2,356,434,164,-439
3,3,0.175798,SAN- 2,356,434,167,-442
3,4,0.175825,SAN- 2,356,434,170,-446
3,4,0.175848,SAN- 2,356,434,173,-450
2,4,0.175874,SAN- 2,356,434,175,-454
3,3,0.175911,SAN- 2,356,434,178,-457
3,4,0.175943,SAN- 2,356,434,181,-461
3,4,0.175949,SAN- 2,356,434,184,-465
3,4,0.175984,SAN- 2,356,434,187,-469
2,3,0.176001,SAN- 2,356,434,189,-472
3,4,0.17603,SAN- 2,356,434,192,-476
3,4,0.176048,SAN- 2,356,434,195,-480
3,4,0.176094,SAN- 2,356,434,198,-484
3,3,0.176104,SAN- 2,356,434,201,-487
2,4,0.176129,SAN- 2,356,434,203,-491
3,4,0.176152,SAN- 2,356,434,206,-495
3,3,0.176169,SAN- 2,356,434,209,-498
3,2,0.176199,SAN- 2,356,434,212,-500
3,3,0.176216,SAN- 2,356,434,215,-503
2,2,0.176245,SAN- 2,356,434,217,-505
3,3,0.176268,SAN- 2,356,434,220,-508
3,3,0.176298,SAN- 2,356,434,223,-511
3,3,0.176327,SAN- 2,356,434,226,-514
3,2,0.17635,SAN- 2,356,434,229,-516
3,3,0.176367,SAN- 2,356,434,232,-519
2,3,0.17639,SAN- 2,356,434,234,-522
3,3,0.176425,SAN- 2,356,434,237,-525
3,2,0.17646,SAN- 2,356,434,240,-527
3,2,0.176477,SAN- 2,356,434,243,-529
3,1,0.176495,SAN- 2,356,434,246,-530
3,2,0.176524,SAN- 2,356,434,249,-532
2,1,0.176541,SAN- 2,356,434,251,-533
3,1,0.176576,SAN- 2,356,434,254,-534
3,1,0.176599,SAN- 2,356,434,257,-535
3,1,0.17664,SAN- 2,356,434,260,-536
3,1,0.176646,SAN- 2,356,434,263,-537
2,1,0.176675,SAN- 2,356,434,265,-538
3,1,0.176861,SAN- 2,356,434,268,-539
3,1,0.176895,SAN- 2,356,434,271,-540
2,1,0.17693,SAN- 2,356,434,273,-541
3,1,0.176942,SAN- 2,356,434,276,-542
3,1,0.176971,SAN- 2,356,434,279,-543
3,1,0.176994,SAN- 2,356,434,282,-544
3,2,0.17705,SAN- 2,356,434,285,-546
2,2,0.177081,SAN- 2,356,434,287,-548
3,2,0.177099,SAN- 2,356,434,290,-550
3,2,0.177122,SAN- 2,356,434,293,-552
3,2,0.177145,SAN- 2,356,434,296,-554
3,2,0.17718,SAN- 2,356,434,299,-556
2,2,0.177203,SAN- 2,356,434,301,-558
3,1,0.177226,SAN- 2,356,434,304,-559
3,2,0.17725,SAN- 2,356,434,307,-561
3,2,0.177279,SAN- 2,356,434,310,-563
3,2,0.177296,SAN- 2,356,434,313,-565
2,2,0.177319,SAN- 2,356,434,315,-567
3,1,0.17736,SAN- 2,356,434,318,-568
3,1,0.177383,SAN- 2,356,434,321,-569
3,-1,0.177447,SAN- 2,356,434,324,-568
2,-1,0.177482,SAN- 2,356,434,326,-567
3,-1,0.17801,SAN- 2,356,434,329,-566
3,-1,0.178033,SAN- 2,356,434,332,-565
3,-1,0.178062,SAN- 2,356,434,335,-564
1,-1,0.178074,SAN- 2,356,434,336,-563
2,-1,0.178103,SAN- 2,356,434,338,-562
2,1,0.178195,SAN- 2,356,434,340,-563
2,2,0.178225,SAN- 2,356,434,342,-565
4,2,0.178248,SAN- 2,356,434,346,-567
1,2,0.178271,SAN- 2,356,434,347,-569
2,2,0.178312,SAN- 2,356,434,349,-571
2,2,0.178347,SAN- 2,356,434,351,-573
2,3,0.178376,SAN- 2,356,434,353,-576
4,2,0.178411,SAN- 2,356,434,357,-578
2,2,0.178434,SAN- 2,356,434,359,-580
2,2,0.178463,SAN- 2,356,434,361,-582
2,2,0.17848,SAN- 2,356,434,363,-584
3,2,0.178527,SAN- 2,356,434,366,-586
3,2,0.178538,SAN- 2,356,434,369,-588
3,1,0.178556,SAN- 2,356,434,372,-589
3,2,0.178579,SAN- 2,356,434,375,-591
2,2,0.17862,SAN- 2,356,434,377,-593
3,1,0.178643,SAN- 2,356,434,380,-594
3,1,0.178683,SAN- 2,356,434,383,-595
1,-1,0.178759,SAN- 2,356,434,384,-594
1,-1,0.178788,SAN- 2,356,434,385,-593
1,-1,0.183135,-TIA- 3,332,353,386,-592
1,-1,0.183159,-TIA- 3,332,353,387,-591
-1,-2,0.183188,-TIA- 3,332,353,386,-589
-1,-3,0.183223,-TIA- 3,332,353,385,-586
-1,-6,0.183252,-TIA- 3,332,353,384,-580
-2,-2,0.183287,-TIA- 3,332,353,382,-578
-1,-3,0.183316,-TIA- 3,332,353,381,-575
-1,-3,0.183339,-TIA- 3,332,353,380,-572
-1,-3,0.183374,-TIA- 3,332,353,379,-569
-1,-3,0.183403,-TIA- 3,332,353,378,-566
-2,-2,0.183414,-TIA- 3,332,353,376,-564
-2,-3,0.183438,-TIA- 3,332,353,374,-561
-2,-3,0.183467,-TIA- 3,332,353,372,-558
-2,-3,0.183501,-TIA- 3,332,353,370,-555
-2,-3,0.183525,-TIA- 3,332,353,368,-552
-3,-3,0.183542,-TIA- 3,332,353,365,-549
-2,-2,0.183565,-TIA- 3,332,353,363,-547
-3,-3,0.183589,-TIA- 3,332,353,360,-544
-2,-3,0.183623,-TIA- 3,332,353,358,-541
-2,-3,0.183647,-TIA- 3,332,353,356,-538
-2,-3,0.18369,-TIA- 3,332,353,354,-535
-2,-2,0.18371,-TIA- 3,332,353,352,-533
-1,-3,0.183716,-TIA- 3,332,353,351,-530
-1,-3,0.18374,-TIA- 3,332,353,350,-527
-1,-3,0.183763,-TIA- 3,332,353,349,-524
-1,-3,0.183798,-TIA- 3,332,353,348,-521
1,-2,0.183815,-TIA- 3,332,353,349,-519
1,-2,0.183861,-TIA- 3,332,353,350,-517
1,-2,0.183873,-TIA- 3,332,353,351,-515
1,-2,0.183885,-TIA- 3,332,353,352,-513
1,-2,0.183917,-TIA- 3,332,353,353,-511
1,-2,0.183948,-TIA- 3,332,353,354,-509
1,-2,0.183966,-TIA- 3,332,353,355,-507
1,-2,0.183995,-TIA- 3,332,353,356,-505
1,-1,0.184024,-TIA- 3,332,353,357,-504
1,-2,0.184036,-TIA- 3,332,353,358,-502
1,-2,0.18407,-TIA- 3,332,353,359,-500
1,-2,0.184094,-TIA- 3,332,353,360,-498
1,-2,0.184117,-TIA- 3,332,353,361,-496
1,-2,0.18414,-TIA- 3,332,353,362,-494
1,-2,0.184175,-TIA- 3,332,353,363,-492
1,-2,0.184198,-TIA- 3,332,353,364,-490
1,-1,0.18425,-TIA- 3,332,353,365,-489
1,-1,0.184268,-TIA- 3,332,353,366,-488
1,-1,0.184291,-TIA- 3,332,353,367,-487
-1,-1,0.190814,GO 4,148,335,366,-486
-1,-1,0.190839,GO 4,148,335,365,-485
-2,-2,0.190851,GO 4,148,335,363,-483
-3,-1,0.19088,GO 4,148,335,360,-482
-3,-2,0.190904,GO 4,148,335,357,-480
-3,-2,0.190914,GO 4,148,335,354,-478
-2,-2,0.190943,GO 4,148,335,352,-476
-3,-2,0.190978,GO 4,148,335,349,-474
-4,-2,0.191002,GO 4,148,335,345,-472
-4,-2,0.191042,GO 4,148,335,341,-470
-3,-2,0.191065,GO 4,148,335,338,-468
-8,-1,0.191094,GO 4,148,335,330,-467
-4,-1,0.191129,GO 4,148,335,326,-466
-3,-1,0.191152,GO 4,148,335,323,-465
-4,-1,0.191187,GO 4,148,335,319,-464
-4,-1,0.191211,GO 4,148,335,315,-463
-4,-1,0.191228,GO 4,148,335,311,-462
-3,-1,0.191251,GO 4,148,335,308,-461
-4,-1,0.191274,GO 4,148,335,304,-460
-4,-1,0.191303,GO 4,148,335,300,-459
-4,-1,0.191338,GO 4,148,335,296,-458
-3,-1,0.191367,GO 4,148,335,293,-457
-4,-1,0.191379,GO 4,148,335,289,-456
-4,-1,0.191408,GO 4,148,335,285,-455
-4,-1,0.191443,GO 4,148,335,281,-454
-3,-1,0.191472,GO 4,148,335,278,-453
-4,-1,0.191518,GO 4,148,335,274,-452
-4,-1,0.19153,GO 4,148,335,270,-451
-3,1,0.191658,GO 4,148,335,267,-452
-4,1,0.191681,GO 4,148,335,263,-453
-4,1,0.191704,GO 4,148,335,259,-454
-4,2,0.191739,GO 4,148,335,255,-456
-3,2,0.191768,GO 4,148,335,252,-458
-4,2,0.191791,GO 4,148,335,248,-460
-4,2,0.191808,GO 4,148,335,244,-462
-4,2,0.191826,GO 4,148,335,240,-464
-3,2,0.191855,GO 4,148,335,237,-466
-4,2,0.19189,GO 4,148,335,233,-468
-4,1,0.191919,GO 4,148,335,229,-469
-4,2,0.191954,GO 4,148,335,225,-471
-3,2,0.191959,GO 4,148,335,222,-473
-4,2,0.191983,GO 4,148,335,218,-475
-4,2,0.192006,GO 4,148,335,214,-477
-4,1,0.192041,GO 4,148,335,210,-478
-3,1,0.19207,GO 4,148,335,207,-479
-4,1,0.192104,GO 4,148,335,203,-480
-4,1,0.19211,GO 4,148,335,199,-481
-4,1,0.192139,GO 4,148,335,195,-482
-3,-1,0.19265,GO 4,148,335,192,-481
-3,-1,0.192668,GO 4,148,335,189,-480
-2,-1,0.192679,GO 4,148,335,187,-479
-3,-1,0.192702,GO 4,148,335,184,-478
-3,-1,0.192743,GO 4,148,335,181,-477
-3,-1,0.192766,GO 4,148,335,178,-476
-3,-1,0.192801,GO 4,148,335,175,-475
-3,-1,0.192819,GO 4,148,335,172,-474
-2,-1,0.192842,GO 4,148,335,170,-473
-2,-1,0.192865,GO 4,148,335,168,-472
-1,-2,0.199546,FRAY 5,166,239,167,-470
-1,-1,0.199593,FRAY 5,166,239,166,-469
-1,-3,0.199616,FRAY 5,166,239,165,-466
-1,-3,0.199639,FRAY 5,166,239,164,-463
1,-3,0.199657,FRAY 5,166,239,165,-460
1,-3,0.199686,FRAY 5,166,239,166,-457
1,-3,0.199715,FRAY 5,166,239,167,-454
1,-2,0.199738,FRAY 5,166,239,168,-452
1,-3,0.199767,FRAY 5,166,239,169,-449
1,-3,0.199784,FRAY 5,166,239,170,-446
1,-3,0.199808,FRAY 5,166,239,171,-443
-1,-3,0.199825,FRAY 5,166,239,170,-440
-1,-2,0.199859,FRAY 5,166,239,169,-438
-1,-3,0.199889,FRAY 5,166,239,168,-435
-1,-3,0.199924,FRAY 5,166,239,167,-432
-1,-3,0.199959,FRAY 5,166,239,166,-429
-1,-3,0.199959,FRAY 5,166,239,165,-426
-1,-2,0.199988,FRAY 5,166,239,164,-424
-1,-3,0.200034,FRAY 5,166,239,163,-421
-1,-3,0.20004,FRAY 5,166,239,162,-418
-1,-3,0.200075,FRAY 5,166,239,161,-415
1,-6,0.200104,FRAY 5,166,239,162,-409
3,-2,0.200139,FRAY 5,166,239,165,-407
2,-3,0.200168,FRAY 5,166,239,167,-404
2,-3,0.200191,FRAY 5,166,239,169,-401
3,-3,0.200226,FRAY 5,166,239,172,-398
3,-3,0.200231,FRAY 5,166,239,175,-395
2,-2,0.200266,FRAY 5,166,239,177,-393
3,-3,0.20029,FRAY 5,166,239,180,-390
3,-3,0.200319,FRAY 5,166,239,183,-387
3,-3,0.200353,FRAY 5,166,239,186,-384
3,-3,0.200359,FRAY 5,166,239,189,-381
2,-2,0.200394,FRAY 5,166,239,191,-379
3,-3,0.200421,FRAY 5,166,239,194,-376
3,-3,0.20044,FRAY 5,166,239,197,-373
3,-3,0.200475,FRAY 5,166,239,200,-370
3,-6,0.200504,FRAY 5,166,239,203,-364
5,-2,0.200545,FRAY 5,166,239,208,-362
3,-3,0.200568,FRAY 5,166,239,211,-359
3,-3,0.200603,FRAY 5,166,239,214,-356
3,-3,0.200626,FRAY 5,166,239,217,-353
3,-3,0.200649,FRAY 5,166,239,220,-350
2,-2,0.200667,FRAY 5,166,239,222,-348
3,-3,0.20069,FRAY 5,166,239,225,-345
3,-3,0.200725,FRAY 5,166,239,228,-342
3,-3,0.200748,FRAY 5,166,239,231,-339
3,-3,0.200771,FRAY 5,166,239,234,-336
2,-2,0.2008,FRAY 5,166,239,236,-334
3,-3,0.200818,FRAY 5,166,239,239,-331
3,-3,0.200841,FRAY 5,166,239,242,-328
2,-3,0.200864,FRAY 5,166,239,244,-325
2,-3,0.200887,FRAY 5,166,239,246,-322
1,-3,0.200922,FRAY 5,166,239,247,-319
1,-2,0.200954,FRAY 5,166,239,248,-317
1,-3,0.200963,FRAY 5,166,239,249,-314
-1,-3,0.200986,FRAY 5,166,239,248,-311
-1,-3,0.201027,FRAY 5,166,239,247,-308
-2,-3,0.20105,FRAY 5,166,239,245,-305
-2,-2,0.201081,FRAY 5,166,239,243,-303
-2,-3,0.201096,FRAY 5,166,239,241,-300
-2,-2,0.201114,FRAY 5,166,239,239,-298
-2,-2,0.201137,FRAY 5,166,239,237,-296
-1,-2,0.201154,FRAY 5,166,239,236,-294
-1,-1,0.201183,FRAY 5,166,239,235,-293
-1,-1,0.201236,FRAY 5,166,239,234,-292
-1,-1,0.20125,FRAY 5,166,239,233,-291
-1,-1,0.201305,FRAY 5,166,239,232,-290
1,-1,0.20134,FRAY 5,166,239,233,-289
-2,-1,0.20166,FRAY 5,166,239,231,-288
-2,-1,0.201683,FRAY 5,166,239,229,-287
-3,-1,0.201706,FRAY 5,166,239,226,-286
-3,-1,0.201741,FRAY 5,166,239,223,-285
-2,-1,0.20177,FRAY 5,166,239,221,-284
-3,-1,0.201793,FRAY 5,166,239,218,-283
-3,-1,0.201805,FRAY 5,166,239,215,-282
-4,-1,0.201834,FRAY 5,166,239,211,-281
-4,1,0.201961,FRAY 5,166,239,207,-282
-3,1,0.201985,FRAY 5,166,239,204,-283
-4,1,0.202009,FRAY 5,166,239,200,-284
-4,2,0.202043,FRAY 5,166,239,196,-286
-4,2,0.202077,FRAY 5,166,239,192,-288
-3,1,0.202089,FRAY 5,166,239,189,-289
-4,2,0.202106,FRAY 5,166,239,185,-291
-4,2,0.202136,FRAY 5,166,239,181,-293
-3,1,0.20217,FRAY 5,166,239,178,-294
-2,1,0.202194,FRAY 5,166,239,176,-295
-1,1,0.202227,FRAY 5,166,239,175,-296
-1,1,0.202234,FRAY 5,166,239,174,-297
-1,1,0.202257,FRAY 5,166,239,173,-298
-1,-1,0.20732,SAN- 6,369,488,172,-297
1,-1,0.207337,SAN- 6,369,488,173,-296
1,-1,0.207395,SAN- 6,369,488,174,-295
1,-1,0.207412,SAN- 6,369,488,175,-294
1,-1,0.207441,SAN- 6,369,488,176,-293
1,1,0.2079,SAN- 6,369,488,177,-294
2,1,0.20794,SAN- 6,369,488,179,-295
2,2,0.207952,SAN- 6,369,488,181,-297
2,2,0.20797,SAN- 6,369,488,183,-299
2,3,0.208004,SAN- 6,369,488,185,-302
3,2,0.208024,SAN- 6,369,488,188,-304
3,3,0.208051,SAN- 6,369,488,191,-307
3,4,0.20808,SAN- 6,369,488,194,-311
3,7,0.208115,SAN- 6,369,488,197,-318
5,4,0.208144,SAN- 6,369,488,202,-322
3,4,0.208184,SAN- 6,369,488,205,-326
3,4,0.208208,SAN- 6,369,488,208,-330
3,3,0.208225,SAN- 6,369,488,211,-333
3,8,0.208266,SAN- 6,369,488,214,-341
5,4,0.208295,SAN- 6,369,488,219,-345
3,3,0.208324,SAN- 6,369,488,222,-348
3,4,0.208353,SAN- 6,369,488,225,-352
3,4,0.208376,SAN- 6,369,488,228,-356
2,4,0.208411,SAN- 6,369,488,230,-360
3,3,0.208428,SAN- 6,369,488,233,-363
3,4,0.20844,SAN- 6,369,488,236,-367
3,4,0.20848,SAN- 6,369,488,239,-371
3,4,0.208498,SAN- 6,369,488,242,-375
2,3,0.208521,SAN- 6,369,488,244,-378
3,4,0.208544,SAN- 6,369,488,247,-382
3,4,0.208562,SAN- 6,369,488,250,-386
3,4,0.208585,SAN- 6,369,488,253,-390
3,3,0.208625,SAN- 6,369,488,256,-393
3,4,0.208655,SAN- 6,369,488,259,-397
2,8,0.208689,SAN- 6,369,488,261,-405
6,3,0.208724,SAN- 6,369,488,267,-408
3,4,0.208747,SAN- 6,369,488,270,-412
3,4,0.208771,SAN- 6,369,488,273,-416
2,4,0.2088,SAN- 6,369,488,275,-420
3,7,0.20884,SAN- 6,369,488,278,-427
6,4,0.208863,SAN- 6,369,488,284,-431
3,4,0.208887,SAN- 6,369,488,287,-435
2,3,0.208922,SAN- 6,369,488,289,-438
3,4,0.208951,SAN- 6,369,488,292,-442
3,4,0.208985,SAN- 6,369,488,295,-446
3,4,0.209003,SAN- 6,369,488,298,-450
3,3,0.209026,SAN- 6,369,488,301,-453
3,4,0.209049,SAN- 6,369,488,304,-457
2,3,0.209067,SAN- 6,369,488,306,-460
2,3,0.209096,SAN- 6,369,488,308,-463
2,4,0.209131,SAN- 6,369,488,310,-467
2,3,0.209148,SAN- 6,369,488,312,-470
2,4,0.20916,SAN- 6,369,488,314,-474
1,4,0.209183,SAN- 6,369,488,315,-478
1,4,0.209212,SAN- 6,369,488,316,-482
1,3,0.209247,SAN- 6,369,488,317,-485
1,4,0.20927,SAN- 6,369,488,318,-489
1,4,0.209287,SAN- 6,369,488,319,-493
2,4,0.209305,SAN- 6,369,488,321,-497
2,3,0.209334,SAN- 6,369,488,323,-500
2,4,0.209357,SAN- 6,369,488,325,-504
2,4,0.209392,SAN- 6,369,488,327,-508
3,4,0.209398,SAN- 6,369,488,330,-512
3,3,0.209438,SAN- 6,369,488,333,-515
2,4,0.209456,SAN- 6,369,488,335,-519
3,4,0.209489,SAN- 6,369,488,338,-523
3,4,0.209519,SAN- 6,369,488,341,-527
3,3,0.209543,SAN- 6,369,488,344,-530
2,3,0.20956,SAN- 6,369,488,346,-533
2,3,0.209583,SAN- 6,369,488,348,-536
1,2,0.209601,SAN- 6,369,488,349,-538
1,2,0.209624,SAN- 6,369,488,350,-540
1,1,0.209665,SAN- 6,369,488,351,-541
-1,1,0.209961,SAN- 6,369,488,350,-542
-1,2,0.209995,SAN- 6,369,488,349,-544
1,2,0.21003,SAN- 6,369,488,350,-546
1,2,0.210065,SAN- 6,369,488,351,-548
2,3,0.210077,SAN- 6,369,488,353,-551
2,2,0.210112,SAN- 6,369,488,355,-553
2,3,0.210129,SAN- 6,369,488,357,-556
3,3,0.210158,SAN- 6,369,488,360,-559
2,2,0.210175,SAN- 6,369,488,362,-561
3,2,0.210216,SAN- 6,369,488,365,-563
2,2,0.210245,SAN- 6,369,488,367,-565
2,1,0.21028,SAN- 6,369,488,369,-566
3,1,0.210309,SAN- 6,369,488,372,-567
3,1,0.210332,SAN- 6,369,488,375,-568
3,-1,0.210628,SAN- 6,369,488,378,-567
1,-1,0.210692,SAN- 6,369,488,379,-566
1,-1,0.210704,SAN- 6,369,488,380,-565
1,-2,0.210727,SAN- 6,369,488,381,-563
1,-2,0.210756,SAN- 6,369,488,382,-561
1,-2,0.210801,SAN- 6,369,488,383,-559
1,-1,0.210814,SAN- 6,369,488,384,-558
1,-2,0.210849,SAN- 6,369,488,385,-556
2,-2,0.210855,SAN- 6,369,488,387,-554
2,-2,0.210878,SAN- 6,369,488,389,-552
2,-2,0.210908,SAN- 6,369,488,391,-550
2,-2,0.210942,SAN- 6,369,488,393,-548
2,-1,0.210982,SAN- 6,369,488,395,-547
3,1,0.211006,SAN- 6,369,488,398,-548
3,1,0.21104,SAN- 6,369,488,401,-549
3,2,0.211069,SAN- 6,369,488,404,-551
3,2,0.211104,SAN- 6,369,488,407,-553
2,2,0.211127,SAN- 6,369,488,409,-555
3,2,0.211145,SAN- 6,369,488,412,-557
3,2,0.211156,SAN- 6,369,488,415,-559
3,1,0.211232,SAN- 6,369,488,418,-560
2,1,0.211249,SAN- 6,369,488,420,-561
3,2,0.211284,SAN- 6,369,488,423,-563
6,1,0.211313,SAN- 6,369,488,429,-564
3,1,0.211342,SAN- 6,369,488,432,-565
2,1,0.211383,SAN- 6,369,488,434,-566
3,2,0.211406,SAN- 6,369,488,437,-568
3,4,0.211441,SAN- 6,369,488,440,-572
6,2,0.211464,SAN- 6,369,488,446,-574
3,3,0.211493,SAN- 6,369,488,449,-577
2,6,0.211534,SAN- 6,369,488,451,-583
6,3,0.211557,SAN- 6,369,488,457,-586
3,3,0.211598,SAN- 6,369,488,460,-589
3,2,0.211609,SAN- 6,369,488,463,-591
2,3,0.211644,SAN- 6,369,488,465,-594
3,3,0.211667,SAN- 6,369,488,468,-597
2,3,0.211685,SAN- 6,369,488,470,-600
2,3,0.211708,SAN- 6,369,488,472,-603
2,2,0.211731,SAN- 6,369,488,474,-605
2,3,0.211772,SAN- 6,369,488,476,-608
2,3,0.211807,SAN- 6,369,488,478,-611
2,5,0.211836,SAN- 6,369,488,480,-616
1,1,0.211853,SAN- 6,369,488,481,-617
1,1,0.211917,SAN- 6,369,488,482,-618
1,-1,0.215689,-TIA- 7,69,149,483,-617
-1,-2,0.215754,-TIA- 7,69,149,482,-615
-1,-2,0.215783,-TIA- 7,69,149,481,-613
-1,-2,0.215818,-TIA- 7,69,149,480,-611
-1,-1,0.216097,-TIA- 7,69,149,479,-610
-2,-1,0.216102,-TIA- 7,69,149,477,-609
-2,-2,0.21612,-TIA- 7,69,149,475,-607
-3,-2,0.216155,-TIA- 7,69,149,472,-605
-3,-2,0.216166,-TIA- 7,69,149,469,-603
-2,-3,0.216207,-TIA- 7,69,149,467,-600
-3,-2,0.216242,-TIA- 7,69,149,464,-598
-3,-3,0.216253,-TIA- 7,69,149,461,-595
-3,-3,0.216271,-TIA- 7,69,149,458,-592
-3,-3,0.216305,-TIA- 7,69,149,455,-589
-2,-3,0.216335,-TIA- 7,69,149,453,-586
-3,-2,0.216358,-TIA- 7,69,149,450,-584
-2,-3,0.216393,-TIA- 7,69,149,448,-581
-2,-3,0.21641,-TIA- 7,69,149,446,-578
-2,-3,0.216422,-TIA- 7,69,149,444,-575
-2,-3,0.216456,-TIA- 7,69,149,442,-572
-2,-2,0.216485,-TIA- 7,69,149,440,-570
-2,-2,0.21652,-TIA- 7,69,149,438,-568
-1,-2,0.216543,-TIA- 7,69,149,437,-566
-2,-2,0.216549,-TIA- 7,69,149,435,-564
-2,-2,0.216573,-TIA- 7,69,149,433,-562
-2,-2,0.216607,-TIA- 7,69,149,431,-560
-2,-2,0.21664,-TIA- 7,69,149,429,-558
-2,-2,0.21666,-TIA- 7,69,149,427,-556
-2,-1,0.216671,-TIA- 7,69,149,425,-555
-2,-2,0.2167,-TIA- 7,69,149,423,-553
-1,-2,0.216735,-TIA- 7,69,149,422,-551
-2,-2,0.216758,-TIA- 7,69,149,420,-549
-2,-2,0.216781,-TIA- 7,69,149,418,-547
-2,-2,0.216805,-TIA- 7,69,149,416,-545
-2,-2,0.216822,-TIA- 7,69,149,414,-543
-2,-2,0.216857,-TIA- 7,69,149,412,-541
-3,-1,0.216886,-TIA- 7,69,149,409,-540
-2,-2,0.216921,-TIA- 7,69,149,407,-538
-3,-2,0.216944,-TIA- 7,69,149,404,-536
-2,-2,0.216961,-TIA- 7,69,149,402,-534
-2,-2,0.216973,-TIA- 7,69,149,400,-532
-2,-2,0.217008,-TIA- 7,69,149,398,-530
-2,-2,0.217031,-TIA- 7,69,149,396,-528
-2,-2,0.217072,-TIA- 7,69,149,394,-526
-2,-3,0.217105,-TIA- 7,69,149,392,-523
-6,-2,0.217136,-TIA- 7,69,149,386,-521
-3,-2,0.217159,-TIA- 7,69,149,383,-519
-3,-2,0.217194,-TIA- 7,69,149,380,-517
-3,-3,0.217223,-TIA- 7,69,149,377,-514
-4,-5,0.217258,-TIA- 7,69,149,373,-509
-8,-3,0.217287,-TIA- 7,69,149,365,-506
-3,-3,0.21731,-TIA- 7,69,149,362,-503
-4,-3,0.217339,-TIA- 7,69,149,358,-500
-4,-3,0.217368,-TIA- 7,69,149,354,-497
-4,-2,0.217408,-TIA- 7,69,149,350,-495
-3,-3,0.217414,-TIA- 7,69,149,347,-492
-4,-3,0.217442,-TIA- 7,69,149,343,-489
-4,-3,0.217472,-TIA- 7,69,149,339,-486
-3,-3,0.217496,-TIA- 7,69,149,336,-483
-2,-3,0.217519,-TIA- 7,69,149,334,-480
-3,-2,0.217554,-TIA- 7,69,149,331,-478
-3,-3,0.217559,-TIA- 7,69,149,328,-475
-3,-3,0.217583,-TIA- 7,69,149,325,-472
-3,-3,0.217623,-TIA- 7,69,149,322,-469
-3,-3,0.217646,-TIA- 7,69,149,319,-466
-2,-2,0.21767,-TIA- 7,69,149,317,-464
-3,-3,0.217704,-TIA- 7,69,149,314,-461
-3,-3,0.21771,-TIA- 7,69,149,311,-458
-3,-3,0.217734,-TIA- 7,69,149,308,-455
-3,-3,0.217768,-TIA- 7,69,149,305,-452
-1,-2,0.217792,-TIA- 7,69,149,304,-450
-2,-3,0.217826,-TIA- 7,69,149,302,-447
-2,-3,0.217855,-TIA- 7,69,149,300,-444
-2,-3,0.217861,-TIA- 7,69,149,298,-441
-2,-3,0.21789,-TIA- 7,69,149,296,-438
-2,-3,0.217919,-TIA- 7,69,149,294,-435
-2,-2,0.217953,-TIA- 7,69,149,292,-433
-2,-3,0.217977,-TIA- 7,69,149,290,-430
-1,-3,0.218006,-TIA- 7,69,149,289,-427
-2,-3,0.218017,-TIA- 7,69,149,287,-424
-2,-3,0.218047,-TIA- 7,69,149,285,-421
-2,-2,0.21807,-TIA- 7,69,149,283,-419
-2,-3,0.218105,-TIA- 7,69,149,281,-416
-2,-3,0.218134,-TIA- 7,69,149,279,-413
-3,-3,0.218157,-TIA- 7,69,149,276,-410
-2,-3,0.218169,-TIA- 7,69,149,274,-407
-3,-2,0.218192,-TIA- 7,69,149,271,-405
-3,-3,0.218215,-TIA- 7,69,149,268,-402
-3,-3,0.218256,-TIA- 7,69,149,265,-399
-3,-3,0.218291,-TIA- 7,69,149,262,-396
-3,-3,0.218297,-TIA- 7,69,149,259,-393
-2,-3,0.218326,-TIA- 7,69,149,257,-390
-3,-2,0.218343,-TIA- 7,69,149,254,-388
-2,-3,0.218366,-TIA- 7,69,149,252,-385
-2,-2,0.218407,-TIA- 7,69,149,250,-383
-2,-2,0.21843,-TIA- 7,69,149,248,-381
-2,-2,0.218442,-TIA- 7,69,149,246,-379
-1,-2,0.218482,-TIA- 7,69,149,245,-377
-2,-2,0.218494,-TIA- 7,69,149,243,-375
-2,-1,0.218523,-TIA- 7,69,149,241,-374
-2,-2,0.218551,-TIA- 7,69,149,239,-372
-2,-2,0.218587,-TIA- 7,69,149,237,-370
-2,-2,0.218598,-TIA- 7,69,149,235,-368
-2,-2,0.218616,-TIA- 7,69,149,233,-366
-2,-2,0.218657,-TIA- 7,69,149,231,-364
-1,-2,0.21868,-TIA- 7,69,149,230,-362
-2,-2,0.218703,-TIA- 7,69,149,228,-360
-2,-3,0.218744,-TIA- 7,69,149,226,-357
-4,-2,0.218771,-TIA- 7,69,149,222,-355
-2,-2,0.218807,-TIA- 7,69,149,220,-353
-2,-3,0.218825,-TIA- 7,69,149,218,-350
-3,-5,0.21886,-TIA- 7,69,149,215,-345
-5,-3,0.218895,-TIA- 7,69,149,210,-342
-3,-3,0.218918,-TIA- 7,69,149,207,-339
-3,-3,0.218941,-TIA- 7,69,149,204,-336
-3,-3,0.21897,-TIA- 7,69,149,201,-333
-1,-3,0.219005,-TIA- 7,69,149,200,-330
-2,-2,0.219011,-TIA- 7,69,149,198,-328
-2,-3,0.219034,-TIA- 7,69,149,196,-325
-2,-3,0.219069,-TIA- 7,69,149,194,-322
-2,-3,0.219098,-TIA- 7,69,149,192,-319
-2,-3,0.219127,-TIA- 7,69,149,190,-316
-2,-2,0.219156,-TIA- 7,69,149,188,-314
-2,-3,0.219173,-TIA- 7,69,149,186,-311
-1,-3,0.219191,-TIA- 7,69,149,185,-308
-2,-3,0.21922,-TIA- 7,69,149,183,-305
-2,-3,0.219243,-TIA- 7,69,149,181,-302
-2,-2,0.219278,-TIA- 7,69,149,179,-300
-2,-3,0.219307,-TIA- 7,69,149,177,-297
-2,-3,0.219312,-TIA- 7,69,149,175,-294
-2,-3,0.219341,-TIA- 7,69,149,173,-291
-2,-3,0.219382,-TIA- 7,69,149,171,-288
-1,-3,0.219394,-TIA- 7,69,149,170,-285
-2,-2,0.219429,-TIA- 7,69,149,168,-283
-2,-6,0.219469,-TIA- 7,69,149,166,-277
-4,-3,0.219498,-TIA- 7,69,149,162,-274
-2,-3,0.219521,-TIA- 7,69,149,160,-271
-2,-2,0.21955,-TIA- 7,69,149,158,-269
-2,-3,0.21958,-TIA- 7,69,149,156,-266
-1,-2,0.219614,-TIA- 7,69,149,155,-264
-2,-2,0.21962,-TIA- 7,69,149,153,-262
-2,-2,0.219643,-TIA- 7,69,149,151,-260
-2,-2,0.219678,-TIA- 7,69,149,149,-258
-2,-2,0.219701,-TIA- 7,69,149,147,-256
-2,-1,0.219725,-TIA- 7,69,149,145,-255
-3,-2,0.219742,-TIA- 7,69,149,142,-253
-2,-2,0.219771,-TIA- 7,69,149,140,-251
-3,-2,0.219794,-TIA- 7,69,149,137,-249
-3,-2,0.219829,-TIA- 7,69,149,134,-247
-3,-2,0.219858,-TIA- 7,69,149,131,-245
-3,-4,0.219893,-TIA- 7,69,149,128,-241
-5,-1,0.219922,-TIA- 7,69,149,123,-240
-2,-1,0.219963,-TIA- 7,69,149,121,-239
-2,-1,0.220006,-TIA- 7,69,149,119,-238
-2,-2,0.220038,-TIA- 7,69,149,117,-236
-4,-1,0.220067,-TIA- 7,69,149,113,-235
-1,-1,0.220093,-TIA- 7,69,149,112,-234
-2,-1,0.220119,-TIA- 7,69,149,110,-233
-2,-1,0.220148,-TIA- 7,69,149,108,-232
-2,-1,0.220183,-TIA- 7,69,149,106,-231
-2,-1,0.220189,-TIA- 7,69,149,104,-230
-2,-1,0.220224,-TIA- 7,69,149,102,-229
-2,-1,0.220247,-TIA- 7,69,149,100,-228
-2,-1,0.22027,-TIA- 7,69,149,98,-227
-1,-1,0.220299,-TIA- 7,69,149,97,-226
-2,-1,0.220317,-TIA- 7,69,149,95,-225
-2,-1,0.220375,-TIA- 7,69,149,93,-224
-2,-1,0.220398,-TIA- 7,69,149,91,-223
-2,-1,0.220421,-TIA- 7,69,149,89,-222
-2,-1,0.220456,-TIA- 7,69,149,87,-221
-2,-1,0.220468,-TIA- 7,69,149,85,-220
-1,-1,0.220491,-TIA- 7,69,149,84,-219
-2,-1,0.220518,-TIA- 7,69,149,82,-218
-2,-1,0.220549,-TIA- 7,69,149,80,-217
-2,-1,0.220584,-TIA- 7,69,149,78,-216
-2,-1,0.220607,-TIA- 7,69,149,76,-215
-2,-1,0.220636,-TIA- 7,69,149,74,-214
-2,-1,0.220648,-TIA- 7,69,149,72,-213
-2,-1,0.220671,-TIA- 7,69,149,70,-212
-1,-1,0.2207,-TIA- 7,69,149,69,-211
-2,-2,0.220758,-TIA- 7,69,149,67,-209
-2,-2,0.220787,-TIA- 7,69,149,65,-207
-2,-2,0.220799,-TIA- 7,69,149,63,-205
-2,-2,0.220822,-TIA- 7,69,149,61,-203
-2,-2,0.220855,-TIA- 7,69,149,59,-201
-2,-2,0.220886,-TIA- 7,69,149,57,-199
-1,-2,0.22092,-TIA- 7,69,149,56,-197
-2,-1,0.220944,-TIA- 7,69,149,54,-196
-2,-2,0.220955,-TIA- 7,69,149,52,-194
-2,-2,0.220973,-TIA- 7,69,149,50,-192
-2,-2,0.221008,-TIA- 7,69,149,48,-190
-2,-2,0.221031,-TIA- 7,69,149,46,-188
-1,-2,0.221071,-TIA- 7,69,149,45,-186
-1,-2,0.2211,-TIA- 7,69,149,44,-184
-1,-2,0.221112,-TIA- 7,69,149,43,-182
-1,-1,0.221135,-TIA- 7,69,149,42,-181
-1,-2,0.221158,-TIA- 7,69,149,41,-179
-1,-2,0.221187,-TIA- 7,69,149,40,-177
-1,-2,0.221199,-TIA- 7,69,149,39,-175
-1,-2,0.221228,-TIA- 7,69,149,38,-173
-1,-2,0.221251,-TIA- 7,69,149,37,-171
-1,-2,0.221292,-TIA- 7,69,149,36,-169
-1,-2,0.221315,-TIA- 7,69,149,35,-167
-1,-1,0.221344,-TIA- 7,69,149,34,-166
-1,-2,0.22135,-TIA- 7,69,149,33,-164
-1,-2,0.221379,-TIA- 7,69,149,32,-162
-1,-2,0.221408,-TIA- 7,69,149,31,-160
-2,-2,0.221437,-TIA- 7,69,149,29,-158
-2,-2,0.221455,-TIA- 7,69,149,27,-156
-1,-2,0.221478,-TIA- 7,69,149,26,-154
-2,-2,0.221513,-TIA- 7,69,149,24,-152
-2,-1,0.221536,-TIA- 7,69,149,22,-151
-3,-2,0.221565,-TIA- 7,69,149,19,-149
-3,-2,0.221588,-TIA- 7,69,149,16,-147
-3,-2,0.221623,-TIA- 7,69,149,13,-145
-2,-2,0.221629,-TIA- 7,69,149,11,-143
-3,-2,0.221652,GO 8,64,475,8,-141
-2,-2,0.221687,GO 8,64,475,6,-139
-2,-2,0.221716,GO 8,64,475,4,-137
-2,-1,0.221739,GO 8,64,475,2,-136
-2,-2,0.221774,GO 8,64,475,0,-134
-2,-2,0.22178,GO 8,64,475,-2,-132
-1,-1,0.221814,GO 8,64,475,-3,-131
-1,-1,0.221838,GO 8,64,475,-4,-130
-1,-1,0.221872,GO 8,64,475,-5,-129
-1,-1,0.221901,GO 8,64,475,-6,-128
-1,-2,0.221936,GO 8,64,475,-7,-126
-2,-2,0.221965,GO 8,64,475,-9,-124
-2,-2,0.222,GO 8,64,475,-11,-122
-2,-2,0.222023,GO 8,64,475,-13,-120
-2,-2,0.222052,GO 8,64,475,-15,-118
-2,-2,0.222061,GO 8,64,475,-17,-116
-1,-1,0.222087,GO 8,64,475,-18,-115
-1,-2,0.222116,GO 8,64,475,-19,-113
-1,-2,0.222151,GO 8,64,475,-20,-111
-1,-2,0.222192,GO 8,64,475,-21,-109
-1,-1,0.222203,GO 8,64,475,-22,-108
-1,-1,0.222215,GO 8,64,475,-23,-107
-1,1,0.222295,GO 8,64,475,-24,-108
-1,1,0.222325,GO 8,64,475,-25,-109
-1,2,0.222331,GO 8,64,475,-26,-111
-1,3,0.222366,GO 8,64,475,-27,-114
-1,3,0.222389,GO 8,64,475,-28,-117
-1,3,0.222422,GO 8,64,475,-29,-120
-1,3,0.222453,GO 8,64,475,-30,-123
-1,4,0.222459,GO 8,64,475,-31,-127
-1,4,0.222488,GO 8,64,475,-32,-131
-1,4,0.222517,GO 8,64,475,-33,-135
-1,3,0.222552,GO 8,64,475,-34,-138
-1,4,0.222575,GO 8,64,475,-35,-142
-1,4,0.222604,GO 8,64,475,-36,-146
-1,4,0.222616,GO 8,64,475,-37,-150
-1,3,0.22265,GO 8,64,475,-38,-153
-1,4,0.222668,GO 8,64,475,-39,-157
-1,4,0.222703,GO 8,64,475,-40,-161
-1,4,0.222732,GO 8,64,475,-41,-165
-1,3,0.222761,GO 8,64,475,-42,-168
-1,4,0.222772,GO 8,64,475,-43,-172
-1,4,0.22279,GO 8,64,475,-44,-176
-1,4,0.222819,GO 8,64,475,-45,-180
-1,3,0.222854,GO 8,64,475,-46,-183
-1,4,0.222888,GO 8,64,475,-47,-187
-1,8,0.222923,GO 8,64,475,-48,-195
-2,3,0.222946,GO 8,64,475,-50,-198
-2,4,0.22297,GO 8,64,475,-52,-202
-1,4,0.222999,GO 8,64,475,-53,-206
-2,4,0.223033,GO 8,64,475,-55,-210
-2,3,0.223057,GO 8,64,475,-57,-213
-2,4,0.223074,GO 8,64,475,-59,-217
-3,4,0.223107,GO 8,64,475,-62,-221
-3,4,0.223138,GO 8,64,475,-65,-225
-2,3,0.223161,GO 8,64,475,-67,-228
-4,4,0.223195,GO 8,64,475,-71,-232
-4,4,0.223202,GO 8,64,475,-75,-236
-4,4,0.223225,GO 8,64,475,-79,-240
-3,3,0.22326,GO 8,64,475,-82,-243
-4,4,0.223289,GO 8,64,475,-86,-247
-4,4,0.223306,GO 8,64,475,-90,-251
-4,4,0.223312,GO 8,64,475,-94,-255
-3,3,0.223347,GO 8,64,475,-97,-258
-2,4,0.22337,GO 8,64,475,-99,-262
-3,4,0.223403,GO 8,64,475,-102,-266
-3,4,0.223434,GO 8,64,475,-105,-270
-3,7,0.223467,GO 8,64,475,-108,-277
-5,4,0.223498,GO 8,64,475,-113,-281
-3,4,0.223521,GO 8,64,475,-116,-285
-3,3,0.223556,GO 8,64,475,-119,-288
-3,4,0.223579,GO 8,64,475,-122,-292
-2,4,0.22362,GO 8,64,475,-124,-296
-2,4,0.223626,GO 8,64,475,-126,-300
-1,3,0.223649,GO 8,64,475,-127,-303
-1,4,0.223684,GO 8,64,475,-128,-307
-1,4,0.223713,GO 8,64,475,-129,-311
-1,4,0.22373,GO 8,64,475,-130,-315
-1,3,0.223747,GO 8,64,475,-131,-318
-1,4,0.223771,GO 8,64,475,-132,-322
-1,4,0.2238,GO 8,64,475,-133,-326
-1,4,0.223835,GO 8,64,475,-134,-330
-1,3,0.223864,GO 8,64,475,-135,-333
-1,4,0.223875,GO 8,64,475,-136,-337
-1,4,0.223898,GO 8,64,475,-137,-341
-1,4,0.223927,GO 8,64,475,-138,-345
-1,3,0.223968,GO 8,64,475,-139,-348
-1,4,0.223985,GO 8,64,475,-140,-352
-1,4,0.22402,GO 8,64,475,-141,-356
-1,4,0.224026,GO 8,64,475,-142,-360
-1,3,0.224049,GO 8,64,475,-143,-363
-1,4,0.224084,GO 8,64,475,-144,-367
-1,4,0.224113,GO 8,64,475,-145,-371
-1,4,0.224125,GO 8,64,475,-146,-375
-1,3,0.224171,GO 8,64,475,-147,-378
-1,4,0.224177,GO 8,64,475,-148,-382
1,4,0.2242,GO 8,64,475,-147,-386
1,4,0.224235,GO 8,64,475,-146,-390
1,3,0.224264,GO 8,64,475,-145,-393
2,4,0.224282,GO 8,64,475,-143,-397
1,8,0.224328,GO 8,64,475,-142,-405
4,3,0.224357,GO 8,64,475,-138,-408
2,4,0.224386,GO 8,64,475,-136,-412
2,4,0.224415,GO 8,64,475,-134,-416
2,4,0.224427,GO 8,64,475,-132,-420
2,3,0.22445,GO 8,64,475,-130,-423
2,4,0.224479,GO 8,64,475,-128,-427
1,4,0.224514,GO 8,64,475,-127,-431
2,4,0.224537,GO 8,64,475,-125,-435
2,3,0.22456,GO 8,64,475,-123,-438
2,4,0.224566,GO 8,64,475,-121,-442
2,4,0.224601,GO 8,64,475,-119,-446
2,4,0.224624,GO 8,64,475,-117,-450
2,3,0.224653,GO 8,64,475,-115,-453
1,4,0.224688,GO 8,64,475,-114,-457
2,4,0.224711,GO 8,64,475,-112,-461
2,4,0.224723,GO 8,64,475,-110,-465
2,3,0.224746,GO 8,64,475,-108,-468
2,4,0.224775,GO 8,64,475,-106,-472
2,4,0.224798,GO 8,64,475,-104,-476
2,4,0.224839,GO 8,64,475,-102,-480
2,3,0.224879,GO 8,64,475,-100,-483
1,4,0.224879,GO 8,64,475,-99,-487
2,4,0.224897,GO 8,64,475,-97,-491
2,4,0.22492,GO 8,64,475,-95,-495
2,3,0.224953,GO 8,64,475,-93,-498
2,4,0.224996,GO 8,64,475,-91,-502
2,6,0.225025,GO 8,64,475,-89,-508
2,2,0.225054,GO 8,64,475,-87,-510
2,1,0.225112,GO 8,64,475,-85,-511
2,1,0.225129,GO 8,64,475,-83,-512
