deltaX,deltaY,WHEN,SYLLABLE,XofButton,YofButton,XofTrace,YofTrace
-1,-1,0.0335935,Yield,0,0,-1,1
-1,-2,0.0336167,Yield,0,0,-2,3
-2,-2,0.0336573,Yield,0,0,-4,5
-2,-2,0.0336689,Yield,0,0,-6,7
-3,-5,0.0337096,Yield,0,0,-9,12
-5,-3,0.0337444,Yield,0,0,-14,15
-4,-3,0.0337734,Yield,0,0,-18,18
-4,-6,0.0338083,Yield,0,0,-22,24
-7,-2,0.0338431,Yield,0,0,-29,26
-4,-3,0.0338779,Yield,0,0,-33,29
-4,-6,0.0339185,Yield,0,0,-37,35
-7,-3,0.0339476,Yield,0,0,-44,38
-4,-2,0.0339766,Yield,0,0,-48,40
-4,-3,0.0340114,Yield,0,0,-52,43
-4,-6,0.0340405,Yield,0,0,-56,49
-7,-3,0.0340753,Yield,0,0,-63,52
-4,-5,0.0341159,Yield,0,0,-67,57
-7,-3,0.0341449,Yield,0,0,-74,60
-4,-3,0.0341798,Yield,0,0,-78,63
-4,-3,0.0342088,Yield,0,0,-82,66
-4,-3,0.0342262,Yield,0,0,-86,69
-3,-2,0.0342552,Yield,0,0,-89,71
-4,-3,0.0342727,Yield,0,0,-93,74
-4,-3,0.0342843,Yield,0,0,-97,77
-4,-2,0.0343017,Yield,0,0,-101,79
-3,-2,0.0343481,Yield,0,0,-104,81
-4,-1,0.0343539,Yield,0,0,-108,82
-4,1,0.0343829,Yield,0,0,-112,81
-4,2,0.034412,Yield,0,0,-116,79
-3,2,0.0344294,Yield,0,0,-119,77
-4,3,0.034441,Yield,0,0,-123,74
-3,3,0.03447,Yield,0,0,-126,71
-3,2,0.0344932,Yield,0,0,-129,69
-2,2,0.0345165,Yield,0,0,-131,67
-1,1,0.0345298,Yield,0,0,-132,66
-1,1,0.0345571,Yield,0,0,-133,65
-1,1,0.0345919,Yield,0,0,-134,64
-1,1,0.0352537,Yield,0,0,-135,63
-1,1,0.0352595,Yield,0,0,-136,62
-1,2,0.0352827,Yield,0,0,-137,60
-1,2,0.0353059,Yield,0,0,-138,58
-1,1,0.0353408,Yield,0,0,-139,57
-1,2,0.035364,Yield,0,0,-140,55
-1,2,0.0353988,Yield,0,0,-141,53
-1,2,0.0354046,Yield,0,0,-142,51
-1,2,0.0354278,Yield,0,0,-143,49
1,2,0.0354685,Yield,0,0,-142,47
1,2,0.0354917,Yield,0,0,-141,45
1,2,0.0355149,Yield,0,0,-140,43
1,1,0.0355323,Yield,0,0,-139,42
1,2,0.0355556,Yield,0,0,-138,40
1,2,0.0355788,Yield,0,0,-137,38
1,2,0.0356136,Yield,0,0,-136,36
1,2,0.0356542,Yield,0,0,-135,34
1,1,0.0357181,Yield,0,0,-134,33
1,1,0.0357471,Yield,0,0,-133,32
-1,1,0.0357645,Yield,0,0,-134,31
-2,2,0.0358052,Yield,0,0,-136,29
-2,2,0.0358342,Yield,0,0,-138,27
-2,3,0.035869,Yield,0,0,-140,24
-3,3,0.0358922,Yield,0,0,-143,21
-3,3,0.0359155,Yield,0,0,-146,18
-3,3,0.0359503,Yield,0,0,-149,15
-2,4,0.0359561,Yield,0,0,-151,11
-2,4,0.0359793,Yield,0,0,-153,7
-1,4,0.0360141,Yield,0,0,-154,3
-1,2,0.0360432,Yield,0,0,-155,1
-1,2,0.0360664,Yield,0,0,-156,-1
-1,2,0.0360838,Yield,0,0,-157,-3
-1,2,0.0361128,Yield,0,0,-158,-5
-1,1,0.0361302,Yield,0,0,-159,-6
-1,1,0.0361651,Yield,0,0,-160,-7
1,1,0.0371926,Yield,0,0,-159,-8
1,4,0.037268,Yield,0,0,-158,-12
1,1,0.0372971,Yield,0,0,-157,-13
1,2,0.0373319,Yield,0,0,-156,-15
1,4,0.0373609,Yield,0,0,-155,-19
2,2,0.0374015,Yield,0,0,-153,-21
2,2,0.0374132,Yield,0,0,-151,-23
2,1,0.0374422,Yield,0,0,-149,-24
2,1,0.0374654,Yield,0,0,-147,-25
2,1,0.0374944,Yield,0,0,-145,-26
1,-1,0.0443385,FRAY 1,87,416,-144,-25
1,-1,0.0443907,FRAY 1,87,416,-143,-24
1,-1,0.0444024,FRAY 1,87,416,-142,-23
1,-1,0.0444256,FRAY 1,87,416,-141,-22
-1,-2,0.0444604,FRAY 1,87,416,-142,-20
-1,-1,0.0444894,FRAY 1,87,416,-143,-19
-1,-1,0.0444894,FRAY 1,87,416,-144,-18
-1,1,0.0445475,FRAY 1,87,416,-145,-19
-1,1,0.0445823,FRAY 1,87,416,-146,-20
-1,2,0.0446113,FRAY 1,87,416,-147,-22
-1,3,0.0446346,FRAY 1,87,416,-148,-25
1,3,0.0446447,FRAY 1,87,416,-147,-28
2,4,0.0446636,FRAY 1,87,416,-145,-32
2,3,0.0446984,FRAY 1,87,416,-143,-35
2,4,0.0447332,FRAY 1,87,416,-141,-39
2,4,0.0447623,FRAY 1,87,416,-139,-43
2,4,0.0447797,FRAY 1,87,416,-137,-47
2,2,0.0447971,FRAY 1,87,416,-135,-49
2,3,0.0448203,FRAY 1,87,416,-133,-52
1,3,0.0448319,FRAY 1,87,416,-132,-55
2,2,0.044861,FRAY 1,87,416,-130,-57
2,2,0.04489,FRAY 1,87,416,-128,-59
1,1,0.0449248,FRAY 1,87,416,-127,-60
2,1,0.0449712,FRAY 1,87,416,-125,-61
2,1,0.0450003,FRAY 1,87,416,-123,-62
1,1,0.0450351,FRAY 1,87,416,-122,-63
2,4,0.0450815,FRAY 1,87,416,-120,-67
5,2,0.0451106,FRAY 1,87,416,-115,-69
2,2,0.045128,FRAY 1,87,416,-113,-71
1,3,0.045157,FRAY 1,87,416,-112,-74
1,2,0.045186,FRAY 1,87,416,-111,-76
-1,3,0.0452034,FRAY 1,87,416,-112,-79
-2,4,0.0452267,FRAY 1,87,416,-114,-83
-2,4,0.0452557,FRAY 1,87,416,-116,-87
-2,3,0.0452905,FRAY 1,87,416,-118,-90
-2,4,0.0453137,FRAY 1,87,416,-120,-94
-2,4,0.045337,FRAY 1,87,416,-122,-98
-1,4,0.0453544,FRAY 1,87,416,-123,-102
-2,3,0.0453718,FRAY 1,87,416,-125,-105
-2,4,0.045395,FRAY 1,87,416,-127,-109
-2,4,0.045424,FRAY 1,87,416,-129,-113
-2,4,0.0454705,FRAY 1,87,416,-131,-117
-2,7,0.0454995,FRAY 1,87,416,-133,-124
-3,4,0.0455227,FRAY 1,87,416,-136,-128
-3,4,0.0455459,FRAY 1,87,416,-139,-132
-3,3,0.0455808,FRAY 1,87,416,-142,-135
-3,2,0.0455924,FRAY 1,87,416,-145,-137
1,3,0.0456214,FRAY 1,87,416,-144,-140
2,3,0.0456562,FRAY 1,87,416,-142,-143
2,3,0.0456737,FRAY 1,87,416,-140,-146
2,3,0.0456969,FRAY 1,87,416,-138,-149
2,2,0.0457317,FRAY 1,87,416,-136,-151
2,3,0.0457491,FRAY 1,87,416,-134,-154
2,3,0.0457723,FRAY 1,87,416,-132,-157
1,4,0.0458014,FRAY 1,87,416,-131,-161
1,4,0.0458246,FRAY 1,87,416,-130,-165
1,3,0.0458594,FRAY 1,87,416,-129,-168
1,4,0.0458826,FRAY 1,87,416,-128,-172
1,4,0.0459,FRAY 1,87,416,-127,-176
1,4,0.0459233,FRAY 1,87,416,-126,-180
1,3,0.0459465,FRAY 1,87,416,-125,-183
-1,4,0.0459806,FRAY 1,87,416,-126,-187
-1,4,0.0460103,FRAY 1,87,416,-127,-191
-1,4,0.0460452,FRAY 1,87,416,-128,-195
-1,3,0.0460568,FRAY 1,87,416,-129,-198
-1,4,0.0460742,FRAY 1,87,416,-130,-202
-1,4,0.046109,FRAY 1,87,416,-131,-206
-1,4,0.0461322,FRAY 1,87,416,-132,-210
1,3,0.0461613,FRAY 1,87,416,-131,-213
1,4,0.0461787,FRAY 1,87,416,-130,-217
1,4,0.0462019,FRAY 1,87,416,-129,-221
1,4,0.0462251,FRAY 1,87,416,-128,-225
1,3,0.0462716,FRAY 1,87,416,-127,-228
1,4,0.0463006,FRAY 1,87,416,-126,-232
2,4,0.0463122,FRAY 1,87,416,-124,-236
2,4,0.0463296,FRAY 1,87,416,-122,-240
2,3,0.0463528,FRAY 1,87,416,-120,-243
2,4,0.0463761,FRAY 1,87,416,-118,-247
2,4,0.0464109,FRAY 1,87,416,-116,-251
3,4,0.0464341,FRAY 1,87,416,-113,-255
3,7,0.0464747,FRAY 1,87,416,-110,-262
5,4,0.0464922,FRAY 1,87,416,-105,-266
2,4,0.0465212,FRAY 1,87,416,-103,-270
1,3,0.0465502,FRAY 1,87,416,-102,-273
2,4,0.0465792,FRAY 1,87,416,-100,-277
2,4,0.0466141,FRAY 1,87,416,-98,-281
2,4,0.0466315,FRAY 1,87,416,-96,-285
1,3,0.0466431,FRAY 1,87,416,-95,-288
1,4,0.0466663,FRAY 1,87,416,-94,-292
2,4,0.0466895,FRAY 1,87,416,-92,-296
2,4,0.0467069,FRAY 1,87,416,-90,-300
2,3,0.0467302,FRAY 1,87,416,-88,-303
1,4,0.0467592,FRAY 1,87,416,-87,-307
2,4,0.0467882,FRAY 1,87,416,-85,-311
2,4,0.0468172,FRAY 1,87,416,-83,-315
2,3,0.0468405,FRAY 1,87,416,-81,-318
2,4,0.0468579,FRAY 1,87,416,-79,-322
2,4,0.0468811,FRAY 1,87,416,-77,-326
2,4,0.0469159,FRAY 1,87,416,-75,-330
2,3,0.0469391,FRAY 1,87,416,-73,-333
3,4,0.0469682,FRAY 1,87,416,-70,-337
3,4,0.0469914,FRAY 1,87,416,-67,-341
3,4,0.0470088,FRAY 1,87,416,-64,-345
3,3,0.047032,FRAY 1,87,416,-61,-348
3,4,0.0470552,FRAY 1,87,416,-58,-352
2,4,0.0470901,FRAY 1,87,416,-56,-356
3,4,0.0471191,FRAY 1,87,416,-53,-360
3,3,0.0471539,FRAY 1,87,416,-50,-363
2,4,0.0471597,FRAY 1,87,416,-48,-367
2,3,0.0471829,FRAY 1,87,416,-46,-370
2,3,0.047212,FRAY 1,87,416,-44,-373
1,2,0.0472463,FRAY 1,87,416,-43,-375
1,3,0.0472758,FRAY 1,87,416,-42,-378
1,3,0.0473049,FRAY 1,87,416,-41,-381
1,2,0.0473165,FRAY 1,87,416,-40,-383
1,2,0.0473397,FRAY 1,87,416,-39,-385
1,2,0.0473687,FRAY 1,87,416,-38,-387
2,2,0.0474035,FRAY 1,87,416,-36,-389
2,1,0.0474369,FRAY 1,87,416,-34,-390
2,2,0.0474442,FRAY 1,87,416,-32,-392
2,3,0.0474674,FRAY 1,87,416,-30,-395
3,3,0.0475022,FRAY 1,87,416,-27,-398
2,3,0.0475254,FRAY 1,87,416,-25,-401
3,3,0.0475545,FRAY 1,87,416,-22,-404
3,3,0.0475893,FRAY 1,87,416,-19,-407
3,4,0.0475951,FRAY 1,87,416,-16,-411
3,4,0.0476299,FRAY 1,87,416,-13,-415
2,4,0.0476415,FRAY 1,87,416,-11,-419
2,3,0.0476764,FRAY 1,87,416,-9,-422
2,4,0.0476996,FRAY 1,87,416,-7,-426
2,4,0.0477054,FRAY 1,87,416,-5,-430
2,4,0.0477402,FRAY 1,87,416,-3,-434
2,2,0.0477634,FRAY 1,87,416,-1,-436
1,3,0.0477867,FRAY 1,87,416,0,-439
1,3,0.0478197,FRAY 1,87,416,1,-442
1,2,0.0478505,FRAY 1,87,416,2,-444
1,2,0.0478621,FRAY 1,87,416,3,-446
1,2,0.0478912,FRAY 1,87,416,4,-448
1,2,0.0479144,FRAY 1,87,416,5,-450
1,1,0.0479492,FRAY 1,87,416,6,-451
2,3,0.0479666,FRAY 1,87,416,8,-454
2,3,0.0480015,FRAY 1,87,416,10,-457
2,4,0.0480131,FRAY 1,87,416,12,-461
3,4,0.0480421,FRAY 1,87,416,15,-465
3,3,0.0480653,FRAY 1,87,416,18,-468
2,4,0.0481001,FRAY 1,87,416,20,-472
2,4,0.0481292,FRAY 1,87,416,22,-476
2,4,0.0481466,FRAY 1,87,416,24,-480
1,3,0.048164,FRAY 1,87,416,25,-483
1,4,0.0481872,FRAY 1,87,416,26,-487
-1,1,0.0482162,FRAY 1,87,416,25,-488
-2,4,0.0482548,FRAY 1,87,416,23,-492
-3,4,0.0482859,FRAY 1,87,416,20,-496
-3,5,0.0483207,FRAY 1,87,416,17,-501
-6,3,0.0483498,FRAY 1,87,416,11,-504
-4,2,0.0483788,FRAY 1,87,416,7,-506
-4,2,0.048402,FRAY 1,87,416,3,-508
-4,2,0.0484368,FRAY 1,87,416,-1,-510
-3,2,0.0484426,FRAY 1,87,416,-4,-512
-4,1,0.0484717,FRAY 1,87,416,-8,-513
-4,3,0.0484891,FRAY 1,87,416,-12,-516
-3,3,0.0485065,FRAY 1,87,416,-15,-519
-1,3,0.0485413,FRAY 1,87,416,-16,-522
-1,4,0.048582,FRAY 1,87,416,-17,-526
-1,7,0.048611,FRAY 1,87,416,-18,-533
-1,4,0.0486458,FRAY 1,87,416,-19,-537
-1,4,0.0486748,FRAY 1,87,416,-20,-541
-1,3,0.0486922,FRAY 1,87,416,-21,-544
-1,4,0.0487213,FRAY 1,87,416,-22,-548
-1,4,0.0487561,FRAY 1,87,416,-23,-552
-1,4,0.0487619,FRAY 1,87,416,-24,-556
-1,3,0.0487967,FRAY 1,87,416,-25,-559
1,4,0.0488258,FRAY 1,87,416,-24,-563
1,3,0.048849,FRAY 1,87,416,-23,-566
1,3,0.0488722,FRAY 1,87,416,-22,-569
2,3,0.0488896,FRAY 1,87,416,-20,-572
2,2,0.0489128,FRAY 1,87,416,-18,-574
2,3,0.0489419,FRAY 1,87,416,-16,-577
2,3,0.0489709,FRAY 1,87,416,-14,-580
2,3,0.0489941,FRAY 1,87,416,-12,-583
1,3,0.0490289,FRAY 1,87,416,-11,-586
1,2,0.0490405,FRAY 1,87,416,-10,-588
1,3,0.0490696,FRAY 1,87,416,-9,-591
-1,3,0.049087,FRAY 1,87,416,-10,-594
-2,3,0.0491218,FRAY 1,87,416,-12,-597
-2,3,0.0491564,FRAY 1,87,416,-14,-600
-3,2,0.0491799,FRAY 1,87,416,-17,-602
-3,3,0.0491973,FRAY 1,87,416,-20,-605
-2,3,0.0492205,FRAY 1,87,416,-22,-608
-3,3,0.0492437,FRAY 1,87,416,-25,-611
-3,4,0.0492727,FRAY 1,87,416,-28,-615
-3,3,0.0493076,FRAY 1,87,416,-31,-618
-2,4,0.0493134,FRAY 1,87,416,-33,-622
-1,4,0.0493482,FRAY 1,87,416,-34,-626
-1,4,0.0493714,FRAY 1,87,416,-35,-630
-1,3,0.0493946,FRAY 1,87,416,-36,-633
1,4,0.0494237,FRAY 1,87,416,-35,-637
1,4,0.049449,FRAY 1,87,416,-34,-641
2,4,0.0494643,FRAY 1,87,416,-32,-645
2,3,0.0494991,FRAY 1,87,416,-30,-648
2,4,0.0495224,FRAY 1,87,416,-28,-652
2,4,0.0495514,FRAY 1,87,416,-26,-656
2,4,0.0495688,FRAY 1,87,416,-24,-660
2,2,0.0496036,FRAY 1,87,416,-22,-662
1,3,0.049621,FRAY 1,87,416,-21,-665
2,3,0.0496443,FRAY 1,87,416,-19,-668
2,3,0.0496733,FRAY 1,87,416,-17,-671
1,2,0.0497081,FRAY 1,87,416,-16,-673
1,2,0.0497371,FRAY 1,87,416,-15,-675
1,1,0.0497488,FRAY 1,87,416,-14,-676
1,1,0.0497952,FRAY 1,87,416,-13,-677
1,-1,0.0596405,SAN- 2,387,311,-12,-676
1,-2,0.0597043,SAN- 2,387,311,-11,-674
1,-2,0.0597159,SAN- 2,387,311,-10,-672
1,-2,0.0597449,SAN- 2,387,311,-9,-670
2,-2,0.0597682,SAN- 2,387,311,-7,-668
2,-3,0.0597914,SAN- 2,387,311,-5,-665
2,-2,0.0598262,SAN- 2,387,311,-3,-663
2,-3,0.0598552,SAN- 2,387,311,-1,-660
2,-3,0.0598668,SAN- 2,387,311,1,-657
2,-3,0.0598901,SAN- 2,387,311,3,-654
2,-3,0.0599249,SAN- 2,387,311,5,-651
1,-2,0.0599539,SAN- 2,387,311,6,-649
2,-3,0.0599771,SAN- 2,387,311,8,-646
2,-3,0.060012,SAN- 2,387,311,10,-643
2,-3,0.0600178,SAN- 2,387,311,12,-640
2,-3,0.060041,SAN- 2,387,311,14,-637
2,-3,0.0600758,SAN- 2,387,311,16,-634
2,-2,0.0601049,SAN- 2,387,311,18,-632
2,-3,0.0601397,SAN- 2,387,311,20,-629
1,-3,0.0601629,SAN- 2,387,311,21,-626
2,-3,0.0601745,SAN- 2,387,311,23,-623
3,-3,0.0601868,SAN- 2,387,311,26,-620
3,-2,0.060221,SAN- 2,387,311,29,-618
3,-3,0.06025,SAN- 2,387,311,32,-615
3,-3,0.0602848,SAN- 2,387,311,35,-612
2,-3,0.0602964,SAN- 2,387,311,37,-609
3,-3,0.060308,SAN- 2,387,311,40,-606
3,-2,0.0603312,SAN- 2,387,311,43,-604
3,-3,0.0603603,SAN- 2,387,311,46,-601
3,-3,0.0603951,SAN- 2,387,311,49,-598
2,-3,0.0604241,SAN- 2,387,311,51,-595
2,-2,0.0604473,SAN- 2,387,311,53,-593
2,-2,0.060459,SAN- 2,387,311,55,-591
2,-1,0.0604822,SAN- 2,387,311,57,-590
1,-1,0.0607608,SAN- 2,387,311,58,-589
1,-1,0.060784,SAN- 2,387,311,59,-588
1,-2,0.0608073,SAN- 2,387,311,60,-586
1,-2,0.0608421,SAN- 2,387,311,61,-584
1,-2,0.0608595,SAN- 2,387,311,62,-582
2,-2,0.0608885,SAN- 2,387,311,64,-580
2,-1,0.0609117,SAN- 2,387,311,66,-579
2,-2,0.060935,SAN- 2,387,311,68,-577
3,-2,0.0609698,SAN- 2,387,311,71,-575
2,-2,0.060993,SAN- 2,387,311,73,-573
3,-2,0.0610046,SAN- 2,387,311,76,-571
3,-2,0.0610395,SAN- 2,387,311,79,-569
3,-2,0.0610685,SAN- 2,387,311,82,-567
3,-2,0.0610917,SAN- 2,387,311,85,-565
2,-1,0.0611207,SAN- 2,387,311,87,-564
3,-4,0.0611614,SAN- 2,387,311,90,-560
6,-2,0.0611846,SAN- 2,387,311,96,-558
3,-2,0.0612194,SAN- 2,387,311,99,-556
3,-2,0.0612426,SAN- 2,387,311,102,-554
2,-2,0.0612775,SAN- 2,387,311,104,-552
3,-2,0.0613065,SAN- 2,387,311,107,-550
3,-1,0.0613123,SAN- 2,387,311,110,-549
3,-2,0.0613355,SAN- 2,387,311,113,-547
3,-2,0.0613703,SAN- 2,387,311,116,-545
2,-2,0.0613936,SAN- 2,387,311,118,-543
3,-2,0.0614168,SAN- 2,387,311,121,-541
3,-2,0.0614574,SAN- 2,387,311,124,-539
2,-2,0.061469,SAN- 2,387,311,126,-537
2,-3,0.0614864,SAN- 2,387,311,128,-534
2,-2,0.0615213,SAN- 2,387,311,130,-532
1,-3,0.0615445,SAN- 2,387,311,131,-529
1,-3,0.0615677,SAN- 2,387,311,132,-526
1,-3,0.0616025,SAN- 2,387,311,133,-523
1,-3,0.0616083,SAN- 2,387,311,134,-520
1,-2,0.0616316,SAN- 2,387,311,135,-518
1,-3,0.0616664,SAN- 2,387,311,136,-515
1,-3,0.0616896,SAN- 2,387,311,137,-512
1,-2,0.0617186,SAN- 2,387,311,138,-510
2,-2,0.0617535,SAN- 2,387,311,140,-508
2,-2,0.0617651,SAN- 2,387,311,142,-506
3,-2,0.0617825,SAN- 2,387,311,145,-504
2,-1,0.0618173,SAN- 2,387,311,147,-503
3,-1,0.0618522,SAN- 2,387,311,150,-502
3,-1,0.0618812,SAN- 2,387,311,153,-501
3,1,0.0619392,SAN- 2,387,311,156,-502
2,1,0.0619683,SAN- 2,387,311,158,-503
3,1,0.0620031,SAN- 2,387,311,161,-504
3,1,0.0620321,SAN- 2,387,311,164,-505
2,-1,0.0622063,SAN- 2,387,311,166,-504
3,-1,0.0622527,SAN- 2,387,311,169,-503
3,-1,0.0622875,SAN- 2,387,311,172,-502
3,-1,0.0622991,SAN- 2,387,311,175,-501
3,-1,0.062334,SAN- 2,387,311,178,-500
2,-1,0.0623572,SAN- 2,387,311,180,-499
3,-1,0.0623804,SAN- 2,387,311,183,-498
3,-1,0.0624094,SAN- 2,387,311,186,-497
3,-1,0.0624327,SAN- 2,387,311,189,-496
3,-1,0.0624559,SAN- 2,387,311,192,-495
2,-1,0.0624849,SAN- 2,387,311,194,-494
3,-1,0.0625081,SAN- 2,387,311,197,-493
3,-1,0.0625429,SAN- 2,387,311,200,-492
3,-1,0.062572,SAN- 2,387,311,203,-491
3,-1,0.0629087,SAN- 2,387,311,206,-490
3,-1,0.0629319,SAN- 2,387,311,209,-489
3,-1,0.0629899,SAN- 2,387,311,212,-488
3,1,0.063106,SAN- 2,387,311,215,-489
3,1,0.0631757,SAN- 2,387,311,218,-490
3,1,0.0632047,SAN- 2,387,311,221,-491
3,1,0.0632105,SAN- 2,387,311,224,-492
3,1,0.0632395,SAN- 2,387,311,227,-493
3,1,0.0632686,SAN- 2,387,311,230,-494
2,1,0.063286,SAN- 2,387,311,232,-495
3,1,0.063315,SAN- 2,387,311,235,-496
3,1,0.0633498,SAN- 2,387,311,238,-497
3,1,0.0633673,SAN- 2,387,311,241,-498
3,1,0.0633905,SAN- 2,387,311,244,-499
2,1,0.0634253,SAN- 2,387,311,246,-500
3,1,0.0634369,SAN- 2,387,311,249,-501
3,1,0.0634717,SAN- 2,387,311,252,-502
3,1,0.0635008,SAN- 2,387,311,255,-503
3,1,0.0635182,SAN- 2,387,311,258,-504
3,1,0.0635646,SAN- 2,387,311,261,-505
3,1,0.0635887,SAN- 2,387,311,264,-506
3,1,0.0636227,SAN- 2,387,311,267,-507
3,1,0.0636575,SAN- 2,387,311,270,-508
3,1,0.0636691,SAN- 2,387,311,273,-509
2,1,0.0636923,SAN- 2,387,311,275,-510
3,1,0.0637156,SAN- 2,387,311,278,-511
3,1,0.0637504,SAN- 2,387,311,281,-512
3,1,0.0637736,SAN- 2,387,311,284,-513
3,1,0.0638084,SAN- 2,387,311,287,-514
2,1,0.0638259,SAN- 2,387,311,289,-515
3,1,0.0638433,SAN- 2,387,311,292,-516
3,1,0.0638712,SAN- 2,387,311,295,-517
3,1,0.0639013,SAN- 2,387,311,298,-518
3,1,0.0639361,SAN- 2,387,311,301,-519
2,1,0.0639768,SAN- 2,387,311,303,-520
6,1,0.064,SAN- 2,387,311,309,-521
3,1,0.0640116,SAN- 2,387,311,312,-522
3,1,0.0640406,SAN- 2,387,311,315,-523
2,1,0.0640755,SAN- 2,387,311,317,-524
3,1,0.0640813,SAN- 2,387,311,320,-525
3,1,0.0641161,SAN- 2,387,311,323,-526
3,1,0.0641393,SAN- 2,387,311,326,-527
3,1,0.0641625,SAN- 2,387,311,329,-528
3,1,0.0641974,SAN- 2,387,311,332,-529
2,1,0.0642264,SAN- 2,387,311,334,-530
3,1,0.064238,SAN- 2,387,311,337,-531
3,1,0.064267,SAN- 2,387,311,340,-532
3,1,0.0642902,SAN- 2,387,311,343,-533
3,1,0.0643135,SAN- 2,387,311,346,-534
3,1,0.0643715,SAN- 2,387,311,349,-535
3,1,0.0643889,SAN- 2,387,311,352,-536
3,1,0.0644122,SAN- 2,387,311,355,-537
3,1,0.0644412,SAN- 2,387,311,358,-538
1,1,0.064476,SAN- 2,387,311,359,-539
3,1,0.0644992,SAN- 2,387,311,362,-540
3,1,0.0645283,SAN- 2,387,311,365,-541
3,2,0.0645399,SAN- 2,387,311,368,-543
2,2,0.0645515,SAN- 2,387,311,370,-545
3,2,0.0645863,SAN- 2,387,311,373,-547
3,2,0.0646153,SAN- 2,387,311,376,-549
3,2,0.0646498,SAN- 2,387,311,379,-551
3,1,0.064656,SAN- 2,387,311,382,-552
2,2,0.0646792,SAN- 2,387,311,384,-554
3,2,0.064714,SAN- 2,387,311,387,-556
3,2,0.0647372,SAN- 2,387,311,390,-558
3,2,0.0647663,SAN- 2,387,311,393,-560
3,3,0.0648011,SAN- 2,387,311,396,-563
3,3,0.0648127,SAN- 2,387,311,399,-566
2,2,0.0648301,SAN- 2,387,311,401,-568
3,3,0.0648649,SAN- 2,387,311,404,-571
3,3,0.064894,SAN- 2,387,311,407,-574
3,3,0.0649114,SAN- 2,387,311,410,-577
3,3,0.0649288,SAN- 2,387,311,413,-580
2,2,0.064952,SAN- 2,387,311,415,-582
3,3,0.0649694,SAN- 2,387,311,418,-585
3,3,0.0649985,SAN- 2,387,311,421,-588
3,2,0.0650333,SAN- 2,387,311,424,-590
3,2,0.0650681,SAN- 2,387,311,427,-592
2,2,0.0650739,SAN- 2,387,311,429,-594
3,2,0.0650971,SAN- 2,387,311,432,-596
3,1,0.0651088,SAN- 2,387,311,435,-597
3,1,0.0651378,SAN- 2,387,311,438,-598
3,1,0.0651726,SAN- 2,387,311,441,-599
3,-1,0.0652365,SAN- 2,387,311,444,-598
3,-1,0.0652597,SAN- 2,387,311,447,-597
3,-1,0.0652887,SAN- 2,387,311,450,-596
3,-1,0.0653061,SAN- 2,387,311,453,-595
2,-2,0.0653351,SAN- 2,387,311,455,-593
3,-2,0.0653642,SAN- 2,387,311,458,-591
3,-2,0.0653874,SAN- 2,387,311,461,-589
3,-2,0.0654106,SAN- 2,387,311,464,-587
3,-2,0.0654396,SAN- 2,387,311,467,-585
2,-2,0.0654512,SAN- 2,387,311,469,-583
3,-2,0.0654745,SAN- 2,387,311,472,-581
3,-1,0.0654977,SAN- 2,387,311,475,-580
3,-2,0.0655325,SAN- 2,387,311,478,-578
3,-2,0.0655557,SAN- 2,387,311,481,-576
2,-2,0.0655964,SAN- 2,387,311,483,-574
1,-2,0.0656022,SAN- 2,387,311,484,-572
2,-2,0.0656312,SAN- 2,387,311,486,-570
2,-2,0.0656486,SAN- 2,387,311,488,-568
1,-2,0.0656834,SAN- 2,387,311,489,-566
1,-1,0.0657125,SAN- 2,387,311,490,-565
1,-2,0.0657473,SAN- 2,387,311,491,-563
1,-2,0.0657647,SAN- 2,387,311,492,-561
1,-2,0.0657821,SAN- 2,387,311,493,-559
1,-2,0.0657995,SAN- 2,387,311,494,-557
1,-2,0.0658344,SAN- 2,387,311,495,-555
2,-2,0.0658634,SAN- 2,387,311,497,-553
1,-1,0.0658924,SAN- 2,387,311,498,-552
2,-1,0.0658982,SAN- 2,387,311,500,-551
2,-1,0.0659563,SAN- 2,387,311,502,-550
2,-1,0.0659795,SAN- 2,387,311,504,-549
2,-1,0.0660027,SAN- 2,387,311,506,-548
2,-1,0.0660317,SAN- 2,387,311,508,-547
2,-1,0.0660492,SAN- 2,387,311,510,-546
1,-1,0.0660724,SAN- 2,387,311,511,-545
1,-1,0.0660956,SAN- 2,387,311,512,-544
1,-2,0.066142,SAN- 2,387,311,513,-542
1,-2,0.0661595,SAN- 2,387,311,514,-540
1,-1,0.0661885,SAN- 2,387,311,515,-539
1,-2,0.0662026,SAN- 2,387,311,516,-537
1,-2,0.0662291,SAN- 2,387,311,517,-535
1,-2,0.0662581,SAN- 2,387,311,518,-533
1,-1,0.0662912,SAN- 2,387,311,519,-532
1,-1,0.0662988,SAN- 2,387,311,520,-531
1,-1,0.0663323,SAN- 2,387,311,521,-530
1,-1,0.0663859,SAN- 2,387,311,522,-529
1,-1,0.0664199,SAN- 2,387,311,523,-528
1,-1,0.0664265,SAN- 2,387,311,524,-527
1,-1,0.0664497,SAN- 2,387,311,525,-526
1,-1,0.0665078,SAN- 2,387,311,526,-525
1,-1,0.0665426,SAN- 2,387,311,527,-524
1,-1,0.0665716,SAN- 2,387,311,528,-523
1,-1,0.0665774,SAN- 2,387,311,529,-522
1,-1,0.0666355,SAN- 2,387,311,530,-521
1,-1,0.0666645,SAN- 2,387,311,531,-520
-1,-1,0.0667109,SAN- 2,387,311,530,-519
-1,-1,0.0667225,SAN- 2,387,311,529,-518
-1,-1,0.0667458,SAN- 2,387,311,528,-517
-1,-1,0.0667748,SAN- 2,387,311,527,-516
-1,-1,0.0668328,SAN- 2,387,311,526,-515
-1,-1,0.0669954,SAN- 2,387,311,525,-514
-1,-1,0.067036,SAN- 2,387,311,524,-513
-1,-1,0.0670592,SAN- 2,387,311,523,-512
-1,-1,0.0670824,SAN- 2,387,311,522,-511
-1,-1,0.0671463,SAN- 2,387,311,521,-510
-1,-1,0.0671521,SAN- 2,387,311,520,-509
-2,-2,0.0671753,SAN- 2,387,311,518,-507
-2,-2,0.0672102,SAN- 2,387,311,516,-505
-2,-1,0.0672392,SAN- 2,387,311,514,-504
-2,-2,0.0672798,SAN- 2,387,311,512,-502
-1,-1,0.0673263,SAN- 2,387,311,511,-501
-1,-1,0.0676165,SAN- 2,387,311,510,-500
-1,-1,0.0676397,SAN- 2,387,311,509,-499
-3,-2,0.0676804,SAN- 2,387,311,506,-497
-3,-2,0.0677036,SAN- 2,387,311,503,-495
-3,-2,0.0677094,SAN- 2,387,311,500,-493
-3,-2,0.0677326,SAN- 2,387,311,497,-491
-2,-1,0.0677616,SAN- 2,387,311,495,-490
-3,-2,0.0677907,SAN- 2,387,311,492,-488
-3,-2,0.0678255,SAN- 2,387,311,489,-486
-3,-2,0.0678603,SAN- 2,387,311,486,-484
-4,-1,0.0678951,SAN- 2,387,311,482,-483
-1,-1,0.0679068,SAN- 2,387,311,481,-482
-1,-1,0.0679416,SAN- 2,387,311,480,-481
-1,-1,0.0680054,SAN- 2,387,311,479,-480
-1,-1,0.0680112,SAN- 2,387,311,478,-479
-1,-1,0.0680345,SAN- 2,387,311,477,-478
-1,-1,0.0680577,SAN- 2,387,311,476,-477
-1,-1,0.0680925,SAN- 2,387,311,475,-476
-1,-1,0.0681506,SAN- 2,387,311,474,-475
-1,-1,0.0681564,SAN- 2,387,311,473,-474
-1,-1,0.0681796,SAN- 2,387,311,472,-473
-1,-1,0.0682086,SAN- 2,387,311,471,-472
-2,-2,0.0682318,SAN- 2,387,311,469,-470
-2,-1,0.0682667,SAN- 2,387,311,467,-469
-2,-2,0.0682899,SAN- 2,387,311,465,-467
-2,-2,0.0683073,SAN- 2,387,311,463,-465
-2,-2,0.0683189,SAN- 2,387,311,461,-463
-2,-2,0.0683537,SAN- 2,387,311,459,-461
-3,-2,0.0683856,SAN- 2,387,311,456,-459
-3,-1,0.0684102,SAN- 2,387,311,453,-458
-3,-1,0.0684408,SAN- 2,387,311,450,-457
-1,-1,0.0749424,-TIA- 3,329,115,449,-456
-1,-2,0.0749714,-TIA- 3,329,115,448,-454
-1,-2,0.0749946,-TIA- 3,329,115,447,-452
-1,-2,0.0750179,-TIA- 3,329,115,446,-450
-1,-3,0.0750585,-TIA- 3,329,115,445,-447
-1,-2,0.0750701,-TIA- 3,329,115,444,-445
-1,-3,0.0750933,-TIA- 3,329,115,443,-442
-1,-3,0.0751224,-TIA- 3,329,115,442,-439
-1,-3,0.0751572,-TIA- 3,329,115,441,-436
-1,-3,0.075163,-TIA- 3,329,115,440,-433
-1,-3,0.0752036,-TIA- 3,329,115,439,-430
-1,-2,0.075221,-TIA- 3,329,115,438,-428
-1,-3,0.0752443,-TIA- 3,329,115,437,-425
-1,-3,0.0752733,-TIA- 3,329,115,436,-422
-1,-3,0.0753081,-TIA- 3,329,115,435,-419
-1,-3,0.0753139,-TIA- 3,329,115,434,-416
-1,-2,0.0753371,-TIA- 3,329,115,433,-414
-1,-3,0.075372,-TIA- 3,329,115,432,-411
-1,-3,0.0753952,-TIA- 3,329,115,431,-408
-1,-3,0.0754258,-TIA- 3,329,115,430,-405
-1,-3,0.075459,-TIA- 3,329,115,429,-402
-1,-2,0.0754649,-TIA- 3,329,115,428,-400
-1,-3,0.0754908,-TIA- 3,329,115,427,-397
-2,-3,0.0755229,-TIA- 3,329,115,425,-394
-2,-3,0.0755461,-TIA- 3,329,115,423,-391
-2,-3,0.075581,-TIA- 3,329,115,421,-388
-2,-3,0.07561,-TIA- 3,329,115,419,-385
-2,-2,0.0756158,-TIA- 3,329,115,417,-383
-2,-3,0.0756448,-TIA- 3,329,115,415,-380
-2,-3,0.0756738,-TIA- 3,329,115,413,-377
-1,-3,0.0757087,-TIA- 3,329,115,412,-374
-2,-3,0.0757203,-TIA- 3,329,115,410,-371
-2,-2,0.0757551,-TIA- 3,329,115,408,-369
-2,-3,0.0757725,-TIA- 3,329,115,406,-366
-2,-3,0.0757957,-TIA- 3,329,115,404,-363
-2,-3,0.075819,-TIA- 3,329,115,402,-360
-3,-3,0.0758596,-TIA- 3,329,115,399,-357
-2,-2,0.0758828,-TIA- 3,329,115,397,-355
-3,-3,0.075906,-TIA- 3,329,115,394,-352
-3,-3,0.0759293,-TIA- 3,329,115,391,-349
-2,-3,0.0759351,-TIA- 3,329,115,389,-346
-2,-3,0.0759613,-TIA- 3,329,115,387,-343
-2,-3,0.0760047,-TIA- 3,329,115,385,-340
-2,-2,0.0760221,-TIA- 3,329,115,383,-338
-1,-3,0.0760395,-TIA- 3,329,115,382,-335
-2,-3,0.0760512,-TIA- 3,329,115,380,-332
-2,-3,0.0760802,-TIA- 3,329,115,378,-329
-2,-3,0.0760802,-TIA- 3,329,115,376,-326
-2,-2,0.0761092,-TIA- 3,329,115,374,-324
-2,-3,0.076144,-TIA- 3,329,115,372,-321
-3,-3,0.0761615,-TIA- 3,329,115,369,-318
-2,-3,0.0761789,-TIA- 3,329,115,367,-315
-3,-3,0.0762021,-TIA- 3,329,115,364,-312
-3,-2,0.0762253,-TIA- 3,329,115,361,-310
-3,-3,0.0762543,-TIA- 3,329,115,358,-307
-3,-3,0.0762892,-TIA- 3,329,115,355,-304
-2,-3,0.0763182,-TIA- 3,329,115,353,-301
-3,-3,0.0763298,-TIA- 3,329,115,350,-298
-3,-3,0.076353,-TIA- 3,329,115,347,-295
-3,-2,0.0763762,-TIA- 3,329,115,344,-293
-3,-3,0.0764053,-TIA- 3,329,115,341,-290
-3,-3,0.0764401,-TIA- 3,329,115,338,-287
-2,-3,0.0764691,-TIA- 3,329,115,336,-284
-3,-3,0.0764807,-TIA- 3,329,115,333,-281
-3,-2,0.0765039,-TIA- 3,329,115,330,-279
-3,-3,0.0765388,-TIA- 3,329,115,327,-276
-3,-3,0.0765504,-TIA- 3,329,115,324,-273
-2,-3,0.0765852,-TIA- 3,329,115,322,-270
-3,-3,0.0766259,-TIA- 3,329,115,319,-267
-3,-2,0.0766292,-TIA- 3,329,115,316,-265
-3,-3,0.0766549,-TIA- 3,329,115,313,-262
-3,-3,0.0766781,-TIA- 3,329,115,310,-259
-2,-3,0.0767129,-TIA- 3,329,115,308,-256
-3,-3,0.0767361,-TIA- 3,329,115,305,-253
-3,-3,0.0767536,-TIA- 3,329,115,302,-250
-3,-5,0.0768058,-TIA- 3,329,115,299,-245
-5,-3,0.0768464,-TIA- 3,329,115,294,-242
-3,-3,0.076858,-TIA- 3,329,115,291,-239
-3,-3,0.0768871,-TIA- 3,329,115,288,-236
-3,-2,0.0769045,-TIA- 3,329,115,285,-234
-3,-3,0.0769393,-TIA- 3,329,115,282,-231
-3,-3,0.0769567,-TIA- 3,329,115,279,-228
-2,-3,0.0769858,-TIA- 3,329,115,277,-225
-3,-3,0.077009,-TIA- 3,329,115,274,-222
-3,-2,0.0770322,-TIA- 3,329,115,271,-220
-3,-3,0.0770496,-TIA- 3,329,115,268,-217
-3,-3,0.0770728,-TIA- 3,329,115,265,-214
-2,-3,0.0771019,-TIA- 3,329,115,263,-211
-3,-3,0.0771251,-TIA- 3,329,115,260,-208
-2,-3,0.0771599,-TIA- 3,329,115,258,-205
-2,-2,0.0771889,-TIA- 3,329,115,256,-203
-2,-3,0.0771993,-TIA- 3,329,115,254,-200
-2,-3,0.0772296,-TIA- 3,329,115,252,-197
-2,-3,0.0772528,-TIA- 3,329,115,250,-194
-1,-3,0.0772818,-TIA- 3,329,115,249,-191
-1,-2,0.0773108,-TIA- 3,329,115,248,-189
-1,-3,0.0773414,-TIA- 3,329,115,247,-186
-1,-3,0.0773515,-TIA- 3,329,115,246,-183
-1,-3,0.0773805,-TIA- 3,329,115,245,-180
-1,-3,0.0774051,-TIA- 3,329,115,244,-177
1,-2,0.0774327,-TIA- 3,329,115,245,-175
1,-3,0.0774618,-TIA- 3,329,115,246,-172
2,-3,0.0774966,-TIA- 3,329,115,248,-169
2,-3,0.0775024,-TIA- 3,329,115,250,-166
2,-3,0.0775256,-TIA- 3,329,115,252,-163
2,-3,0.0775605,-TIA- 3,329,115,254,-160
2,-2,0.0775721,-TIA- 3,329,115,256,-158
2,-3,0.0776069,-TIA- 3,329,115,258,-155
1,-3,0.0776417,-TIA- 3,329,115,259,-152
2,-3,0.0776475,-TIA- 3,329,115,261,-149
2,-3,0.0776707,-TIA- 3,329,115,263,-146
2,-3,0.0777056,-TIA- 3,329,115,265,-143
2,-3,0.0777346,-TIA- 3,329,115,267,-140
2,-1,0.0777578,-TIA- 3,329,115,269,-139
2,-2,0.0777752,-TIA- 3,329,115,271,-137
1,-2,0.077781,-TIA- 3,329,115,272,-135
2,-2,0.0778101,-TIA- 3,329,115,274,-133
2,-2,0.0778391,-TIA- 3,329,115,276,-131
2,-1,0.0778681,-TIA- 3,329,115,278,-130
3,-1,0.0779029,-TIA- 3,329,115,281,-129
3,-1,0.07791,-TIA- 3,329,115,284,-128
2,-1,0.0779436,-TIA- 3,329,115,286,-127
3,-1,0.0779726,-TIA- 3,329,115,289,-126
3,-1,0.0779842,-TIA- 3,329,115,292,-125
3,-1,0.0780187,-TIA- 3,329,115,295,-124
2,-1,0.0780539,-TIA- 3,329,115,297,-123
3,-1,0.0780808,-TIA- 3,329,115,300,-122
3,-1,0.0781061,-TIA- 3,329,115,303,-121
3,-1,0.0781351,-TIA- 3,329,115,306,-120
3,-1,0.07817,-TIA- 3,329,115,309,-119
3,-1,0.0781758,-TIA- 3,329,115,312,-118
2,-1,0.0782094,-TIA- 3,329,115,314,-117
3,-1,0.0782338,-TIA- 3,329,115,317,-116
3,-1,0.0782629,-TIA- 3,329,115,320,-115
3,-1,0.0782977,-TIA- 3,329,115,323,-114
3,-1,0.0783035,-TIA- 3,329,115,326,-113
2,-1,0.0783267,-TIA- 3,329,115,328,-112
3,-1,0.0783615,-TIA- 3,329,115,331,-111
3,-1,0.0783848,-TIA- 3,329,115,334,-110
3,1,0.0785125,-TIA- 3,329,115,337,-111
3,1,0.0785357,-TIA- 3,329,115,340,-112
3,1,0.0785705,-TIA- 3,329,115,343,-113
3,1,0.0785995,-TIA- 3,329,115,346,-114
2,1,0.0786054,-TIA- 3,329,115,348,-115
3,1,0.0786344,-TIA- 3,329,115,351,-116
3,1,0.0786634,-TIA- 3,329,115,354,-117
3,1,0.0786866,-TIA- 3,329,115,357,-118
-1,1,0.0898554,GO 4,282,431,356,-119
-1,2,0.0898844,GO 4,282,431,355,-121
-1,2,0.0899019,GO 4,282,431,354,-123
-2,2,0.0899483,GO 4,282,431,352,-125
-2,3,0.0899599,GO 4,282,431,350,-128
-2,3,0.0899831,GO 4,282,431,348,-131
-1,3,0.0900122,GO 4,282,431,347,-134
-1,3,0.090047,GO 4,282,431,346,-137
-1,3,0.0900528,GO 4,282,431,345,-140
-1,3,0.0900876,GO 4,282,431,344,-143
-1,4,0.0901108,GO 4,282,431,343,-147
-1,4,0.0901341,GO 4,282,431,342,-151
-1,4,0.0901689,GO 4,282,431,341,-155
-1,3,0.0901979,GO 4,282,431,340,-158
-1,4,0.0902037,GO 4,282,431,339,-162
-1,4,0.0902327,GO 4,282,431,338,-166
-1,4,0.0902618,GO 4,282,431,337,-170
1,3,0.090285,GO 4,282,431,338,-173
1,4,0.0903082,GO 4,282,431,339,-177
1,4,0.0903488,GO 4,282,431,340,-181
-1,4,0.0903605,GO 4,282,431,339,-185
-1,3,0.0903779,GO 4,282,431,338,-188
-2,4,0.0904069,GO 4,282,431,336,-192
-2,4,0.0904301,GO 4,282,431,334,-196
-3,4,0.0904649,GO 4,282,431,331,-200
-2,3,0.090494,GO 4,282,431,329,-203
-4,4,0.0905045,GO 4,282,431,325,-207
-4,4,0.0905288,GO 4,282,431,321,-211
-4,4,0.0905578,GO 4,282,431,317,-215
-3,3,0.0905927,GO 4,282,431,314,-218
-4,4,0.0906217,GO 4,282,431,310,-222
-4,4,0.0906449,GO 4,282,431,306,-226
-4,4,0.0906565,GO 4,282,431,302,-230
-3,3,0.0906797,GO 4,282,431,299,-233
-4,4,0.0907029,GO 4,282,431,295,-237
-4,4,0.0907436,GO 4,282,431,291,-241
-4,4,0.090761,GO 4,282,431,287,-245
-3,7,0.0908016,GO 4,282,431,284,-252
-8,4,0.0908249,GO 4,282,431,276,-256
-4,4,0.0908481,GO 4,282,431,272,-260
-3,3,0.0908887,GO 4,282,431,269,-263
-3,4,0.0909119,GO 4,282,431,266,-267
-3,8,0.0909526,GO 4,282,431,263,-275
-6,3,0.0909758,GO 4,282,431,257,-278
-2,4,0.090999,GO 4,282,431,255,-282
-3,4,0.0910338,GO 4,282,431,252,-286
-3,4,0.0910629,GO 4,282,431,249,-290
-4,7,0.0911035,GO 4,282,431,245,-297
-7,4,0.0911267,GO 4,282,431,238,-301
-4,4,0.0911673,GO 4,282,431,234,-305
-4,3,0.0911848,GO 4,282,431,230,-308
-4,4,0.0912138,GO 4,282,431,226,-312
-3,4,0.0912486,GO 4,282,431,223,-316
-4,4,0.0912544,GO 4,282,431,219,-320
-4,3,0.0912893,GO 4,282,431,215,-323
-4,4,0.0913241,GO 4,282,431,211,-327
-3,8,0.0913531,GO 4,282,431,208,-335
-8,3,0.0913879,GO 4,282,431,200,-338
-4,4,0.0913995,GO 4,282,431,196,-342
-3,4,0.0914228,GO 4,282,431,193,-346
-4,4,0.0914692,GO 4,282,431,189,-350
-4,7,0.0914982,GO 4,282,431,185,-357
-6,4,0.0915273,GO 4,282,431,179,-361
-3,4,0.0915505,GO 4,282,431,176,-365
-3,3,0.0915737,GO 4,282,431,173,-368
-2,4,0.0916085,GO 4,282,431,171,-372
-2,4,0.0916376,GO 4,282,431,169,-376
-1,4,0.0916492,GO 4,282,431,168,-380
-1,3,0.0916724,GO 4,282,431,167,-383
-1,4,0.0916956,GO 4,282,431,166,-387
1,4,0.0917362,GO 4,282,431,167,-391
1,4,0.0917537,GO 4,282,431,168,-395
1,3,0.0917827,GO 4,282,431,169,-398
2,4,0.0917943,GO 4,282,431,171,-402
2,4,0.0918059,GO 4,282,431,173,-406
2,4,0.0918407,GO 4,282,431,175,-410
2,3,0.0918698,GO 4,282,431,177,-413
2,3,0.091893,GO 4,282,431,179,-416
1,3,0.0919162,GO 4,282,431,180,-419
2,3,0.0919377,GO 4,282,431,182,-422
2,2,0.0919626,GO 4,282,431,184,-424
3,1,0.0919917,GO 4,282,431,187,-425
3,2,0.0920224,GO 4,282,431,190,-427
3,2,0.0920439,GO 4,282,431,193,-429
2,2,0.0920729,GO 4,282,431,195,-431
3,2,0.0920787,GO 4,282,431,198,-433
3,3,0.092102,GO 4,282,431,201,-436
3,3,0.0921368,GO 4,282,431,204,-439
3,2,0.0921716,GO 4,282,431,207,-441
3,3,0.0922006,GO 4,282,431,210,-444
2,3,0.0922064,GO 4,282,431,212,-447
3,4,0.0922355,GO 4,282,431,215,-451
3,4,0.0922587,GO 4,282,431,218,-455
3,3,0.0922877,GO 4,282,431,221,-458
3,4,0.0923147,GO 4,282,431,224,-462
2,4,0.0923458,GO 4,282,431,226,-466
3,4,0.0923574,GO 4,282,431,229,-470
3,2,0.0923748,GO 4,282,431,232,-472
3,3,0.0924096,GO 4,282,431,235,-475
3,3,0.0924328,GO 4,282,431,238,-478
2,3,0.0924561,GO 4,282,431,240,-481
3,2,0.0924909,GO 4,282,431,243,-483
3,2,0.0924967,GO 4,282,431,246,-485
2,1,0.0925373,GO 4,282,431,248,-486
2,1,0.0925663,GO 4,282,431,250,-487
1,1,0.0926534,GO 4,282,431,251,-488
1,1,0.0927231,GO 4,282,431,252,-489
1,1,0.0927463,GO 4,282,431,253,-490
1,1,0.0927579,GO 4,282,431,254,-491
1,1,0.0928102,GO 4,282,431,255,-492
1,1,0.0928334,GO 4,282,431,256,-493
2,1,0.0928624,GO 4,282,431,258,-494
2,1,0.0928972,GO 4,282,431,260,-495
2,1,0.092903,GO 4,282,431,262,-496
2,1,0.0929379,GO 4,282,431,264,-497
3,1,0.0929611,GO 4,282,431,267,-498
3,1,0.0929843,GO 4,282,431,270,-499
2,1,0.0930249,GO 4,282,431,272,-500
3,1,0.0930482,GO 4,282,431,275,-501
3,1,0.0930598,GO 4,282,431,278,-502
3,1,0.0930888,GO 4,282,431,281,-503
3,1,0.093112,GO 4,282,431,284,-504
3,1,0.0931701,GO 4,282,431,287,-505
2,-1,0.093292,GO 4,282,431,289,-504
3,1,0.0934429,GO 4,282,431,292,-505
3,2,0.0934777,GO 4,282,431,295,-507
3,2,0.0935068,GO 4,282,431,298,-509
3,2,0.0935184,GO 4,282,431,301,-511
3,2,0.0935358,GO 4,282,431,304,-513
2,2,0.0935706,GO 4,282,431,306,-515
3,2,0.0935996,GO 4,282,431,309,-517
3,2,0.0936171,GO 4,282,431,312,-519
3,1,0.0936287,GO 4,282,431,315,-520
3,2,0.0936519,GO 4,282,431,318,-522
2,2,0.0936751,GO 4,282,431,320,-524
3,2,0.0937041,GO 4,282,431,323,-526
3,2,0.0937332,GO 4,282,431,326,-528
3,2,0.093768,GO 4,282,431,329,-530
3,1,0.0937753,GO 4,282,431,332,-531
2,1,0.0938086,GO 4,282,431,334,-532
3,1,0.0938376,GO 4,282,431,337,-533
3,1,0.0938725,GO 4,282,431,340,-534
3,2,0.0939015,GO 4,282,431,343,-536
6,1,0.0939363,GO 4,282,431,349,-537
2,1,0.0939537,GO 4,282,431,351,-538
3,1,0.093977,GO 4,282,431,354,-539
3,1,0.0940002,GO 4,282,431,357,-540
3,1,0.0940408,GO 4,282,431,360,-541
3,1,0.0940698,GO 4,282,431,363,-542
2,1,0.0940815,GO 4,282,431,365,-543
3,1,0.0941047,GO 4,282,431,368,-544
3,1,0.0941337,GO 4,282,431,371,-545
3,1,0.0941627,GO 4,282,431,374,-546
3,1,0.0941917,GO 4,282,431,377,-547
2,1,0.0941976,GO 4,282,431,379,-548
3,1,0.0942208,GO 4,282,431,382,-549
3,1,0.0942672,GO 4,282,431,385,-550
2,1,0.0942962,GO 4,282,431,387,-551
2,1,0.0943078,GO 4,282,431,389,-552
1,1,0.0943253,GO 4,282,431,390,-553
1,1,0.0943543,GO 4,282,431,391,-554
1,1,0.0943775,GO 4,282,431,392,-555
1,1,0.0944414,GO 4,282,431,393,-556
-2,1,0.0955211,GO 4,282,431,391,-557
-2,1,0.0955327,GO 4,282,431,389,-558
-2,1,0.0955559,GO 4,282,431,387,-559
-3,1,0.0955849,GO 4,282,431,384,-560
-2,1,0.0956082,GO 4,282,431,382,-561
-1,-1,0.104449,FRAY 5,338,307,381,-560
-1,-2,0.104496,FRAY 5,338,307,380,-558
1,-2,0.104525,FRAY 5,338,307,381,-556
1,-3,0.104542,FRAY 5,338,307,382,-553
1,-2,0.104577,FRAY 5,338,307,383,-551
1,-3,0.104606,FRAY 5,338,307,384,-548
1,-3,0.104641,FRAY 5,338,307,385,-545
1,-6,0.104676,FRAY 5,338,307,386,-539
1,-2,0.104705,FRAY 5,338,307,387,-537
1,-3,0.104739,FRAY 5,338,307,388,-534
1,-3,0.104774,FRAY 5,338,307,389,-531
1,-6,0.104803,FRAY 5,338,307,390,-525
1,-3,0.104844,FRAY 5,338,307,391,-522
1,-2,0.104856,FRAY 5,338,307,392,-520
1,-3,0.10489,FRAY 5,338,307,393,-517
1,-3,0.104931,FRAY 5,338,307,394,-514
1,-6,0.104954,FRAY 5,338,307,395,-508
2,-2,0.104977,FRAY 5,338,307,397,-506
1,-3,0.105001,FRAY 5,338,307,398,-503
1,-3,0.105041,FRAY 5,338,307,399,-500
1,-3,0.105074,FRAY 5,338,307,400,-497
1,-3,0.105099,FRAY 5,338,307,401,-494
1,-2,0.105111,FRAY 5,338,307,402,-492
1,-3,0.105128,FRAY 5,338,307,403,-489
1,-3,0.105146,FRAY 5,338,307,404,-486
1,-3,0.105175,FRAY 5,338,307,405,-483
1,-3,0.105215,FRAY 5,338,307,406,-480
1,-5,0.10525,FRAY 5,338,307,407,-475
3,-3,0.105285,FRAY 5,338,307,410,-472
1,-3,0.105297,FRAY 5,338,307,411,-469
2,-3,0.105332,FRAY 5,338,307,413,-466
2,-3,0.105343,FRAY 5,338,307,415,-463
2,-2,0.105378,FRAY 5,338,307,417,-461
2,-3,0.105401,FRAY 5,338,307,419,-458
2,-3,0.10543,FRAY 5,338,307,421,-455
2,-3,0.105465,FRAY 5,338,307,423,-452
2,-3,0.105482,FRAY 5,338,307,425,-449
1,-2,0.1055,FRAY 5,338,307,426,-447
2,-3,0.105523,FRAY 5,338,307,428,-444
2,-3,0.105552,FRAY 5,338,307,430,-441
3,-3,0.105587,FRAY 5,338,307,433,-438
3,-3,0.105616,FRAY 5,338,307,436,-435
3,-5,0.105651,FRAY 5,338,307,439,-430
5,-3,0.105686,FRAY 5,338,307,444,-427
3,-3,0.105703,FRAY 5,338,307,447,-424
3,-3,0.105728,FRAY 5,338,307,450,-421
3,-3,0.105761,FRAY 5,338,307,453,-418
2,-2,0.105795,FRAY 5,338,307,455,-416
3,-3,0.105802,FRAY 5,338,307,458,-413
3,-3,0.105837,FRAY 5,338,307,461,-410
3,-3,0.105848,FRAY 5,338,307,464,-407
3,-3,0.105883,FRAY 5,338,307,467,-404
2,-2,0.105912,FRAY 5,338,307,469,-402
1,-6,0.105953,FRAY 5,338,307,470,-396
4,-3,0.105976,FRAY 5,338,307,474,-393
2,-3,0.105999,FRAY 5,338,307,476,-390
2,-3,0.10604,FRAY 5,338,307,478,-387
2,-2,0.106063,FRAY 5,338,307,480,-385
2,-3,0.106098,FRAY 5,338,307,482,-382
2,-3,0.106109,FRAY 5,338,307,484,-379
1,-3,0.106127,FRAY 5,338,307,485,-376
2,-3,0.106156,FRAY 5,338,307,487,-373
2,-2,0.106175,FRAY 5,338,307,489,-371
2,-2,0.106208,FRAY 5,338,307,491,-369
2,-2,0.106243,FRAY 5,338,307,493,-367
2,-2,0.106249,FRAY 5,338,307,495,-365
2,-2,0.106272,FRAY 5,338,307,497,-363
1,-2,0.106301,FRAY 5,338,307,498,-361
1,-1,0.106336,FRAY 5,338,307,499,-360
1,-1,0.106388,FRAY 5,338,307,500,-359
-1,-1,0.106818,FRAY 5,338,307,499,-358
-2,-1,0.106823,FRAY 5,338,307,497,-357
-1,-2,0.106858,FRAY 5,338,307,496,-355
-3,-2,0.106887,FRAY 5,338,307,493,-353
-3,-1,0.106905,FRAY 5,338,307,490,-352
-3,-2,0.106934,FRAY 5,338,307,487,-350
-4,-2,0.106969,FRAY 5,338,307,483,-348
-3,-3,0.106974,FRAY 5,338,307,480,-345
-4,-3,0.107009,FRAY 5,338,307,476,-342
-4,-3,0.107032,FRAY 5,338,307,472,-339
-4,-2,0.107061,FRAY 5,338,307,468,-337
-3,-2,0.107085,FRAY 5,338,307,465,-335
-3,-2,0.107119,FRAY 5,338,307,462,-333
-3,-2,0.107137,FRAY 5,338,307,459,-331
-3,-2,0.107143,FRAY 5,338,307,456,-329
-2,-2,0.107178,FRAY 5,338,307,454,-327
-2,-2,0.107207,FRAY 5,338,307,452,-325
-2,-2,0.107224,FRAY 5,338,307,450,-323
-2,-1,0.107253,FRAY 5,338,307,448,-322
1,-1,0.107288,FRAY 5,338,307,449,-321
1,-1,0.107317,FRAY 5,338,307,450,-320
-1,-1,0.119205,SAN- 6,280,234,449,-319
-1,-1,0.119217,SAN- 6,280,234,448,-318
-1,-1,0.119246,SAN- 6,280,234,447,-317
-1,-2,0.119269,SAN- 6,280,234,446,-315
-2,-3,0.119304,SAN- 6,280,234,444,-312
-2,-6,0.119345,SAN- 6,280,234,442,-306
-5,-3,0.119368,SAN- 6,280,234,437,-303
-3,-2,0.119391,SAN- 6,280,234,434,-301
-4,-3,0.119432,SAN- 6,280,234,430,-298
-4,-3,0.119455,SAN- 6,280,234,426,-295
-3,-3,0.119467,SAN- 6,280,234,423,-292
-3,-3,0.119496,SAN- 6,280,234,420,-289
-3,-2,0.119525,SAN- 6,280,234,417,-287
-3,-3,0.11956,SAN- 6,280,234,414,-284
-3,-3,0.119589,SAN- 6,280,234,411,-281
-2,-3,0.119606,SAN- 6,280,234,409,-278
-3,-3,0.119618,SAN- 6,280,234,406,-275
-3,-2,0.119647,SAN- 6,280,234,403,-273
-3,-3,0.11967,SAN- 6,280,234,400,-270
-3,-3,0.119693,SAN- 6,280,234,397,-267
-2,-3,0.119728,SAN- 6,280,234,395,-264
-3,-3,0.119751,SAN- 6,280,234,392,-261
-3,-3,0.119769,SAN- 6,280,234,389,-258
-3,-2,0.119792,SAN- 6,280,234,386,-256
-2,-3,0.119821,SAN- 6,280,234,384,-253
-2,-3,0.119856,SAN- 6,280,234,382,-250
-1,-3,0.119885,SAN- 6,280,234,381,-247
-1,-3,0.119914,SAN- 6,280,234,380,-244
-1,-2,0.119919,SAN- 6,280,234,379,-242
-1,-3,0.119943,SAN- 6,280,234,378,-239
-1,-2,0.119972,SAN- 6,280,234,377,-237
-1,-2,0.120007,SAN- 6,280,234,376,-235
-1,-1,0.120036,SAN- 6,280,234,375,-234
-1,1,0.120401,SAN- 6,280,234,374,-235
-1,1,0.120448,SAN- 6,280,234,373,-236
-1,-1,0.13467,-TIA- 7,121,109,372,-235
-1,-2,0.134699,-TIA- 7,121,109,371,-233
-2,-1,0.134734,-TIA- 7,121,109,369,-232
-1,-2,0.134786,-TIA- 7,121,109,368,-230
-1,-2,0.134821,-TIA- 7,121,109,367,-228
-2,-6,0.13485,-TIA- 7,121,109,365,-222
-5,-3,0.134885,-TIA- 7,121,109,360,-219
-3,-2,0.134925,-TIA- 7,121,109,357,-217
-3,-3,0.134954,-TIA- 7,121,109,354,-214
-2,-6,0.134995,-TIA- 7,121,109,352,-208
-6,-3,0.135007,-TIA- 7,121,109,346,-205
-3,-3,0.135036,-TIA- 7,121,109,343,-202
-3,-2,0.135059,-TIA- 7,121,109,340,-200
-2,-3,0.135094,-TIA- 7,121,109,338,-197
-3,-3,0.1351,-TIA- 7,121,109,335,-194
-3,-3,0.135134,-TIA- 7,121,109,332,-191
-3,-3,0.135158,-TIA- 7,121,109,329,-188
-4,-2,0.135187,-TIA- 7,121,109,325,-186
-3,-3,0.135221,-TIA- 7,121,109,322,-183
-4,-6,0.135254,-TIA- 7,121,109,318,-177
-8,-3,0.135285,-TIA- 7,121,109,310,-174
-3,-2,0.135308,-TIA- 7,121,109,307,-172
-4,-3,0.135332,-TIA- 7,121,109,303,-169
-4,-3,0.135367,-TIA- 7,121,109,299,-166
-4,-6,0.135407,-TIA- 7,121,109,295,-160
-7,-3,0.13543,-TIA- 7,121,109,288,-157
-4,-2,0.135459,-TIA- 7,121,109,284,-155
-4,-3,0.135483,-TIA- 7,121,109,280,-152
-3,-3,0.135517,-TIA- 7,121,109,277,-149
-4,-6,0.135558,-TIA- 7,121,109,273,-143
-8,-2,0.135581,-TIA- 7,121,109,265,-141
-3,-3,0.13561,-TIA- 7,121,109,262,-138
-4,-3,0.135634,-TIA- 7,121,109,258,-135
-4,-3,0.135668,-TIA- 7,121,109,254,-132
-4,-3,0.135697,-TIA- 7,121,109,250,-129
-3,-2,0.135709,-TIA- 7,121,109,247,-127
-4,-3,0.135732,-TIA- 7,121,109,243,-124
-4,-2,0.135763,-TIA- 7,121,109,239,-122
-4,-2,0.13579,-TIA- 7,121,109,235,-120
-3,-2,0.135819,-TIA- 7,121,109,232,-118
-4,-2,0.135854,-TIA- 7,121,109,228,-116
-4,-2,0.13586,-TIA- 7,121,109,224,-114
-4,-2,0.135883,-TIA- 7,121,109,220,-112
-3,-1,0.135918,-TIA- 7,121,109,217,-111
-4,-2,0.135959,-TIA- 7,121,109,213,-109
-4,-2,0.135976,-TIA- 7,121,109,209,-107
-4,-2,0.136005,-TIA- 7,121,109,205,-105
-3,-2,0.136011,-TIA- 7,121,109,202,-103
-4,-2,0.136034,-TIA- 7,121,109,198,-101
-4,-2,0.136069,-TIA- 7,121,109,194,-99
-4,-2,0.13611,-TIA- 7,121,109,190,-97
-3,-1,0.136144,-TIA- 7,121,109,187,-96
-4,-2,0.136156,-TIA- 7,121,109,183,-94
-4,-2,0.136162,-TIA- 7,121,109,179,-92
-4,-2,0.136191,-TIA- 7,121,109,175,-90
-3,-2,0.13622,-TIA- 7,121,109,172,-88
-4,-2,0.136255,-TIA- 7,121,109,168,-86
-4,-2,0.136295,-TIA- 7,121,109,164,-84
-4,-2,0.136319,-TIA- 7,121,109,160,-82
-4,-2,0.136371,-TIA- 7,121,109,156,-80
-4,-2,0.136406,-TIA- 7,121,109,152,-78
-3,-2,0.136435,-TIA- 7,121,109,149,-76
-4,-2,0.136452,-TIA- 7,121,109,145,-74
-4,-2,0.136469,-TIA- 7,121,109,141,-72
-3,-2,0.136499,-TIA- 7,121,109,138,-70
-2,-2,0.136528,-TIA- 7,121,109,136,-68
-3,-1,0.136557,-TIA- 7,121,109,133,-67
-3,-1,0.136597,-TIA- 7,121,109,130,-66
-1,1,0.149705,GO 8,142,496,129,-67
-1,1,0.149745,GO 8,142,496,128,-68
-1,2,0.149775,GO 8,142,496,127,-70
-1,2,0.149809,GO 8,142,496,126,-72
-1,2,0.149827,GO 8,142,496,125,-74
-1,2,0.149833,GO 8,142,496,124,-76
-1,2,0.149856,GO 8,142,496,123,-78
-1,3,0.149891,GO 8,142,496,122,-81
-1,2,0.14992,GO 8,142,496,121,-83
-1,3,0.149949,GO 8,142,496,120,-86
1,3,0.149972,GO 8,142,496,121,-89
1,3,0.149983,GO 8,142,496,122,-92
2,3,0.150013,GO 8,142,496,124,-95
2,3,0.150042,GO 8,142,496,126,-98
2,4,0.150073,GO 8,142,496,128,-102
3,4,0.150105,GO 8,142,496,131,-106
3,4,0.150123,GO 8,142,496,134,-110
3,3,0.150146,GO 8,142,496,137,-113
3,4,0.150181,GO 8,142,496,140,-117
2,4,0.150187,GO 8,142,496,142,-121
3,4,0.150216,GO 8,142,496,145,-125
3,3,0.150239,GO 8,142,496,148,-128
3,4,0.150256,GO 8,142,496,151,-132
3,4,0.150274,GO 8,142,496,154,-136
3,4,0.150303,GO 8,142,496,157,-140
2,3,0.150326,GO 8,142,496,159,-143
3,4,0.150361,GO 8,142,496,162,-147
3,4,0.15039,GO 8,142,496,165,-151
3,4,0.150401,GO 8,142,496,168,-155
3,3,0.150425,GO 8,142,496,171,-158
2,4,0.150454,GO 8,142,496,173,-162
3,4,0.150489,GO 8,142,496,176,-166
3,4,0.150512,GO 8,142,496,179,-170
2,3,0.150547,GO 8,142,496,181,-173
1,4,0.150552,GO 8,142,496,182,-177
1,4,0.150576,GO 8,142,496,183,-181
1,3,0.150605,GO 8,142,496,184,-184
-1,2,0.150639,GO 8,142,496,183,-186
-1,7,0.150674,GO 8,142,496,182,-193
-1,4,0.150709,GO 8,142,496,181,-197
1,4,0.150727,GO 8,142,496,182,-201
1,3,0.150761,GO 8,142,496,183,-204
2,4,0.15079,GO 8,142,496,185,-208
2,4,0.150819,GO 8,142,496,187,-212
2,4,0.150831,GO 8,142,496,189,-216
3,3,0.150854,GO 8,142,496,192,-219
3,4,0.150889,GO 8,142,496,195,-223
2,4,0.150906,GO 8,142,496,197,-227
2,4,0.150941,GO 8,142,496,199,-231
1,7,0.150976,GO 8,142,496,200,-238
-1,4,0.151008,GO 8,142,496,199,-242
-1,4,0.15104,GO 8,142,496,198,-246
-2,3,0.151057,GO 8,142,496,196,-249
-3,4,0.151098,GO 8,142,496,193,-253
-3,4,0.151127,GO 8,142,496,190,-257
-2,4,0.151139,GO 8,142,496,188,-261
-4,3,0.15115,GO 8,142,496,184,-264
-3,4,0.151191,GO 8,142,496,181,-268
-3,4,0.151214,GO 8,142,496,178,-272
-3,4,0.151237,GO 8,142,496,175,-276
-2,3,0.151272,GO 8,142,496,173,-279
-2,4,0.151278,GO 8,142,496,171,-283
-2,4,0.151313,GO 8,142,496,169,-287
-2,3,0.151348,GO 8,142,496,167,-290
-2,2,0.151367,GO 8,142,496,165,-292
1,5,0.151406,GO 8,142,496,166,-297
4,2,0.151435,GO 8,142,496,170,-299
2,2,0.151458,GO 8,142,496,172,-301
2,3,0.151487,GO 8,142,496,174,-304
2,2,0.151528,GO 8,142,496,176,-306
2,6,0.151562,GO 8,142,496,178,-312
3,4,0.151586,GO 8,142,496,181,-316
2,4,0.151609,GO 8,142,496,183,-320
2,3,0.151638,GO 8,142,496,185,-323
2,4,0.151673,GO 8,142,496,187,-327
2,8,0.151713,GO 8,142,496,189,-335
4,3,0.151748,GO 8,142,496,193,-338
1,4,0.15176,GO 8,142,496,194,-342
2,4,0.151795,GO 8,142,496,196,-346
2,4,0.151824,GO 8,142,496,198,-350
2,3,0.151859,GO 8,142,496,200,-353
2,4,0.151864,GO 8,142,496,202,-357
2,4,0.151882,GO 8,142,496,204,-361
1,4,0.151905,GO 8,142,496,205,-365
1,3,0.151934,GO 8,142,496,206,-368
1,4,0.151969,GO 8,142,496,207,-372
1,4,0.151998,GO 8,142,496,208,-376
1,4,0.152009,GO 8,142,496,209,-380
-1,3,0.152033,GO 8,142,496,208,-383
-2,4,0.152065,GO 8,142,496,206,-387
-2,4,0.152091,GO 8,142,496,204,-391
-2,4,0.15212,GO 8,142,496,202,-395
-2,3,0.152131,GO 8,142,496,200,-398
-1,4,0.15216,GO 8,142,496,199,-402
-1,4,0.152184,GO 8,142,496,198,-406
-1,4,0.152218,GO 8,142,496,197,-410
-1,3,0.152247,GO 8,142,496,196,-413
-1,8,0.152282,GO 8,142,496,195,-421
2,4,0.152311,GO 8,142,496,197,-425
1,3,0.15234,GO 8,142,496,198,-428
1,4,0.152369,GO 8,142,496,199,-432
1,4,0.152404,GO 8,142,496,200,-436
1,4,0.152416,GO 8,142,496,201,-440
1,2,0.152433,GO 8,142,496,202,-442
1,3,0.152474,GO 8,142,496,203,-445
1,3,0.152491,GO 8,142,496,204,-448
1,2,0.15252,GO 8,142,496,205,-450
1,2,0.152555,GO 8,142,496,206,-452
1,2,0.152561,GO 8,142,496,207,-454
1,2,0.152584,GO 8,142,496,208,-456
1,1,0.152619,GO 8,142,496,209,-457
1,2,0.152648,GO 8,142,496,210,-459
1,3,0.152671,GO 8,142,496,211,-462
1,3,0.152706,GO 8,142,496,212,-465
1,3,0.152718,GO 8,142,496,213,-468
1,2,0.152735,GO 8,142,496,214,-470
1,3,0.15277,GO 8,142,496,215,-473
1,3,0.152799,GO 8,142,496,216,-476
1,3,0.152822,GO 8,142,496,217,-479
1,4,0.152851,GO 8,142,496,218,-483
1,3,0.152869,GO 8,142,496,219,-486
1,4,0.152892,GO 8,142,496,220,-490
1,4,0.152915,GO 8,142,496,221,-494
1,4,0.152956,GO 8,142,496,222,-498
1,3,0.152985,GO 8,142,496,223,-501
1,8,0.153008,GO 8,142,496,224,-509
2,4,0.153037,GO 8,142,496,226,-513
1,3,0.153049,GO 8,142,496,227,-516
1,4,0.153082,GO 8,142,496,228,-520
1,4,0.153124,GO 8,142,496,229,-524
1,4,0.153153,GO 8,142,496,230,-528
1,3,0.15317,GO 8,142,496,231,-531
-1,4,0.153176,GO 8,142,496,230,-535
-1,4,0.153199,GO 8,142,496,229,-539
-1,4,0.15324,GO 8,142,496,228,-543
-1,3,0.153263,GO 8,142,496,227,-546
-1,8,0.15331,GO 8,142,496,226,-554
-1,4,0.153339,GO 8,142,496,225,-558
-1,3,0.153374,GO 8,142,496,224,-561
-1,4,0.153385,GO 8,142,496,223,-565
-1,4,0.153426,GO 8,142,496,222,-569
-1,7,0.153455,GO 8,142,496,221,-576
-2,4,0.153484,GO 8,142,496,219,-580
-1,3,0.153525,GO 8,142,496,218,-583
-1,3,0.153536,GO 8,142,496,217,-586
-2,3,0.153571,GO 8,142,496,215,-589
-2,2,0.153594,GO 8,142,496,213,-591
-1,3,0.1536,GO 8,142,496,212,-594
-2,3,0.153623,GO 8,142,496,210,-597
-2,3,0.153664,GO 8,142,496,208,-600
-2,3,0.153699,GO 8,142,496,206,-603
-2,5,0.153728,GO 8,142,496,204,-608
-2,3,0.153763,GO 8,142,496,202,-611
-1,3,0.153786,GO 8,142,496,201,-614
-1,3,0.153809,GO 8,142,496,200,-617
-1,3,0.153838,GO 8,142,496,199,-620
-1,2,0.15385,GO 8,142,496,198,-622
-1,3,0.153873,GO 8,142,496,197,-625
-1,2,0.153908,GO 8,142,496,196,-627
-1,2,0.153931,GO 8,142,496,195,-629
-1,2,0.153942,GO 8,142,496,194,-631
-1,2,0.153977,GO 8,142,496,193,-633
-1,1,0.153983,GO 8,142,496,192,-634
-1,1,0.154047,GO 8,142,496,191,-635
-1,1,0.154082,GO 8,142,496,190,-636
