deltaX,deltaY,WHEN,SYLLABLE,XofButton,YofButton,XofTrace,YofTrace
0,1,0.058375,Yield,0,0,0,-1
0,-1,0.0584737,Yield,0,0,0,0
-2,-1,0.0585143,Yield,0,0,-2,1
-2,-2,0.0585433,Yield,0,0,-4,3
-3,-3,0.0585781,Yield,0,0,-7,6
-8,-3,0.0586072,Yield,0,0,-15,9
-3,-3,0.0586246,Yield,0,0,-18,12
-4,-3,0.0586594,Yield,0,0,-22,15
-4,-3,0.058671,Yield,0,0,-26,18
-4,-3,0.0587233,Yield,0,0,-30,21
-3,-2,0.0587291,Yield,0,0,-33,23
-4,-3,0.0587523,Yield,0,0,-37,26
-3,-2,0.0587871,Yield,0,0,-40,28
-3,-2,0.0588161,Yield,0,0,-43,30
-2,-2,0.0588278,Yield,0,0,-45,32
-2,-1,0.0588568,Yield,0,0,-47,33
-1,-1,0.0589148,Yield,0,0,-48,34
-1,-1,0.0589439,Yield,0,0,-49,35
-1,-2,0.0589787,Yield,0,0,-50,37
-2,-1,0.0590019,Yield,0,0,-52,38
-1,-1,0.0590309,Yield,0,0,-53,39
-2,-1,0.0590541,Yield,0,0,-55,40
-2,1,0.0591296,Yield,0,0,-57,39
-4,1,0.0591644,Yield,0,0,-61,38
-2,2,0.0591865,Yield,0,0,-63,36
-2,2,0.0592167,Yield,0,0,-65,34
-3,3,0.0592399,Yield,0,0,-68,31
-3,3,0.0592573,Yield,0,0,-71,28
-3,3,0.0592863,Yield,0,0,-74,25
-3,2,0.0593154,Yield,0,0,-77,23
-3,3,0.0593444,Yield,0,0,-80,20
-2,4,0.0593792,Yield,0,0,-82,16
-3,7,0.0594141,Yield,0,0,-85,9
-5,4,0.0594315,Yield,0,0,-90,5
-2,4,0.0594547,Yield,0,0,-92,1
-2,4,0.0594895,Yield,0,0,-94,-3
-2,2,0.0595185,Yield,0,0,-96,-5
-3,3,0.0595476,Yield,0,0,-99,-8
-3,3,0.0595629,Yield,0,0,-102,-11
-3,2,0.0595824,Yield,0,0,-105,-13
-3,2,0.0596114,Yield,0,0,-108,-15
-3,2,0.0596405,Yield,0,0,-111,-17
-4,2,0.0596753,Yield,0,0,-115,-19
-4,1,0.0596985,Yield,0,0,-119,-20
-4,2,0.0597043,Yield,0,0,-123,-22
-3,2,0.0597333,Yield,0,0,-126,-24
-4,2,0.0597566,Yield,0,0,-130,-26
-4,3,0.0597856,Yield,0,0,-134,-29
-4,3,0.059803,Yield,0,0,-138,-32
-3,3,0.0598494,Yield,0,0,-141,-35
-4,2,0.059861,Yield,0,0,-145,-37
-4,3,0.0598843,Yield,0,0,-149,-40
-4,3,0.0599075,Yield,0,0,-153,-43
-3,3,0.0599365,Yield,0,0,-156,-46
-3,3,0.0599539,Yield,0,0,-159,-49
-3,1,0.0600004,Yield,0,0,-162,-50
-3,2,0.060012,Yield,0,0,-165,-52
-3,2,0.0600352,Yield,0,0,-168,-54
-2,1,0.0600651,Yield,0,0,-170,-55
-3,1,0.0600897,Yield,0,0,-173,-56
-1,-1,0.0601861,Yield,0,0,-174,-55
-1,-1,0.06025,Yield,0,0,-175,-54
-1,-1,0.0602558,Yield,0,0,-176,-53
-1,-1,0.0603138,Yield,0,0,-177,-52
-1,-1,0.0603371,Yield,0,0,-178,-51
-1,-1,0.0603719,Yield,0,0,-179,-50
1,1,0.060488,Yield,0,0,-178,-51
1,1,0.0605168,Yield,0,0,-177,-52
1,1,0.0605518,Yield,0,0,-176,-53
1,1,0.0605867,Yield,0,0,-175,-54
1,1,0.0606099,Yield,0,0,-174,-55
2,-1,0.0611381,Yield,0,0,-172,-54
3,-1,0.0611672,Yield,0,0,-169,-53
3,-1,0.0611962,Yield,0,0,-166,-52
3,-1,0.0612194,Yield,0,0,-163,-51
2,-1,0.0612484,Yield,0,0,-161,-50
3,-1,0.0612833,Yield,0,0,-158,-49
3,-1,0.0612891,Yield,0,0,-155,-48
3,-1,0.0613239,Yield,0,0,-152,-47
3,-1,0.0613471,Yield,0,0,-149,-46
2,-1,0.0613645,Yield,0,0,-147,-45
3,-2,0.0614226,Yield,0,0,-144,-43
3,-2,0.0614342,Yield,0,0,-141,-41
3,-2,0.0614574,Yield,0,0,-138,-39
2,-2,0.0615039,Yield,0,0,-136,-37
3,-2,0.0615213,Yield,0,0,-133,-35
2,-3,0.0615445,Yield,0,0,-131,-32
1,-2,0.0615619,Yield,0,0,-130,-30
1,-3,0.0615851,Yield,0,0,-129,-27
-1,-3,0.0616083,Yield,0,0,-130,-24
-2,-3,0.0616374,Yield,0,0,-132,-21
-3,-3,0.0616722,Yield,0,0,-135,-18
-2,-5,0.0617186,Yield,0,0,-137,-13
-7,-3,0.0617419,Yield,0,0,-144,-10
-3,-3,0.0617673,Yield,0,0,-147,-7
-3,-3,0.0617999,Yield,0,0,-150,-4
-2,-3,0.0618231,Yield,0,0,-152,-1
-2,-2,0.0618405,Yield,0,0,-154,1
-1,-2,0.0618638,Yield,0,0,-155,3
-1,-2,0.0618986,Yield,0,0,-156,5
1,-3,0.0619334,Yield,0,0,-155,8
2,-3,0.0619508,Yield,0,0,-153,11
2,-3,0.0619741,Yield,0,0,-151,14
1,-2,0.0619915,Yield,0,0,-150,16
2,-2,0.0620147,Yield,0,0,-148,18
2,-2,0.0620379,Yield,0,0,-146,20
2,-2,0.0620785,Yield,0,0,-144,22
2,-2,0.0621018,Yield,0,0,-142,24
2,-1,0.0621134,Yield,0,0,-140,25
2,-1,0.0621424,Yield,0,0,-138,26
1,1,0.0622643,Yield,0,0,-137,25
-2,1,0.0623166,Yield,0,0,-139,24
-2,1,0.0623456,Yield,0,0,-141,23
-1,1,0.0623746,Yield,0,0,-142,22
-1,1,0.0624094,Yield,0,0,-143,21
-1,1,0.0624152,Yield,0,0,-144,20
-1,-1,0.0719006,FRAY 1,87,416,-145,21
1,-1,0.0719702,FRAY 1,87,416,-144,22
1,-1,0.0719761,FRAY 1,87,416,-143,23
1,-1,0.0720051,FRAY 1,87,416,-142,24
1,-1,0.0720747,FRAY 1,87,416,-141,25
-1,1,0.0722083,FRAY 1,87,416,-142,24
-1,2,0.0722373,FRAY 1,87,416,-143,22
-1,2,0.0722721,FRAY 1,87,416,-144,20
-1,3,0.0722779,FRAY 1,87,416,-145,17
-1,2,0.0723011,FRAY 1,87,416,-146,15
-1,3,0.072336,FRAY 1,87,416,-147,12
-2,4,0.072365,FRAY 1,87,416,-149,8
-2,4,0.0723998,FRAY 1,87,416,-151,4
-2,3,0.0724056,FRAY 1,87,416,-153,1
-2,4,0.0724405,FRAY 1,87,416,-155,-3
-2,4,0.0724637,FRAY 1,87,416,-157,-7
-2,4,0.0725043,FRAY 1,87,416,-159,-11
-1,7,0.0725391,FRAY 1,87,416,-160,-18
-3,4,0.0725682,FRAY 1,87,416,-163,-22
-1,4,0.072603,FRAY 1,87,416,-164,-26
-1,7,0.0726395,FRAY 1,87,416,-165,-33
1,4,0.0726668,FRAY 1,87,416,-164,-37
1,4,0.0726901,FRAY 1,87,416,-163,-41
2,3,0.0727133,FRAY 1,87,416,-161,-44
1,4,0.0727365,FRAY 1,87,416,-160,-48
2,4,0.0727597,FRAY 1,87,416,-158,-52
3,4,0.0728004,FRAY 1,87,416,-155,-56
3,3,0.0728178,FRAY 1,87,416,-152,-59
3,4,0.0728468,FRAY 1,87,416,-149,-63
3,4,0.0728642,FRAY 1,87,416,-146,-67
2,4,0.0728874,FRAY 1,87,416,-144,-71
2,3,0.0729107,FRAY 1,87,416,-142,-74
2,4,0.0729455,FRAY 1,87,416,-140,-78
1,4,0.0729629,FRAY 1,87,416,-139,-82
1,4,0.0730093,FRAY 1,87,416,-138,-86
-1,3,0.0730151,FRAY 1,87,416,-139,-89
-2,2,0.0730384,FRAY 1,87,416,-141,-91
-3,3,0.0730732,FRAY 1,87,416,-144,-94
-2,3,0.0730964,FRAY 1,87,416,-146,-97
-4,3,0.0731138,FRAY 1,87,416,-150,-100
-4,2,0.0731429,FRAY 1,87,416,-154,-102
-4,2,0.0731719,FRAY 1,87,416,-158,-104
-3,1,0.0731893,FRAY 1,87,416,-161,-105
-4,1,0.0732183,FRAY 1,87,416,-165,-106
-4,1,0.0732473,FRAY 1,87,416,-169,-107
-4,1,0.0732648,FRAY 1,87,416,-173,-108
-3,1,0.0732938,FRAY 1,87,416,-176,-109
-4,1,0.0733228,FRAY 1,87,416,-180,-110
-4,1,0.0733518,FRAY 1,87,416,-184,-111
-4,2,0.0733693,FRAY 1,87,416,-188,-113
-3,2,0.0733983,FRAY 1,87,416,-191,-115
-3,3,0.0734215,FRAY 1,87,416,-194,-118
-3,2,0.0734505,FRAY 1,87,416,-197,-120
-2,4,0.0734737,FRAY 1,87,416,-199,-124
-1,4,0.0735028,FRAY 1,87,416,-200,-128
-1,4,0.073526,FRAY 1,87,416,-201,-132
-1,3,0.073555,FRAY 1,87,416,-202,-135
-1,4,0.0735666,FRAY 1,87,416,-203,-139
-1,4,0.0735927,FRAY 1,87,416,-204,-143
-1,4,0.0736247,FRAY 1,87,416,-205,-147
-1,3,0.0736479,FRAY 1,87,416,-206,-150
-1,4,0.0736827,FRAY 1,87,416,-207,-154
-1,4,0.0737117,FRAY 1,87,416,-208,-158
-1,4,0.0737176,FRAY 1,87,416,-209,-162
-1,3,0.0737466,FRAY 1,87,416,-210,-165
-1,4,0.0737698,FRAY 1,87,416,-211,-169
1,4,0.0737988,FRAY 1,87,416,-210,-173
2,4,0.0738337,FRAY 1,87,416,-208,-177
2,7,0.0738743,FRAY 1,87,416,-206,-184
4,4,0.0738975,FRAY 1,87,416,-202,-188
2,4,0.0739381,FRAY 1,87,416,-200,-192
2,3,0.0739556,FRAY 1,87,416,-198,-195
2,4,0.0739846,FRAY 1,87,416,-196,-199
3,4,0.074002,FRAY 1,87,416,-193,-203
2,4,0.0740252,FRAY 1,87,416,-191,-207
2,3,0.0740484,FRAY 1,87,416,-189,-210
2,4,0.0740831,FRAY 1,87,416,-187,-214
1,4,0.0741065,FRAY 1,87,416,-186,-218
1,4,0.0741355,FRAY 1,87,416,-185,-222
-2,3,0.0741529,FRAY 1,87,416,-187,-225
-2,4,0.074182,FRAY 1,87,416,-189,-229
-3,4,0.0741994,FRAY 1,87,416,-192,-233
-3,4,0.0742342,FRAY 1,87,416,-195,-237
-3,3,0.0742574,FRAY 1,87,416,-198,-240
-4,4,0.0742864,FRAY 1,87,416,-202,-244
-4,4,0.0743039,FRAY 1,87,416,-206,-248
-3,4,0.0743329,FRAY 1,87,416,-209,-252
-2,3,0.0743445,FRAY 1,87,416,-211,-255
-2,4,0.0743735,FRAY 1,87,416,-213,-259
-1,4,0.0744083,FRAY 1,87,416,-214,-263
-1,4,0.0744432,FRAY 1,87,416,-215,-267
1,3,0.0744432,FRAY 1,87,416,-214,-270
1,4,0.0744664,FRAY 1,87,416,-213,-274
1,4,0.0744896,FRAY 1,87,416,-212,-278
1,4,0.0745128,FRAY 1,87,416,-211,-282
1,3,0.0745535,FRAY 1,87,416,-210,-285
1,4,0.0745593,FRAY 1,87,416,-209,-289
1,4,0.0745941,FRAY 1,87,416,-208,-293
1,4,0.0746173,FRAY 1,87,416,-207,-297
1,3,0.0746405,FRAY 1,87,416,-206,-300
1,4,0.0746638,FRAY 1,87,416,-205,-304
1,4,0.0746928,FRAY 1,87,416,-204,-308
1,4,0.0747044,FRAY 1,87,416,-203,-312
1,3,0.074745,FRAY 1,87,416,-202,-315
2,4,0.0747683,FRAY 1,87,416,-200,-319
2,4,0.0747915,FRAY 1,87,416,-198,-323
2,4,0.0748147,FRAY 1,87,416,-196,-327
2,3,0.0748495,FRAY 1,87,416,-194,-330
2,4,0.0748611,FRAY 1,87,416,-192,-334
1,4,0.0748902,FRAY 1,87,416,-191,-338
2,4,0.0749134,FRAY 1,87,416,-189,-342
2,3,0.0749366,FRAY 1,87,416,-187,-345
2,4,0.0749598,FRAY 1,87,416,-185,-349
2,4,0.074983,FRAY 1,87,416,-183,-353
3,4,0.0750063,FRAY 1,87,416,-180,-357
3,3,0.0750353,FRAY 1,87,416,-177,-360
2,4,0.0750643,FRAY 1,87,416,-175,-364
3,4,0.0750875,FRAY 1,87,416,-172,-368
3,4,0.0751107,FRAY 1,87,416,-169,-372
3,3,0.0751456,FRAY 1,87,416,-166,-375
3,4,0.075163,FRAY 1,87,416,-163,-379
2,4,0.0751862,FRAY 1,87,416,-161,-383
3,4,0.0752094,FRAY 1,87,416,-158,-387
3,3,0.0752385,FRAY 1,87,416,-155,-390
3,4,0.0752623,FRAY 1,87,416,-152,-394
3,4,0.0752907,FRAY 1,87,416,-149,-398
3,4,0.0753139,FRAY 1,87,416,-146,-402
2,3,0.0753371,FRAY 1,87,416,-144,-405
3,4,0.0753604,FRAY 1,87,416,-141,-409
3,4,0.0753898,FRAY 1,87,416,-138,-413
3,4,0.0754184,FRAY 1,87,416,-135,-417
3,3,0.0754474,FRAY 1,87,416,-132,-420
2,4,0.0754649,FRAY 1,87,416,-130,-424
3,4,0.0754881,FRAY 1,87,416,-127,-428
3,4,0.0755113,FRAY 1,87,416,-124,-432
3,3,0.0755345,FRAY 1,87,416,-121,-435
3,4,0.0755693,FRAY 1,87,416,-118,-439
2,4,0.0755926,FRAY 1,87,416,-116,-443
3,4,0.0756216,FRAY 1,87,416,-113,-447
3,3,0.075639,FRAY 1,87,416,-110,-450
3,4,0.0756622,FRAY 1,87,416,-107,-454
3,4,0.0756854,FRAY 1,87,416,-104,-458
3,4,0.0757203,FRAY 1,87,416,-101,-462
2,3,0.0757435,FRAY 1,87,416,-99,-465
3,4,0.0757727,FRAY 1,87,416,-96,-469
3,4,0.0757899,FRAY 1,87,416,-93,-473
3,4,0.0758132,FRAY 1,87,416,-90,-477
3,3,0.0758422,FRAY 1,87,416,-87,-480
2,4,0.0758712,FRAY 1,87,416,-85,-484
3,4,0.075906,FRAY 1,87,416,-82,-488
3,4,0.0759351,FRAY 1,87,416,-79,-492
3,3,0.0759409,FRAY 1,87,416,-76,-495
3,4,0.0759699,FRAY 1,87,416,-73,-499
2,4,0.0759931,FRAY 1,87,416,-71,-503
3,4,0.0760221,FRAY 1,87,416,-68,-507
3,3,0.076057,FRAY 1,87,416,-65,-510
3,4,0.076086,FRAY 1,87,416,-62,-514
3,4,0.0760976,FRAY 1,87,416,-59,-518
2,4,0.0761208,FRAY 1,87,416,-57,-522
3,3,0.076144,FRAY 1,87,416,-54,-525
3,4,0.0761731,FRAY 1,87,416,-51,-529
3,4,0.0761963,FRAY 1,87,416,-48,-533
3,4,0.0762369,FRAY 1,87,416,-45,-537
3,3,0.0762485,FRAY 1,87,416,-42,-540
2,4,0.0762717,FRAY 1,87,416,-40,-544
3,3,0.076295,FRAY 1,87,416,-37,-547
3,3,0.0763182,FRAY 1,87,416,-34,-550
3,3,0.076353,FRAY 1,87,416,-31,-553
2,1,0.0763937,FRAY 1,87,416,-29,-554
2,2,0.0763995,FRAY 1,87,416,-27,-556
2,2,0.0764227,FRAY 1,87,416,-25,-558
1,2,0.0764459,FRAY 1,87,416,-24,-560
1,2,0.0764691,FRAY 1,87,416,-23,-562
1,2,0.0765039,FRAY 1,87,416,-22,-564
1,2,0.076533,FRAY 1,87,416,-21,-566
1,2,0.0765504,FRAY 1,87,416,-20,-568
1,1,0.0765736,FRAY 1,87,416,-19,-569
1,2,0.0765968,FRAY 1,87,416,-18,-571
1,2,0.0766259,FRAY 1,87,416,-17,-573
1,1,0.0766491,FRAY 1,87,416,-16,-574
1,1,0.0766723,FRAY 1,87,416,-15,-575
1,-1,0.0873941,SAN- 2,387,311,-14,-574
1,-2,0.087458,SAN- 2,387,311,-13,-572
1,-2,0.0874812,SAN- 2,387,311,-12,-570
1,-2,0.087487,SAN- 2,387,311,-11,-568
1,-2,0.0875218,SAN- 2,387,311,-10,-566
1,-2,0.087545,SAN- 2,387,311,-9,-564
1,-1,0.0875683,SAN- 2,387,311,-8,-563
-1,-3,0.0876089,SAN- 2,387,311,-9,-560
-1,-4,0.0876379,SAN- 2,387,311,-10,-556
-1,-2,0.0876727,SAN- 2,387,311,-11,-554
-1,-2,0.087696,SAN- 2,387,311,-12,-552
1,-2,0.0877294,SAN- 2,387,311,-11,-550
2,-1,0.0877598,SAN- 2,387,311,-9,-549
1,-1,0.0877772,SAN- 2,387,311,-8,-548
2,-1,0.0877946,SAN- 2,387,311,-6,-547
3,-1,0.0878179,SAN- 2,387,311,-3,-546
3,-1,0.0878585,SAN- 2,387,311,0,-545
3,-1,0.0878817,SAN- 2,387,311,3,-544
3,-1,0.0879049,SAN- 2,387,311,6,-543
2,-1,0.0879341,SAN- 2,387,311,8,-542
3,-1,0.0879514,SAN- 2,387,311,11,-541
3,-1,0.0879688,SAN- 2,387,311,14,-540
3,-1,0.0879978,SAN- 2,387,311,17,-539
3,-1,0.0880327,SAN- 2,387,311,20,-538
2,-1,0.0880559,SAN- 2,387,311,22,-537
3,-1,0.0880791,SAN- 2,387,311,25,-536
3,-1,0.0880965,SAN- 2,387,311,28,-535
3,-1,0.0881197,SAN- 2,387,311,31,-534
3,-1,0.0881534,SAN- 2,387,311,34,-533
2,-2,0.0881836,SAN- 2,387,311,36,-531
3,-4,0.0882242,SAN- 2,387,311,39,-527
6,-2,0.088259,SAN- 2,387,311,45,-525
3,-2,0.0882707,SAN- 2,387,311,48,-523
2,-1,0.0883055,SAN- 2,387,311,50,-522
3,-1,0.0883345,SAN- 2,387,311,53,-521
3,-1,0.0883693,SAN- 2,387,311,56,-520
3,-1,0.0883868,SAN- 2,387,311,59,-519
3,-1,0.0884216,SAN- 2,387,311,62,-518
2,-1,0.0884564,SAN- 2,387,311,64,-517
3,-1,0.0884912,SAN- 2,387,311,67,-516
3,-1,0.0884971,SAN- 2,387,311,70,-515
3,-1,0.0885261,SAN- 2,387,311,73,-514
3,-2,0.0885507,SAN- 2,387,311,76,-512
2,-2,0.0885957,SAN- 2,387,311,78,-510
3,-2,0.0886073,SAN- 2,387,311,81,-508
3,-2,0.0886422,SAN- 2,387,311,84,-506
2,-2,0.088648,SAN- 2,387,311,86,-504
2,-1,0.0886828,SAN- 2,387,311,88,-503
1,-2,0.0887118,SAN- 2,387,311,89,-501
1,-2,0.0887351,SAN- 2,387,311,90,-499
1,-2,0.0887583,SAN- 2,387,311,91,-497
1,-1,0.0887815,SAN- 2,387,311,92,-496
1,-1,0.0887989,SAN- 2,387,311,93,-495
3,1,0.0889208,SAN- 2,387,311,96,-496
3,1,0.0889324,SAN- 2,387,311,99,-497
2,1,0.0889498,SAN- 2,387,311,101,-498
3,1,0.0889789,SAN- 2,387,311,104,-499
3,1,0.0890079,SAN- 2,387,311,107,-500
3,1,0.0890311,SAN- 2,387,311,110,-501
3,1,0.0890717,SAN- 2,387,311,113,-502
2,2,0.0891066,SAN- 2,387,311,115,-504
3,1,0.0891588,SAN- 2,387,311,118,-505
3,1,0.089182,SAN- 2,387,311,121,-506
2,1,0.0892227,SAN- 2,387,311,123,-507
3,1,0.0892401,SAN- 2,387,311,126,-508
3,1,0.0892575,SAN- 2,387,311,129,-509
3,1,0.0892923,SAN- 2,387,311,132,-510
3,1,0.0893098,SAN- 2,387,311,135,-511
3,1,0.0893388,SAN- 2,387,311,138,-512
2,1,0.0893678,SAN- 2,387,311,140,-513
3,1,0.089391,SAN- 2,387,311,143,-514
3,1,0.0894084,SAN- 2,387,311,146,-515
3,1,0.0894433,SAN- 2,387,311,149,-516
3,1,0.0894723,SAN- 2,387,311,152,-517
2,1,0.0894955,SAN- 2,387,311,154,-518
3,1,0.0895303,SAN- 2,387,311,157,-519
3,1,0.0895594,SAN- 2,387,311,160,-520
3,1,0.0895826,SAN- 2,387,311,163,-521
2,1,0.0896174,SAN- 2,387,311,165,-522
3,1,0.0896348,SAN- 2,387,311,168,-523
3,1,0.0896813,SAN- 2,387,311,171,-524
3,1,0.0896871,SAN- 2,387,311,174,-525
3,1,0.0897103,SAN- 2,387,311,177,-526
2,1,0.0897363,SAN- 2,387,311,179,-527
3,1,0.0897683,SAN- 2,387,311,182,-528
3,1,0.0898032,SAN- 2,387,311,185,-529
3,2,0.089838,SAN- 2,387,311,188,-531
6,1,0.0898786,SAN- 2,387,311,194,-532
2,1,0.0898961,SAN- 2,387,311,196,-533
3,1,0.0899193,SAN- 2,387,311,199,-534
3,-1,0.0906159,SAN- 2,387,311,202,-533
3,-1,0.0906507,SAN- 2,387,311,205,-532
2,-1,0.0906855,SAN- 2,387,311,207,-531
3,-2,0.0907146,SAN- 2,387,311,210,-529
6,-1,0.0907378,SAN- 2,387,311,216,-528
3,-1,0.0907668,SAN- 2,387,311,219,-527
3,-1,0.0908016,SAN- 2,387,311,222,-526
2,-1,0.0908365,SAN- 2,387,311,224,-525
3,-4,0.0908655,SAN- 2,387,311,227,-521
6,-2,0.0908887,SAN- 2,387,311,233,-519
3,-1,0.0909235,SAN- 2,387,311,236,-518
2,-2,0.0909526,SAN- 2,387,311,238,-516
3,-2,0.0909758,SAN- 2,387,311,241,-514
3,-2,0.0910048,SAN- 2,387,311,244,-512
3,-2,0.0910164,SAN- 2,387,311,247,-510
3,-2,0.0910512,SAN- 2,387,311,250,-508
2,-2,0.0910803,SAN- 2,387,311,252,-506
3,-2,0.0911035,SAN- 2,387,311,255,-504
3,-1,0.0911325,SAN- 2,387,311,258,-503
3,-2,0.0911441,SAN- 2,387,311,261,-501
3,-2,0.0911673,SAN- 2,387,311,264,-499
3,-2,0.0911931,SAN- 2,387,311,267,-497
2,-2,0.091237,SAN- 2,387,311,269,-495
3,-2,0.091266,SAN- 2,387,311,272,-493
3,-2,0.0912834,SAN- 2,387,311,275,-491
3,-2,0.0913067,SAN- 2,387,311,278,-489
3,-1,0.0913239,SAN- 2,387,311,281,-488
2,-2,0.0913531,SAN- 2,387,311,283,-486
3,-2,0.0913763,SAN- 2,387,311,286,-484
3,-2,0.0914112,SAN- 2,387,311,289,-482
3,-2,0.0914402,SAN- 2,387,311,292,-480
3,-2,0.0914518,SAN- 2,387,311,295,-478
2,-2,0.091475,SAN- 2,387,311,297,-476
3,-2,0.091504,SAN- 2,387,311,300,-474
3,-1,0.0915621,SAN- 2,387,311,303,-473
3,-1,0.0915679,SAN- 2,387,311,306,-472
3,-1,0.0916085,SAN- 2,387,311,309,-471
2,-1,0.0916259,SAN- 2,387,311,311,-470
3,-2,0.0916565,SAN- 2,387,311,314,-468
3,-2,0.091684,SAN- 2,387,311,317,-466
3,-2,0.0917188,SAN- 2,387,311,320,-464
3,-2,0.0917304,SAN- 2,387,311,323,-462
2,-2,0.0917537,SAN- 2,387,311,325,-460
3,-1,0.0917769,SAN- 2,387,311,328,-459
3,-2,0.0918001,SAN- 2,387,311,331,-457
3,-2,0.0918349,SAN- 2,387,311,334,-455
3,-2,0.0918639,SAN- 2,387,311,337,-453
2,-2,0.0918756,SAN- 2,387,311,339,-451
3,-2,0.0918988,SAN- 2,387,311,342,-449
2,-2,0.0919278,SAN- 2,387,311,344,-447
3,-2,0.091951,SAN- 2,387,311,347,-445
3,-2,0.09198,SAN- 2,387,311,350,-443
3,-2,0.0920207,SAN- 2,387,311,353,-441
2,-2,0.0920323,SAN- 2,387,311,355,-439
3,-2,0.0920555,SAN- 2,387,311,358,-437
3,-1,0.0920787,SAN- 2,387,311,361,-436
3,-2,0.0921136,SAN- 2,387,311,364,-434
3,-2,0.092131,SAN- 2,387,311,367,-432
2,-2,0.09216,SAN- 2,387,311,369,-430
3,-2,0.0921774,SAN- 2,387,311,372,-428
3,-2,0.0922006,SAN- 2,387,311,375,-426
3,-3,0.0922323,SAN- 2,387,311,378,-423
3,-2,0.0922645,SAN- 2,387,311,381,-421
3,-3,0.0922993,SAN- 2,387,311,384,-418
2,-3,0.0923167,SAN- 2,387,311,386,-415
3,-3,0.0923283,SAN- 2,387,311,389,-412
3,-2,0.0923516,SAN- 2,387,311,392,-410
3,-2,0.0923806,SAN- 2,387,311,395,-408
3,-2,0.0924154,SAN- 2,387,311,398,-406
2,-1,0.0924502,SAN- 2,387,311,400,-405
3,-2,0.0924677,SAN- 2,387,311,403,-403
3,-2,0.0924793,SAN- 2,387,311,406,-401
3,-1,0.0925072,SAN- 2,387,311,409,-400
3,-1,0.0925315,SAN- 2,387,311,412,-399
2,-1,0.0925605,SAN- 2,387,311,414,-398
2,-1,0.0925954,SAN- 2,387,311,416,-397
2,-1,0.0926186,SAN- 2,387,311,418,-396
2,-1,0.0927753,SAN- 2,387,311,420,-395
2,-1,0.0927869,SAN- 2,387,311,422,-394
2,-1,0.0928102,SAN- 2,387,311,424,-393
2,-1,0.0928334,SAN- 2,387,311,426,-392
2,-1,0.0928566,SAN- 2,387,311,428,-391
2,1,0.0930191,SAN- 2,387,311,430,-392
2,1,0.0930482,SAN- 2,387,311,432,-393
2,1,0.093083,SAN- 2,387,311,434,-394
1,1,0.0930946,SAN- 2,387,311,435,-395
2,1,0.093112,SAN- 2,387,311,437,-396
2,1,0.0931468,SAN- 2,387,311,439,-397
1,1,0.0931701,SAN- 2,387,311,440,-398
1,1,0.0931991,SAN- 2,387,311,441,-399
1,1,0.0932455,SAN- 2,387,311,442,-400
1,1,0.0932629,SAN- 2,387,311,443,-401
1,1,0.0932978,SAN- 2,387,311,444,-402
1,-1,0.093625,SAN- 2,387,311,445,-401
1,-1,0.0936403,SAN- 2,387,311,446,-400
1,-1,0.0936693,SAN- 2,387,311,447,-399
1,-1,0.0936925,SAN- 2,387,311,448,-398
1,-2,0.0937448,SAN- 2,387,311,449,-396
1,-2,0.0937854,SAN- 2,387,311,450,-394
1,-4,0.0938202,SAN- 2,387,311,451,-390
2,-2,0.0938493,SAN- 2,387,311,453,-388
2,-1,0.0938725,SAN- 2,387,311,455,-387
1,-2,0.0938957,SAN- 2,387,311,456,-385
1,-2,0.0939305,SAN- 2,387,311,457,-383
1,-2,0.0939595,SAN- 2,387,311,458,-381
1,-2,0.0939712,SAN- 2,387,311,459,-379
1,-2,0.094006,SAN- 2,387,311,460,-377
1,-2,0.0940176,SAN- 2,387,311,461,-375
1,-2,0.0940509,SAN- 2,387,311,462,-373
1,-1,0.0940815,SAN- 2,387,311,463,-372
1,-2,0.0941105,SAN- 2,387,311,464,-370
1,-2,0.0941221,SAN- 2,387,311,465,-368
1,-2,0.0941453,SAN- 2,387,311,466,-366
1,-2,0.0941743,SAN- 2,387,311,467,-364
1,-2,0.0942034,SAN- 2,387,311,468,-362
1,-2,0.0942324,SAN- 2,387,311,469,-360
1,-2,0.0942672,SAN- 2,387,311,470,-358
1,-1,0.094273,SAN- 2,387,311,471,-357
1,-2,0.094302,SAN- 2,387,311,472,-355
1,-1,0.0943311,SAN- 2,387,311,473,-354
1,-1,0.0943601,SAN- 2,387,311,474,-353
1,-1,0.0944181,SAN- 2,387,311,475,-352
1,-1,0.0944239,SAN- 2,387,311,476,-351
1,-1,0.094482,SAN- 2,387,311,477,-350
1,-1,0.0944994,SAN- 2,387,311,478,-349
-1,-1,0.0948477,SAN- 2,387,311,477,-348
-2,-1,0.0948825,SAN- 2,387,311,475,-347
-2,-1,0.0949058,SAN- 2,387,311,473,-346
-3,-2,0.094929,SAN- 2,387,311,470,-344
-3,-2,0.094958,SAN- 2,387,311,467,-342
-4,-2,0.0949928,SAN- 2,387,311,463,-340
-4,-2,0.0950044,SAN- 2,387,311,459,-338
-3,-2,0.0950335,SAN- 2,387,311,456,-336
-4,-2,0.0950567,SAN- 2,387,311,452,-334
-4,-1,0.0950826,SAN- 2,387,311,448,-333
-4,-1,0.0951147,SAN- 2,387,311,444,-332
-3,-1,0.0951322,SAN- 2,387,311,441,-331
-1,-1,0.1037,-TIA- 3,329,115,440,-330
-1,-2,0.103753,-TIA- 3,329,115,439,-328
1,-2,0.103776,-TIA- 3,329,115,440,-326
1,-3,0.103811,-TIA- 3,329,115,441,-323
1,-2,0.103845,-TIA- 3,329,115,442,-321
1,-3,0.103857,-TIA- 3,329,115,443,-318
1,-3,0.103874,-TIA- 3,329,115,444,-315
1,-3,0.103909,-TIA- 3,329,115,445,-312
1,-3,0.103933,-TIA- 3,329,115,446,-309
1,-3,0.103962,-TIA- 3,329,115,447,-306
2,-2,0.103996,-TIA- 3,329,115,449,-304
2,-2,0.104002,-TIA- 3,329,115,451,-302
1,-2,0.104025,-TIA- 3,329,115,452,-300
2,-2,0.10406,-TIA- 3,329,115,454,-298
2,-1,0.104083,-TIA- 3,329,115,456,-297
1,-1,0.104113,-TIA- 3,329,115,457,-296
1,-1,0.104356,-TIA- 3,329,115,458,-295
1,-2,0.10438,-TIA- 3,329,115,459,-293
-1,-1,0.10442,-TIA- 3,329,115,458,-292
-1,-3,0.104449,-TIA- 3,329,115,457,-289
-1,-3,0.104461,-TIA- 3,329,115,456,-286
-1,-3,0.104484,-TIA- 3,329,115,455,-283
-1,-3,0.104507,-TIA- 3,329,115,454,-280
-1,-2,0.104536,-TIA- 3,329,115,453,-278
-1,-3,0.104571,-TIA- 3,329,115,452,-275
-1,-3,0.104594,-TIA- 3,329,115,451,-272
-1,-3,0.104618,-TIA- 3,329,115,450,-269
-1,-3,0.104635,-TIA- 3,329,115,449,-266
-1,-3,0.10467,-TIA- 3,329,115,448,-263
-1,-2,0.104699,-TIA- 3,329,115,447,-261
-1,-3,0.104716,-TIA- 3,329,115,446,-258
-1,-3,0.104745,-TIA- 3,329,115,445,-255
-1,-3,0.104768,-TIA- 3,329,115,444,-252
1,-3,0.104786,-TIA- 3,329,115,445,-249
1,-2,0.104809,-TIA- 3,329,115,446,-247
1,-3,0.104844,-TIA- 3,329,115,447,-244
2,-3,0.104867,-TIA- 3,329,115,449,-241
2,-3,0.104896,-TIA- 3,329,115,451,-238
2,-3,0.104919,-TIA- 3,329,115,453,-235
2,-2,0.104937,-TIA- 3,329,115,455,-233
1,-3,0.104966,-TIA- 3,329,115,456,-230
2,-3,0.104995,-TIA- 3,329,115,458,-227
2,-3,0.105018,-TIA- 3,329,115,460,-224
2,-3,0.105053,-TIA- 3,329,115,462,-221
2,-3,0.105076,-TIA- 3,329,115,464,-218
2,-2,0.105092,-TIA- 3,329,115,466,-216
2,-3,0.105117,-TIA- 3,329,115,468,-213
1,-3,0.105146,-TIA- 3,329,115,469,-210
2,-3,0.105181,-TIA- 3,329,115,471,-207
2,-3,0.105186,-TIA- 3,329,115,473,-204
2,-2,0.105221,-TIA- 3,329,115,475,-202
3,-3,0.105256,-TIA- 3,329,115,478,-199
3,-3,0.105268,-TIA- 3,329,115,481,-196
3,-3,0.105297,-TIA- 3,329,115,484,-193
2,-3,0.105326,-TIA- 3,329,115,486,-190
3,-2,0.105332,-TIA- 3,329,115,489,-188
3,-3,0.105361,-TIA- 3,329,115,492,-185
3,-3,0.105389,-TIA- 3,329,115,495,-182
3,-3,0.105413,-TIA- 3,329,115,498,-179
2,-3,0.105442,-TIA- 3,329,115,500,-176
3,-3,0.105477,-TIA- 3,329,115,503,-173
3,-2,0.105482,-TIA- 3,329,115,506,-171
2,-3,0.105506,-TIA- 3,329,115,508,-168
2,-3,0.10554,-TIA- 3,329,115,510,-165
2,-3,0.10557,-TIA- 3,329,115,512,-162
2,-3,0.105593,-TIA- 3,329,115,514,-159
1,-2,0.105622,-TIA- 3,329,115,515,-157
2,-3,0.105633,-TIA- 3,329,115,517,-154
2,-3,0.105657,-TIA- 3,329,115,519,-151
2,-3,0.105691,-TIA- 3,329,115,521,-148
2,-3,0.10572,-TIA- 3,329,115,523,-145
2,-2,0.105755,-TIA- 3,329,115,525,-143
2,-3,0.105767,-TIA- 3,329,115,527,-140
2,-3,0.105784,-TIA- 3,329,115,529,-137
1,-3,0.105813,-TIA- 3,329,115,530,-134
2,-3,0.105842,-TIA- 3,329,115,532,-131
2,-3,0.105877,-TIA- 3,329,115,534,-128
2,-2,0.105906,-TIA- 3,329,115,536,-126
2,-3,0.105916,-TIA- 3,329,115,538,-123
2,-3,0.105941,-TIA- 3,329,115,540,-120
2,-3,0.105976,-TIA- 3,329,115,542,-117
2,-3,0.105982,-TIA- 3,329,115,544,-114
1,-2,0.106011,-TIA- 3,329,115,545,-112
2,-3,0.106046,-TIA- 3,329,115,547,-109
2,-3,0.106051,-TIA- 3,329,115,549,-106
2,-3,0.106075,-TIA- 3,329,115,551,-103
2,-3,0.106109,-TIA- 3,329,115,553,-100
2,-3,0.106133,-TIA- 3,329,115,555,-97
2,-3,0.106162,-TIA- 3,329,115,557,-94
2,-3,0.106191,-TIA- 3,329,115,559,-91
2,-2,0.106202,-TIA- 3,329,115,561,-89
2,-3,0.106225,-TIA- 3,329,115,563,-86
2,-3,0.10626,-TIA- 3,329,115,565,-83
1,-3,0.106289,-TIA- 3,329,115,566,-80
2,-3,0.106301,-TIA- 3,329,115,568,-77
2,-2,0.106342,-TIA- 3,329,115,570,-75
2,-3,0.106353,-TIA- 3,329,115,572,-72
2,-3,0.106382,-TIA- 3,329,115,574,-69
2,-3,0.106411,-TIA- 3,329,115,576,-66
2,-3,0.106446,-TIA- 3,329,115,578,-63
2,-2,0.106452,-TIA- 3,329,115,580,-61
1,-3,0.106498,-TIA- 3,329,115,581,-58
2,-3,0.10651,-TIA- 3,329,115,583,-55
2,-3,0.106533,-TIA- 3,329,115,585,-52
2,-3,0.106562,-TIA- 3,329,115,587,-49
1,-3,0.106597,-TIA- 3,329,115,588,-46
1,-2,0.106603,-TIA- 3,329,115,589,-44
1,-3,0.106632,-TIA- 3,329,115,590,-41
1,-3,0.106661,-TIA- 3,329,115,591,-38
-1,-3,0.106678,-TIA- 3,329,115,590,-35
-2,-3,0.106701,-TIA- 3,329,115,588,-32
-3,-2,0.106736,-TIA- 3,329,115,585,-30
-3,-3,0.106748,-TIA- 3,329,115,582,-27
-2,-3,0.106771,-TIA- 3,329,115,580,-24
-4,-3,0.106806,-TIA- 3,329,115,576,-21
-4,-3,0.106841,-TIA- 3,329,115,572,-18
-4,-2,0.106852,-TIA- 3,329,115,568,-16
-3,-3,0.106893,-TIA- 3,329,115,565,-13
-4,-3,0.106905,-TIA- 3,329,115,561,-10
-4,-3,0.106928,-TIA- 3,329,115,557,-7
-4,-3,0.106957,-TIA- 3,329,115,553,-4
-3,-3,0.106992,-TIA- 3,329,115,550,-1
-4,-2,0.107015,-TIA- 3,329,115,546,1
-4,-3,0.107044,-TIA- 3,329,115,542,4
-4,-3,0.107056,-TIA- 3,329,115,538,7
-3,-3,0.107079,-TIA- 3,329,115,535,10
-4,-3,0.107108,-TIA- 3,329,115,531,13
-4,-2,0.107131,-TIA- 3,329,115,527,15
-4,-3,0.107178,-TIA- 3,329,115,523,18
-3,-3,0.107199,-TIA- 3,329,115,520,21
-4,-3,0.107207,-TIA- 3,329,115,516,24
-4,-3,0.10723,-TIA- 3,329,115,512,27
-4,-2,0.107253,-TIA- 3,329,115,508,29
-3,-3,0.107288,-TIA- 3,329,115,505,32
-4,-3,0.107328,-TIA- 3,329,115,501,35
-4,-6,0.107357,-TIA- 3,329,115,497,41
-7,-3,0.107381,-TIA- 3,329,115,490,44
-4,-2,0.107404,-TIA- 3,329,115,486,46
-4,-3,0.107439,-TIA- 3,329,115,482,49
-4,-3,0.107468,-TIA- 3,329,115,478,52
-3,-6,0.107508,-TIA- 3,329,115,475,58
-8,-2,0.107543,-TIA- 3,329,115,467,60
-4,-3,0.107572,-TIA- 3,329,115,463,63
-3,-3,0.107613,-TIA- 3,329,115,460,66
-4,-5,0.107642,-TIA- 3,329,115,456,71
-8,-2,0.107665,-TIA- 3,329,115,448,73
-2,-1,0.1077,-TIA- 3,329,115,446,74
1,2,0.107793,-TIA- 3,329,115,447,72
1,2,0.107822,-TIA- 3,329,115,448,70
1,2,0.107862,-TIA- 3,329,115,449,68
2,2,0.107892,-TIA- 3,329,115,451,66
2,2,0.107926,-TIA- 3,329,115,453,64
2,3,0.107955,-TIA- 3,329,115,455,61
4,2,0.10799,-TIA- 3,329,115,459,59
2,2,0.108019,-TIA- 3,329,115,461,57
2,4,0.108054,-TIA- 3,329,115,463,53
2,1,0.108089,-TIA- 3,329,115,465,52
1,1,0.108124,-TIA- 3,329,115,466,51
1,1,0.108159,-TIA- 3,329,115,467,50
1,1,0.108188,-TIA- 3,329,115,468,49
-1,1,0.108228,-TIA- 3,329,115,467,48
-3,1,0.108257,-TIA- 3,329,115,464,47
-2,1,0.108286,-TIA- 3,329,115,462,46
-2,2,0.108309,-TIA- 3,329,115,460,44
-2,2,0.108339,-TIA- 3,329,115,458,42
-3,2,0.108356,-TIA- 3,329,115,455,40
-3,3,0.108373,-TIA- 3,329,115,452,37
-4,3,0.108397,-TIA- 3,329,115,448,34
-4,2,0.108426,-TIA- 3,329,115,444,32
-3,3,0.10846,-TIA- 3,329,115,441,29
-4,8,0.108489,-TIA- 3,329,115,437,21
-8,3,0.108513,-TIA- 3,329,115,429,18
-3,4,0.108547,-TIA- 3,329,115,426,14
-4,4,0.108577,-TIA- 3,329,115,422,10
-4,4,0.108611,-TIA- 3,329,115,418,6
-4,3,0.108623,-TIA- 3,329,115,414,3
-3,4,0.108646,-TIA- 3,329,115,411,-1
-4,4,0.108675,-TIA- 3,329,115,407,-5
-4,4,0.108698,-TIA- 3,329,115,403,-9
-4,3,0.108732,-TIA- 3,329,115,399,-12
-3,4,0.108762,-TIA- 3,329,115,396,-16
-4,4,0.108769,-TIA- 3,329,115,392,-20
-4,4,0.108794,-TIA- 3,329,115,388,-24
-4,3,0.108826,-TIA- 3,329,115,384,-27
-3,4,0.108861,-TIA- 3,329,115,381,-31
-4,3,0.108884,-TIA- 3,329,115,377,-34
-3,3,0.108913,-TIA- 3,329,115,374,-37
-2,2,0.108925,-TIA- 3,329,115,372,-39
-2,1,0.108948,-TIA- 3,329,115,370,-40
-1,1,0.109012,-TIA- 3,329,115,369,-41
1,-1,0.109196,-TIA- 3,329,115,370,-40
2,-1,0.109227,-TIA- 3,329,115,372,-39
1,-1,0.10925,-TIA- 3,329,115,373,-38
1,-1,0.109273,-TIA- 3,329,115,374,-37
3,1,0.1095,-TIA- 3,329,115,377,-38
3,1,0.109529,-TIA- 3,329,115,380,-39
3,1,0.109563,-TIA- 3,329,115,383,-40
2,1,0.109587,-TIA- 3,329,115,385,-41
3,1,0.10961,-TIA- 3,329,115,388,-42
3,1,0.109645,-TIA- 3,329,115,391,-43
3,1,0.10965,-TIA- 3,329,115,394,-44
2,1,0.109679,-TIA- 3,329,115,396,-45
2,1,0.109708,-TIA- 3,329,115,398,-46
2,1,0.109761,-TIA- 3,329,115,400,-47
2,1,0.109796,-TIA- 3,329,115,402,-48
2,1,0.109801,-TIA- 3,329,115,404,-49
2,1,0.109825,-TIA- 3,329,115,406,-50
1,-1,0.109976,-TIA- 3,329,115,407,-49
1,-1,0.110039,-TIA- 3,329,115,408,-48
1,-1,0.110074,-TIA- 3,329,115,409,-47
1,-2,0.110097,-TIA- 3,329,115,410,-45
1,-2,0.110103,-TIA- 3,329,115,411,-43
1,-1,0.110132,-TIA- 3,329,115,412,-42
1,-2,0.110161,-TIA- 3,329,115,413,-40
1,-2,0.110196,-TIA- 3,329,115,414,-38
1,-2,0.110225,-TIA- 3,329,115,415,-36
1,-2,0.110237,-TIA- 3,329,115,416,-34
1,-2,0.11026,-TIA- 3,329,115,417,-32
1,-2,0.110283,-TIA- 3,329,115,418,-30
1,-2,0.110306,-TIA- 3,329,115,419,-28
1,-1,0.110341,-TIA- 3,329,115,420,-27
1,-2,0.11037,-TIA- 3,329,115,421,-25
-1,-2,0.110382,-TIA- 3,329,115,420,-23
-1,-2,0.110405,-TIA- 3,329,115,419,-21
-1,-2,0.110434,-TIA- 3,329,115,418,-19
-1,-2,0.110475,-TIA- 3,329,115,417,-17
-1,-1,0.110498,-TIA- 3,329,115,416,-16
-1,-1,0.110533,-TIA- 3,329,115,415,-15
-1,-1,0.110556,-TIA- 3,329,115,414,-14
-1,-1,0.11062,-TIA- 3,329,115,413,-13
-1,-1,0.110626,-TIA- 3,329,115,412,-12
1,-1,0.110649,-TIA- 3,329,115,413,-11
1,-1,0.110684,-TIA- 3,329,115,414,-10
1,-1,0.110742,-TIA- 3,329,115,415,-9
1,-1,0.110771,-TIA- 3,329,115,416,-8
1,-2,0.110806,-TIA- 3,329,115,417,-6
1,-1,0.110858,-TIA- 3,329,115,418,-5
1,-1,0.110893,-TIA- 3,329,115,419,-4
1,-1,0.110922,-TIA- 3,329,115,420,-3
1,1,0.118259,GO 4,282,431,421,-4
-1,1,0.118317,GO 4,282,431,420,-5
-2,2,0.118323,GO 4,282,431,418,-7
-2,2,0.118346,GO 4,282,431,416,-9
-1,3,0.118381,GO 4,282,431,415,-12
-2,3,0.11841,GO 4,282,431,413,-15
-3,2,0.118439,GO 4,282,431,410,-17
-3,3,0.118468,GO 4,282,431,407,-20
-2,3,0.118474,GO 4,282,431,405,-23
-2,3,0.118503,GO 4,282,431,403,-26
-2,3,0.118532,GO 4,282,431,401,-29
-2,2,0.118555,GO 4,282,431,399,-31
-1,3,0.118579,GO 4,282,431,398,-34
-1,4,0.118619,GO 4,282,431,397,-38
-1,4,0.118625,GO 4,282,431,396,-42
-1,3,0.118654,GO 4,282,431,395,-45
-1,4,0.118683,GO 4,282,431,394,-49
-1,4,0.118718,GO 4,282,431,393,-53
-1,4,0.118729,GO 4,282,431,392,-57
-1,3,0.118753,GO 4,282,431,391,-60
-1,4,0.118782,GO 4,282,431,390,-64
-2,4,0.118805,GO 4,282,431,388,-68
-2,4,0.118834,GO 4,282,431,386,-72
-3,3,0.118869,GO 4,282,431,383,-75
-3,4,0.118875,GO 4,282,431,380,-79
-3,4,0.118909,GO 4,282,431,377,-83
-4,4,0.118933,GO 4,282,431,373,-87
-4,3,0.118956,GO 4,282,431,369,-90
-4,4,0.118985,GO 4,282,431,365,-94
-3,4,0.11902,GO 4,282,431,362,-98
-4,4,0.119025,GO 4,282,431,358,-102
-4,3,0.11905,GO 4,282,431,354,-105
-4,4,0.119084,GO 4,282,431,350,-109
-3,4,0.119107,GO 4,282,431,347,-113
-3,4,0.11913,GO 4,282,431,344,-117
-3,3,0.119171,GO 4,282,431,341,-120
-3,4,0.119182,GO 4,282,431,338,-124
-3,4,0.119205,GO 4,282,431,335,-128
-2,4,0.119234,GO 4,282,431,333,-132
-3,3,0.119258,GO 4,282,431,330,-135
-3,4,0.119293,GO 4,282,431,327,-139
-3,4,0.119316,GO 4,282,431,324,-143
-3,4,0.119333,GO 4,282,431,321,-147
-2,3,0.119356,GO 4,282,431,319,-150
-2,4,0.119385,GO 4,282,431,317,-154
-2,4,0.119414,GO 4,282,431,315,-158
-2,4,0.119438,GO 4,282,431,313,-162
-2,3,0.119467,GO 4,282,431,311,-165
-2,4,0.119484,GO 4,282,431,309,-169
-2,4,0.119507,GO 4,282,431,307,-173
-2,4,0.119531,GO 4,282,431,305,-177
-2,3,0.119565,GO 4,282,431,303,-180
-3,4,0.119594,GO 4,282,431,300,-184
-3,4,0.119612,GO 4,282,431,297,-188
-4,4,0.119635,GO 4,282,431,293,-192
-3,3,0.119658,GO 4,282,431,290,-195
-4,4,0.119687,GO 4,282,431,286,-199
-4,4,0.119716,GO 4,282,431,282,-203
-4,4,0.11974,GO 4,282,431,278,-207
-3,3,0.119771,GO 4,282,431,275,-210
-4,4,0.119786,GO 4,282,431,271,-214
-4,4,0.119809,GO 4,282,431,267,-218
-4,4,0.119838,GO 4,282,431,263,-222
-3,3,0.119867,GO 4,282,431,260,-225
-3,4,0.119902,GO 4,282,431,257,-229
-3,4,0.119931,GO 4,282,431,254,-233
-3,4,0.119943,GO 4,282,431,251,-237
-3,3,0.119966,GO 4,282,431,248,-240
-3,4,0.119989,GO 4,282,431,245,-244
-2,4,0.120012,GO 4,282,431,243,-248
-3,4,0.120053,GO 4,282,431,240,-252
-3,3,0.120082,GO 4,282,431,237,-255
-2,4,0.120099,GO 4,282,431,235,-259
-2,4,0.120117,GO 4,282,431,233,-263
-2,4,0.12014,GO 4,282,431,231,-267
-1,3,0.120163,GO 4,282,431,230,-270
-1,4,0.120204,GO 4,282,431,229,-274
-1,4,0.120239,GO 4,282,431,228,-278
-1,4,0.120245,GO 4,282,431,227,-282
-1,3,0.120268,GO 4,282,431,226,-285
-1,4,0.120303,GO 4,282,431,225,-289
1,4,0.120314,GO 4,282,431,226,-293
1,4,0.120349,GO 4,282,431,227,-297
1,3,0.12038,GO 4,282,431,228,-300
1,4,0.120395,GO 4,282,431,229,-304
1,4,0.120419,GO 4,282,431,230,-308
1,4,0.120454,GO 4,282,431,231,-312
1,3,0.120471,GO 4,282,431,232,-315
1,4,0.1205,GO 4,282,431,233,-319
1,4,0.120517,GO 4,282,431,234,-323
1,7,0.120575,GO 4,282,431,235,-330
1,4,0.120599,GO 4,282,431,236,-334
1,4,0.120622,GO 4,282,431,237,-338
1,4,0.120651,GO 4,282,431,238,-342
1,3,0.120668,GO 4,282,431,239,-345
1,4,0.120715,GO 4,282,431,240,-349
1,4,0.120726,GO 4,282,431,241,-353
1,4,0.12075,GO 4,282,431,242,-357
1,3,0.120773,GO 4,282,431,243,-360
1,4,0.120803,GO 4,282,431,244,-364
1,4,0.120819,GO 4,282,431,245,-368
2,4,0.120871,GO 4,282,431,247,-372
1,3,0.120877,GO 4,282,431,248,-375
2,4,0.1209,GO 4,282,431,250,-379
3,4,0.120935,GO 4,282,431,253,-383
3,4,0.120959,GO 4,282,431,256,-387
3,3,0.120988,GO 4,282,431,259,-390
3,4,0.120999,GO 4,282,431,262,-394
2,4,0.121028,GO 4,282,431,264,-398
3,4,0.121051,GO 4,282,431,267,-402
3,3,0.121086,GO 4,282,431,270,-405
3,4,0.121115,GO 4,282,431,273,-409
3,4,0.121139,GO 4,282,431,276,-413
2,4,0.12115,GO 4,282,431,278,-417
3,3,0.121179,GO 4,282,431,281,-420
3,4,0.121202,GO 4,282,431,284,-424
3,4,0.121231,GO 4,282,431,287,-428
3,4,0.121272,GO 4,282,431,290,-432
2,3,0.121278,GO 4,282,431,292,-435
3,4,0.121301,GO 4,282,431,295,-439
3,4,0.121324,GO 4,282,431,298,-443
3,4,0.121359,GO 4,282,431,301,-447
3,3,0.121382,GO 4,282,431,304,-450
3,4,0.121411,GO 4,282,431,307,-454
2,3,0.121429,GO 4,282,431,309,-457
3,3,0.121452,GO 4,282,431,312,-460
3,3,0.121487,GO 4,282,431,315,-463
3,3,0.12151,GO 4,282,431,318,-466
3,1,0.121533,GO 4,282,431,321,-467
3,1,0.121556,GO 4,282,431,324,-468
2,1,0.12158,GO 4,282,431,326,-469
1,1,0.121835,GO 4,282,431,327,-470
1,1,0.12187,GO 4,282,431,328,-471
2,1,0.121887,GO 4,282,431,330,-472
1,1,0.121911,GO 4,282,431,331,-473
2,1,0.121934,GO 4,282,431,333,-474
2,1,0.121963,GO 4,282,431,335,-475
2,1,0.122003,GO 4,282,431,337,-476
2,1,0.122038,GO 4,282,431,339,-477
2,1,0.122061,GO 4,282,431,341,-478
2,1,0.122085,GO 4,282,431,343,-479
2,-1,0.122596,GO 4,282,431,345,-478
2,-1,0.122607,GO 4,282,431,347,-477
2,-1,0.122636,GO 4,282,431,349,-476
1,-1,0.122683,GO 4,282,431,350,-475
2,-1,0.122708,GO 4,282,431,352,-474
2,-1,0.122752,GO 4,282,431,354,-473
2,-1,0.122758,GO 4,282,431,356,-472
2,-1,0.122781,GO 4,282,431,358,-471
2,-1,0.12281,GO 4,282,431,360,-470
2,-1,0.122845,GO 4,282,431,362,-469
2,-1,0.122863,GO 4,282,431,364,-468
1,-1,0.122896,GO 4,282,431,365,-467
2,-1,0.122909,GO 4,282,431,367,-466
2,-1,0.122932,GO 4,282,431,369,-465
2,-1,0.122967,GO 4,282,431,371,-464
2,-1,0.12299,GO 4,282,431,373,-463
2,-1,0.123019,GO 4,282,431,375,-462
2,-1,0.123048,GO 4,282,431,377,-461
1,-1,0.123083,GO 4,282,431,378,-460
2,-1,0.123106,GO 4,282,431,380,-459
2,-1,0.123141,GO 4,282,431,382,-458
2,-1,0.12317,GO 4,282,431,384,-457
2,-1,0.123199,GO 4,282,431,386,-456
2,-1,0.123217,GO 4,282,431,388,-455
2,-1,0.123234,GO 4,282,431,390,-454
2,-1,0.12326,GO 4,282,431,392,-453
1,-1,0.123292,GO 4,282,431,393,-452
2,-1,0.123322,GO 4,282,431,395,-451
1,-1,0.123356,GO 4,282,431,396,-450
1,-1,0.133677,FRAY 5,338,307,397,-449
1,-1,0.133683,FRAY 5,338,307,398,-448
1,-2,0.133735,FRAY 5,338,307,399,-446
2,-2,0.133764,FRAY 5,338,307,401,-444
2,-2,0.133788,FRAY 5,338,307,403,-442
3,-2,0.133828,FRAY 5,338,307,406,-440
3,-2,0.13384,FRAY 5,338,307,409,-438
3,-2,0.133863,FRAY 5,338,307,412,-436
2,-2,0.133886,FRAY 5,338,307,414,-434
3,-1,0.133915,FRAY 5,338,307,417,-433
3,-1,0.133944,FRAY 5,338,307,420,-432
3,-1,0.133979,FRAY 5,338,307,423,-431
3,-1,0.133991,FRAY 5,338,307,426,-430
2,-1,0.134014,FRAY 5,338,307,428,-429
3,-1,0.134043,FRAY 5,338,307,431,-428
3,-1,0.13406,FRAY 5,338,307,434,-427
3,-1,0.134095,FRAY 5,338,307,437,-426
3,-1,0.134136,FRAY 5,338,307,440,-425
3,-1,0.134142,FRAY 5,338,307,443,-424
2,-1,0.134165,FRAY 5,338,307,445,-423
3,-1,0.134188,FRAY 5,338,307,448,-422
3,-1,0.134229,FRAY 5,338,307,451,-421
3,-1,0.134252,FRAY 5,338,307,454,-420
3,-1,0.134275,FRAY 5,338,307,457,-419
2,-1,0.134293,FRAY 5,338,307,459,-418
3,-1,0.134339,FRAY 5,338,307,462,-417
3,-1,0.134374,FRAY 5,338,307,465,-416
3,-1,0.134397,FRAY 5,338,307,468,-415
2,-1,0.134432,FRAY 5,338,307,470,-414
3,-1,0.134461,FRAY 5,338,307,473,-413
3,-1,0.13447,FRAY 5,338,307,476,-412
-1,-1,0.134711,FRAY 5,338,307,475,-411
-1,-1,0.134734,FRAY 5,338,307,474,-410
-2,-2,0.134769,FRAY 5,338,307,472,-408
-2,-1,0.134774,FRAY 5,338,307,470,-407
-3,-2,0.134798,FRAY 5,338,307,467,-405
-3,-2,0.134827,FRAY 5,338,307,464,-403
-2,-2,0.134861,FRAY 5,338,307,462,-401
-3,-2,0.134873,FRAY 5,338,307,459,-399
-2,-2,0.134902,FRAY 5,338,307,457,-397
-2,-2,0.134925,FRAY 5,338,307,455,-395
-1,-2,0.134949,FRAY 5,338,307,454,-393
-1,-1,0.134972,FRAY 5,338,307,453,-392
-1,-2,0.135007,FRAY 5,338,307,452,-390
-1,-2,0.135024,FRAY 5,338,307,451,-388
-1,-1,0.135047,FRAY 5,338,307,450,-387
1,-1,0.135076,FRAY 5,338,307,451,-386
1,-1,0.135129,FRAY 5,338,307,452,-385
1,-1,0.135152,FRAY 5,338,307,453,-384
1,-1,0.135175,FRAY 5,338,307,454,-383
1,-1,0.135198,FRAY 5,338,307,455,-382
1,-2,0.135233,FRAY 5,338,307,456,-380
1,-2,0.135256,FRAY 5,338,307,457,-378
1,-2,0.135279,FRAY 5,338,307,458,-376
1,-2,0.135303,FRAY 5,338,307,459,-374
1,-2,0.135326,FRAY 5,338,307,460,-372
1,-1,0.135349,FRAY 5,338,307,461,-371
1,-2,0.135384,FRAY 5,338,307,462,-369
1,-2,0.135407,FRAY 5,338,307,463,-367
1,-2,0.135436,FRAY 5,338,307,464,-365
1,-4,0.135477,FRAY 5,338,307,465,-361
1,-2,0.1355,FRAY 5,338,307,466,-359
1,-2,0.135529,FRAY 5,338,307,467,-357
1,-1,0.135558,FRAY 5,338,307,468,-356
1,-2,0.135593,FRAY 5,338,307,469,-354
1,-2,0.135608,FRAY 5,338,307,470,-352
1,-2,0.135634,FRAY 5,338,307,471,-350
1,-2,0.135663,FRAY 5,338,307,472,-348
1,-2,0.13568,FRAY 5,338,307,473,-346
1,-2,0.135709,FRAY 5,338,307,474,-344
1,-1,0.135744,FRAY 5,338,307,475,-343
1,-1,0.135761,FRAY 5,338,307,476,-342
1,-1,0.135784,FRAY 5,338,307,477,-341
1,-1,0.135808,FRAY 5,338,307,478,-340
1,-1,0.135848,FRAY 5,338,307,479,-339
1,-1,0.135866,FRAY 5,338,307,480,-338
1,-1,0.135912,FRAY 5,338,307,481,-337
1,-1,0.135935,FRAY 5,338,307,482,-336
1,-1,0.135959,FRAY 5,338,307,483,-335
1,-1,0.135988,FRAY 5,338,307,484,-334
1,-1,0.136034,FRAY 5,338,307,485,-333
1,-1,0.136063,FRAY 5,338,307,486,-332
1,-2,0.136086,FRAY 5,338,307,487,-330
1,-2,0.13611,FRAY 5,338,307,488,-328
1,-1,0.136144,FRAY 5,338,307,489,-327
1,-2,0.136173,FRAY 5,338,307,490,-325
-1,-2,0.136185,FRAY 5,338,307,489,-323
-1,-2,0.136214,FRAY 5,338,307,488,-321
-1,-2,0.136237,FRAY 5,338,307,487,-319
-1,-2,0.13626,FRAY 5,338,307,486,-317
-1,-2,0.136295,FRAY 5,338,307,485,-315
-1,-2,0.136319,FRAY 5,338,307,484,-313
-1,-1,0.136336,FRAY 5,338,307,483,-312
-1,-2,0.136365,FRAY 5,338,307,482,-310
-1,-2,0.136388,FRAY 5,338,307,481,-308
-1,-2,0.136411,FRAY 5,338,307,480,-306
-1,-2,0.136446,FRAY 5,338,307,479,-304
-1,-2,0.136464,FRAY 5,338,307,478,-302
-1,-2,0.136487,FRAY 5,338,307,477,-300
1,-2,0.136516,FRAY 5,338,307,478,-298
1,-1,0.136533,FRAY 5,338,307,479,-297
1,-2,0.136562,FRAY 5,338,307,480,-295
1,-2,0.136586,FRAY 5,338,307,481,-293
1,-2,0.136597,FRAY 5,338,307,482,-291
1,-3,0.136615,FRAY 5,338,307,483,-288
1,-3,0.136638,FRAY 5,338,307,484,-285
1,-2,0.136667,FRAY 5,338,307,485,-283
1,-3,0.136702,FRAY 5,338,307,486,-280
1,-3,0.136725,FRAY 5,338,307,487,-277
1,-3,0.136742,FRAY 5,338,307,488,-274
1,-3,0.136766,FRAY 5,338,307,489,-271
1,-3,0.136789,FRAY 5,338,307,490,-268
1,-2,0.136824,FRAY 5,338,307,491,-266
1,-3,0.136853,FRAY 5,338,307,492,-263
1,-3,0.13687,FRAY 5,338,307,493,-260
1,-3,0.136893,FRAY 5,338,307,494,-257
1,-3,0.136911,FRAY 5,338,307,495,-254
1,-2,0.136934,FRAY 5,338,307,496,-252
1,-3,0.136957,FRAY 5,338,307,497,-249
1,-3,0.136986,FRAY 5,338,307,498,-246
2,-3,0.137027,FRAY 5,338,307,500,-243
2,-3,0.137044,FRAY 5,338,307,502,-240
2,-2,0.137062,FRAY 5,338,307,504,-238
2,-3,0.137085,FRAY 5,338,307,506,-235
2,-3,0.137108,FRAY 5,338,307,508,-232
2,-3,0.137138,FRAY 5,338,307,510,-229
1,-3,0.137172,FRAY 5,338,307,511,-226
2,-3,0.137195,FRAY 5,338,307,513,-223
2,-2,0.137213,FRAY 5,338,307,515,-221
2,-3,0.137236,FRAY 5,338,307,517,-218
1,-3,0.137259,FRAY 5,338,307,518,-215
1,-3,0.137294,FRAY 5,338,307,519,-212
1,-3,0.137323,FRAY 5,338,307,520,-209
1,-2,0.137358,FRAY 5,338,307,521,-207
1,-3,0.137363,FRAY 5,338,307,522,-204
1,-3,0.137397,FRAY 5,338,307,523,-201
1,-3,0.13741,FRAY 5,338,307,524,-198
1,-3,0.137445,FRAY 5,338,307,525,-195
1,-2,0.137474,FRAY 5,338,307,526,-193
1,-3,0.137509,FRAY 5,338,307,527,-190
1,-3,0.13752,FRAY 5,338,307,528,-187
1,-3,0.137538,FRAY 5,338,307,529,-184
1,-1,0.137563,FRAY 5,338,307,530,-183
1,-1,0.137596,FRAY 5,338,307,531,-182
-1,-1,0.147598,SAN- 6,280,234,530,-181
-1,-1,0.147644,SAN- 6,280,234,529,-180
-1,-1,0.147661,SAN- 6,280,234,528,-179
-1,-1,0.147708,SAN- 6,280,234,527,-178
-1,-1,0.147743,SAN- 6,280,234,526,-177
-1,-1,0.147795,SAN- 6,280,234,525,-176
-1,-1,0.147836,SAN- 6,280,234,524,-175
-2,-1,0.148764,SAN- 6,280,234,522,-174
-1,-1,0.148793,SAN- 6,280,234,521,-173
-3,-1,0.148822,SAN- 6,280,234,518,-172
-3,-2,0.148852,SAN- 6,280,234,515,-170
-3,-2,0.148869,SAN- 6,280,234,512,-168
-4,-2,0.148892,SAN- 6,280,234,508,-166
-3,-1,0.148927,SAN- 6,280,234,505,-165
-4,-2,0.148949,SAN- 6,280,234,501,-163
-4,-2,0.148979,SAN- 6,280,234,497,-161
-4,-2,0.149002,SAN- 6,280,234,493,-159
-2,-2,0.14902,SAN- 6,280,234,491,-157
-3,-2,0.149043,SAN- 6,280,234,488,-155
-3,-2,0.149078,SAN- 6,280,234,485,-153
-2,-2,0.149094,SAN- 6,280,234,483,-151
-2,-1,0.149124,SAN- 6,280,234,481,-150
-2,-2,0.149156,SAN- 6,280,234,479,-148
-2,-2,0.149171,SAN- 6,280,234,477,-146
-1,-2,0.149194,SAN- 6,280,234,476,-144
-2,-2,0.149221,SAN- 6,280,234,474,-142
-2,-2,0.149246,SAN- 6,280,234,472,-140
-1,-2,0.149275,SAN- 6,280,234,471,-138
-1,-2,0.14931,SAN- 6,280,234,470,-136
-1,-1,0.149322,SAN- 6,280,234,469,-135
-1,-2,0.149351,SAN- 6,280,234,468,-133
-1,-2,0.149374,SAN- 6,280,234,467,-131
-1,-2,0.149403,SAN- 6,280,234,466,-129
-2,-2,0.149426,SAN- 6,280,234,464,-127
-2,-2,0.149461,SAN- 6,280,234,462,-125
-1,-2,0.149478,SAN- 6,280,234,461,-123
-2,-2,0.149502,SAN- 6,280,234,459,-121
-2,-1,0.149525,SAN- 6,280,234,457,-120
-2,-2,0.149554,SAN- 6,280,234,455,-118
-2,-2,0.149589,SAN- 6,280,234,453,-116
-2,-2,0.1496,SAN- 6,280,234,451,-114
-2,-2,0.149629,SAN- 6,280,234,449,-112
-2,-2,0.149653,SAN- 6,280,234,447,-110
-1,-2,0.149676,SAN- 6,280,234,446,-108
-2,-2,0.149705,SAN- 6,280,234,444,-106
-2,-1,0.149722,SAN- 6,280,234,442,-105
-2,-1,0.149745,SAN- 6,280,234,440,-104
-2,-1,0.14978,SAN- 6,280,234,438,-103
-2,-1,0.149804,SAN- 6,280,234,436,-102
-2,-1,0.149827,SAN- 6,280,234,434,-101
-1,-1,0.150123,SAN- 6,280,234,433,-100
-1,-1,0.150169,SAN- 6,280,234,432,-99
-1,-1,0.150192,SAN- 6,280,234,431,-98
-1,-1,0.150251,SAN- 6,280,234,430,-97
-1,-1,0.150285,SAN- 6,280,234,429,-96
-1,-1,0.15032,SAN- 6,280,234,428,-95
-1,-1,0.150349,SAN- 6,280,234,427,-94
-1,-1,0.150396,SAN- 6,280,234,426,-93
-1,-1,0.150465,SAN- 6,280,234,425,-92
-1,-1,0.150477,SAN- 6,280,234,424,-91
-1,-1,0.150523,SAN- 6,280,234,423,-90
-1,-1,0.150547,SAN- 6,280,234,422,-89
-1,-2,0.150605,SAN- 6,280,234,421,-87
-1,-2,0.150634,SAN- 6,280,234,420,-85
-1,-2,0.150651,SAN- 6,280,234,419,-83
-1,-2,0.150674,SAN- 6,280,234,418,-81
-1,-1,0.150698,SAN- 6,280,234,417,-80
-1,-2,0.150732,SAN- 6,280,234,416,-78
-1,-2,0.150761,SAN- 6,280,234,415,-76
-1,-2,0.150785,SAN- 6,280,234,414,-74
-1,-2,0.150802,SAN- 6,280,234,413,-72
-1,-2,0.150825,SAN- 6,280,234,412,-70
-1,-2,0.150848,SAN- 6,280,234,411,-68
-1,-2,0.150883,SAN- 6,280,234,410,-66
-1,-1,0.150918,SAN- 6,280,234,409,-65
-1,-2,0.150947,SAN- 6,280,234,408,-63
-1,-2,0.150953,SAN- 6,280,234,407,-61
-1,-2,0.150976,SAN- 6,280,234,406,-59
-1,-2,0.151,SAN- 6,280,234,405,-57
-1,-2,0.151027,SAN- 6,280,234,404,-55
-1,-2,0.151069,SAN- 6,280,234,403,-53
-1,-2,0.151098,SAN- 6,280,234,402,-51
-1,-1,0.151104,SAN- 6,280,234,401,-50
-1,-1,0.151133,SAN- 6,280,234,400,-49
-1,-1,0.151156,SAN- 6,280,234,399,-48
-1,-1,0.151179,SAN- 6,280,234,398,-47
-1,-1,0.15122,SAN- 6,280,234,397,-46
-1,-1,0.151249,SAN- 6,280,234,396,-45
-1,-1,0.151731,SAN- 6,280,234,395,-44
-2,-1,0.151754,SAN- 6,280,234,393,-43
-2,-1,0.1518,SAN- 6,280,234,391,-42
-2,-1,0.151812,SAN- 6,280,234,389,-41
-2,-1,0.151835,SAN- 6,280,234,387,-40
-1,-1,0.151859,SAN- 6,280,234,386,-39
-2,-1,0.152294,SAN- 6,280,234,384,-38
-1,-1,0.152313,SAN- 6,280,234,383,-37
-1,1,0.152468,SAN- 6,280,234,382,-38
-1,1,0.152491,SAN- 6,280,234,381,-39
-1,1,0.152544,SAN- 6,280,234,380,-40
-1,2,0.152561,SAN- 6,280,234,379,-42
-1,2,0.152584,SAN- 6,280,234,378,-44
-1,2,0.152619,SAN- 6,280,234,377,-46
-1,2,0.152642,SAN- 6,280,234,376,-48
-1,1,0.152665,SAN- 6,280,234,375,-49
-1,1,0.1527,SAN- 6,280,234,374,-50
-1,-1,0.162708,-TIA- 7,121,109,373,-49
-1,-2,0.162749,-TIA- 7,121,109,372,-47
-2,-2,0.162766,-TIA- 7,121,109,370,-45
-3,-3,0.162789,-TIA- 7,121,109,367,-42
-3,-2,0.162818,-TIA- 7,121,109,364,-40
-3,-3,0.162836,-TIA- 7,121,109,361,-37
-2,-3,0.162871,-TIA- 7,121,109,359,-34
-3,-3,0.1629,-TIA- 7,121,109,356,-31
-2,-3,0.162934,-TIA- 7,121,109,354,-28
-2,-2,0.16294,-TIA- 7,121,109,352,-26
-2,-3,0.162963,-TIA- 7,121,109,350,-23
-2,-2,0.162987,-TIA- 7,121,109,348,-21
-1,-2,0.163014,-TIA- 7,121,109,347,-19
-2,-2,0.163039,-TIA- 7,121,109,345,-17
-2,-2,0.163085,-TIA- 7,121,109,343,-15
-2,-2,0.163091,-TIA- 7,121,109,341,-13
-2,-1,0.163114,-TIA- 7,121,109,339,-12
-3,-2,0.163149,-TIA- 7,121,109,336,-10
-3,-2,0.163167,-TIA- 7,121,109,333,-8
-2,-2,0.16319,-TIA- 7,121,109,331,-6
-3,-2,0.16323,-TIA- 7,121,109,328,-4
-3,-2,0.163248,-TIA- 7,121,109,325,-2
-3,-2,0.163271,-TIA- 7,121,109,322,0
-3,-2,0.1633,-TIA- 7,121,109,319,2
-2,-1,0.163335,-TIA- 7,121,109,317,3
-3,-2,0.163341,-TIA- 7,121,109,314,5
-3,-2,0.163364,-TIA- 7,121,109,311,7
-2,-2,0.163399,-TIA- 7,121,109,309,9
-2,-2,0.16341,-TIA- 7,121,109,307,11
-2,-2,0.163438,-TIA- 7,121,109,305,13
-2,-2,0.16348,-TIA- 7,121,109,303,15
-2,-2,0.163486,-TIA- 7,121,109,301,17
-3,-1,0.163509,-TIA- 7,121,109,298,18
-3,-3,0.163544,-TIA- 7,121,109,295,21
-3,-3,0.163567,-TIA- 7,121,109,292,24
-4,-3,0.16359,-TIA- 7,121,109,288,27
-3,-3,0.163631,-TIA- 7,121,109,285,30
-4,-3,0.163637,-TIA- 7,121,109,281,33
-4,-2,0.16366,-TIA- 7,121,109,277,35
-4,-3,0.163695,-TIA- 7,121,109,273,38
-3,-3,0.163718,-TIA- 7,121,109,270,41
-4,-3,0.163741,-TIA- 7,121,109,266,44
-4,-3,0.16377,-TIA- 7,121,109,262,47
-4,-2,0.163788,-TIA- 7,121,109,258,49
-3,-3,0.163812,-TIA- 7,121,109,255,52
-4,-3,0.16384,-TIA- 7,121,109,251,55
-3,-3,0.163869,-TIA- 7,121,109,248,58
-3,-3,0.163892,-TIA- 7,121,109,245,61
-3,-2,0.163927,-TIA- 7,121,109,242,63
-2,-3,0.163944,-TIA- 7,121,109,240,66
-3,-2,0.163968,-TIA- 7,121,109,237,68
-3,-2,0.164003,-TIA- 7,121,109,234,70
-3,-2,0.16402,-TIA- 7,121,109,231,72
-2,-2,0.164037,-TIA- 7,121,109,229,74
-1,-2,0.164066,-TIA- 7,121,109,228,76
-2,-2,0.164084,-TIA- 7,121,109,226,78
-1,-2,0.164107,-TIA- 7,121,109,225,80
-2,-1,0.16413,-TIA- 7,121,109,223,81
-2,-2,0.164165,-TIA- 7,121,109,221,83
-2,-2,0.164188,-TIA- 7,121,109,219,85
-2,-2,0.164217,-TIA- 7,121,109,217,87
-2,-2,0.164229,-TIA- 7,121,109,215,89
-3,-2,0.164264,-TIA- 7,121,109,212,91
-2,-2,0.164281,-TIA- 7,121,109,210,93
-3,-2,0.164316,-TIA- 7,121,109,207,95
-3,-1,0.164345,-TIA- 7,121,109,204,96
-3,-1,0.164369,-TIA- 7,121,109,201,97
-3,-1,0.164386,-TIA- 7,121,109,198,98
-2,-1,0.164415,-TIA- 7,121,109,196,99
-2,-1,0.164612,-TIA- 7,121,109,194,100
-2,-1,0.164651,-TIA- 7,121,109,192,101
-2,-2,0.164682,-TIA- 7,121,109,190,103
-2,-2,0.164699,-TIA- 7,121,109,188,105
-3,-2,0.164717,-TIA- 7,121,109,185,107
-3,-2,0.16474,-TIA- 7,121,109,182,109
-3,-2,0.164763,-TIA- 7,121,109,179,111
-3,-3,0.164804,-TIA- 7,121,109,176,114
-2,-3,0.164833,-TIA- 7,121,109,174,117
-3,-3,0.164838,-TIA- 7,121,109,171,120
-3,-3,0.164867,-TIA- 7,121,109,168,123
-3,-3,0.164891,-TIA- 7,121,109,165,126
-3,-2,0.16492,-TIA- 7,121,109,162,128
-2,-3,0.164943,-TIA- 7,121,109,160,131
-2,-3,0.164964,-TIA- 7,121,109,158,134
-2,-3,0.164995,-TIA- 7,121,109,156,137
-2,-3,0.165018,-TIA- 7,121,109,154,140
-2,-2,0.165042,-TIA- 7,121,109,152,142
-2,-3,0.165071,-TIA- 7,121,109,150,145
-2,-3,0.1651,-TIA- 7,121,109,148,148
-2,-3,0.165117,-TIA- 7,121,109,146,151
-1,-3,0.165146,-TIA- 7,121,109,145,154
-2,-2,0.165169,-TIA- 7,121,109,143,156
-2,-3,0.165204,-TIA- 7,121,109,141,159
-2,-3,0.165233,-TIA- 7,121,109,139,162
-2,-3,0.165251,-TIA- 7,121,109,137,165
-2,-3,0.165262,-TIA- 7,121,109,135,168
-2,-3,0.165291,-TIA- 7,121,109,133,171
-2,-2,0.16532,-TIA- 7,121,109,131,173
-1,-3,0.165355,-TIA- 7,121,109,130,176
-2,-3,0.165378,-TIA- 7,121,109,128,179
-2,-3,0.165407,-TIA- 7,121,109,126,182
-2,-3,0.165419,-TIA- 7,121,109,124,185
-1,-2,0.165442,-TIA- 7,121,109,123,187
-1,-2,0.165471,-TIA- 7,121,109,122,189
-1,-2,0.165494,-TIA- 7,121,109,121,191
-1,-2,0.165529,-TIA- 7,121,109,120,193
-1,-2,0.165559,-TIA- 7,121,109,119,195
-1,-2,0.16557,-TIA- 7,121,109,118,197
-1,-2,0.165599,-TIA- 7,121,109,117,199
-1,-2,0.165634,-TIA- 7,121,109,116,201
-1,-1,0.165686,-TIA- 7,121,109,115,202
-1,-1,0.165715,-TIA- 7,121,109,114,203
-1,-1,0.165721,-TIA- 7,121,109,113,204
-1,1,0.179531,GO 8,142,496,112,203
1,2,0.179572,GO 8,142,496,113,201
2,2,0.179595,GO 8,142,496,115,199
2,3,0.179618,GO 8,142,496,117,196
2,3,0.179635,GO 8,142,496,119,193
2,3,0.179676,GO 8,142,496,121,190
3,2,0.179682,GO 8,142,496,124,188
3,3,0.179717,GO 8,142,496,127,185
3,4,0.17974,GO 8,142,496,130,181
3,4,0.179775,GO 8,142,496,133,177
2,3,0.179807,GO 8,142,496,135,174
3,8,0.179833,GO 8,142,496,138,166
6,4,0.179862,GO 8,142,496,144,162
3,3,0.179891,GO 8,142,496,147,159
2,4,0.179931,GO 8,142,496,149,155
3,8,0.17996,GO 8,142,496,152,147
6,3,0.179978,GO 8,142,496,158,144
3,4,0.180013,GO 8,142,496,161,140
2,4,0.180042,GO 8,142,496,163,136
3,4,0.180077,GO 8,142,496,166,132
3,3,0.1801,GO 8,142,496,169,129
3,2,0.180106,GO 8,142,496,172,127
3,3,0.180129,GO 8,142,496,175,124
3,3,0.180164,GO 8,142,496,178,121
2,3,0.180198,GO 8,142,496,180,118
3,3,0.18021,GO 8,142,496,183,115
2,2,0.180245,GO 8,142,496,185,113
2,3,0.180257,GO 8,142,496,187,110
2,2,0.18028,GO 8,142,496,189,108
1,3,0.180309,GO 8,142,496,190,105
1,3,0.180348,GO 8,142,496,191,102
-1,3,0.180378,GO 8,142,496,190,99
-1,2,0.180402,GO 8,142,496,189,97
-2,3,0.180413,GO 8,142,496,187,94
-2,3,0.180436,GO 8,142,496,185,91
-2,4,0.18046,GO 8,142,496,183,87
-2,3,0.180489,GO 8,142,496,181,84
-1,4,0.180524,GO 8,142,496,180,80
-1,4,0.180547,GO 8,142,496,179,76
1,4,0.180553,GO 8,142,496,180,72
2,3,0.180576,GO 8,142,496,182,69
2,4,0.180605,GO 8,142,496,184,65
2,4,0.180628,GO 8,142,496,186,61
2,4,0.180669,GO 8,142,496,188,57
2,3,0.18068,GO 8,142,496,190,54
2,4,0.180709,GO 8,142,496,192,50
1,4,0.180733,GO 8,142,496,193,46
2,4,0.180756,GO 8,142,496,195,42
1,3,0.180785,GO 8,142,496,196,39
1,4,0.180802,GO 8,142,496,197,35
1,4,0.180837,GO 8,142,496,198,31
1,4,0.18086,GO 8,142,496,199,27
1,3,0.180883,GO 8,142,496,200,24
1,4,0.180912,GO 8,142,496,201,20
1,4,0.180936,GO 8,142,496,202,16
1,4,0.180953,GO 8,142,496,203,12
1,3,0.181,GO 8,142,496,204,9
1,4,0.181011,GO 8,142,496,205,5
1,4,0.181034,GO 8,142,496,206,1
1,4,0.181058,GO 8,142,496,207,-3
1,3,0.181081,GO 8,142,496,208,-6
1,4,0.181108,GO 8,142,496,209,-10
1,4,0.181145,GO 8,142,496,210,-14
1,4,0.181162,GO 8,142,496,211,-18
1,3,0.181185,GO 8,142,496,212,-21
1,4,0.18122,GO 8,142,496,213,-25
1,4,0.181249,GO 8,142,496,214,-29
1,4,0.181261,GO 8,142,496,215,-33
1,3,0.181284,GO 8,142,496,216,-36
1,4,0.181313,GO 8,142,496,217,-40
1,4,0.181336,GO 8,142,496,218,-44
1,4,0.181359,GO 8,142,496,219,-48
1,3,0.181394,GO 8,142,496,220,-51
1,4,0.181412,GO 8,142,496,221,-55
1,4,0.181435,GO 8,142,496,222,-59
1,4,0.181464,GO 8,142,496,223,-63
1,3,0.181493,GO 8,142,496,224,-66
1,4,0.181516,GO 8,142,496,225,-70
1,4,0.181545,GO 8,142,496,226,-74
1,4,0.181563,GO 8,142,496,227,-78
1,3,0.181586,GO 8,142,496,228,-81
1,4,0.181609,GO 8,142,496,229,-85
1,4,0.181644,GO 8,142,496,230,-89
1,4,0.181667,GO 8,142,496,231,-93
1,3,0.181696,GO 8,142,496,232,-96
1,4,0.181714,GO 8,142,496,233,-100
1,4,0.181737,GO 8,142,496,234,-104
1,4,0.18176,GO 8,142,496,235,-108
1,3,0.181788,GO 8,142,496,236,-111
1,4,0.181812,GO 8,142,496,237,-115
1,4,0.181841,GO 8,142,496,238,-119
1,4,0.181859,GO 8,142,496,239,-123
1,3,0.181882,GO 8,142,496,240,-126
1,4,0.181905,GO 8,142,496,241,-130
1,4,0.181928,GO 8,142,496,242,-134
1,4,0.181963,GO 8,142,496,243,-138
1,3,0.181986,GO 8,142,496,244,-141
1,4,0.182027,GO 8,142,496,245,-145
2,4,0.182033,GO 8,142,496,247,-149
2,4,0.182056,GO 8,142,496,249,-153
1,3,0.182091,GO 8,142,496,250,-156
2,4,0.182114,GO 8,142,496,252,-160
2,4,0.182137,GO 8,142,496,254,-164
2,4,0.182172,GO 8,142,496,256,-168
1,3,0.182184,GO 8,142,496,257,-171
1,4,0.182213,GO 8,142,496,258,-175
1,4,0.182242,GO 8,142,496,259,-179
1,4,0.182259,GO 8,142,496,260,-183
1,3,0.182288,GO 8,142,496,261,-186
1,4,0.182323,GO 8,142,496,262,-190
1,4,0.182335,GO 8,142,496,263,-194
1,4,0.182358,GO 8,142,496,264,-198
1,3,0.182381,GO 8,142,496,265,-201
1,4,0.182416,GO 8,142,496,266,-205
1,4,0.182439,GO 8,142,496,267,-209
1,4,0.182462,GO 8,142,496,268,-213
1,3,0.182489,GO 8,142,496,269,-216
1,4,0.182515,GO 8,142,496,270,-220
1,4,0.182538,GO 8,142,496,271,-224
1,4,0.182567,GO 8,142,496,272,-228
1,3,0.18259,GO 8,142,496,273,-231
1,4,0.182625,GO 8,142,496,274,-235
1,4,0.182642,GO 8,142,496,275,-239
1,4,0.182666,GO 8,142,496,276,-243
1,3,0.182689,GO 8,142,496,277,-246
1,4,0.182718,GO 8,142,496,278,-250
1,4,0.182753,GO 8,142,496,279,-254
1,4,0.182776,GO 8,142,496,280,-258
1,3,0.182793,GO 8,142,496,281,-261
1,4,0.182817,GO 8,142,496,282,-265
1,4,0.18284,GO 8,142,496,283,-269
1,4,0.182874,GO 8,142,496,284,-273
1,3,0.182904,GO 8,142,496,285,-276
1,4,0.182938,GO 8,142,496,286,-280
1,4,0.182944,GO 8,142,496,287,-284
1,4,0.182967,GO 8,142,496,288,-288
1,3,0.182991,GO 8,142,496,289,-291
1,3,0.183025,GO 8,142,496,290,-294
1,3,0.183055,GO 8,142,496,291,-297
1,3,0.183066,GO 8,142,496,292,-300
1,3,0.183095,GO 8,142,496,293,-303
1,3,0.183118,GO 8,142,496,294,-306
1,2,0.183153,GO 8,142,496,295,-308
1,3,0.183171,GO 8,142,496,296,-311
1,3,0.1832,GO 8,142,496,297,-314
1,3,0.183217,GO 8,142,496,298,-317
1,3,0.183252,GO 8,142,496,299,-320
1,2,0.183275,GO 8,142,496,300,-322
1,3,0.183304,GO 8,142,496,301,-325
1,3,0.183333,GO 8,142,496,302,-328
1,3,0.183351,GO 8,142,496,303,-331
1,2,0.183368,GO 8,142,496,304,-333
1,2,0.183397,GO 8,142,496,305,-335
1,1,0.183426,GO 8,142,496,306,-336
1,2,0.183455,GO 8,142,496,307,-338
1,2,0.183472,GO 8,142,496,308,-340
1,1,0.183496,GO 8,142,496,309,-341
1,1,0.183519,GO 8,142,496,310,-342
1,1,0.183577,GO 8,142,496,311,-343
1,1,0.183606,GO 8,142,496,312,-344
1,1,0.183641,GO 8,142,496,313,-345
1,1,0.183664,GO 8,142,496,314,-346
1,2,0.183722,GO 8,142,496,315,-348
1,2,0.183745,GO 8,142,496,316,-350
1,1,0.183769,GO 8,142,496,317,-351
1,1,0.183821,GO 8,142,496,318,-352
1,1,0.183844,GO 8,142,496,319,-353
1,1,0.183897,GO 8,142,496,320,-354
1,1,0.183948,GO 8,142,496,321,-355
-1,-1,0.184546,GO 8,142,496,320,-354
-2,-1,0.18457,GO 8,142,496,318,-353
-2,-1,0.184604,GO 8,142,496,316,-352
-1,1,0.184883,GO 8,142,496,315,-353
-1,1,0.1849,GO 8,142,496,314,-354
-1,1,0.184953,GO 8,142,496,313,-355
-1,1,0.184982,GO 8,142,496,312,-356
-2,1,0.185005,GO 8,142,496,310,-357
-2,1,0.185034,GO 8,142,496,308,-358
-2,1,0.185069,GO 8,142,496,306,-359
-3,1,0.185284,GO 8,142,496,303,-360
-3,1,0.185307,GO 8,142,496,300,-361
-2,1,0.18533,GO 8,142,496,298,-362
-2,1,0.185365,GO 8,142,496,296,-363
-2,1,0.185377,GO 8,142,496,294,-364
-1,1,0.1854,GO 8,142,496,293,-365
-1,1,0.185458,GO 8,142,496,292,-366
-1,1,0.185481,GO 8,142,496,291,-367
-1,1,0.186218,GO 8,142,496,290,-368
-2,1,0.186253,GO 8,142,496,288,-369
-2,1,0.186265,GO 8,142,496,286,-370
-2,1,0.186288,GO 8,142,496,284,-371
-1,1,0.186317,GO 8,142,496,283,-372
-1,1,0.186363,GO 8,142,496,282,-373
-1,1,0.186404,GO 8,142,496,281,-374
-1,1,0.186427,GO 8,142,496,280,-375
-2,1,0.186845,GO 8,142,496,278,-376
-2,1,0.18688,GO 8,142,496,276,-377
-1,1,0.186915,GO 8,142,496,275,-378
-1,1,0.186955,GO 8,142,496,274,-379
-1,1,0.186967,GO 8,142,496,273,-380
-1,1,0.187002,GO 8,142,496,272,-381
-1,1,0.187048,GO 8,142,496,271,-382
-1,1,0.187066,GO 8,142,496,270,-383
-1,1,0.187101,GO 8,142,496,269,-384
-1,1,0.18713,GO 8,142,496,268,-385
-1,1,0.187147,GO 8,142,496,267,-386
-1,1,0.187513,GO 8,142,496,266,-387
-1,1,0.187571,GO 8,142,496,265,-388
-1,1,0.187588,GO 8,142,496,264,-389
-1,1,0.187995,GO 8,142,496,263,-390
-1,1,0.188029,GO 8,142,496,262,-391
-1,1,0.188047,GO 8,142,496,261,-392
-1,1,0.18807,GO 8,142,496,260,-393
-1,1,0.188122,GO 8,142,496,259,-394
-1,1,0.188145,GO 8,142,496,258,-395
-1,1,0.188169,GO 8,142,496,257,-396
-1,1,0.188192,GO 8,142,496,256,-397
-2,-1,0.188349,GO 8,142,496,254,-396
-3,-1,0.188372,GO 8,142,496,251,-395
-2,-1,0.188395,GO 8,142,496,249,-394
-3,-1,0.18843,GO 8,142,496,246,-393
-4,-1,0.188459,GO 8,142,496,242,-392
-4,-1,0.188471,GO 8,142,496,238,-391
-3,-1,0.1885,GO 8,142,496,235,-390
-4,-1,0.188523,GO 8,142,496,231,-389
-3,1,0.188674,GO 8,142,496,228,-390
-3,1,0.188697,GO 8,142,496,225,-391
-3,1,0.188726,GO 8,142,496,222,-392
-2,1,0.188755,GO 8,142,496,220,-393
-3,1,0.188772,GO 8,142,496,217,-394
-3,1,0.188801,GO 8,142,496,214,-395
-3,1,0.18883,GO 8,142,496,211,-396
-3,1,0.188854,GO 8,142,496,208,-397
-2,1,0.188877,GO 8,142,496,206,-398
-3,1,0.188906,GO 8,142,496,203,-399
-3,2,0.188952,GO 8,142,496,200,-401
-3,2,0.188981,GO 8,142,496,197,-403
-2,2,0.189005,GO 8,142,496,195,-405
-3,3,0.189028,GO 8,142,496,192,-408
-3,3,0.189057,GO 8,142,496,189,-411
-2,3,0.189074,GO 8,142,496,187,-414
-2,2,0.189098,GO 8,142,496,185,-416
-2,4,0.189132,GO 8,142,496,183,-420
-2,4,0.189156,GO 8,142,496,181,-424
-1,4,0.189179,GO 8,142,496,180,-428
-1,3,0.189202,GO 8,142,496,179,-431
-1,4,0.189243,GO 8,142,496,178,-435
-1,4,0.189254,GO 8,142,496,177,-439
-1,4,0.189277,GO 8,142,496,176,-443
-1,3,0.189306,GO 8,142,496,175,-446
-1,4,0.18933,GO 8,142,496,174,-450
-1,4,0.189353,GO 8,142,496,173,-454
-1,4,0.189394,GO 8,142,496,172,-458
-2,4,0.189405,GO 8,142,496,170,-462
-2,4,0.189428,GO 8,142,496,168,-466
-2,2,0.189457,GO 8,142,496,166,-468
-2,2,0.189492,GO 8,142,496,164,-470
-2,1,0.189506,GO 8,142,496,162,-471
-1,1,0.189533,GO 8,142,496,161,-472
-1,1,0.189556,GO 8,142,496,160,-473
-1,1,0.189661,GO 8,142,496,159,-474
2,1,0.189684,GO 8,142,496,161,-475
3,-1,0.189788,GO 8,142,496,164,-474
3,-1,0.189823,GO 8,142,496,167,-473
3,-1,0.189829,GO 8,142,496,170,-472
3,-2,0.189852,GO 8,142,496,173,-470
2,-2,0.189875,GO 8,142,496,175,-468
3,-1,0.189899,GO 8,142,496,178,-467
3,-2,0.189932,GO 8,142,496,181,-465
3,-2,0.189962,GO 8,142,496,184,-463
2,-3,0.18998,GO 8,142,496,186,-460
2,-3,0.190003,GO 8,142,496,188,-457
1,-3,0.190038,GO 8,142,496,189,-454
2,-2,0.19005,GO 8,142,496,191,-452
2,-3,0.190079,GO 8,142,496,193,-449
2,-3,0.190113,GO 8,142,496,195,-446
2,-3,0.190131,GO 8,142,496,197,-443
2,-3,0.190161,GO 8,142,496,199,-440
2,-2,0.190189,GO 8,142,496,201,-438
2,-3,0.190206,GO 8,142,496,203,-435
1,-3,0.190229,GO 8,142,496,204,-432
2,-3,0.190253,GO 8,142,496,206,-429
2,-2,0.190282,GO 8,142,496,208,-427
1,-1,0.190317,GO 8,142,496,209,-426
