dX,dY,WHEN,SYLLABLE,X,Y,cX,cY
-1,-1,0.127843,Yield,0,0,-1,1
1,-1,0.127866,Yield,0,0,0,2
1,1,0.128017,Yield,0,0,1,1
1,1,0.128052,Yield,0,0,2,0
-2,1,0.128099,Yield,0,0,0,-1
-4,1,0.128324,Yield,0,0,-4,-2
-8,1,0.128354,Yield,0,0,-12,-3
-3,1,0.128389,Yield,0,0,-15,-4
-4,2,0.128424,Yield,0,0,-19,-6
-4,2,0.128441,Yield,0,0,-23,-8
-4,6,0.128464,Yield,0,0,-27,-14
-7,2,0.128499,Yield,0,0,-34,-16
-4,3,0.128533,Yield,0,0,-38,-19
-4,3,0.128563,Yield,0,0,-42,-22
-3,4,0.12858,Yield,0,0,-45,-26
-4,3,0.128598,Yield,0,0,-49,-29
-4,4,0.128621,Yield,0,0,-53,-33
-4,4,0.12865,Yield,0,0,-57,-37
-3,4,0.128679,Yield,0,0,-60,-41
-4,5,0.12872,Yield,0,0,-64,-46
-8,3,0.128743,Yield,0,0,-72,-49
-3,3,0.128755,Yield,0,0,-75,-52
-4,3,0.128784,Yield,0,0,-79,-55
-4,3,0.128813,Yield,0,0,-83,-58
-3,2,0.12883,Yield,0,0,-86,-60
-4,2,0.128848,Yield,0,0,-90,-62
-4,2,0.128882,Yield,0,0,-94,-64
-4,2,0.128923,Yield,0,0,-98,-66
-3,2,0.128952,Yield,0,0,-101,-68
-3,2,0.128987,Yield,0,0,-104,-70
-5,1,0.129022,Yield,0,0,-109,-71
-1,1,0.129062,Yield,0,0,-110,-72
-1,-1,0.130061,Yield,0,0,-111,-71
-1,-1,0.130107,Yield,0,0,-112,-70
1,-1,0.130159,Yield,0,0,-111,-69
1,-2,0.130165,Yield,0,0,-110,-67
1,-2,0.130183,Yield,0,0,-109,-65
1,-2,0.130218,Yield,0,0,-108,-63
1,-3,0.130247,Yield,0,0,-107,-60
1,-3,0.130264,Yield,0,0,-106,-57
1,-3,0.130287,Yield,0,0,-105,-54
1,-3,0.130316,Yield,0,0,-104,-51
1,-2,0.130351,Yield,0,0,-103,-49
1,-3,0.130382,Yield,0,0,-102,-46
1,-3,0.130392,Yield,0,0,-101,-43
2,-3,0.130415,Yield,0,0,-99,-40
2,-3,0.13045,Yield,0,0,-97,-37
2,-2,0.130485,Yield,0,0,-95,-35
1,-1,0.13099,Yield,0,0,-94,-34
1,-1,0.131053,Yield,0,0,-93,-33
1,-2,0.131088,Yield,0,0,-92,-31
-1,-2,0.131094,Yield,0,0,-93,-29
-1,-1,0.131121,Yield,0,0,-94,-28
-1,-2,0.131152,Yield,0,0,-95,-26
-2,-2,0.131193,Yield,0,0,-97,-24
-2,-2,0.131216,Yield,0,0,-99,-22
-2,-4,0.131257,Yield,0,0,-101,-18
-5,-2,0.131286,Yield,0,0,-106,-16
-2,-4,0.13132,Yield,0,0,-108,-12
-6,-3,0.131349,Yield,0,0,-114,-9
-2,-3,0.131384,Yield,0,0,-116,-6
-2,-3,0.131425,Yield,0,0,-118,-3
-2,-1,0.131454,Yield,0,0,-120,-2
1,-1,0.132389,Yield,0,0,-119,-1
2,-1,0.132429,Yield,0,0,-117,0
1,-1,0.132656,Yield,0,0,-116,1
1,-1,0.133126,Yield,0,0,-115,2
2,-1,0.133178,Yield,0,0,-113,3
2,-1,0.133201,Yield,0,0,-111,4
1,-1,0.133224,Yield,0,0,-110,5
2,-1,0.133265,Yield,0,0,-108,6
2,1,0.133329,Yield,0,0,-106,5
4,1,0.13337,Yield,0,0,-102,4
2,1,0.133393,Yield,0,0,-100,3
2,3,0.133433,Yield,0,0,-98,0
6,2,0.133462,Yield,0,0,-92,-2
3,2,0.133497,Yield,0,0,-89,-4
2,6,0.133529,Yield,0,0,-87,-10
4,3,0.133561,Yield,0,0,-83,-13
1,2,0.133596,Yield,0,0,-82,-15
2,5,0.133631,Yield,0,0,-80,-20
2,1,0.133666,Yield,0,0,-78,-21
1,1,0.133695,Yield,0,0,-77,-22
1,1,0.13373,Yield,0,0,-76,-23
-1,-1,0.138612,FRAY 1,333,289,-77,-22
2,-1,0.139465,FRAY 1,333,289,-75,-21
1,-1,0.139482,FRAY 1,333,289,-74,-20
2,-1,0.139517,FRAY 1,333,289,-72,-19
2,1,0.139587,FRAY 1,333,289,-70,-20
2,2,0.139616,FRAY 1,333,289,-68,-22
2,1,0.139651,FRAY 1,333,289,-66,-23
3,3,0.139668,FRAY 1,333,289,-63,-26
2,3,0.139685,FRAY 1,333,289,-61,-29
3,3,0.139709,FRAY 1,333,289,-58,-32
3,3,0.139732,FRAY 1,333,289,-55,-35
3,3,0.139767,FRAY 1,333,289,-52,-38
3,4,0.139796,FRAY 1,333,289,-49,-42
2,4,0.139813,FRAY 1,333,289,-47,-46
3,4,0.139836,FRAY 1,333,289,-44,-50
3,3,0.139865,FRAY 1,333,289,-41,-53
3,4,0.139883,FRAY 1,333,289,-38,-57
3,4,0.139917,FRAY 1,333,289,-35,-61
2,4,0.139947,FRAY 1,333,289,-33,-65
3,3,0.139964,FRAY 1,333,289,-30,-68
3,4,0.139981,FRAY 1,333,289,-27,-72
3,4,0.140016,FRAY 1,333,289,-24,-76
3,4,0.140028,FRAY 1,333,289,-21,-80
3,7,0.140069,FRAY 1,333,289,-18,-87
5,4,0.140098,FRAY 1,333,289,-13,-91
3,4,0.140132,FRAY 1,333,289,-10,-95
3,3,0.140161,FRAY 1,333,289,-7,-98
3,4,0.140173,FRAY 1,333,289,-4,-102
2,4,0.140196,FRAY 1,333,289,-2,-106
3,4,0.140225,FRAY 1,333,289,1,-110
3,3,0.140249,FRAY 1,333,289,4,-113
3,4,0.140283,FRAY 1,333,289,7,-117
3,4,0.140301,FRAY 1,333,289,10,-121
2,4,0.140324,FRAY 1,333,289,12,-125
3,3,0.140347,FRAY 1,333,289,15,-128
3,4,0.140382,FRAY 1,333,289,18,-132
3,4,0.140423,FRAY 1,333,289,21,-136
3,4,0.140446,FRAY 1,333,289,24,-140
3,3,0.140452,FRAY 1,333,289,27,-143
2,4,0.140475,FRAY 1,333,289,29,-147
3,4,0.140498,FRAY 1,333,289,32,-151
3,4,0.140533,FRAY 1,333,289,35,-155
3,3,0.140562,FRAY 1,333,289,38,-158
3,4,0.140579,FRAY 1,333,289,41,-162
2,4,0.140603,FRAY 1,333,289,43,-166
3,4,0.140628,FRAY 1,333,289,46,-170
3,3,0.140667,FRAY 1,333,289,49,-173
3,4,0.140678,FRAY 1,333,289,52,-177
3,4,0.140713,FRAY 1,333,289,55,-181
2,4,0.14073,FRAY 1,333,289,57,-185
3,3,0.140765,FRAY 1,333,289,60,-188
3,4,0.1408,FRAY 1,333,289,63,-192
3,4,0.140806,FRAY 1,333,289,66,-196
3,4,0.140835,FRAY 1,333,289,69,-200
2,3,0.140852,FRAY 1,333,289,71,-203
3,4,0.140887,FRAY 1,333,289,74,-207
3,4,0.140916,FRAY 1,333,289,77,-211
3,4,0.140939,FRAY 1,333,289,80,-215
3,3,0.140957,FRAY 1,333,289,83,-218
3,4,0.14098,FRAY 1,333,289,86,-222
2,4,0.141003,FRAY 1,333,289,88,-226
3,3,0.141038,FRAY 1,333,289,91,-229
3,3,0.141061,FRAY 1,333,289,94,-232
3,2,0.141092,FRAY 1,333,289,97,-234
3,3,0.141108,FRAY 1,333,289,100,-237
2,3,0.141131,FRAY 1,333,289,102,-240
3,3,0.14116,FRAY 1,333,289,105,-243
3,2,0.141189,FRAY 1,333,289,108,-245
3,2,0.141218,FRAY 1,333,289,111,-247
3,1,0.141247,FRAY 1,333,289,114,-248
2,1,0.141253,FRAY 1,333,289,116,-249
3,1,0.141288,FRAY 1,333,289,119,-250
3,1,0.141311,FRAY 1,333,289,122,-251
2,1,0.14134,FRAY 1,333,289,124,-252
2,1,0.141363,FRAY 1,333,289,126,-253
2,1,0.141398,FRAY 1,333,289,128,-254
2,1,0.141415,FRAY 1,333,289,130,-255
1,1,0.141427,FRAY 1,333,289,131,-256
2,1,0.141462,FRAY 1,333,289,133,-257
2,2,0.141485,FRAY 1,333,289,135,-259
2,2,0.141537,FRAY 1,333,289,137,-261
2,2,0.141549,FRAY 1,333,289,139,-263
2,2,0.141566,FRAY 1,333,289,141,-265
2,3,0.141589,FRAY 1,333,289,143,-268
3,3,0.141613,FRAY 1,333,289,146,-271
2,3,0.141648,FRAY 1,333,289,148,-274
2,3,0.141659,FRAY 1,333,289,150,-277
2,1,0.1417,FRAY 1,333,289,152,-278
2,2,0.141717,FRAY 1,333,289,154,-280
3,2,0.14174,FRAY 1,333,289,157,-282
3,2,0.141764,FRAY 1,333,289,160,-284
2,2,0.141798,FRAY 1,333,289,162,-286
3,3,0.141816,FRAY 1,333,289,165,-289
3,3,0.141839,FRAY 1,333,289,168,-292
3,2,0.141868,FRAY 1,333,289,171,-294
3,3,0.141886,FRAY 1,333,289,174,-297
2,3,0.141909,FRAY 1,333,289,176,-300
3,3,0.141938,FRAY 1,333,289,179,-303
3,3,0.141961,FRAY 1,333,289,182,-306
3,2,0.141984,FRAY 1,333,289,185,-308
3,3,0.142019,FRAY 1,333,289,188,-311
2,4,0.142036,FRAY 1,333,289,190,-315
3,4,0.142065,FRAY 1,333,289,193,-319
3,4,0.142089,FRAY 1,333,289,196,-323
3,3,0.142112,FRAY 1,333,289,199,-326
3,4,0.142135,FRAY 1,333,289,202,-330
3,3,0.142158,FRAY 1,333,289,205,-333
2,3,0.142193,FRAY 1,333,289,207,-336
3,2,0.142216,FRAY 1,333,289,210,-338
3,3,0.14224,FRAY 1,333,289,213,-341
3,3,0.142257,FRAY 1,333,289,216,-344
3,2,0.14228,FRAY 1,333,289,219,-346
2,2,0.142298,FRAY 1,333,289,221,-348
3,2,0.142333,FRAY 1,333,289,224,-350
3,2,0.142356,FRAY 1,333,289,227,-352
3,1,0.142379,FRAY 1,333,289,230,-353
3,2,0.142402,FRAY 1,333,289,233,-355
2,2,0.14242,FRAY 1,333,289,235,-357
3,2,0.142454,FRAY 1,333,289,238,-359
3,2,0.142483,FRAY 1,333,289,241,-361
3,2,0.142507,FRAY 1,333,289,244,-363
3,3,0.14253,FRAY 1,333,289,247,-366
3,2,0.142559,FRAY 1,333,289,250,-368
2,3,0.142582,FRAY 1,333,289,252,-371
3,3,0.142605,FRAY 1,333,289,255,-374
3,3,0.142629,FRAY 1,333,289,258,-377
3,3,0.142658,FRAY 1,333,289,261,-380
3,3,0.142692,FRAY 1,333,289,264,-383
2,1,0.142704,FRAY 1,333,289,266,-384
3,2,0.142733,FRAY 1,333,289,269,-386
3,2,0.142756,FRAY 1,333,289,272,-388
3,2,0.14278,FRAY 1,333,289,275,-390
3,2,0.142814,FRAY 1,333,289,278,-392
2,1,0.142838,FRAY 1,333,289,280,-393
3,1,0.142867,FRAY 1,333,289,283,-394
3,1,0.142884,FRAY 1,333,289,286,-395
3,1,0.142907,FRAY 1,333,289,289,-396
3,1,0.14293,FRAY 1,333,289,292,-397
2,1,0.142965,FRAY 1,333,289,294,-398
3,1,0.143012,FRAY 1,333,289,297,-399
3,2,0.143035,FRAY 1,333,289,300,-401
3,2,0.14306,FRAY 1,333,289,303,-403
3,2,0.143087,FRAY 1,333,289,306,-405
2,2,0.14311,FRAY 1,333,289,308,-407
3,2,0.143147,FRAY 1,333,289,311,-409
3,2,0.143157,FRAY 1,333,289,314,-411
3,2,0.143192,FRAY 1,333,289,317,-413
3,1,0.143215,FRAY 1,333,289,320,-414
2,2,0.143238,FRAY 1,333,289,322,-416
3,2,0.143267,FRAY 1,333,289,325,-418
3,2,0.143291,FRAY 1,333,289,328,-420
3,2,0.143319,FRAY 1,333,289,331,-422
3,1,0.143343,FRAY 1,333,289,334,-423
2,1,0.143366,FRAY 1,333,289,336,-424
3,-1,0.143418,FRAY 1,333,289,339,-423
3,-1,0.143435,FRAY 1,333,289,342,-422
3,-2,0.14347,FRAY 1,333,289,345,-420
3,-2,0.143494,FRAY 1,333,289,348,-418
1,-2,0.143517,FRAY 1,333,289,349,-416
2,-2,0.14354,FRAY 1,333,289,351,-414
1,-2,0.143563,FRAY 1,333,289,352,-412
1,-3,0.143584,FRAY 1,333,289,353,-409
1,-3,0.143621,FRAY 1,333,289,354,-406
1,-2,0.143644,FRAY 1,333,289,355,-404
1,-2,0.143668,FRAY 1,333,289,356,-402
1,-2,0.143691,FRAY 1,333,289,357,-400
1,-2,0.143714,FRAY 1,333,289,358,-398
1,-1,0.143743,FRAY 1,333,289,359,-397
1,-2,0.143766,FRAY 1,333,289,360,-395
2,-2,0.143795,FRAY 1,333,289,362,-393
2,-2,0.143819,FRAY 1,333,289,364,-391
2,-2,0.143842,FRAY 1,333,289,366,-389
1,-2,0.143877,FRAY 1,333,289,367,-387
3,-2,0.143894,FRAY 1,333,289,370,-385
3,-2,0.143917,FRAY 1,333,289,373,-383
3,-1,0.143952,FRAY 1,333,289,376,-382
3,-2,0.143964,FRAY 1,333,289,379,-380
3,-2,0.143999,FRAY 1,333,289,382,-378
2,-2,0.144022,FRAY 1,333,289,384,-376
3,-2,0.144045,FRAY 1,333,289,387,-374
3,-2,0.144068,FRAY 1,333,289,390,-372
3,-2,0.144103,FRAY 1,333,289,393,-370
3,-2,0.144126,FRAY 1,333,289,396,-368
2,-1,0.144149,FRAY 1,333,289,398,-367
3,-2,0.144179,FRAY 1,333,289,401,-365
3,-1,0.14419,FRAY 1,333,289,404,-364
3,-1,0.144219,FRAY 1,333,289,407,-363
3,1,0.144295,FRAY 1,333,289,410,-364
3,1,0.144318,FRAY 1,333,289,413,-365
3,2,0.144335,FRAY 1,333,289,416,-367
3,1,0.144358,FRAY 1,333,289,419,-368
2,3,0.144387,FRAY 1,333,289,421,-371
3,3,0.144422,FRAY 1,333,289,424,-374
3,3,0.144446,FRAY 1,333,289,427,-377
2,3,0.144469,FRAY 1,333,289,429,-380
2,3,0.144492,FRAY 1,333,289,431,-383
2,1,0.144515,FRAY 1,333,289,433,-384
1,2,0.144538,FRAY 1,333,289,434,-386
1,1,0.144567,FRAY 1,333,289,435,-387
1,1,0.144596,FRAY 1,333,289,436,-388
1,1,0.144666,FRAY 1,333,289,437,-389
1,-1,0.154761,SAN- 2,267,188,438,-388
1,-2,0.154778,SAN- 2,267,188,439,-386
1,-1,0.154802,SAN- 2,267,188,440,-385
1,-1,0.154854,SAN- 2,267,188,441,-384
1,-1,0.154883,SAN- 2,267,188,442,-383
1,-1,0.154906,SAN- 2,267,188,443,-382
1,-1,0.154929,SAN- 2,267,188,444,-381
1,-1,0.154958,SAN- 2,267,188,445,-380
2,-1,0.155011,SAN- 2,267,188,447,-379
2,-1,0.155051,SAN- 2,267,188,449,-378
1,-1,0.155057,SAN- 2,267,188,450,-377
1,-1,0.155086,SAN- 2,267,188,451,-376
1,-1,0.155109,SAN- 2,267,188,452,-375
1,-2,0.155133,SAN- 2,267,188,453,-373
1,-2,0.155162,SAN- 2,267,188,454,-371
1,-2,0.155185,SAN- 2,267,188,455,-369
1,-3,0.15522,SAN- 2,267,188,456,-366
1,-3,0.155237,SAN- 2,267,188,457,-363
1,-2,0.15526,SAN- 2,267,188,458,-361
1,-3,0.155283,SAN- 2,267,188,459,-358
1,-3,0.155318,SAN- 2,267,188,460,-355
1,-3,0.15533,SAN- 2,267,188,461,-352
1,-2,0.155382,SAN- 2,267,188,462,-350
2,-2,0.155388,SAN- 2,267,188,464,-348
2,-2,0.155411,SAN- 2,267,188,466,-346
1,-1,0.155463,SAN- 2,267,188,467,-345
1,-1,0.155492,SAN- 2,267,188,468,-344
1,-1,0.155516,SAN- 2,267,188,469,-343
-1,-1,0.155562,SAN- 2,267,188,468,-342
-2,-1,0.155591,SAN- 2,267,188,466,-341
-2,-1,0.155614,SAN- 2,267,188,464,-340
-3,-2,0.155643,SAN- 2,267,188,461,-338
-3,-2,0.155667,SAN- 2,267,188,458,-336
-3,-2,0.15569,SAN- 2,267,188,455,-334
-2,-2,0.155719,SAN- 2,267,188,453,-332
-3,-2,0.15573,SAN- 2,267,188,450,-330
-3,-1,0.155765,SAN- 2,267,188,447,-329
-3,-2,0.155794,SAN- 2,267,188,444,-327
-3,-2,0.155812,SAN- 2,267,188,441,-325
-2,-2,0.155844,SAN- 2,267,188,439,-323
-3,-2,0.15587,SAN- 2,267,188,436,-321
-3,-3,0.155893,SAN- 2,267,188,433,-318
-3,-3,0.155916,SAN- 2,267,188,430,-315
-3,-2,0.155945,SAN- 2,267,188,427,-313
-2,-3,0.155963,SAN- 2,267,188,425,-310
-3,-3,0.155997,SAN- 2,267,188,422,-307
-3,-3,0.156021,SAN- 2,267,188,419,-304
-3,-3,0.15605,SAN- 2,267,188,416,-301
-3,-2,0.156067,SAN- 2,267,188,413,-299
-2,-3,0.15609,SAN- 2,267,188,411,-296
-2,-3,0.156119,SAN- 2,267,188,409,-293
-2,-3,0.156143,SAN- 2,267,188,407,-290
-2,-3,0.156172,SAN- 2,267,188,405,-287
-2,-2,0.156195,SAN- 2,267,188,403,-285
-1,-3,0.156218,SAN- 2,267,188,402,-282
-1,-2,0.156241,SAN- 2,267,188,401,-280
-1,-2,0.15627,SAN- 2,267,188,400,-278
-1,-2,0.156294,SAN- 2,267,188,399,-276
-1,-2,0.156317,SAN- 2,267,188,398,-274
-1,-2,0.156348,SAN- 2,267,188,397,-272
-1,-2,0.156369,SAN- 2,267,188,396,-270
-1,-1,0.156398,SAN- 2,267,188,395,-269
-1,-2,0.156427,SAN- 2,267,188,394,-267
-1,-2,0.156444,SAN- 2,267,188,393,-265
-1,-2,0.156468,SAN- 2,267,188,392,-263
-1,-2,0.156502,SAN- 2,267,188,391,-261
-1,-2,0.156532,SAN- 2,267,188,390,-259
-1,-2,0.156549,SAN- 2,267,188,389,-257
-1,-1,0.156578,SAN- 2,267,188,388,-256
-1,-2,0.156595,SAN- 2,267,188,387,-254
-2,-1,0.156619,SAN- 2,267,188,385,-253
-1,-1,0.156653,SAN- 2,267,188,384,-252
-1,-1,0.156973,SAN- 2,267,188,383,-251
-2,-1,0.157002,SAN- 2,267,188,381,-250
-3,-1,0.157037,SAN- 2,267,188,378,-249
-3,-1,0.157054,SAN- 2,267,188,375,-248
-3,-1,0.157077,SAN- 2,267,188,372,-247
-2,-1,0.1571,SAN- 2,267,188,370,-246
-3,-1,0.15713,SAN- 2,267,188,367,-245
-3,-1,0.157164,SAN- 2,267,188,364,-244
-3,-1,0.157205,SAN- 2,267,188,361,-243
-2,-1,0.157228,SAN- 2,267,188,359,-242
-3,-1,0.157251,SAN- 2,267,188,356,-241
-3,-1,0.157286,SAN- 2,267,188,353,-240
-2,1,0.1695,-TIA- 3,128,471,351,-241
-2,1,0.169523,-TIA- 3,128,471,349,-242
-1,2,0.169546,-TIA- 3,128,471,348,-244
-2,1,0.169581,-TIA- 3,128,471,346,-245
-1,2,0.169593,-TIA- 3,128,471,345,-247
-1,3,0.169622,-TIA- 3,128,471,344,-250
-1,3,0.169633,-TIA- 3,128,471,343,-253
-1,3,0.169668,-TIA- 3,128,471,342,-256
1,3,0.169697,-TIA- 3,128,471,343,-259
1,3,0.16972,-TIA- 3,128,471,344,-262
1,4,0.169738,-TIA- 3,128,471,345,-266
2,4,0.169761,-TIA- 3,128,471,347,-270
1,4,0.16979,-TIA- 3,128,471,348,-274
2,3,0.169819,-TIA- 3,128,471,350,-277
2,4,0.169854,-TIA- 3,128,471,352,-281
2,4,0.169877,-TIA- 3,128,471,354,-285
2,4,0.169889,-TIA- 3,128,471,356,-289
1,3,0.169918,-TIA- 3,128,471,357,-292
1,4,0.169941,-TIA- 3,128,471,358,-296
1,4,0.16997,-TIA- 3,128,471,359,-300
1,4,0.169993,-TIA- 3,128,471,360,-304
-1,3,0.170028,-TIA- 3,128,471,359,-307
-1,4,0.170046,-TIA- 3,128,471,358,-311
-2,4,0.170069,-TIA- 3,128,471,356,-315
-3,4,0.170092,-TIA- 3,128,471,353,-319
-3,3,0.170115,-TIA- 3,128,471,350,-322
-3,4,0.17015,-TIA- 3,128,471,347,-326
-4,4,0.170179,-TIA- 3,128,471,343,-330
-4,4,0.170196,-TIA- 3,128,471,339,-334
-4,3,0.17022,-TIA- 3,128,471,335,-337
-3,4,0.170243,-TIA- 3,128,471,332,-341
-4,4,0.170278,-TIA- 3,128,471,328,-345
-4,4,0.170301,-TIA- 3,128,471,324,-349
-4,3,0.170324,-TIA- 3,128,471,320,-352
-3,4,0.170343,-TIA- 3,128,471,317,-356
-4,4,0.170371,-TIA- 3,128,471,313,-360
-4,4,0.170394,-TIA- 3,128,471,309,-364
-4,3,0.170429,-TIA- 3,128,471,305,-367
-3,4,0.170458,-TIA- 3,128,471,302,-371
-4,4,0.170487,-TIA- 3,128,471,298,-375
-4,4,0.170498,-TIA- 3,128,471,294,-379
-4,3,0.170522,-TIA- 3,128,471,290,-382
-3,4,0.170546,-TIA- 3,128,471,287,-386
-4,4,0.17058,-TIA- 3,128,471,283,-390
-4,4,0.170613,-TIA- 3,128,471,279,-394
-4,3,0.170626,-TIA- 3,128,471,275,-397
-2,4,0.170655,-TIA- 3,128,471,273,-401
-3,4,0.170678,-TIA- 3,128,471,270,-405
-3,4,0.170701,-TIA- 3,128,471,267,-409
-3,3,0.170731,-TIA- 3,128,471,264,-412
-3,4,0.170765,-TIA- 3,128,471,261,-416
-3,4,0.170777,-TIA- 3,128,471,258,-420
-4,4,0.170806,-TIA- 3,128,471,254,-424
-4,3,0.170829,-TIA- 3,128,471,250,-427
-4,4,0.170852,-TIA- 3,128,471,246,-431
-3,2,0.170876,-TIA- 3,128,471,243,-433
-4,4,0.170899,-TIA- 3,128,471,239,-437
-4,4,0.17091,-TIA- 3,128,471,235,-441
-3,3,0.170928,-TIA- 3,128,471,232,-444
-4,4,0.170951,-TIA- 3,128,471,228,-448
-4,4,0.170974,-TIA- 3,128,471,224,-452
-4,4,0.170998,-TIA- 3,128,471,220,-456
-3,3,0.171027,-TIA- 3,128,471,217,-459
-4,4,0.17105,-TIA- 3,128,471,213,-463
-4,4,0.171079,-TIA- 3,128,471,209,-467
-4,4,0.171102,-TIA- 3,128,471,205,-471
-3,3,0.171125,-TIA- 3,128,471,202,-474
-4,4,0.171152,-TIA- 3,128,471,198,-478
-4,4,0.171183,-TIA- 3,128,471,194,-482
-4,4,0.171201,-TIA- 3,128,471,190,-486
-3,3,0.171224,-TIA- 3,128,471,187,-489
-4,4,0.171253,-TIA- 3,128,471,183,-493
-4,4,0.171276,-TIA- 3,128,471,179,-497
-4,4,0.171305,-TIA- 3,128,471,175,-501
-3,3,0.171334,-TIA- 3,128,471,172,-504
-4,4,0.171352,-TIA- 3,128,471,168,-508
-4,4,0.171375,-TIA- 3,128,471,164,-512
-4,4,0.17141,-TIA- 3,128,471,160,-516
-3,3,0.171433,-TIA- 3,128,471,157,-519
-3,4,0.171474,-TIA- 3,128,471,154,-523
-3,4,0.171479,-TIA- 3,128,471,151,-527
-3,4,0.171503,-TIA- 3,128,471,148,-531
-2,3,0.171526,-TIA- 3,128,471,146,-534
-2,4,0.171549,-TIA- 3,128,471,144,-538
-2,4,0.171584,-TIA- 3,128,471,142,-542
-3,4,0.171607,-TIA- 3,128,471,139,-546
-3,3,0.17163,-TIA- 3,128,471,136,-549
-3,4,0.171659,-TIA- 3,128,471,133,-553
-4,4,0.171683,-TIA- 3,128,471,129,-557
-3,4,0.171712,-TIA- 3,128,471,126,-561
-4,3,0.171735,-TIA- 3,128,471,122,-564
-4,4,0.171764,-TIA- 3,128,471,118,-568
-4,4,0.171781,-TIA- 3,128,471,114,-572
-3,4,0.17181,-TIA- 3,128,471,111,-576
-4,3,0.171833,-TIA- 3,128,471,107,-579
-4,4,0.171862,-TIA- 3,128,471,103,-583
-4,3,0.171886,-TIA- 3,128,471,99,-586
-2,3,0.171921,-TIA- 3,128,471,97,-589
-2,3,0.171938,-TIA- 3,128,471,95,-592
-1,2,0.171961,-TIA- 3,128,471,94,-594
-1,3,0.171984,-TIA- 3,128,471,93,-597
1,3,0.172013,-TIA- 3,128,471,94,-600
1,2,0.172037,-TIA- 3,128,471,95,-602
2,2,0.172071,-TIA- 3,128,471,97,-604
1,2,0.172089,-TIA- 3,128,471,98,-606
2,1,0.172112,-TIA- 3,128,471,100,-607
3,2,0.172135,-TIA- 3,128,471,103,-609
3,2,0.172164,-TIA- 3,128,471,106,-611
3,2,0.172199,-TIA- 3,128,471,109,-613
3,2,0.172205,-TIA- 3,128,471,112,-615
2,2,0.17224,-TIA- 3,128,471,114,-617
3,2,0.172263,-TIA- 3,128,471,117,-619
3,2,0.172286,-TIA- 3,128,471,120,-621
3,2,0.172321,-TIA- 3,128,471,123,-623
3,2,0.17235,-TIA- 3,128,471,126,-625
2,2,0.172362,-TIA- 3,128,471,128,-627
3,2,0.172391,-TIA- 3,128,471,131,-629
3,1,0.172414,-TIA- 3,128,471,134,-630
3,2,0.172437,-TIA- 3,128,471,137,-632
3,2,0.172466,-TIA- 3,128,471,140,-634
2,2,0.172489,-TIA- 3,128,471,142,-636
3,2,0.172513,-TIA- 3,128,471,145,-638
2,1,0.172542,-TIA- 3,128,471,147,-639
2,1,0.172565,-TIA- 3,128,471,149,-640
1,1,0.172594,-TIA- 3,128,471,150,-641
-1,1,0.172664,-TIA- 3,128,471,149,-642
-1,1,0.172687,-TIA- 3,128,471,148,-643
-2,1,0.172722,-TIA- 3,128,471,146,-644
-3,1,0.172751,-TIA- 3,128,471,143,-645
-3,1,0.172768,-TIA- 3,128,471,140,-646
-3,2,0.172791,-TIA- 3,128,471,137,-648
-2,1,0.172815,-TIA- 3,128,471,135,-649
-2,2,0.172838,-TIA- 3,128,471,133,-651
-2,2,0.172873,-TIA- 3,128,471,131,-653
-1,2,0.172902,-TIA- 3,128,471,130,-655
-1,2,0.172936,-TIA- 3,128,471,129,-657
1,2,0.172942,-TIA- 3,128,471,130,-659
2,2,0.172965,-TIA- 3,128,471,132,-661
2,2,0.172989,-TIA- 3,128,471,134,-663
1,1,0.173023,-TIA- 3,128,471,135,-664
3,1,0.173047,-TIA- 3,128,471,138,-665
3,1,0.173082,-TIA- 3,128,471,141,-666
1,-1,0.173871,-TIA- 3,128,471,142,-665
2,-1,0.173906,-TIA- 3,128,471,144,-664
1,-1,0.173958,-TIA- 3,128,471,145,-663
1,-1,0.173976,-TIA- 3,128,471,146,-662
1,-2,0.174005,-TIA- 3,128,471,147,-660
1,-2,0.174028,-TIA- 3,128,471,148,-658
1,-2,0.174057,-TIA- 3,128,471,149,-656
1,-2,0.17408,-TIA- 3,128,471,150,-654
1,-1,0.174126,-TIA- 3,128,471,151,-653
1,-1,0.174155,-TIA- 3,128,471,152,-652
1,-1,0.174179,-TIA- 3,128,471,153,-651
1,-1,0.174231,-TIA- 3,128,471,154,-650
1,-1,0.174254,-TIA- 3,128,471,155,-649
2,-1,0.174283,-TIA- 3,128,471,157,-648
2,-1,0.174306,-TIA- 3,128,471,159,-647
1,-1,0.17433,-TIA- 3,128,471,160,-646
1,-1,0.174353,-TIA- 3,128,471,161,-645
1,-1,0.174382,-TIA- 3,128,471,162,-644
1,-1,0.174434,-TIA- 3,128,471,163,-643
1,-1,0.174457,-TIA- 3,128,471,164,-642
1,-1,0.174504,-TIA- 3,128,471,165,-641
1,-1,0.175119,-TIA- 3,128,471,166,-640
1,-1,0.175137,-TIA- 3,128,471,167,-639
1,-1,0.175183,-TIA- 3,128,471,168,-638
1,-1,0.175206,-TIA- 3,128,471,169,-637
1,-1,0.175241,-TIA- 3,128,471,170,-636
1,-1,0.175305,-TIA- 3,128,471,171,-635
1,-1,0.175311,-TIA- 3,128,471,172,-634
1,-1,0.175334,-TIA- 3,128,471,173,-633
1,-2,0.175357,-TIA- 3,128,471,174,-631
1,-2,0.175392,-TIA- 3,128,471,175,-629
1,-2,0.175415,-TIA- 3,128,471,176,-627
1,-2,0.175447,-TIA- 3,128,471,177,-625
1,-2,0.175462,-TIA- 3,128,471,178,-623
1,-2,0.175485,-TIA- 3,128,471,179,-621
1,-2,0.175514,-TIA- 3,128,471,180,-619
-1,-1,0.175537,-TIA- 3,128,471,179,-618
-1,-2,0.175566,-TIA- 3,128,471,178,-616
-1,-2,0.175601,-TIA- 3,128,471,177,-614
-1,-2,0.175613,-TIA- 3,128,471,176,-612
-1,-1,0.175636,-TIA- 3,128,471,175,-611
-1,-1,0.175665,-TIA- 3,128,471,174,-610
-1,-1,0.175705,-TIA- 3,128,471,173,-609
1,-2,0.185237,GO 4,19,262,174,-607
1,-2,0.185255,GO 4,19,262,175,-605
1,-2,0.185278,GO 4,19,262,176,-603
1,-2,0.185313,GO 4,19,262,177,-601
1,-1,0.185329,GO 4,19,262,178,-600
1,-2,0.185353,GO 4,19,262,179,-598
1,-2,0.185377,GO 4,19,262,180,-596
1,-1,0.185406,GO 4,19,262,181,-595
1,-1,0.185429,GO 4,19,262,182,-594
1,-1,0.185458,GO 4,19,262,183,-593
1,-1,0.185504,GO 4,19,262,184,-592
1,-1,0.185527,GO 4,19,262,185,-591
1,-1,0.185585,GO 4,19,262,186,-590
1,-1,0.185609,GO 4,19,262,187,-589
1,-1,0.185655,GO 4,19,262,188,-588
1,-1,0.185678,GO 4,19,262,189,-587
1,-1,0.185713,GO 4,19,262,190,-586
1,-2,0.18576,GO 4,19,262,191,-584
1,-2,0.185783,GO 4,19,262,192,-582
1,-2,0.185806,GO 4,19,262,193,-580
1,-2,0.185829,GO 4,19,262,194,-578
1,-2,0.185853,GO 4,19,262,195,-576
1,-1,0.185887,GO 4,19,262,196,-575
1,-3,0.185928,GO 4,19,262,197,-572
1,-3,0.185934,GO 4,19,262,198,-569
1,-3,0.185963,GO 4,19,262,199,-566
1,-3,0.18598,GO 4,19,262,200,-563
1,-2,0.186003,GO 4,19,262,201,-561
1,-3,0.186027,GO 4,19,262,202,-558
1,-3,0.186061,GO 4,19,262,203,-555
1,-3,0.186079,GO 4,19,262,204,-552
1,-3,0.186102,GO 4,19,262,205,-549
1,-3,0.186125,GO 4,19,262,206,-546
-1,-2,0.186149,GO 4,19,262,205,-544
-1,-3,0.186183,GO 4,19,262,204,-541
-1,-3,0.186207,GO 4,19,262,203,-538
-1,-3,0.18623,GO 4,19,262,202,-535
-1,-3,0.186253,GO 4,19,262,201,-532
-1,-2,0.186276,GO 4,19,262,200,-530
-1,-3,0.1863,GO 4,19,262,199,-527
1,-3,0.186334,GO 4,19,262,200,-524
1,-3,0.186363,GO 4,19,262,201,-521
1,-3,0.186381,GO 4,19,262,202,-518
1,-2,0.186404,GO 4,19,262,203,-516
1,-3,0.186439,GO 4,19,262,204,-513
1,-3,0.186454,GO 4,19,262,205,-510
1,-3,0.186479,GO 4,19,262,206,-507
1,-3,0.186503,GO 4,19,262,207,-504
-1,-3,0.186532,GO 4,19,262,206,-501
-2,-2,0.186555,GO 4,19,262,204,-499
-2,-3,0.186584,GO 4,19,262,202,-496
-1,-3,0.186613,GO 4,19,262,201,-493
-2,-3,0.186636,GO 4,19,262,199,-490
-2,-2,0.186654,GO 4,19,262,197,-488
-2,-2,0.186683,GO 4,19,262,195,-486
-2,-1,0.186712,GO 4,19,262,193,-485
-2,-1,0.186735,GO 4,19,262,191,-484
-2,-1,0.186764,GO 4,19,262,189,-483
-2,-1,0.186781,GO 4,19,262,187,-482
-3,-1,0.186886,GO 4,19,262,184,-481
-4,-1,0.186909,GO 4,19,262,180,-480
-3,-1,0.186932,GO 4,19,262,177,-479
-4,-1,0.186955,GO 4,19,262,173,-478
-4,-1,0.186979,GO 4,19,262,169,-477
-4,-1,0.187014,GO 4,19,262,165,-476
-3,-1,0.187286,GO 4,19,262,162,-475
-3,-1,0.187315,GO 4,19,262,159,-474
-2,-1,0.187339,GO 4,19,262,157,-473
-1,-2,0.187368,GO 4,19,262,156,-471
-1,-1,0.187391,GO 4,19,262,155,-470
-1,-2,0.187414,GO 4,19,262,154,-468
-1,-2,0.187437,GO 4,19,262,153,-466
-1,-3,0.18746,GO 4,19,262,152,-463
-1,-3,0.187495,GO 4,19,262,151,-460
-1,-3,0.187519,GO 4,19,262,150,-457
-1,-2,0.187548,GO 4,19,262,149,-455
-1,-3,0.187565,GO 4,19,262,148,-452
1,-3,0.187588,GO 4,19,262,149,-449
1,-3,0.187611,GO 4,19,262,150,-446
1,-2,0.187658,GO 4,19,262,151,-444
1,-2,0.187669,GO 4,19,262,152,-442
1,-1,0.187699,GO 4,19,262,153,-441
2,-2,0.187716,GO 4,19,262,155,-439
2,-2,0.187739,GO 4,19,262,157,-437
2,-2,0.187765,GO 4,19,262,159,-435
2,-3,0.187797,GO 4,19,262,161,-432
2,-3,0.18782,GO 4,19,262,163,-429
1,-3,0.187849,GO 4,19,262,164,-426
1,-2,0.187861,GO 4,19,262,165,-424
1,-3,0.18789,GO 4,19,262,166,-421
1,-3,0.187913,GO 4,19,262,167,-418
-1,-3,0.187942,GO 4,19,262,166,-415
-1,-3,0.187977,GO 4,19,262,165,-412
-2,-2,0.188,GO 4,19,262,163,-410
-2,-3,0.188018,GO 4,19,262,161,-407
-2,-3,0.188041,GO 4,19,262,159,-404
-2,-3,0.188064,GO 4,19,262,157,-401
-2,-3,0.188087,GO 4,19,262,155,-398
-1,-2,0.188128,GO 4,19,262,154,-396
-2,-3,0.188151,GO 4,19,262,152,-393
-2,-3,0.188169,GO 4,19,262,150,-390
-1,-3,0.188186,GO 4,19,262,149,-387
-1,-3,0.188209,GO 4,19,262,148,-384
-1,-3,0.188233,GO 4,19,262,147,-381
-1,-2,0.188273,GO 4,19,262,146,-379
-1,-3,0.188279,GO 4,19,262,145,-376
-1,-3,0.188314,GO 4,19,262,144,-373
-1,-3,0.188337,GO 4,19,262,143,-370
-1,-3,0.18836,GO 4,19,262,142,-367
-1,-2,0.188383,GO 4,19,262,141,-365
-1,-3,0.188418,GO 4,19,262,140,-362
-2,-3,0.18843,GO 4,19,262,138,-359
-2,-2,0.188465,GO 4,19,262,136,-357
-2,-2,0.188488,GO 4,19,262,134,-355
-1,-2,0.188511,GO 4,19,262,133,-353
-2,-2,0.188534,GO 4,19,262,131,-351
-3,-1,0.188569,GO 4,19,262,128,-350
-3,-2,0.188581,GO 4,19,262,125,-348
-3,-2,0.188616,GO 4,19,262,122,-346
-3,-2,0.188639,GO 4,19,262,119,-344
-2,-2,0.188662,GO 4,19,262,117,-342
-3,-2,0.188687,GO 4,19,262,114,-340
-3,-2,0.18872,GO 4,19,262,111,-338
-3,-2,0.188738,GO 4,19,262,108,-336
-3,-1,0.188761,GO 4,19,262,105,-335
-2,-3,0.188796,GO 4,19,262,103,-332
-4,-3,0.188819,GO 4,19,262,99,-329
-4,-3,0.188848,GO 4,19,262,95,-326
-4,-3,0.188871,GO 4,19,262,91,-323
-3,-2,0.188889,GO 4,19,262,88,-321
-4,-3,0.188912,GO 4,19,262,84,-318
-4,-3,0.188947,GO 4,19,262,80,-315
-4,-3,0.18897,GO 4,19,262,76,-312
-3,-3,0.188999,GO 4,19,262,73,-309
-4,-3,0.189022,GO 4,19,262,69,-306
-4,-2,0.189039,GO 4,19,262,65,-304
-4,-2,0.189063,GO 4,19,262,61,-302
-3,-2,0.189086,GO 4,19,262,58,-300
-3,-2,0.189121,GO 4,19,262,55,-298
-3,-2,0.18915,GO 4,19,262,52,-296
-2,-2,0.189179,GO 4,19,262,50,-294
-1,-2,0.18919,GO 4,19,262,49,-292
-1,-1,0.189219,GO 4,19,262,48,-291
1,-2,0.189242,GO 4,19,262,49,-289
1,-2,0.189272,GO 4,19,262,50,-287
1,-2,0.189306,GO 4,19,262,51,-285
1,-2,0.189336,GO 4,19,262,52,-283
1,-2,0.189341,GO 4,19,262,53,-281
1,-1,0.18937,GO 4,19,262,54,-280
1,-1,0.189417,GO 4,19,262,55,-279
-1,-1,0.189452,GO 4,19,262,54,-278
-1,-1,0.189486,GO 4,19,262,53,-277
-1,-1,0.189527,GO 4,19,262,52,-276
-1,-1,0.189533,GO 4,19,262,51,-275
-1,-1,0.189568,GO 4,19,262,50,-274
1,-1,0.18962,GO 4,19,262,51,-273
1,-1,0.189637,GO 4,19,262,52,-272
1,-1,0.189661,GO 4,19,262,53,-271
1,-1,0.189684,GO 4,19,262,54,-270
1,-1,0.189742,GO 4,19,262,55,-269
1,-1,0.189777,GO 4,19,262,56,-268
1,-1,0.189817,GO 4,19,262,57,-267
1,-1,0.189841,GO 4,19,262,58,-266
1,-1,0.189893,GO 4,19,262,59,-265
1,-1,0.189928,GO 4,19,262,60,-264
1,-1,0.189968,GO 4,19,262,61,-263
1,-1,0.189991,GO 4,19,262,62,-262
1,-1,0.190045,GO 4,19,262,63,-261
1,-1,0.190079,GO 4,19,262,64,-260
1,-1,0.190119,GO 4,19,262,65,-259
1,-1,0.190142,GO 4,19,262,66,-258
1,-1,0.190357,GO 4,19,262,67,-257
1,-1,0.190415,GO 4,19,262,68,-256
1,-1,0.190438,GO 4,19,262,69,-255
1,-1,0.190473,GO 4,19,262,70,-254
1,-1,0.190502,GO 4,19,262,71,-253
1,-1,0.190537,GO 4,19,262,72,-252
1,-1,0.190566,GO 4,19,262,73,-251
1,-1,0.190589,GO 4,19,262,74,-250
1,-1,0.190613,GO 4,19,262,75,-249
2,-2,0.190647,GO 4,19,262,77,-247
2,-1,0.190665,GO 4,19,262,79,-246
1,-2,0.190688,GO 4,19,262,80,-244
1,-2,0.190717,GO 4,19,262,81,-242
1,-2,0.19074,GO 4,19,262,82,-240
1,-2,0.190769,GO 4,19,262,83,-238
1,-2,0.190798,GO 4,19,262,84,-236
-1,-2,0.190816,GO 4,19,262,83,-234
-2,-2,0.190839,GO 4,19,262,81,-232
-1,-1,0.190862,GO 4,19,262,80,-231
-3,-2,0.190897,GO 4,19,262,77,-229
-3,-2,0.19092,GO 4,19,262,74,-227
-3,-2,0.190955,GO 4,19,262,71,-225
-4,-2,0.190967,GO 4,19,262,67,-223
-3,-2,0.190996,GO 4,19,262,64,-221
-4,-2,0.191013,GO 4,19,262,60,-219
-4,-2,0.191048,GO 4,19,262,56,-217
-4,-1,0.191071,GO 4,19,262,52,-216
-3,-2,0.191106,GO 4,19,262,49,-214
-3,-1,0.191123,GO 4,19,262,46,-213
-3,-1,0.191147,GO 4,19,262,43,-212
-2,-1,0.19117,GO 4,19,262,41,-211
-1,-1,0.191193,GO 4,19,262,40,-210
-1,-1,0.191222,GO 4,19,262,39,-209
-1,-1,0.191286,GO 4,19,262,38,-208
-1,-1,0.191298,GO 4,19,262,37,-207
-1,-1,0.191344,GO 4,19,262,36,-206
-1,-1,0.191379,GO 4,19,262,35,-205
-1,1,0.191553,GO 4,19,262,34,-206
-1,1,0.191599,GO 4,19,262,33,-207
-1,1,0.191623,GO 4,19,262,32,-208
1,1,0.191646,GO 4,19,262,33,-209
1,2,0.191704,GO 4,19,262,34,-211
1,2,0.191739,GO 4,19,262,35,-213
2,2,0.19175,GO 4,19,262,37,-215
1,2,0.191774,GO 4,19,262,38,-217
2,2,0.191808,GO 4,19,262,40,-219
2,2,0.191832,GO 4,19,262,42,-221
3,2,0.191849,GO 4,19,262,45,-223
3,1,0.19189,GO 4,19,262,48,-224
3,2,0.191907,GO 4,19,262,51,-226
2,2,0.19193,GO 4,19,262,53,-228
3,2,0.191954,GO 4,19,262,56,-230
3,2,0.191977,GO 4,19,262,59,-232
3,2,0.191994,GO 4,19,262,62,-234
3,1,0.192035,GO 4,19,262,65,-235
3,1,0.192046,GO 4,19,262,68,-236
2,1,0.192075,GO 4,19,262,70,-237
3,1,0.192093,GO 4,19,262,73,-238
2,-1,0.199959,FRAY 5,118,234,75,-237
2,-1,0.199993,FRAY 5,118,234,77,-236
2,-1,0.200011,FRAY 5,118,234,79,-235
3,-1,0.200034,FRAY 5,118,234,82,-234
3,-1,0.200057,FRAY 5,118,234,85,-233
3,-1,0.200081,FRAY 5,118,234,88,-232
-3,1,0.200417,FRAY 5,118,234,85,-233
-3,1,0.200446,FRAY 5,118,234,82,-234
-3,1,0.200464,FRAY 5,118,234,79,-235
-4,1,0.200487,FRAY 5,118,234,75,-236
-4,1,0.20051,FRAY 5,118,234,71,-237
-3,1,0.200539,FRAY 5,118,234,68,-238
-2,1,0.200586,FRAY 5,118,234,66,-239
1,1,0.200619,FRAY 5,118,234,67,-240
2,1,0.200639,FRAY 5,118,234,69,-241
2,1,0.200667,FRAY 5,118,234,71,-242
2,-1,0.200737,FRAY 5,118,234,73,-241
3,-1,0.200771,FRAY 5,118,234,76,-240
3,-1,0.200795,FRAY 5,118,234,79,-239
3,-1,0.200812,FRAY 5,118,234,82,-238
3,-1,0.200841,FRAY 5,118,234,85,-237
2,-1,0.200864,FRAY 5,118,234,87,-236
3,-1,0.200887,FRAY 5,118,234,90,-235
3,-1,0.200911,FRAY 5,118,234,93,-234
3,-1,0.200945,FRAY 5,118,234,96,-233
3,-1,0.201125,FRAY 5,118,234,99,-232
2,-1,0.201143,FRAY 5,118,234,101,-231
3,-1,0.201166,FRAY 5,118,234,104,-230
3,-1,0.201195,FRAY 5,118,234,107,-229
3,-1,0.201213,FRAY 5,118,234,110,-228
3,-2,0.201247,FRAY 5,118,234,113,-226
2,-2,0.201271,FRAY 5,118,234,115,-224
3,-2,0.201294,FRAY 5,118,234,118,-222
3,-2,0.201317,FRAY 5,118,234,121,-220
3,-2,0.201346,FRAY 5,118,234,124,-218
3,-1,0.201369,FRAY 5,118,234,127,-217
2,-2,0.201392,FRAY 5,118,234,129,-215
3,-2,0.201421,FRAY 5,118,234,132,-213
3,-2,0.201456,FRAY 5,118,234,135,-211
3,-2,0.201474,FRAY 5,118,234,138,-209
3,-2,0.201497,FRAY 5,118,234,141,-207
3,-2,0.20152,FRAY 5,118,234,144,-205
2,-2,0.201543,FRAY 5,118,234,146,-203
3,-1,0.201578,FRAY 5,118,234,149,-202
3,-2,0.201607,FRAY 5,118,234,152,-200
3,-2,0.201636,FRAY 5,118,234,155,-198
3,-2,0.201648,FRAY 5,118,234,158,-196
2,-2,0.201671,FRAY 5,118,234,160,-194
3,-2,0.201694,FRAY 5,118,234,163,-192
3,-2,0.201718,FRAY 5,118,234,166,-190
3,-2,0.201752,FRAY 5,118,234,169,-188
3,-1,0.201793,FRAY 5,118,234,172,-187
2,-2,0.201799,FRAY 5,118,234,174,-185
3,-1,0.201822,FRAY 5,118,234,177,-184
3,-1,0.201845,FRAY 5,118,234,180,-183
3,-1,0.201874,FRAY 5,118,234,183,-182
3,-1,0.201909,FRAY 5,118,234,186,-181
3,-1,0.201938,FRAY 5,118,234,189,-180
2,-1,0.20195,FRAY 5,118,234,191,-179
3,-1,0.201973,FRAY 5,118,234,194,-178
3,-2,0.202002,FRAY 5,118,234,197,-176
3,-2,0.202025,FRAY 5,118,234,200,-174
3,-1,0.202048,FRAY 5,118,234,203,-173
2,-2,0.202089,FRAY 5,118,234,205,-171
3,-2,0.202106,FRAY 5,118,234,208,-169
3,-2,0.20213,FRAY 5,118,234,211,-167
3,-2,0.202153,FRAY 5,118,234,214,-165
3,-1,0.202176,FRAY 5,118,234,217,-164
2,-1,0.20221,FRAY 5,118,234,219,-163
3,-1,0.20224,FRAY 5,118,234,222,-162
3,-1,0.202257,FRAY 5,118,234,225,-161
1,1,0.214285,SAN- 6,349,395,226,-162
1,1,0.214314,SAN- 6,349,395,227,-163
1,2,0.214343,SAN- 6,349,395,228,-165
2,2,0.214361,SAN- 6,349,395,230,-167
3,3,0.21439,SAN- 6,349,395,233,-170
3,2,0.214413,SAN- 6,349,395,236,-172
3,3,0.214442,SAN- 6,349,395,239,-175
3,3,0.214471,SAN- 6,349,395,242,-178
2,3,0.214494,SAN- 6,349,395,244,-181
3,4,0.214512,SAN- 6,349,395,247,-185
3,3,0.214544,SAN- 6,349,395,250,-188
3,4,0.21457,SAN- 6,349,395,253,-192
3,4,0.214593,SAN- 6,349,395,256,-196
2,4,0.214622,SAN- 6,349,395,258,-200
3,3,0.214645,SAN- 6,349,395,261,-203
3,4,0.214668,SAN- 6,349,395,264,-207
3,4,0.214698,SAN- 6,349,395,267,-211
3,4,0.214721,SAN- 6,349,395,270,-215
2,3,0.214744,SAN- 6,349,395,272,-218
3,4,0.214773,SAN- 6,349,395,275,-222
3,4,0.214808,SAN- 6,349,395,278,-226
3,4,0.214814,SAN- 6,349,395,281,-230
3,3,0.214837,SAN- 6,349,395,284,-233
2,4,0.214872,SAN- 6,349,395,286,-237
3,4,0.214895,SAN- 6,349,395,289,-241
3,4,0.21493,SAN- 6,349,395,292,-245
3,3,0.214941,SAN- 6,349,395,295,-248
3,4,0.21497,SAN- 6,349,395,298,-252
3,4,0.214994,SAN- 6,349,395,301,-256
2,4,0.215023,SAN- 6,349,395,303,-260
3,3,0.215046,SAN- 6,349,395,306,-263
3,3,0.21507,SAN- 6,349,395,309,-266
3,3,0.215098,SAN- 6,349,395,312,-269
3,3,0.215121,SAN- 6,349,395,315,-272
2,3,0.215144,SAN- 6,349,395,317,-275
3,2,0.215168,SAN- 6,349,395,320,-277
3,3,0.215197,SAN- 6,349,395,323,-280
3,3,0.215226,SAN- 6,349,395,326,-283
3,3,0.215255,SAN- 6,349,395,329,-286
2,3,0.215272,SAN- 6,349,395,331,-289
3,2,0.215295,SAN- 6,349,395,334,-291
3,3,0.21533,SAN- 6,349,395,337,-294
3,3,0.215353,SAN- 6,349,395,340,-297
3,3,0.215377,SAN- 6,349,395,343,-300
3,3,0.215406,SAN- 6,349,395,346,-303
2,2,0.215423,SAN- 6,349,395,348,-305
3,3,0.215446,SAN- 6,349,395,351,-308
3,3,0.215475,SAN- 6,349,395,354,-311
3,3,0.215504,SAN- 6,349,395,357,-314
3,3,0.215528,SAN- 6,349,395,360,-317
2,3,0.215562,SAN- 6,349,395,362,-320
3,2,0.215574,SAN- 6,349,395,365,-322
3,2,0.215597,SAN- 6,349,395,368,-324
3,2,0.215625,SAN- 6,349,395,371,-326
3,2,0.215655,SAN- 6,349,395,374,-328
2,2,0.215679,SAN- 6,349,395,376,-330
3,2,0.215713,SAN- 6,349,395,379,-332
3,2,0.215727,SAN- 6,349,395,382,-334
3,1,0.215754,SAN- 6,349,395,385,-335
3,2,0.215777,SAN- 6,349,395,388,-337
3,1,0.215806,SAN- 6,349,395,391,-338
2,1,0.215841,SAN- 6,349,395,393,-339
3,1,0.215859,SAN- 6,349,395,396,-340
3,1,0.216375,SAN- 6,349,395,399,-341
3,1,0.216398,SAN- 6,349,395,402,-342
3,1,0.216427,SAN- 6,349,395,405,-343
3,2,0.216445,SAN- 6,349,395,408,-345
2,2,0.21648,SAN- 6,349,395,410,-347
3,2,0.216503,SAN- 6,349,395,413,-349
3,1,0.216526,SAN- 6,349,395,416,-350
3,2,0.216549,SAN- 6,349,395,419,-352
3,2,0.216584,SAN- 6,349,395,422,-354
2,2,0.216602,SAN- 6,349,395,424,-356
3,2,0.216625,SAN- 6,349,395,427,-358
3,2,0.216654,SAN- 6,349,395,430,-360
3,2,0.216677,SAN- 6,349,395,433,-362
3,2,0.2167,SAN- 6,349,395,436,-364
3,1,0.216735,SAN- 6,349,395,439,-365
2,2,0.216752,SAN- 6,349,395,441,-367
3,1,0.216776,SAN- 6,349,395,444,-368
3,1,0.216805,SAN- 6,349,395,447,-369
3,1,0.216828,SAN- 6,349,395,450,-370
3,1,0.216856,SAN- 6,349,395,453,-371
2,1,0.21688,SAN- 6,349,395,455,-372
3,1,0.216903,SAN- 6,349,395,458,-373
3,1,0.216927,SAN- 6,349,395,461,-374
3,1,0.21695,SAN- 6,349,395,464,-375
3,1,0.216985,SAN- 6,349,395,467,-376
2,1,0.217014,SAN- 6,349,395,469,-377
3,1,0.217037,SAN- 6,349,395,472,-378
3,1,0.217054,SAN- 6,349,395,475,-379
3,1,0.217078,SAN- 6,349,395,478,-380
3,1,0.217136,SAN- 6,349,395,481,-381
2,-1,0.217228,SAN- 6,349,395,483,-380
1,1,0.23058,-TIA- 7,65,392,484,-381
1,1,0.230632,-TIA- 7,65,392,485,-382
1,2,0.230673,-TIA- 7,65,392,486,-384
2,2,0.230679,-TIA- 7,65,392,488,-386
2,2,0.230702,-TIA- 7,65,392,490,-388
1,2,0.230737,-TIA- 7,65,392,491,-390
1,2,0.23076,-TIA- 7,65,392,492,-392
2,1,0.230783,-TIA- 7,65,392,494,-393
2,2,0.230806,-TIA- 7,65,392,496,-395
2,1,0.23083,-TIA- 7,65,392,498,-396
2,1,0.230853,-TIA- 7,65,392,500,-397
1,-1,0.23098,-TIA- 7,65,392,501,-396
-2,-1,0.231004,-TIA- 7,65,392,499,-395
-2,-1,0.231031,-TIA- 7,65,392,497,-394
-3,-1,0.231062,-TIA- 7,65,392,494,-393
-2,-2,0.231085,-TIA- 7,65,392,492,-391
-4,-2,0.23112,-TIA- 7,65,392,488,-389
-4,-2,0.231131,-TIA- 7,65,392,484,-387
-4,-2,0.23116,-TIA- 7,65,392,480,-385
-3,-2,0.231184,-TIA- 7,65,392,477,-383
-4,-2,0.231213,-TIA- 7,65,392,473,-381
-4,-1,0.231236,-TIA- 7,65,392,469,-380
-4,-1,0.231259,-TIA- 7,65,392,465,-379
-4,-1,0.231311,-TIA- 7,65,392,461,-378
-4,-1,0.231335,-TIA- 7,65,392,457,-377
-4,1,0.231718,-TIA- 7,65,392,453,-378
-4,1,0.231741,-TIA- 7,65,392,449,-379
-3,1,0.231787,-TIA- 7,65,392,446,-380
-4,2,0.231816,-TIA- 7,65,392,442,-382
-4,2,0.231851,-TIA- 7,65,392,438,-384
-4,2,0.231863,-TIA- 7,65,392,434,-386
-3,2,0.231898,-TIA- 7,65,392,431,-388
-4,2,0.231909,-TIA- 7,65,392,427,-390
-4,2,0.231933,-TIA- 7,65,392,423,-392
-4,2,0.231962,-TIA- 7,65,392,419,-394
-3,1,0.231991,-TIA- 7,65,392,416,-395
-4,2,0.232008,-TIA- 7,65,392,412,-397
-4,2,0.232049,-TIA- 7,65,392,408,-399
-4,2,0.232066,-TIA- 7,65,392,404,-401
-3,2,0.232089,-TIA- 7,65,392,401,-403
-4,2,0.232112,-TIA- 7,65,392,397,-405
-4,2,0.232141,-TIA- 7,65,392,393,-407
-4,2,0.232159,-TIA- 7,65,392,389,-409
-3,1,0.2322,-TIA- 7,65,392,386,-410
-4,2,0.232217,-TIA- 7,65,392,382,-412
-4,2,0.23224,-TIA- 7,65,392,378,-414
-4,2,0.232263,-TIA- 7,65,392,374,-416
-3,2,0.232298,-TIA- 7,65,392,371,-418
-4,1,0.232327,-TIA- 7,65,392,367,-419
-4,1,0.232333,-TIA- 7,65,392,363,-420
-4,1,0.232368,-TIA- 7,65,392,359,-421
-3,1,0.232391,-TIA- 7,65,392,356,-422
-4,1,0.232414,-TIA- 7,65,392,352,-423
-3,-1,0.233848,-TIA- 7,65,392,349,-422
-2,-1,0.233854,-TIA- 7,65,392,347,-421
-2,-1,0.233883,-TIA- 7,65,392,345,-420
-1,-1,0.233906,-TIA- 7,65,392,344,-419
-1,-1,0.233929,-TIA- 7,65,392,343,-418
-1,-1,0.233958,-TIA- 7,65,392,342,-417
-1,-1,0.233982,-TIA- 7,65,392,341,-416
-1,-2,0.234011,-TIA- 7,65,392,340,-414
-2,-2,0.234034,-TIA- 7,65,392,338,-412
-2,-2,0.234057,-TIA- 7,65,392,336,-410
-2,-2,0.23408,-TIA- 7,65,392,334,-408
-3,-2,0.23411,-TIA- 7,65,392,331,-406
-2,-2,0.234127,-TIA- 7,65,392,329,-404
-3,-2,0.234162,-TIA- 7,65,392,326,-402
-3,-1,0.234185,-TIA- 7,65,392,323,-401
-3,-2,0.234208,-TIA- 7,65,392,320,-399
-3,-1,0.234237,-TIA- 7,65,392,317,-398
-2,-1,0.23426,-TIA- 7,65,392,315,-397
-3,-1,0.234278,-TIA- 7,65,392,312,-396
-3,-1,0.234313,-TIA- 7,65,392,309,-395
-3,-1,0.234336,-TIA- 7,65,392,306,-394
1,-1,0.234928,-TIA- 7,65,392,307,-393
1,-1,0.234963,-TIA- 7,65,392,308,-392
1,-2,0.235009,-TIA- 7,65,392,309,-390
1,-2,0.235044,-TIA- 7,65,392,310,-388
1,-2,0.235056,-TIA- 7,65,392,311,-386
1,-2,0.235085,-TIA- 7,65,392,312,-384
1,-2,0.235108,-TIA- 7,65,392,313,-382
1,-2,0.235137,-TIA- 7,65,392,314,-380
1,-1,0.235172,-TIA- 7,65,392,315,-379
2,-3,0.235195,-TIA- 7,65,392,317,-376
2,-3,0.235212,-TIA- 7,65,392,319,-373
2,-2,0.235236,-TIA- 7,65,392,321,-371
3,-2,0.235259,-TIA- 7,65,392,324,-369
3,-2,0.235288,-TIA- 7,65,392,327,-367
3,-2,0.235323,-TIA- 7,65,392,330,-365
2,-1,0.235352,-TIA- 7,65,392,332,-364
3,-2,0.235363,-TIA- 7,65,392,335,-362
3,-2,0.235386,-TIA- 7,65,392,338,-360
3,-2,0.23541,-TIA- 7,65,392,341,-358
3,-2,0.235433,-TIA- 7,65,392,344,-356
1,-2,0.235474,-TIA- 7,65,392,345,-354
2,-2,0.235508,-TIA- 7,65,392,347,-352
2,-2,0.235514,-TIA- 7,65,392,349,-350
1,-1,0.235537,-TIA- 7,65,392,350,-349
1,-2,0.235561,-TIA- 7,65,392,351,-347
1,-1,0.23559,-TIA- 7,65,392,352,-346
-1,-1,0.235619,-TIA- 7,65,392,351,-345
-1,-1,0.235642,-TIA- 7,65,392,350,-344
-1,-1,0.235671,-TIA- 7,65,392,349,-343
-1,1,0.236019,-TIA- 7,65,392,348,-344
-1,1,0.236066,-TIA- 7,65,392,347,-345
-1,1,0.236089,-TIA- 7,65,392,346,-346
1,1,0.236147,-TIA- 7,65,392,347,-347
1,1,0.23617,-TIA- 7,65,392,348,-348
1,1,0.236205,-TIA- 7,65,392,349,-349
-1,1,0.23642,-TIA- 7,65,392,348,-350
-1,1,0.236449,-TIA- 7,65,392,347,-351
-1,1,0.236484,-TIA- 7,65,392,346,-352
-1,1,0.236524,-TIA- 7,65,392,345,-353
-1,2,0.236547,-TIA- 7,65,392,344,-355
-1,2,0.236571,-TIA- 7,65,392,343,-357
-1,2,0.236611,-TIA- 7,65,392,342,-359
-1,2,0.236635,-TIA- 7,65,392,341,-361
-1,2,0.236658,-TIA- 7,65,392,340,-363
-1,1,0.236675,-TIA- 7,65,392,339,-364
1,2,0.236698,-TIA- 7,65,392,340,-366
1,2,0.236722,-TIA- 7,65,392,341,-368
1,2,0.236756,-TIA- 7,65,392,342,-370
1,1,0.236785,-TIA- 7,65,392,343,-371
2,1,0.236809,-TIA- 7,65,392,345,-372
2,1,0.236832,-TIA- 7,65,392,347,-373
2,1,0.236844,-TIA- 7,65,392,349,-374
1,1,0.237122,-TIA- 7,65,392,350,-375
-1,1,0.237169,-TIA- 7,65,392,349,-376
-1,-1,0.245156,GO 8,70,221,348,-375
-1,-1,0.245203,GO 8,70,221,347,-374
-1,-1,0.245219,GO 8,70,221,346,-373
-1,-1,0.245267,GO 8,70,221,345,-372
-1,-2,0.245272,GO 8,70,221,344,-370
-1,-2,0.245296,GO 8,70,221,343,-368
-1,-2,0.245325,GO 8,70,221,342,-366
-1,-3,0.245354,GO 8,70,221,341,-363
-1,-3,0.245377,GO 8,70,221,340,-360
-1,-2,0.245394,GO 8,70,221,339,-358
-1,-3,0.245423,GO 8,70,221,338,-355
-1,-3,0.245452,GO 8,70,221,337,-352
-2,-3,0.245476,GO 8,70,221,335,-349
-2,-3,0.245499,GO 8,70,221,333,-346
-2,-2,0.245528,GO 8,70,221,331,-344
-1,-3,0.245545,GO 8,70,221,330,-341
-2,-3,0.24558,GO 8,70,221,328,-338
-2,-3,0.245603,GO 8,70,221,326,-335
-2,-3,0.245626,GO 8,70,221,324,-332
-1,-2,0.24565,GO 8,70,221,323,-330
-1,-2,0.245679,GO 8,70,221,322,-328
-1,-2,0.245696,GO 8,70,221,321,-326
-1,-2,0.245731,GO 8,70,221,320,-324
-1,-2,0.245754,GO 8,70,221,319,-322
-1,-2,0.245777,GO 8,70,221,318,-320
1,-2,0.245801,GO 8,70,221,319,-318
1,-2,0.245824,GO 8,70,221,320,-316
1,-2,0.245847,GO 8,70,221,321,-314
1,-3,0.24587,GO 8,70,221,322,-311
1,-3,0.245905,GO 8,70,221,323,-308
1,-3,0.245928,GO 8,70,221,324,-305
1,-3,0.245952,GO 8,70,221,325,-302
1,-2,0.245986,GO 8,70,221,326,-300
1,-3,0.246004,GO 8,70,221,327,-297
1,-3,0.246027,GO 8,70,221,328,-294
1,-3,0.246059,GO 8,70,221,329,-291
1,-3,0.246079,GO 8,70,221,330,-288
1,-2,0.246103,GO 8,70,221,331,-286
1,-3,0.246132,GO 8,70,221,332,-283
1,-3,0.246159,GO 8,70,221,333,-280
1,-3,0.246178,GO 8,70,221,334,-277
1,-3,0.246201,GO 8,70,221,335,-274
1,-3,0.246234,GO 8,70,221,336,-271
1,-2,0.246265,GO 8,70,221,337,-269
1,-3,0.246279,GO 8,70,221,338,-266
1,-2,0.246306,GO 8,70,221,339,-264
1,-2,0.246329,GO 8,70,221,340,-262
1,-2,0.246352,GO 8,70,221,341,-260
1,-2,0.246387,GO 8,70,221,342,-258
1,-2,0.24641,GO 8,70,221,343,-256
1,-1,0.246433,GO 8,70,221,344,-255
2,-2,0.246457,GO 8,70,221,346,-253
2,-2,0.246474,GO 8,70,221,348,-251
2,-3,0.246497,GO 8,70,221,350,-248
1,-3,0.24652,GO 8,70,221,351,-245
3,-3,0.246555,GO 8,70,221,354,-242
3,-2,0.246579,GO 8,70,221,357,-240
3,-3,0.246613,GO 8,70,221,360,-237
3,-3,0.246625,GO 8,70,221,363,-234
2,-3,0.246648,GO 8,70,221,365,-231
1,-3,0.246671,GO 8,70,221,366,-228
2,-2,0.246712,GO 8,70,221,368,-226
1,-3,0.246741,GO 8,70,221,369,-223
1,-3,0.246764,GO 8,70,221,370,-220
1,-3,0.246782,GO 8,70,221,371,-217
1,-3,0.246805,GO 8,70,221,372,-214
1,-3,0.246828,GO 8,70,221,373,-211
1,-2,0.246863,GO 8,70,221,374,-209
1,-3,0.246892,GO 8,70,221,375,-206
1,-3,0.246927,GO 8,70,221,376,-203
1,-3,0.246933,GO 8,70,221,377,-200
1,-3,0.246956,GO 8,70,221,378,-197
1,-2,0.246982,GO 8,70,221,379,-195
1,-3,0.247014,GO 8,70,221,380,-192
2,-3,0.247037,GO 8,70,221,382,-189
2,-3,0.247078,GO 8,70,221,384,-186
2,-3,0.247089,GO 8,70,221,386,-183
1,-2,0.247113,GO 8,70,221,387,-181
2,-3,0.247136,GO 8,70,221,389,-178
1,-2,0.247165,GO 8,70,221,390,-176
1,-2,0.247188,GO 8,70,221,391,-174
1,-2,0.247217,GO 8,70,221,392,-172
1,-2,0.24724,GO 8,70,221,393,-170
1,-2,0.247263,GO 8,70,221,394,-168
1,-2,0.247293,GO 8,70,221,395,-166
1,-1,0.247316,GO 8,70,221,396,-165
1,-2,0.247333,GO 8,70,221,397,-163
1,-2,0.247368,GO 8,70,221,398,-161
1,-2,0.247391,GO 8,70,221,399,-159
1,-2,0.247414,GO 8,70,221,400,-157
1,-1,0.247438,GO 8,70,221,401,-156
1,-1,0.247484,GO 8,70,221,402,-155
1,-1,0.247519,GO 8,70,221,403,-154
-1,-1,0.247542,GO 8,70,221,402,-153
-1,-1,0.247583,GO 8,70,221,401,-152
-2,-1,0.247612,GO 8,70,221,399,-151
-1,-1,0.247629,GO 8,70,221,398,-150
-2,-1,0.247652,GO 8,70,221,396,-149
-2,-1,0.247687,GO 8,70,221,394,-148
-2,-1,0.24771,GO 8,70,221,392,-147
-2,-1,0.247734,GO 8,70,221,390,-146
-1,-1,0.247769,GO 8,70,221,389,-145
-1,-1,0.24778,GO 8,70,221,388,-144
-1,-1,0.24807,GO 8,70,221,387,-143
-1,-1,0.248111,GO 8,70,221,386,-142
-1,-1,0.248134,GO 8,70,221,385,-141
-1,-1,0.248191,GO 8,70,221,384,-140
-1,-1,0.248221,GO 8,70,221,383,-139
-1,-1,0.248262,GO 8,70,221,382,-138
-1,-1,0.248285,GO 8,70,221,381,-137
-1,-1,0.248343,GO 8,70,221,380,-136
-1,-1,0.248372,GO 8,70,221,379,-135
-1,-1,0.248413,GO 8,70,221,378,-134
-1,-1,0.248436,GO 8,70,221,377,-133
-1,-1,0.248494,GO 8,70,221,376,-132
-1,-1,0.248517,GO 8,70,221,375,-131
-1,-1,0.248564,GO 8,70,221,374,-130
-1,-1,0.248592,GO 8,70,221,373,-129
-1,-1,0.248639,GO 8,70,221,372,-128
-1,-1,0.24868,GO 8,70,221,371,-127
-1,-1,0.248716,GO 8,70,221,370,-126
-1,-1,0.248744,GO 8,70,221,369,-125
-1,-2,0.248767,GO 8,70,221,368,-123
-1,-1,0.24879,GO 8,70,221,367,-122
-1,-2,0.248821,GO 8,70,221,366,-120
-2,-2,0.248842,GO 8,70,221,364,-118
-2,-2,0.248871,GO 8,70,221,362,-116
-2,-2,0.248895,GO 8,70,221,360,-114
-2,-2,0.248918,GO 8,70,221,358,-112
-2,-2,0.248947,GO 8,70,221,356,-110
-1,-2,0.248976,GO 8,70,221,355,-108
-1,-1,0.249005,GO 8,70,221,354,-107
-1,-2,0.249022,GO 8,70,221,353,-105
-1,-2,0.249046,GO 8,70,221,352,-103
-1,-2,0.249069,GO 8,70,221,351,-101
1,-2,0.249104,GO 8,70,221,352,-99
1,-2,0.249133,GO 8,70,221,353,-97
1,-2,0.24915,GO 8,70,221,354,-95
1,-2,0.249173,GO 8,70,221,355,-93
2,-1,0.249197,GO 8,70,221,357,-92
2,-2,0.24922,GO 8,70,221,359,-90
2,-2,0.249255,GO 8,70,221,361,-88
1,-2,0.249284,GO 8,70,221,362,-86
2,-2,0.249313,GO 8,70,221,364,-84
2,-1,0.249324,GO 8,70,221,366,-83
2,-2,0.249347,GO 8,70,221,368,-81
2,-2,0.249374,GO 8,70,221,370,-79
2,-2,0.2494,GO 8,70,221,372,-77
1,-2,0.249435,GO 8,70,221,373,-75
1,-2,0.249446,GO 8,70,221,374,-73
1,-2,0.249481,GO 8,70,221,375,-71
1,-1,0.249499,GO 8,70,221,376,-70
1,-1,0.249556,GO 8,70,221,377,-69
