deltaX,deltaY,WHEN,SYLLABLE,XofButton,YofButton,XofTrace,YofTrace
0,1,0.0746173,Yield,0,0,0,-1
0,1,0.0746522,Yield,0,0,0,-2
0,2,0.074687,Yield,0,0,0,-4
0,2,0.0747218,Yield,0,0,0,-6
1,1,0.0747566,Yield,0,0,1,-7
-1,-1,0.0750991,Yield,0,0,0,-6
-1,-3,0.0751514,Yield,0,0,-1,-3
-4,-2,0.0751688,Yield,0,0,-5,-1
-2,-3,0.0752036,Yield,0,0,-7,2
-3,-2,0.0752443,Yield,0,0,-10,4
-3,-3,0.0752501,Yield,0,0,-13,7
-4,-3,0.0752675,Yield,0,0,-17,10
-4,-3,0.0752965,Yield,0,0,-21,13
-3,-3,0.0753371,Yield,0,0,-24,16
-4,-3,0.075372,Yield,0,0,-28,19
-4,-2,0.0753778,Yield,0,0,-32,21
-4,-3,0.075401,Yield,0,0,-36,24
-3,-3,0.0754358,Yield,0,0,-39,27
-4,-3,0.075459,Yield,0,0,-43,30
-4,-3,0.0754765,Yield,0,0,-47,33
-4,-2,0.0754881,Yield,0,0,-51,35
-3,-3,0.0755113,Yield,0,0,-54,38
-3,-2,0.0755403,Yield,0,0,-57,40
-2,-2,0.0755751,Yield,0,0,-59,42
-2,-1,0.07561,Yield,0,0,-61,43
-2,-1,0.0756448,Yield,0,0,-63,44
-2,-1,0.0758073,Yield,0,0,-65,45
-3,-1,0.0758306,Yield,0,0,-68,46
-3,-1,0.075848,Yield,0,0,-71,47
-3,-1,0.0758596,Yield,0,0,-74,48
-2,-1,0.0758944,Yield,0,0,-76,49
-4,-2,0.0759176,Yield,0,0,-80,51
-4,-2,0.0759525,Yield,0,0,-84,53
-3,-4,0.0759815,Yield,0,0,-87,57
-4,-1,0.0760105,Yield,0,0,-91,58
-1,-1,0.0760395,Yield,0,0,-92,59
-1,2,0.0761092,Yield,0,0,-93,57
2,2,0.0761498,Yield,0,0,-91,55
2,2,0.0761789,Yield,0,0,-89,53
2,5,0.0762137,Yield,0,0,-87,48
3,3,0.0762427,Yield,0,0,-84,45
2,3,0.0762717,Yield,0,0,-82,42
2,7,0.0763066,Yield,0,0,-80,35
3,4,0.0763298,Yield,0,0,-77,31
3,4,0.076353,Yield,0,0,-74,27
3,4,0.0763937,Yield,0,0,-71,23
-1,3,0.0764227,Yield,0,0,-72,20
-2,4,0.0764401,Yield,0,0,-74,16
-2,4,0.0764633,Yield,0,0,-76,12
-2,3,0.0764749,Yield,0,0,-78,9
-2,1,0.0765039,Yield,0,0,-80,8
-1,1,0.0765678,Yield,0,0,-81,7
-1,1,0.0766142,Yield,0,0,-82,6
-3,1,0.07799,Yield,0,0,-85,5
-2,1,0.0780132,Yield,0,0,-87,4
-2,1,0.0780423,Yield,0,0,-89,3
-1,1,0.0780771,Yield,0,0,-90,2
-1,2,0.0781061,Yield,0,0,-91,0
-2,1,0.078141,Yield,0,0,-93,-1
-2,-1,0.0790523,Yield,0,0,-95,0
-1,-1,0.0790872,Yield,0,0,-96,1
-2,-1,0.0790988,Yield,0,0,-98,2
-1,-1,0.0797141,Yield,0,0,-99,3
-1,-1,0.0797489,Yield,0,0,-100,4
-1,-1,0.079778,Yield,0,0,-101,5
-1,-1,0.0797896,Yield,0,0,-102,6
-1,-1,0.0798481,Yield,0,0,-103,7
-2,-1,0.0798824,Yield,0,0,-105,8
-2,1,0.080016,Yield,0,0,-107,7
-2,1,0.0800334,Yield,0,0,-109,6
-2,1,0.0800566,Yield,0,0,-111,5
-1,1,0.080085,Yield,0,0,-112,4
-2,1,0.0801553,Yield,0,0,-114,3
-2,1,0.0801669,Yield,0,0,-116,2
-1,1,0.0801901,Yield,0,0,-117,1
-1,1,0.0873709,FRAY 1,87,416,-118,0
1,1,0.0874373,FRAY 1,87,416,-117,-1
2,2,0.0874696,FRAY 1,87,416,-115,-3
2,4,0.0875071,FRAY 1,87,416,-113,-7
3,2,0.0875334,FRAY 1,87,416,-110,-9
3,2,0.0875683,FRAY 1,87,416,-107,-11
3,3,0.0875857,FRAY 1,87,416,-104,-14
3,3,0.0876205,FRAY 1,87,416,-101,-17
2,7,0.0876495,FRAY 1,87,416,-99,-24
3,3,0.0876844,FRAY 1,87,416,-96,-27
1,3,0.0877134,FRAY 1,87,416,-95,-30
1,6,0.0877482,FRAY 1,87,416,-94,-36
-2,3,0.087783,FRAY 1,87,416,-96,-39
-1,1,0.0878121,FRAY 1,87,416,-97,-40
-1,3,0.0878295,FRAY 1,87,416,-98,-43
-1,3,0.0878585,FRAY 1,87,416,-99,-46
-1,3,0.0878701,FRAY 1,87,416,-100,-49
-1,3,0.0878933,FRAY 1,87,416,-101,-52
1,2,0.0879224,FRAY 1,87,416,-100,-54
1,4,0.0879514,FRAY 1,87,416,-99,-58
1,4,0.0879804,FRAY 1,87,416,-98,-62
1,7,0.0880152,FRAY 1,87,416,-97,-69
-1,4,0.088055,FRAY 1,87,416,-98,-73
-2,4,0.0880791,FRAY 1,87,416,-100,-77
-2,7,0.0881197,FRAY 1,87,416,-102,-84
-4,4,0.0881429,FRAY 1,87,416,-106,-88
-2,4,0.0881662,FRAY 1,87,416,-108,-92
-2,4,0.088201,FRAY 1,87,416,-110,-96
-2,3,0.08823,FRAY 1,87,416,-112,-99
-1,8,0.0882621,FRAY 1,87,416,-113,-107
-2,4,0.0882939,FRAY 1,87,416,-115,-111
-1,3,0.0883287,FRAY 1,87,416,-116,-114
-1,4,0.0883519,FRAY 1,87,416,-117,-118
-1,4,0.0883635,FRAY 1,87,416,-118,-122
1,4,0.0883926,FRAY 1,87,416,-117,-126
1,3,0.0884216,FRAY 1,87,416,-116,-129
1,4,0.0884564,FRAY 1,87,416,-115,-133
1,4,0.0884622,FRAY 1,87,416,-114,-137
2,4,0.088468,FRAY 1,87,416,-112,-141
2,3,0.0884971,FRAY 1,87,416,-110,-144
2,4,0.0885261,FRAY 1,87,416,-108,-148
2,4,0.0885551,FRAY 1,87,416,-106,-152
3,4,0.0885899,FRAY 1,87,416,-103,-156
3,3,0.0886132,FRAY 1,87,416,-100,-159
2,4,0.088619,FRAY 1,87,416,-98,-163
3,4,0.0886422,FRAY 1,87,416,-95,-167
3,4,0.088677,FRAY 1,87,416,-92,-171
3,3,0.088706,FRAY 1,87,416,-89,-174
3,4,0.0887409,FRAY 1,87,416,-86,-178
2,4,0.0887525,FRAY 1,87,416,-84,-182
3,4,0.0887757,FRAY 1,87,416,-81,-186
3,3,0.0888047,FRAY 1,87,416,-78,-189
3,4,0.0888337,FRAY 1,87,416,-75,-193
3,4,0.0888454,FRAY 1,87,416,-72,-197
2,4,0.0888748,FRAY 1,87,416,-70,-201
3,3,0.0888976,FRAY 1,87,416,-67,-204
3,4,0.0889261,FRAY 1,87,416,-64,-208
3,4,0.0889556,FRAY 1,87,416,-61,-212
2,4,0.0889847,FRAY 1,87,416,-59,-216
2,3,0.0889963,FRAY 1,87,416,-57,-219
1,3,0.0890311,FRAY 1,87,416,-56,-222
1,3,0.0890485,FRAY 1,87,416,-55,-225
-1,3,0.0890776,FRAY 1,87,416,-56,-228
-2,3,0.0891066,FRAY 1,87,416,-58,-231
-2,3,0.089124,FRAY 1,87,416,-60,-234
-3,4,0.0891472,FRAY 1,87,416,-63,-238
-3,4,0.0891704,FRAY 1,87,416,-66,-242
-3,4,0.0892053,FRAY 1,87,416,-69,-246
-3,3,0.0892285,FRAY 1,87,416,-72,-249
-4,4,0.0892575,FRAY 1,87,416,-76,-253
-4,4,0.0892923,FRAY 1,87,416,-80,-257
-3,4,0.0892981,FRAY 1,87,416,-83,-261
-2,3,0.0893214,FRAY 1,87,416,-85,-264
-3,4,0.0893562,FRAY 1,87,416,-88,-268
-3,4,0.0893864,FRAY 1,87,416,-91,-272
-3,4,0.08942,FRAY 1,87,416,-94,-276
-2,3,0.0894375,FRAY 1,87,416,-96,-279
-2,4,0.0894491,FRAY 1,87,416,-98,-283
-1,4,0.0894781,FRAY 1,87,416,-99,-287
-2,4,0.0895069,FRAY 1,87,416,-101,-291
-2,3,0.0895303,FRAY 1,87,416,-103,-294
-3,4,0.0895591,FRAY 1,87,416,-106,-298
-3,4,0.0895768,FRAY 1,87,416,-109,-302
-3,4,0.0895826,FRAY 1,87,416,-112,-306
-2,3,0.0896,FRAY 1,87,416,-114,-309
-4,4,0.089629,FRAY 1,87,416,-118,-313
-4,4,0.0896464,FRAY 1,87,416,-122,-317
-4,4,0.0896755,FRAY 1,87,416,-126,-321
-3,7,0.0897103,FRAY 1,87,416,-129,-328
-8,4,0.0897335,FRAY 1,87,416,-137,-332
-4,4,0.0897509,FRAY 1,87,416,-141,-336
-3,3,0.0897741,FRAY 1,87,416,-144,-339
-4,4,0.0897974,FRAY 1,87,416,-148,-343
-4,8,0.0898322,FRAY 1,87,416,-152,-351
-7,3,0.0898554,FRAY 1,87,416,-159,-354
-3,4,0.0898728,FRAY 1,87,416,-162,-358
-3,4,0.0898961,FRAY 1,87,416,-165,-362
-2,4,0.0899193,FRAY 1,87,416,-167,-366
-2,3,0.0899483,FRAY 1,87,416,-169,-369
-1,4,0.0899541,FRAY 1,87,416,-170,-373
-1,4,0.0899715,FRAY 1,87,416,-171,-377
-1,4,0.0900005,FRAY 1,87,416,-172,-381
-1,3,0.0900238,FRAY 1,87,416,-173,-384
1,4,0.0900528,FRAY 1,87,416,-172,-388
1,4,0.0900586,FRAY 1,87,416,-171,-392
1,4,0.090076,FRAY 1,87,416,-170,-396
1,3,0.090098,FRAY 1,87,416,-169,-399
1,4,0.0901283,FRAY 1,87,416,-168,-403
1,8,0.0901515,FRAY 1,87,416,-167,-411
3,3,0.0901805,FRAY 1,87,416,-164,-414
2,4,0.0901979,FRAY 1,87,416,-162,-418
2,4,0.0902153,FRAY 1,87,416,-160,-422
1,4,0.0902444,FRAY 1,87,416,-159,-426
2,7,0.0902734,FRAY 1,87,416,-157,-433
4,4,0.0903024,FRAY 1,87,416,-153,-437
2,4,0.0903314,FRAY 1,87,416,-151,-441
2,3,0.0903372,FRAY 1,87,416,-149,-444
2,4,0.0903663,FRAY 1,87,416,-147,-448
1,4,0.0903895,FRAY 1,87,416,-146,-452
2,4,0.0903953,FRAY 1,87,416,-144,-456
2,3,0.0904127,FRAY 1,87,416,-142,-459
2,4,0.0904417,FRAY 1,87,416,-140,-463
2,4,0.0904593,FRAY 1,87,416,-138,-467
2,4,0.0904824,FRAY 1,87,416,-136,-471
2,3,0.090517,FRAY 1,87,416,-134,-474
2,4,0.090523,FRAY 1,87,416,-132,-478
1,4,0.0905404,FRAY 1,87,416,-131,-482
2,4,0.0905636,FRAY 1,87,416,-129,-486
2,3,0.0905868,FRAY 1,87,416,-127,-489
2,2,0.0906043,FRAY 1,87,416,-125,-491
2,3,0.0906391,FRAY 1,87,416,-123,-494
2,3,0.0906449,FRAY 1,87,416,-121,-497
2,2,0.0906623,FRAY 1,87,416,-119,-499
2,2,0.0906913,FRAY 1,87,416,-117,-501
1,1,0.0907204,FRAY 1,87,416,-116,-502
2,1,0.090761,FRAY 1,87,416,-114,-503
1,1,0.0909668,FRAY 1,87,416,-113,-504
1,1,0.090999,FRAY 1,87,416,-112,-505
1,2,0.0910338,FRAY 1,87,416,-111,-507
1,2,0.0910454,FRAY 1,87,416,-110,-509
2,2,0.0910803,FRAY 1,87,416,-108,-511
2,2,0.0910977,FRAY 1,87,416,-106,-513
2,3,0.0911209,FRAY 1,87,416,-104,-516
2,3,0.0911499,FRAY 1,87,416,-102,-519
2,3,0.091179,FRAY 1,87,416,-100,-522
2,3,0.0912042,FRAY 1,87,416,-98,-525
2,4,0.091237,FRAY 1,87,416,-96,-529
2,3,0.0912544,FRAY 1,87,416,-94,-532
3,3,0.0912776,FRAY 1,87,416,-91,-535
3,3,0.0912951,FRAY 1,87,416,-88,-538
2,3,0.0913299,FRAY 1,87,416,-86,-541
3,3,0.0913589,FRAY 1,87,416,-83,-544
3,2,0.0913879,FRAY 1,87,416,-80,-546
3,1,0.091417,FRAY 1,87,416,-77,-547
2,1,0.0914286,FRAY 1,87,416,-75,-548
1,-1,0.0914866,FRAY 1,87,416,-74,-547
2,-1,0.0915156,FRAY 1,87,416,-72,-546
1,-1,0.0915389,FRAY 1,87,416,-71,-545
1,-2,0.0915737,FRAY 1,87,416,-70,-543
1,-2,0.0915853,FRAY 1,87,416,-69,-541
1,-2,0.0916085,FRAY 1,87,416,-68,-539
1,-3,0.0916376,FRAY 1,87,416,-67,-536
1,-3,0.0916724,FRAY 1,87,416,-66,-533
1,-2,0.0917066,FRAY 1,87,416,-65,-531
1,-3,0.0917304,FRAY 1,87,416,-64,-528
1,-3,0.0917362,FRAY 1,87,416,-63,-525
2,-3,0.0917653,FRAY 1,87,416,-61,-522
2,-2,0.0917885,FRAY 1,87,416,-59,-520
1,-2,0.0918175,FRAY 1,87,416,-58,-518
2,-1,0.0918465,FRAY 1,87,416,-56,-517
3,-2,0.091893,FRAY 1,87,416,-53,-515
6,-1,0.0919162,FRAY 1,87,416,-47,-514
3,-1,0.091951,FRAY 1,87,416,-44,-513
2,1,0.092102,FRAY 1,87,416,-42,-514
3,1,0.0921426,FRAY 1,87,416,-39,-515
3,1,0.0921484,FRAY 1,87,416,-36,-516
3,1,0.0921658,FRAY 1,87,416,-33,-517
3,1,0.0922645,FRAY 1,87,416,-30,-518
2,1,0.0922819,FRAY 1,87,416,-28,-519
3,2,0.0923109,FRAY 1,87,416,-25,-521
3,4,0.09234,FRAY 1,87,416,-22,-525
6,3,0.092369,FRAY 1,87,416,-16,-528
1,3,0.0923864,FRAY 1,87,416,-15,-531
2,2,0.0924096,FRAY 1,87,416,-13,-533
2,3,0.0924328,FRAY 1,87,416,-11,-536
2,3,0.0924616,FRAY 1,87,416,-9,-539
1,3,0.0924677,FRAY 1,87,416,-8,-542
1,2,0.0924851,FRAY 1,87,416,-7,-544
1,2,0.0925141,FRAY 1,87,416,-6,-546
1,1,0.0925547,FRAY 1,87,416,-5,-547
1,1,0.0925663,FRAY 1,87,416,-4,-548
1,-1,0.102284,SAN- 2,387,311,-3,-547
1,-1,0.10233,SAN- 2,387,311,-2,-546
1,-1,0.102354,SAN- 2,387,311,-1,-545
1,-1,0.102412,SAN- 2,387,311,0,-544
1,-2,0.102429,SAN- 2,387,311,1,-542
1,-2,0.102452,SAN- 2,387,311,2,-540
1,-2,0.102487,SAN- 2,387,311,3,-538
2,-1,0.10251,SAN- 2,387,311,5,-537
2,-2,0.102539,SAN- 2,387,311,7,-535
3,-2,0.102563,SAN- 2,387,311,10,-533
3,-2,0.102597,SAN- 2,387,311,13,-531
3,-2,0.102603,SAN- 2,387,311,16,-529
2,-2,0.102626,SAN- 2,387,311,18,-527
2,-2,0.10265,SAN- 2,387,311,20,-525
2,-1,0.10269,SAN- 2,387,311,22,-524
1,-1,0.102742,SAN- 2,387,311,23,-523
3,-1,0.102876,SAN- 2,387,311,26,-522
3,-2,0.102911,SAN- 2,387,311,29,-520
6,-1,0.10294,SAN- 2,387,311,35,-519
2,-2,0.102957,SAN- 2,387,311,37,-517
3,-2,0.102986,SAN- 2,387,311,40,-515
3,-2,0.103021,SAN- 2,387,311,43,-513
3,-3,0.103062,SAN- 2,387,311,46,-510
5,-2,0.103091,SAN- 2,387,311,51,-508
3,-2,0.103108,SAN- 2,387,311,54,-506
3,-2,0.103137,SAN- 2,387,311,57,-504
3,-2,0.103172,SAN- 2,387,311,60,-502
3,-2,0.103207,SAN- 2,387,311,63,-500
2,-2,0.103213,SAN- 2,387,311,65,-498
3,-1,0.103236,SAN- 2,387,311,68,-497
3,-2,0.103259,SAN- 2,387,311,71,-495
3,-3,0.103294,SAN- 2,387,311,74,-492
3,-3,0.103317,SAN- 2,387,311,77,-489
3,-3,0.103335,SAN- 2,387,311,80,-486
2,-3,0.103364,SAN- 2,387,311,82,-483
3,-2,0.103387,SAN- 2,387,311,85,-481
3,-3,0.103422,SAN- 2,387,311,88,-478
3,-3,0.103451,SAN- 2,387,311,91,-475
2,-3,0.103462,SAN- 2,387,311,93,-472
2,-3,0.103486,SAN- 2,387,311,95,-469
2,-2,0.103515,SAN- 2,387,311,97,-467
1,-3,0.103543,SAN- 2,387,311,98,-464
1,-3,0.103573,SAN- 2,387,311,99,-461
1,-3,0.103602,SAN- 2,387,311,100,-458
1,-3,0.103619,SAN- 2,387,311,101,-455
1,-3,0.103636,SAN- 2,387,311,102,-452
1,-2,0.10366,SAN- 2,387,311,103,-450
1,-3,0.103689,SAN- 2,387,311,104,-447
2,-3,0.103718,SAN- 2,387,311,106,-444
2,-3,0.103753,SAN- 2,387,311,108,-441
3,-3,0.103776,SAN- 2,387,311,111,-438
3,-2,0.103782,SAN- 2,387,311,114,-436
2,-3,0.103811,SAN- 2,387,311,116,-433
3,-3,0.10384,SAN- 2,387,311,119,-430
3,-3,0.103869,SAN- 2,387,311,122,-427
3,-3,0.103903,SAN- 2,387,311,125,-424
3,-2,0.103915,SAN- 2,387,311,128,-422
3,-3,0.103938,SAN- 2,387,311,131,-419
2,-3,0.103962,SAN- 2,387,311,133,-416
3,-3,0.103985,SAN- 2,387,311,136,-413
3,-3,0.104025,SAN- 2,387,311,139,-410
3,-3,0.104054,SAN- 2,387,311,142,-407
3,-5,0.104089,SAN- 2,387,311,145,-402
5,-3,0.104118,SAN- 2,387,311,150,-399
3,-3,0.104136,SAN- 2,387,311,153,-396
3,-3,0.104176,SAN- 2,387,311,156,-393
3,-2,0.104205,SAN- 2,387,311,159,-391
2,-3,0.104217,SAN- 2,387,311,161,-388
3,-3,0.10424,SAN- 2,387,311,164,-385
3,-3,0.104271,SAN- 2,387,311,167,-382
3,-3,0.104287,SAN- 2,387,311,170,-379
3,-2,0.104321,SAN- 2,387,311,173,-377
2,-3,0.104345,SAN- 2,387,311,175,-374
3,-3,0.104385,SAN- 2,387,311,178,-371
3,-3,0.104391,SAN- 2,387,311,181,-368
3,-3,0.104414,SAN- 2,387,311,184,-365
3,-2,0.104455,SAN- 2,387,311,187,-363
3,-1,0.104472,SAN- 2,387,311,190,-362
2,-2,0.104507,SAN- 2,387,311,192,-360
3,-2,0.104536,SAN- 2,387,311,195,-358
3,-2,0.104542,SAN- 2,387,311,198,-356
3,-2,0.104571,SAN- 2,387,311,201,-354
3,-2,0.1046,SAN- 2,387,311,204,-352
2,-2,0.104623,SAN- 2,387,311,206,-350
3,-2,0.104647,SAN- 2,387,311,209,-348
3,-1,0.104681,SAN- 2,387,311,212,-347
3,-2,0.104699,SAN- 2,387,311,215,-345
3,-2,0.104722,SAN- 2,387,311,218,-343
2,-2,0.104751,SAN- 2,387,311,220,-341
3,-2,0.104768,SAN- 2,387,311,223,-339
3,-2,0.104797,SAN- 2,387,311,226,-337
3,-2,0.104821,SAN- 2,387,311,229,-335
3,-2,0.104838,SAN- 2,387,311,232,-333
3,-1,0.104861,SAN- 2,387,311,235,-332
2,-2,0.104896,SAN- 2,387,311,237,-330
3,-1,0.104919,SAN- 2,387,311,240,-329
3,-1,0.104943,SAN- 2,387,311,243,-328
3,-1,0.104972,SAN- 2,387,311,246,-327
3,1,0.105035,SAN- 2,387,311,249,-328
3,1,0.105076,SAN- 2,387,311,252,-329
3,1,0.105094,SAN- 2,387,311,255,-330
3,1,0.105117,SAN- 2,387,311,258,-331
2,1,0.105146,SAN- 2,387,311,260,-332
3,1,0.105192,SAN- 2,387,311,263,-333
3,1,0.105226,SAN- 2,387,311,266,-334
3,2,0.105268,SAN- 2,387,311,269,-336
5,1,0.105297,SAN- 2,387,311,274,-337
3,2,0.105332,SAN- 2,387,311,277,-339
3,2,0.105343,SAN- 2,387,311,280,-341
3,2,0.105378,SAN- 2,387,311,283,-343
3,4,0.105407,SAN- 2,387,311,286,-347
5,1,0.105442,SAN- 2,387,311,291,-348
3,1,0.105465,SAN- 2,387,311,294,-349
3,1,0.105488,SAN- 2,387,311,297,-350
3,1,0.105523,SAN- 2,387,311,300,-351
3,1,0.105792,SAN- 2,387,311,303,-352
2,1,0.105819,SAN- 2,387,311,305,-353
3,1,0.105848,SAN- 2,387,311,308,-354
3,2,0.105895,SAN- 2,387,311,311,-356
6,1,0.105918,SAN- 2,387,311,317,-357
2,1,0.105947,SAN- 2,387,311,319,-358
3,1,0.10597,SAN- 2,387,311,322,-359
3,1,0.105999,SAN- 2,387,311,325,-360
3,2,0.106046,SAN- 2,387,311,328,-362
3,1,0.106098,SAN- 2,387,311,331,-363
3,1,0.106121,SAN- 2,387,311,334,-364
3,1,0.106156,SAN- 2,387,311,337,-365
3,1,0.106185,SAN- 2,387,311,340,-366
3,1,0.106193,SAN- 2,387,311,343,-367
2,1,0.106225,SAN- 2,387,311,345,-368
3,1,0.106249,SAN- 2,387,311,348,-369
3,1,0.106284,SAN- 2,387,311,351,-370
3,1,0.106307,SAN- 2,387,311,354,-371
3,1,0.106336,SAN- 2,387,311,357,-372
2,1,0.106347,SAN- 2,387,311,359,-373
3,1,0.106371,SAN- 2,387,311,362,-374
3,1,0.1064,SAN- 2,387,311,365,-375
3,1,0.106429,SAN- 2,387,311,368,-376
3,1,0.106458,SAN- 2,387,311,371,-377
3,1,0.106498,SAN- 2,387,311,374,-378
3,1,0.106522,SAN- 2,387,311,377,-379
2,1,0.106551,SAN- 2,387,311,379,-380
3,1,0.106585,SAN- 2,387,311,382,-381
3,1,0.106818,SAN- 2,387,311,385,-382
3,1,0.106847,SAN- 2,387,311,388,-383
3,1,0.106881,SAN- 2,387,311,391,-384
3,1,0.106899,SAN- 2,387,311,394,-385
2,1,0.10694,SAN- 2,387,311,396,-386
3,1,0.106945,SAN- 2,387,311,399,-387
3,1,0.106969,SAN- 2,387,311,402,-388
2,1,0.106998,SAN- 2,387,311,404,-389
2,1,0.107034,SAN- 2,387,311,406,-390
1,1,0.107067,SAN- 2,387,311,407,-391
-1,1,0.107102,SAN- 2,387,311,406,-392
-2,1,0.107125,SAN- 2,387,311,404,-393
-3,1,0.107148,SAN- 2,387,311,401,-394
-2,1,0.107178,SAN- 2,387,311,399,-395
-4,2,0.107212,SAN- 2,387,311,395,-397
-4,4,0.107253,SAN- 2,387,311,391,-401
-7,2,0.107276,SAN- 2,387,311,384,-403
-4,3,0.107307,SAN- 2,387,311,380,-406
-4,3,0.107334,SAN- 2,387,311,376,-409
-4,3,0.107369,SAN- 2,387,311,372,-412
-3,3,0.107369,SAN- 2,387,311,369,-415
-4,2,0.107404,SAN- 2,387,311,365,-417
-4,3,0.107439,SAN- 2,387,311,361,-420
-4,2,0.10745,SAN- 2,387,311,357,-422
-3,2,0.107485,SAN- 2,387,311,354,-424
-4,2,0.107503,SAN- 2,387,311,350,-426
-4,2,0.107526,SAN- 2,387,311,346,-428
-4,2,0.107555,SAN- 2,387,311,342,-430
-3,1,0.10759,SAN- 2,387,311,339,-431
-4,1,0.107613,SAN- 2,387,311,335,-432
-2,1,0.107669,SAN- 2,387,311,333,-433
-1,1,0.107677,SAN- 2,387,311,332,-434
-1,1,0.1077,SAN- 2,387,311,331,-435
1,1,0.107735,SAN- 2,387,311,332,-436
2,-1,0.107787,SAN- 2,387,311,334,-435
2,-1,0.107821,SAN- 2,387,311,336,-434
3,-2,0.107828,SAN- 2,387,311,339,-432
3,-2,0.107851,SAN- 2,387,311,342,-430
3,-2,0.107886,SAN- 2,387,311,345,-428
3,-3,0.107915,SAN- 2,387,311,348,-425
2,-2,0.10795,SAN- 2,387,311,350,-423
3,-3,0.107973,SAN- 2,387,311,353,-420
3,-3,0.107979,SAN- 2,387,311,356,-417
2,-3,0.108002,SAN- 2,387,311,358,-414
1,-2,0.108025,SAN- 2,387,311,359,-412
1,-2,0.108066,SAN- 2,387,311,360,-410
-1,-1,0.1081,SAN- 2,387,311,359,-409
-2,-2,0.108118,SAN- 2,387,311,357,-407
-3,-1,0.10813,SAN- 2,387,311,354,-406
-4,1,0.108217,SAN- 2,387,311,350,-407
-4,1,0.108246,SAN- 2,387,311,346,-408
-4,2,0.108286,SAN- 2,387,311,342,-410
-7,2,0.108315,SAN- 2,387,311,335,-412
-3,2,0.108333,SAN- 2,387,311,332,-414
-1,2,0.108362,SAN- 2,387,311,331,-416
-1,1,0.108397,SAN- 2,387,311,330,-417
1,1,0.108426,SAN- 2,387,311,331,-418
2,1,0.108437,SAN- 2,387,311,333,-419
2,-1,0.108513,SAN- 2,387,311,335,-418
3,-1,0.108542,SAN- 2,387,311,338,-417
3,-4,0.108582,SAN- 2,387,311,341,-413
6,-2,0.108606,SAN- 2,387,311,347,-411
2,-2,0.108629,SAN- 2,387,311,349,-409
3,-1,0.108664,SAN- 2,387,311,352,-408
3,-2,0.108704,SAN- 2,387,311,355,-406
3,-2,0.108727,SAN- 2,387,311,358,-404
3,-2,0.108739,SAN- 2,387,311,361,-402
3,-2,0.108756,SAN- 2,387,311,364,-400
2,-2,0.108791,SAN- 2,387,311,366,-398
3,-2,0.108832,SAN- 2,387,311,369,-396
3,-2,0.108838,SAN- 2,387,311,372,-394
3,-1,0.108878,SAN- 2,387,311,375,-393
3,-2,0.108884,SAN- 2,387,311,378,-391
2,-2,0.108907,SAN- 2,387,311,380,-389
3,-2,0.108942,SAN- 2,387,311,383,-387
2,-2,0.108971,SAN- 2,387,311,385,-385
1,-2,0.108983,SAN- 2,387,311,386,-383
1,-2,0.109023,SAN- 2,387,311,387,-381
-2,-3,0.109035,SAN- 2,387,311,385,-378
-3,-2,0.109064,SAN- 2,387,311,382,-376
-2,-3,0.109093,SAN- 2,387,311,380,-373
-4,-3,0.109123,SAN- 2,387,311,376,-370
-4,-3,0.109151,SAN- 2,387,311,372,-367
-3,-2,0.109157,SAN- 2,387,311,369,-365
-2,-1,0.109192,SAN- 2,387,311,367,-364
1,1,0.109888,SAN- 2,387,311,368,-365
3,1,0.110063,SAN- 2,387,311,371,-366
2,1,0.110086,SAN- 2,387,311,373,-367
2,1,0.110121,SAN- 2,387,311,375,-368
2,1,0.110144,SAN- 2,387,311,377,-369
2,1,0.110173,SAN- 2,387,311,379,-370
1,1,0.110219,SAN- 2,387,311,380,-371
1,1,0.110237,SAN- 2,387,311,381,-372
1,1,0.110272,SAN- 2,387,311,382,-373
1,1,0.110295,SAN- 2,387,311,383,-374
1,1,0.11033,SAN- 2,387,311,384,-375
1,1,0.11037,SAN- 2,387,311,385,-376
1,1,0.110393,SAN- 2,387,311,386,-377
1,1,0.110422,SAN- 2,387,311,387,-378
2,1,0.110707,SAN- 2,387,311,389,-379
2,1,0.110724,SAN- 2,387,311,391,-380
2,1,0.110753,SAN- 2,387,311,393,-381
2,1,0.1108,SAN- 2,387,311,395,-382
1,1,0.110817,SAN- 2,387,311,396,-383
2,1,0.110852,SAN- 2,387,311,398,-384
2,1,0.110875,SAN- 2,387,311,400,-385
1,1,0.110904,SAN- 2,387,311,401,-386
1,2,0.110945,SAN- 2,387,311,402,-388
1,1,0.111003,SAN- 2,387,311,403,-389
1,1,0.111044,SAN- 2,387,311,404,-390
2,-1,0.11152,SAN- 2,387,311,406,-389
2,-1,0.111543,SAN- 2,387,311,408,-388
1,1,0.111647,SAN- 2,387,311,409,-389
1,1,0.111694,SAN- 2,387,311,410,-390
1,1,0.111717,SAN- 2,387,311,411,-391
1,1,0.111752,SAN- 2,387,311,412,-392
1,-1,0.117597,-TIA- 3,329,115,413,-391
1,-2,0.117632,-TIA- 3,329,115,414,-389
1,-2,0.117661,-TIA- 3,329,115,415,-387
1,-2,0.117685,-TIA- 3,329,115,416,-385
1,-2,0.117708,-TIA- 3,329,115,417,-383
2,-2,0.117725,-TIA- 3,329,115,419,-381
2,-3,0.11776,-TIA- 3,329,115,421,-378
2,-3,0.117795,-TIA- 3,329,115,423,-375
1,-3,0.117812,-TIA- 3,329,115,424,-372
1,-3,0.117847,-TIA- 3,329,115,425,-369
1,-5,0.117876,-TIA- 3,329,115,426,-364
2,-2,0.117911,-TIA- 3,329,115,428,-362
1,-2,0.117934,-TIA- 3,329,115,429,-360
1,-2,0.117969,-TIA- 3,329,115,430,-358
1,-1,0.117992,-TIA- 3,329,115,431,-357
-1,-1,0.118294,-TIA- 3,329,115,430,-356
-2,-1,0.118317,-TIA- 3,329,115,428,-355
-2,-1,0.118335,-TIA- 3,329,115,426,-354
-2,-1,0.11837,-TIA- 3,329,115,424,-353
-2,-2,0.118381,-TIA- 3,329,115,422,-351
-2,-2,0.118416,-TIA- 3,329,115,420,-349
-2,-2,0.118445,-TIA- 3,329,115,418,-347
-1,-2,0.11848,-TIA- 3,329,115,417,-345
-2,-1,0.118486,-TIA- 3,329,115,415,-344
-3,-2,0.118509,-TIA- 3,329,115,412,-342
-3,-2,0.118544,-TIA- 3,329,115,409,-340
-3,-2,0.118579,-TIA- 3,329,115,406,-338
-3,-2,0.118596,-TIA- 3,329,115,403,-336
-2,-2,0.118631,-TIA- 3,329,115,401,-334
-3,-2,0.118637,-TIA- 3,329,115,398,-332
-3,-2,0.11866,-TIA- 3,329,115,395,-330
-3,-1,0.118695,-TIA- 3,329,115,392,-329
-3,-2,0.118724,-TIA- 3,329,115,389,-327
-2,-2,0.118741,-TIA- 3,329,115,387,-325
-3,-2,0.118782,-TIA- 3,329,115,384,-323
-3,-1,0.118787,-TIA- 3,329,115,381,-322
-3,-1,0.118817,-TIA- 3,329,115,378,-321
-3,-1,0.118846,-TIA- 3,329,115,375,-320
-2,-1,0.11888,-TIA- 3,329,115,373,-319
-3,-1,0.118909,-TIA- 3,329,115,370,-318
-3,-1,0.118933,-TIA- 3,329,115,367,-317
-3,-2,0.118944,-TIA- 3,329,115,364,-315
-3,-1,0.118967,-TIA- 3,329,115,361,-314
-2,-2,0.118991,-TIA- 3,329,115,359,-312
-3,-2,0.11902,-TIA- 3,329,115,356,-310
-3,-2,0.119055,-TIA- 3,329,115,353,-308
-3,-3,0.119078,-TIA- 3,329,115,350,-305
-3,-3,0.119084,-TIA- 3,329,115,347,-302
-3,-3,0.119107,-TIA- 3,329,115,344,-299
-2,-2,0.11913,-TIA- 3,329,115,342,-297
-3,-3,0.119165,-TIA- 3,329,115,339,-294
-3,-3,0.119194,-TIA- 3,329,115,336,-291
-3,-6,0.119234,-TIA- 3,329,115,333,-285
-5,-2,0.119269,-TIA- 3,329,115,328,-283
-3,-3,0.119287,-TIA- 3,329,115,325,-280
-3,-3,0.119316,-TIA- 3,329,115,322,-277
-2,-3,0.119351,-TIA- 3,329,115,320,-274
-2,-3,0.119356,-TIA- 3,329,115,318,-271
-2,-2,0.119391,-TIA- 3,329,115,316,-269
-2,-3,0.11942,-TIA- 3,329,115,314,-266
-2,-3,0.119438,-TIA- 3,329,115,312,-263
-3,-3,0.119467,-TIA- 3,329,115,309,-260
-3,-3,0.119501,-TIA- 3,329,115,306,-257
-3,-3,0.119507,-TIA- 3,329,115,303,-254
-3,-2,0.119542,-TIA- 3,329,115,300,-252
-3,-3,0.119565,-TIA- 3,329,115,297,-249
-4,-3,0.119589,-TIA- 3,329,115,293,-246
-4,-3,0.119618,-TIA- 3,329,115,289,-243
-4,-3,0.119652,-TIA- 3,329,115,285,-240
-3,-2,0.119658,-TIA- 3,329,115,282,-238
-3,-3,0.119687,-TIA- 3,329,115,279,-235
-3,-3,0.119716,-TIA- 3,329,115,276,-232
-3,-3,0.11974,-TIA- 3,329,115,273,-229
-3,-3,0.119774,-TIA- 3,329,115,270,-226
-2,-2,0.119803,-TIA- 3,329,115,268,-224
-3,-3,0.119815,-TIA- 3,329,115,265,-221
-3,-3,0.119838,-TIA- 3,329,115,262,-218
-3,-3,0.119867,-TIA- 3,329,115,259,-215
-3,-3,0.119902,-TIA- 3,329,115,256,-212
-2,-3,0.119914,-TIA- 3,329,115,254,-209
-3,-2,0.119954,-TIA- 3,329,115,251,-207
-3,-3,0.119972,-TIA- 3,329,115,248,-204
-2,-3,0.119989,-TIA- 3,329,115,246,-201
-2,-3,0.120018,-TIA- 3,329,115,244,-198
-2,-3,0.120053,-TIA- 3,329,115,242,-195
-2,-2,0.12007,-TIA- 3,329,115,240,-193
-1,-3,0.120099,-TIA- 3,329,115,239,-190
-1,-3,0.120117,-TIA- 3,329,115,238,-187
-1,-3,0.12014,-TIA- 3,329,115,237,-184
-1,-3,0.120163,-TIA- 3,329,115,236,-181
-1,-2,0.120198,-TIA- 3,329,115,235,-179
-1,-3,0.120221,-TIA- 3,329,115,234,-176
-1,-3,0.12025,-TIA- 3,329,115,233,-173
-1,-2,0.120268,-TIA- 3,329,115,232,-171
-1,-2,0.120291,-TIA- 3,329,115,231,-169
-1,-2,0.120314,-TIA- 3,329,115,230,-167
-1,-2,0.120349,-TIA- 3,329,115,229,-165
-1,-1,0.120378,-TIA- 3,329,115,228,-164
-1,-2,0.120407,-TIA- 3,329,115,227,-162
-1,-2,0.120424,-TIA- 3,329,115,226,-160
-1,-2,0.120436,-TIA- 3,329,115,225,-158
-1,-2,0.120465,-TIA- 3,329,115,224,-156
-1,-2,0.120488,-TIA- 3,329,115,223,-154
-1,-2,0.120523,-TIA- 3,329,115,222,-152
-1,-2,0.120546,-TIA- 3,329,115,221,-150
-1,-1,0.12057,-TIA- 3,329,115,220,-149
-1,-2,0.120599,-TIA- 3,329,115,219,-147
-1,-2,0.12061,-TIA- 3,329,115,218,-145
-1,-2,0.120645,-TIA- 3,329,115,217,-143
-1,-2,0.120674,-TIA- 3,329,115,216,-141
-1,-2,0.120709,-TIA- 3,329,115,215,-139
-1,-2,0.120715,-TIA- 3,329,115,214,-137
-1,-1,0.12075,-TIA- 3,329,115,213,-136
-1,-2,0.120761,-TIA- 3,329,115,212,-134
1,-2,0.120796,-TIA- 3,329,115,213,-132
1,-2,0.120819,-TIA- 3,329,115,214,-130
1,-2,0.12086,-TIA- 3,329,115,215,-128
1,-2,0.120866,-TIA- 3,329,115,216,-126
1,-2,0.120889,-TIA- 3,329,115,217,-124
1,-2,0.120924,-TIA- 3,329,115,218,-122
1,-1,0.120953,-TIA- 3,329,115,219,-121
1,-2,0.120964,-TIA- 3,329,115,220,-119
2,-2,0.120993,-TIA- 3,329,115,222,-117
2,-2,0.121028,-TIA- 3,329,115,224,-115
2,-2,0.121051,-TIA- 3,329,115,226,-113
2,-2,0.121075,-TIA- 3,329,115,228,-111
2,-2,0.121104,-TIA- 3,329,115,230,-109
2,-2,0.121115,-TIA- 3,329,115,232,-107
2,-1,0.121144,-TIA- 3,329,115,234,-106
1,-2,0.121179,-TIA- 3,329,115,235,-104
2,-2,0.121202,-TIA- 3,329,115,237,-102
2,-2,0.121226,-TIA- 3,329,115,239,-100
2,-4,0.121266,-TIA- 3,329,115,241,-96
3,-2,0.121289,-TIA- 3,329,115,244,-94
1,-2,0.12133,-TIA- 3,329,115,245,-92
1,-1,0.121359,-TIA- 3,329,115,246,-91
1,-2,0.121371,-TIA- 3,329,115,247,-89
1,-2,0.121406,-TIA- 3,329,115,248,-87
1,-2,0.121411,-TIA- 3,329,115,249,-85
1,-2,0.12144,-TIA- 3,329,115,250,-83
1,-2,0.121469,-TIA- 3,329,115,251,-81
1,-2,0.121498,-TIA- 3,329,115,252,-79
1,-2,0.121533,-TIA- 3,329,115,253,-77
1,-1,0.121556,-TIA- 3,329,115,254,-76
1,-2,0.121564,-TIA- 3,329,115,255,-74
1,-2,0.121591,-TIA- 3,329,115,256,-72
1,-2,0.12162,-TIA- 3,329,115,257,-70
1,-2,0.121655,-TIA- 3,329,115,258,-68
1,-2,0.121684,-TIA- 3,329,115,259,-66
1,-2,0.121702,-TIA- 3,329,115,260,-64
1,-1,0.121717,-TIA- 3,329,115,261,-63
1,-1,0.121771,-TIA- 3,329,115,262,-62
1,-1,0.121806,-TIA- 3,329,115,263,-61
1,-1,0.121835,-TIA- 3,329,115,264,-60
1,-1,0.121846,-TIA- 3,329,115,265,-59
1,-1,0.121899,-TIA- 3,329,115,266,-58
1,-1,0.121934,-TIA- 3,329,115,267,-57
1,-1,0.121951,-TIA- 3,329,115,268,-56
1,-1,0.121986,-TIA- 3,329,115,269,-55
1,-1,0.121998,-TIA- 3,329,115,270,-54
1,-1,0.122038,-TIA- 3,329,115,271,-53
1,-1,0.12205,-TIA- 3,329,115,272,-52
1,-1,0.122085,-TIA- 3,329,115,273,-51
1,-1,0.122125,-TIA- 3,329,115,274,-50
1,-1,0.122166,-TIA- 3,329,115,275,-49
1,-1,0.122189,-TIA- 3,329,115,276,-48
1,-1,0.122218,-TIA- 3,329,115,277,-47
1,-1,0.12223,-TIA- 3,329,115,278,-46
1,-1,0.122253,-TIA- 3,329,115,279,-45
1,-1,0.122317,-TIA- 3,329,115,280,-44
1,-1,0.122334,-TIA- 3,329,115,281,-43
1,-1,0.122369,-TIA- 3,329,115,282,-42
1,-1,0.122381,-TIA- 3,329,115,283,-41
1,-1,0.122433,-TIA- 3,329,115,284,-40
1,-1,0.122461,-TIA- 3,329,115,285,-39
1,-1,0.122508,-TIA- 3,329,115,286,-38
1,-1,0.122526,-TIA- 3,329,115,287,-37
1,-1,0.122555,-TIA- 3,329,115,288,-36
1,-1,0.12259,-TIA- 3,329,115,289,-35
1,-1,0.122619,-TIA- 3,329,115,290,-34
1,-1,0.122654,-TIA- 3,329,115,291,-33
1,-1,0.122683,-TIA- 3,329,115,292,-32
1,-1,0.122706,-TIA- 3,329,115,293,-31
1,-1,0.122741,-TIA- 3,329,115,294,-30
1,-1,0.12277,-TIA- 3,329,115,295,-29
1,-1,0.122805,-TIA- 3,329,115,296,-28
1,-1,0.122834,-TIA- 3,329,115,297,-27
1,-1,0.122868,-TIA- 3,329,115,298,-26
1,-1,0.122892,-TIA- 3,329,115,299,-25
1,-1,0.122915,-TIA- 3,329,115,300,-24
1,-1,0.12299,-TIA- 3,329,115,301,-23
1,-1,0.122996,-TIA- 3,329,115,302,-22
1,-1,0.123014,-TIA- 3,329,115,303,-21
1,-1,0.123043,-TIA- 3,329,115,304,-20
1,-1,0.123072,-TIA- 3,329,115,305,-19
1,-2,0.123135,-TIA- 3,329,115,306,-17
3,-1,0.123159,-TIA- 3,329,115,309,-16
2,-1,0.123199,-TIA- 3,329,115,311,-15
2,-1,0.123205,-TIA- 3,329,115,313,-14
2,-1,0.123246,-TIA- 3,329,115,315,-13
1,-1,0.123263,-TIA- 3,329,115,316,-12
2,1,0.123954,-TIA- 3,329,115,318,-13
2,1,0.123977,-TIA- 3,329,115,320,-14
2,1,0.124,-TIA- 3,329,115,322,-15
2,1,0.124035,-TIA- 3,329,115,324,-16
1,1,0.12407,-TIA- 3,329,115,325,-17
2,1,0.124105,-TIA- 3,329,115,327,-18
1,1,0.124122,-TIA- 3,329,115,328,-19
1,1,0.124157,-TIA- 3,329,115,329,-20
1,1,0.124186,-TIA- 3,329,115,330,-21
1,1,0.134269,GO 4,282,431,331,-22
1,1,0.134281,GO 4,282,431,332,-23
1,2,0.134293,GO 4,282,431,333,-25
1,2,0.134327,GO 4,282,431,334,-27
1,2,0.134356,GO 4,282,431,335,-29
-1,2,0.134391,GO 4,282,431,334,-31
-1,2,0.134415,GO 4,282,431,333,-33
-1,1,0.134426,GO 4,282,431,332,-34
-1,-1,0.135918,GO 4,282,431,331,-33
-1,-1,0.135959,GO 4,282,431,330,-32
-2,-1,0.135982,GO 4,282,431,328,-31
-2,-1,0.135999,GO 4,282,431,326,-30
-2,-2,0.136035,GO 4,282,431,324,-28
-2,1,0.136139,GO 4,282,431,322,-29
-1,1,0.136168,GO 4,282,431,321,-30
-1,1,0.136173,GO 4,282,431,320,-31
-1,1,0.136197,GO 4,282,431,319,-32
-2,1,0.136231,GO 4,282,431,317,-33
-2,2,0.13626,GO 4,282,431,315,-35
-2,2,0.13629,GO 4,282,431,313,-37
-2,2,0.136313,GO 4,282,431,311,-39
-2,2,0.136336,GO 4,282,431,309,-41
-3,2,0.136359,GO 4,282,431,306,-43
-2,2,0.136382,GO 4,282,431,304,-45
-3,1,0.136417,GO 4,282,431,301,-46
-4,1,0.136423,GO 4,282,431,297,-47
-1,1,0.13723,GO 4,282,431,296,-48
-1,1,0.137247,GO 4,282,431,295,-49
-1,1,0.137288,GO 4,282,431,294,-50
-1,2,0.137294,GO 4,282,431,293,-52
-1,3,0.137334,GO 4,282,431,292,-55
-1,3,0.137352,GO 4,282,431,291,-58
1,3,0.137375,GO 4,282,431,292,-61
1,3,0.13741,GO 4,282,431,293,-64
1,2,0.137439,GO 4,282,431,294,-66
1,3,0.13745,GO 4,282,431,295,-69
2,3,0.13748,GO 4,282,431,297,-72
2,3,0.137514,GO 4,282,431,299,-75
2,3,0.137538,GO 4,282,431,301,-78
2,2,0.137561,GO 4,282,431,303,-80
2,3,0.13759,GO 4,282,431,305,-83
1,3,0.137601,GO 4,282,431,306,-86
2,3,0.137625,GO 4,282,431,308,-89
2,3,0.137665,GO 4,282,431,310,-92
2,3,0.13768,GO 4,282,431,312,-95
2,3,0.137712,GO 4,282,431,314,-98
2,4,0.137735,GO 4,282,431,316,-102
2,4,0.137752,GO 4,282,431,318,-106
2,4,0.137776,GO 4,282,431,320,-110
1,3,0.13781,GO 4,282,431,321,-113
2,4,0.137839,GO 4,282,431,323,-117
2,4,0.137863,GO 4,282,431,325,-121
2,4,0.137898,GO 4,282,431,327,-125
1,3,0.137903,GO 4,282,431,328,-128
1,4,0.137938,GO 4,282,431,329,-132
1,4,0.137961,GO 4,282,431,330,-136
1,4,0.13799,GO 4,282,431,331,-140
1,3,0.138025,GO 4,282,431,332,-143
1,8,0.138072,GO 4,282,431,333,-151
-3,4,0.138089,GO 4,282,431,330,-155
-2,3,0.138112,GO 4,282,431,328,-158
-3,4,0.138136,GO 4,282,431,325,-162
-2,4,0.138176,GO 4,282,431,323,-166
-3,4,0.138182,GO 4,282,431,320,-170
-4,3,0.138205,GO 4,282,431,316,-173
-4,4,0.13824,GO 4,282,431,312,-177
-4,4,0.138257,GO 4,282,431,308,-181
-3,4,0.138286,GO 4,282,431,305,-185
-4,3,0.138321,GO 4,282,431,301,-188
-4,4,0.138336,GO 4,282,431,297,-192
-4,4,0.138368,GO 4,282,431,293,-196
-3,4,0.138391,GO 4,282,431,290,-200
-4,3,0.138408,GO 4,282,431,286,-203
-4,4,0.138439,GO 4,282,431,282,-207
-4,4,0.138472,GO 4,282,431,278,-211
-3,4,0.138507,GO 4,282,431,275,-215
-4,3,0.138519,GO 4,282,431,271,-218
-4,4,0.138542,GO 4,282,431,267,-222
-4,4,0.138559,GO 4,282,431,263,-226
-3,4,0.138594,GO 4,282,431,260,-230
-4,3,0.138623,GO 4,282,431,256,-233
-4,4,0.138658,GO 4,282,431,252,-237
-3,4,0.138675,GO 4,282,431,249,-241
-4,4,0.138687,GO 4,282,431,245,-245
-4,3,0.138722,GO 4,282,431,241,-248
-4,4,0.138745,GO 4,282,431,237,-252
-3,4,0.138774,GO 4,282,431,234,-256
-4,4,0.138809,GO 4,282,431,230,-260
-4,3,0.138826,GO 4,282,431,226,-263
-4,4,0.138838,GO 4,282,431,222,-267
-3,4,0.138873,GO 4,282,431,219,-271
-4,4,0.138896,GO 4,282,431,215,-275
-4,3,0.138928,GO 4,282,431,211,-278
-4,4,0.13896,GO 4,282,431,207,-282
-3,4,0.138977,GO 4,282,431,204,-286
-2,4,0.139,GO 4,282,431,202,-290
-2,3,0.139024,GO 4,282,431,200,-293
-1,4,0.139047,GO 4,282,431,199,-297
-1,3,0.139082,GO 4,282,431,198,-300
-1,3,0.139088,GO 4,282,431,197,-303
1,2,0.139117,GO 4,282,431,198,-305
1,3,0.139151,GO 4,282,431,199,-308
1,3,0.139175,GO 4,282,431,200,-311
2,2,0.139209,GO 4,282,431,202,-313
1,2,0.139215,GO 4,282,431,203,-315
2,2,0.139238,GO 4,282,431,205,-317
2,2,0.139267,GO 4,282,431,207,-319
2,1,0.139302,GO 4,282,431,209,-320
2,3,0.139326,GO 4,282,431,211,-323
2,3,0.13936,GO 4,282,431,213,-326
2,3,0.139372,GO 4,282,431,215,-329
2,3,0.139384,GO 4,282,431,217,-332
1,3,0.139418,GO 4,282,431,218,-335
2,2,0.139447,GO 4,282,431,220,-337
2,3,0.139471,GO 4,282,431,222,-340
2,3,0.139505,GO 4,282,431,224,-343
2,2,0.139517,GO 4,282,431,226,-345
2,2,0.13954,GO 4,282,431,228,-347
1,1,0.139564,GO 4,282,431,229,-348
1,1,0.139627,GO 4,282,431,230,-349
1,1,0.139639,GO 4,282,431,231,-350
-1,1,0.139668,GO 4,282,431,230,-351
-1,1,0.139709,GO 4,282,431,229,-352
-1,1,0.139749,GO 4,282,431,228,-353
-1,1,0.139784,GO 4,282,431,227,-354
-1,2,0.139813,GO 4,282,431,226,-356
1,2,0.139836,GO 4,282,431,227,-358
1,2,0.13986,GO 4,282,431,228,-360
2,2,0.139894,GO 4,282,431,230,-362
2,2,0.139918,GO 4,282,431,232,-364
3,1,0.13995,GO 4,282,431,235,-365
3,2,0.13997,GO 4,282,431,238,-367
3,2,0.139987,GO 4,282,431,241,-369
2,2,0.140016,GO 4,282,431,243,-371
3,1,0.140045,GO 4,282,431,246,-372
3,1,0.14008,GO 4,282,431,249,-373
1,-1,0.140196,GO 4,282,431,250,-372
-1,-1,0.14026,GO 4,282,431,249,-371
-1,-1,0.140272,GO 4,282,431,248,-370
-2,-1,0.140295,GO 4,282,431,246,-369
-2,1,0.140411,GO 4,282,431,244,-370
-2,1,0.140428,GO 4,282,431,242,-371
-2,1,0.14048,GO 4,282,431,240,-372
-2,2,0.140504,GO 4,282,431,238,-374
1,2,0.140533,GO 4,282,431,239,-376
2,2,0.140539,GO 4,282,431,241,-378
2,2,0.140579,GO 4,282,431,243,-380
2,1,0.140603,GO 4,282,431,245,-381
3,1,0.140655,GO 4,282,431,248,-382
2,1,0.140678,GO 4,282,431,250,-383
2,1,0.140974,GO 4,282,431,252,-384
3,1,0.140992,GO 4,282,431,255,-385
3,1,0.141015,GO 4,282,431,258,-386
3,1,0.141047,GO 4,282,431,261,-387
3,2,0.141073,GO 4,282,431,264,-389
3,2,0.141096,GO 4,282,431,267,-391
2,4,0.141137,GO 4,282,431,269,-395
6,2,0.141172,GO 4,282,431,275,-397
3,3,0.141195,GO 4,282,431,278,-400
3,3,0.141218,GO 4,282,431,281,-403
2,3,0.141247,GO 4,282,431,283,-406
3,3,0.141282,GO 4,282,431,286,-409
3,2,0.141288,GO 4,282,431,289,-411
3,3,0.141311,GO 4,282,431,292,-414
3,3,0.141334,GO 4,282,431,295,-417
2,3,0.141369,GO 4,282,431,297,-420
3,3,0.141404,GO 4,282,431,300,-423
3,3,0.141433,GO 4,282,431,303,-426
3,2,0.141439,GO 4,282,431,306,-428
3,3,0.141473,GO 4,282,431,309,-431
2,3,0.141491,GO 4,282,431,311,-434
3,3,0.14152,GO 4,282,431,314,-437
3,3,0.141555,GO 4,282,431,317,-440
3,2,0.141584,GO 4,282,431,320,-442
3,3,0.141595,GO 4,282,431,323,-445
3,3,0.141624,GO 4,282,431,326,-448
2,3,0.141648,GO 4,282,431,328,-451
3,3,0.141671,GO 4,282,431,331,-454
3,2,0.141706,GO 4,282,431,334,-456
2,1,0.14174,GO 4,282,431,336,-457
2,2,0.141746,GO 4,282,431,338,-459
2,1,0.141769,GO 4,282,431,340,-460
1,1,0.141798,GO 4,282,431,341,-461
1,1,0.141827,GO 4,282,431,342,-462
1,1,0.14206,GO 4,282,431,343,-463
1,1,0.142095,GO 4,282,431,344,-464
1,1,0.142129,GO 4,282,431,345,-465
1,1,0.14217,GO 4,282,431,346,-466
1,1,0.14548,FRAY 5,295,438,347,-467
-1,1,0.145537,FRAY 5,295,438,346,-468
-1,1,0.145572,FRAY 5,295,438,345,-469
-2,1,0.145583,FRAY 5,295,438,343,-470
-2,1,0.145624,FRAY 5,295,438,341,-471
-2,1,0.145647,FRAY 5,295,438,339,-472
-3,-1,0.145728,FRAY 5,295,438,336,-471
-3,-1,0.145763,FRAY 5,295,438,333,-470
-3,-1,0.145792,FRAY 5,295,438,330,-469
-4,-1,0.14581,FRAY 5,295,438,326,-468
-2,-1,0.145827,FRAY 5,295,438,324,-467
1,-1,0.146042,FRAY 5,295,438,325,-466
2,-1,0.146059,FRAY 5,295,438,327,-465
1,-1,0.1461,FRAY 5,295,438,328,-464
1,-1,0.146106,FRAY 5,295,438,329,-463
1,1,0.146593,FRAY 5,295,438,330,-464
1,1,0.146651,FRAY 5,295,438,331,-465
1,1,0.146657,FRAY 5,295,438,332,-466
1,1,0.146704,FRAY 5,295,438,333,-467
1,1,0.146739,FRAY 5,295,438,334,-468
1,1,0.146866,FRAY 5,295,438,335,-469
1,1,0.146913,FRAY 5,295,438,336,-470
1,1,0.146947,FRAY 5,295,438,337,-471
1,2,0.146977,FRAY 5,295,438,338,-473
1,1,0.146994,FRAY 5,295,438,339,-474
1,2,0.147011,FRAY 5,295,438,340,-476
2,2,0.14704,FRAY 5,295,438,342,-478
2,2,0.147064,FRAY 5,295,438,344,-480
2,2,0.147098,FRAY 5,295,438,346,-482
1,2,0.147127,FRAY 5,295,438,347,-484
1,2,0.147145,FRAY 5,295,438,348,-486
1,2,0.147162,FRAY 5,295,438,349,-488
1,2,0.147191,FRAY 5,295,438,350,-490
1,3,0.147226,FRAY 5,295,438,351,-493
1,3,0.147244,FRAY 5,295,438,352,-496
1,3,0.147273,FRAY 5,295,438,353,-499
2,3,0.14729,FRAY 5,295,438,355,-502
2,2,0.147313,FRAY 5,295,438,357,-504
2,3,0.147336,FRAY 5,295,438,359,-507
1,3,0.147371,FRAY 5,295,438,360,-510
1,3,0.147377,FRAY 5,295,438,361,-513
1,3,0.147412,FRAY 5,295,438,362,-516
1,2,0.147429,FRAY 5,295,438,363,-518
1,3,0.147458,FRAY 5,295,438,364,-521
1,3,0.147487,FRAY 5,295,438,365,-524
1,3,0.147522,FRAY 5,295,438,366,-527
-1,3,0.147528,FRAY 5,295,438,365,-530
-1,3,0.147563,FRAY 5,295,438,364,-533
-1,2,0.147586,FRAY 5,295,438,363,-535
-1,3,0.147615,FRAY 5,295,438,362,-538
-1,3,0.147638,FRAY 5,295,438,361,-541
-1,2,0.147673,FRAY 5,295,438,360,-543
-1,1,0.147679,FRAY 5,295,438,359,-544
-1,1,0.147714,FRAY 5,295,438,358,-545
-1,-1,0.162354,SAN- 6,280,234,357,-544
-1,-1,0.162383,SAN- 6,280,234,356,-543
-1,-2,0.162412,SAN- 6,280,234,355,-541
-1,-2,0.162453,SAN- 6,280,234,354,-539
1,-2,0.162464,SAN- 6,280,234,355,-537
1,-3,0.162487,SAN- 6,280,234,356,-534
1,-3,0.162511,SAN- 6,280,234,357,-531
1,-2,0.162551,SAN- 6,280,234,358,-529
1,-3,0.162569,SAN- 6,280,234,359,-526
2,-2,0.162604,SAN- 6,280,234,361,-524
2,-2,0.162615,SAN- 6,280,234,363,-522
2,-2,0.162633,SAN- 6,280,234,365,-520
1,-2,0.162667,SAN- 6,280,234,366,-518
2,-2,0.162702,SAN- 6,280,234,368,-516
2,-1,0.162731,SAN- 6,280,234,370,-515
3,-1,0.16276,SAN- 6,280,234,373,-514
1,-1,0.162783,SAN- 6,280,234,374,-513
1,-1,0.162818,SAN- 6,280,234,375,-512
1,-1,0.162842,SAN- 6,280,234,376,-511
1,-1,0.162882,SAN- 6,280,234,377,-510
1,-1,0.162911,SAN- 6,280,234,378,-509
1,-1,0.162946,SAN- 6,280,234,379,-508
1,-2,0.16298,SAN- 6,280,234,380,-506
1,-2,0.162992,SAN- 6,280,234,381,-504
-1,-2,0.163027,SAN- 6,280,234,380,-502
-1,-2,0.163033,SAN- 6,280,234,379,-500
-1,-2,0.163068,SAN- 6,280,234,378,-498
-1,-1,0.163097,SAN- 6,280,234,377,-497
-1,-3,0.16312,SAN- 6,280,234,376,-494
-1,-3,0.163143,SAN- 6,280,234,375,-491
-1,-3,0.163178,SAN- 6,280,234,374,-488
-1,-3,0.163196,SAN- 6,280,234,373,-485
-1,-3,0.163207,SAN- 6,280,234,372,-482
-1,-2,0.163254,SAN- 6,280,234,371,-480
-1,-3,0.163277,SAN- 6,280,234,370,-477
-1,-3,0.1633,SAN- 6,280,234,369,-474
-1,-3,0.163313,SAN- 6,280,234,368,-471
-2,-3,0.163347,SAN- 6,280,234,366,-468
-2,-2,0.163364,SAN- 6,280,234,364,-466
-2,-3,0.163393,SAN- 6,280,234,362,-463
-2,-3,0.163428,SAN- 6,280,234,360,-460
-2,-3,0.163445,SAN- 6,280,234,358,-457
-3,-3,0.163468,SAN- 6,280,234,355,-454
-3,-2,0.163486,SAN- 6,280,234,352,-452
-3,-3,0.163498,SAN- 6,280,234,349,-449
-3,-3,0.163532,SAN- 6,280,234,346,-446
-2,-3,0.163567,SAN- 6,280,234,344,-443
-3,-3,0.163596,SAN- 6,280,234,341,-440
-3,-3,0.163614,SAN- 6,280,234,338,-437
-3,-2,0.163625,SAN- 6,280,234,335,-435
-3,-3,0.163654,SAN- 6,280,234,332,-432
-2,-3,0.163677,SAN- 6,280,234,330,-429
-3,-3,0.163718,SAN- 6,280,234,327,-426
-3,-3,0.163747,SAN- 6,280,234,324,-423
-3,-2,0.16377,SAN- 6,280,234,321,-421
-3,-3,0.163788,SAN- 6,280,234,318,-418
-3,-3,0.163805,SAN- 6,280,234,315,-415
-2,-3,0.163828,SAN- 6,280,234,313,-412
-3,-3,0.163857,SAN- 6,280,234,310,-409
-3,-2,0.163898,SAN- 6,280,234,307,-407
-3,-3,0.163915,SAN- 6,280,234,304,-404
-3,-3,0.163939,SAN- 6,280,234,301,-401
-2,-3,0.163962,SAN- 6,280,234,299,-398
-3,-3,0.163979,SAN- 6,280,234,296,-395
-3,-3,0.164014,SAN- 6,280,234,293,-392
-3,-2,0.164049,SAN- 6,280,234,290,-390
-2,-6,0.164084,SAN- 6,280,234,288,-384
-3,-3,0.164113,SAN- 6,280,234,285,-381
-2,-3,0.16413,SAN- 6,280,234,283,-378
-2,-2,0.164165,SAN- 6,280,234,281,-376
-2,-3,0.164194,SAN- 6,280,234,279,-373
-2,-3,0.164229,SAN- 6,280,234,277,-370
-2,-3,0.164241,SAN- 6,280,234,275,-367
-2,-3,0.164258,SAN- 6,280,234,273,-364
-2,-2,0.164275,SAN- 6,280,234,271,-362
-1,-3,0.16431,SAN- 6,280,234,270,-359
-2,-3,0.164339,SAN- 6,280,234,268,-356
-2,-3,0.164374,SAN- 6,280,234,266,-353
-2,-3,0.164391,SAN- 6,280,234,264,-350
-2,-3,0.164415,SAN- 6,280,234,262,-347
-2,-2,0.164438,SAN- 6,280,234,260,-345
-2,-3,0.164461,SAN- 6,280,234,258,-342
-2,-3,0.164484,SAN- 6,280,234,256,-339
-1,-3,0.164502,SAN- 6,280,234,255,-336
-2,-3,0.164542,SAN- 6,280,234,253,-333
-2,-2,0.164566,SAN- 6,280,234,251,-331
-2,-3,0.164589,SAN- 6,280,234,249,-328
-2,-3,0.164612,SAN- 6,280,234,247,-325
-2,-3,0.164635,SAN- 6,280,234,245,-322
-2,-3,0.164659,SAN- 6,280,234,243,-319
-2,-2,0.164688,SAN- 6,280,234,241,-317
-1,-3,0.164699,SAN- 6,280,234,240,-314
-2,-3,0.164728,SAN- 6,280,234,238,-311
-2,-3,0.164746,SAN- 6,280,234,236,-308
-2,-3,0.164775,SAN- 6,280,234,234,-305
-2,-3,0.164809,SAN- 6,280,234,232,-302
-2,-2,0.164838,SAN- 6,280,234,230,-300
-2,-3,0.164856,SAN- 6,280,234,228,-297
-2,-3,0.164879,SAN- 6,280,234,226,-294
-1,-3,0.164902,SAN- 6,280,234,225,-291
-2,-3,0.164931,SAN- 6,280,234,223,-288
-2,-2,0.16496,SAN- 6,280,234,221,-286
-1,-3,0.164966,SAN- 6,280,234,220,-283
-1,-3,0.165001,SAN- 6,280,234,219,-280
-1,-3,0.16503,SAN- 6,280,234,218,-277
-1,-3,0.165058,SAN- 6,280,234,217,-274
-1,-2,0.165082,SAN- 6,280,234,216,-272
-1,-3,0.165111,SAN- 6,280,234,215,-269
-1,-3,0.165121,SAN- 6,280,234,214,-266
-1,-3,0.165164,SAN- 6,280,234,213,-263
-1,-3,0.165175,SAN- 6,280,234,212,-260
-1,-3,0.16521,SAN- 6,280,234,211,-257
-1,-2,0.165222,SAN- 6,280,234,210,-255
-1,-3,0.165262,SAN- 6,280,234,209,-252
1,-3,0.165274,SAN- 6,280,234,210,-249
2,-3,0.165297,SAN- 6,280,234,212,-246
2,-3,0.165326,SAN- 6,280,234,214,-243
2,-2,0.165361,SAN- 6,280,234,216,-241
2,-3,0.165378,SAN- 6,280,234,218,-238
3,-3,0.165407,SAN- 6,280,234,221,-235
3,-3,0.165425,SAN- 6,280,234,224,-232
2,-3,0.16546,SAN- 6,280,234,226,-229
2,-2,0.165482,SAN- 6,280,234,228,-227
2,-3,0.165512,SAN- 6,280,234,230,-224
2,-3,0.165547,SAN- 6,280,234,232,-221
2,-3,0.165558,SAN- 6,280,234,234,-218
2,-3,0.165576,SAN- 6,280,234,236,-215
2,-3,0.165611,SAN- 6,280,234,238,-212
1,-2,0.165622,SAN- 6,280,234,239,-210
2,-3,0.165669,SAN- 6,280,234,241,-207
2,-3,0.165698,SAN- 6,280,234,243,-204
2,-3,0.165715,SAN- 6,280,234,245,-201
2,-3,0.165727,SAN- 6,280,234,247,-198
2,-2,0.165751,SAN- 6,280,234,249,-196
2,-3,0.165779,SAN- 6,280,234,251,-193
2,-3,0.165808,SAN- 6,280,234,253,-190
1,-3,0.165849,SAN- 6,280,234,254,-187
2,-3,0.165854,SAN- 6,280,234,256,-184
1,-2,0.165889,SAN- 6,280,234,257,-182
1,-3,0.165912,SAN- 6,280,234,258,-179
1,-3,0.16593,SAN- 6,280,234,259,-176
1,-3,0.16597,SAN- 6,280,234,260,-173
1,-3,0.165994,SAN- 6,280,234,261,-170
1,-3,0.166017,SAN- 6,280,234,262,-167
1,-2,0.16604,SAN- 6,280,234,263,-165
1,-3,0.166064,SAN- 6,280,234,264,-162
1,-3,0.166087,SAN- 6,280,234,265,-159
1,-3,0.166104,SAN- 6,280,234,266,-156
1,-3,0.166139,SAN- 6,280,234,267,-153
1,-2,0.166168,SAN- 6,280,234,268,-151
1,-3,0.166185,SAN- 6,280,234,269,-148
2,-3,0.166208,SAN- 6,280,234,271,-145
2,-3,0.166232,SAN- 6,280,234,273,-142
2,-3,0.166261,SAN- 6,280,234,275,-139
2,-2,0.166296,SAN- 6,280,234,277,-137
2,-3,0.166325,SAN- 6,280,234,279,-134
2,-3,0.166336,SAN- 6,280,234,281,-131
2,-3,0.166354,SAN- 6,280,234,283,-128
1,-3,0.166377,SAN- 6,280,234,284,-125
3,-3,0.166412,SAN- 6,280,234,287,-122
3,-2,0.166441,SAN- 6,280,234,290,-120
3,-2,0.166475,SAN- 6,280,234,293,-118
3,-2,0.166487,SAN- 6,280,234,296,-116
2,-2,0.166504,SAN- 6,280,234,298,-114
3,-2,0.166539,SAN- 6,280,234,301,-112
3,-2,0.166563,SAN- 6,280,234,304,-110
3,-2,0.166603,SAN- 6,280,234,307,-108
3,-1,0.166615,SAN- 6,280,234,310,-107
3,-2,0.166632,SAN- 6,280,234,313,-105
2,-2,0.166667,SAN- 6,280,234,315,-103
3,-1,0.16669,SAN- 6,280,234,318,-102
3,-1,0.166721,SAN- 6,280,234,321,-101
3,-2,0.166754,SAN- 6,280,234,324,-99
4,-1,0.166783,SAN- 6,280,234,328,-98
2,-1,0.166818,SAN- 6,280,234,330,-97
1,1,0.166986,SAN- 6,280,234,331,-98
1,5,0.167056,SAN- 6,280,234,332,-103
-3,3,0.167079,SAN- 6,280,234,329,-106
-2,4,0.167114,SAN- 6,280,234,327,-110
-3,3,0.167137,SAN- 6,280,234,324,-113
-2,4,0.167172,SAN- 6,280,234,322,-117
-3,11,0.167236,SAN- 6,280,234,319,-128
-11,4,0.167271,SAN- 6,280,234,308,-132
-4,4,0.167294,SAN- 6,280,234,304,-136
-3,4,0.167317,SAN- 6,280,234,301,-140
-3,3,0.167346,SAN- 6,280,234,298,-143
-2,4,0.167364,SAN- 6,280,234,296,-147
-1,4,0.167381,SAN- 6,280,234,295,-151
-1,4,0.16741,SAN- 6,280,234,294,-155
1,3,0.167445,SAN- 6,280,234,295,-158
2,4,0.167468,SAN- 6,280,234,297,-162
2,4,0.167497,SAN- 6,280,234,299,-166
3,3,0.167509,SAN- 6,280,234,302,-169
3,2,0.167532,SAN- 6,280,234,305,-171
2,3,0.167567,SAN- 6,280,234,307,-174
3,2,0.167596,SAN- 6,280,234,310,-176
3,2,0.167613,SAN- 6,280,234,313,-178
3,1,0.167653,SAN- 6,280,234,316,-179
3,1,0.16766,SAN- 6,280,234,319,-180
3,-1,0.16777,SAN- 6,280,234,322,-179
3,-1,0.167805,SAN- 6,280,234,325,-178
3,-2,0.167818,SAN- 6,280,234,328,-176
2,-2,0.167842,SAN- 6,280,234,330,-174
3,-2,0.167869,SAN- 6,280,234,333,-172
2,-2,0.167898,SAN- 6,280,234,335,-170
2,-1,0.167927,SAN- 6,280,234,337,-169
1,-2,0.167956,SAN- 6,280,234,338,-167
1,-2,0.167972,SAN- 6,280,234,339,-165
1,-1,0.167991,SAN- 6,280,234,340,-164
-1,-1,0.168008,SAN- 6,280,234,339,-163
-1,-1,0.168043,SAN- 6,280,234,338,-162
-2,-1,0.168083,SAN- 6,280,234,336,-161
-2,-1,0.168095,SAN- 6,280,234,334,-160
-2,-1,0.168107,SAN- 6,280,234,332,-159
-1,-1,0.16813,SAN- 6,280,234,331,-158
-2,-1,0.168153,SAN- 6,280,234,329,-157
-1,-1,0.168229,SAN- 6,280,234,328,-156
-1,-2,0.168258,SAN- 6,280,234,327,-154
1,1,0.168339,SAN- 6,280,234,328,-155
1,1,0.168362,SAN- 6,280,234,329,-156
1,2,0.168397,SAN- 6,280,234,330,-158
1,2,0.168403,SAN- 6,280,234,331,-160
2,2,0.16842,SAN- 6,280,234,333,-162
2,2,0.168443,SAN- 6,280,234,335,-164
1,1,0.168507,SAN- 6,280,234,336,-165
1,1,0.178889,-TIA- 7,121,109,337,-166
1,1,0.178916,-TIA- 7,121,109,338,-167
1,1,0.178939,-TIA- 7,121,109,339,-168
1,1,0.178968,-TIA- 7,121,109,340,-169
1,1,0.179003,-TIA- 7,121,109,341,-170
2,1,0.179037,-TIA- 7,121,109,343,-171
1,1,0.179061,-TIA- 7,121,109,344,-172
1,1,0.17909,-TIA- 7,121,109,345,-173
1,1,0.179252,-TIA- 7,121,109,346,-174
1,1,0.179258,-TIA- 7,121,109,347,-175
-1,2,0.179299,-TIA- 7,121,109,346,-177
-2,2,0.179304,-TIA- 7,121,109,344,-179
-2,2,0.179345,-TIA- 7,121,109,342,-181
-2,2,0.179363,-TIA- 7,121,109,340,-183
-3,1,0.179397,-TIA- 7,121,109,337,-184
-2,1,0.179409,-TIA- 7,121,109,335,-185
-3,1,0.17945,-TIA- 7,121,109,332,-186
-2,-1,0.179839,-TIA- 7,121,109,330,-185
-2,-1,0.179873,-TIA- 7,121,109,328,-184
-2,-2,0.179902,-TIA- 7,121,109,326,-182
-3,-1,0.179937,-TIA- 7,121,109,323,-181
-2,-2,0.17996,-TIA- 7,121,109,321,-179
-2,-2,0.179984,-TIA- 7,121,109,319,-177
-2,-2,0.180024,-TIA- 7,121,109,317,-175
-2,-2,0.18003,-TIA- 7,121,109,315,-173
-2,-2,0.180065,-TIA- 7,121,109,313,-171
-2,-1,0.180088,-TIA- 7,121,109,311,-170
-3,-2,0.180111,-TIA- 7,121,109,308,-168
-2,-2,0.180135,-TIA- 7,121,109,306,-166
-3,-2,0.180169,-TIA- 7,121,109,303,-164
-3,-2,0.180198,-TIA- 7,121,109,300,-162
-3,-1,0.180216,-TIA- 7,121,109,297,-161
-3,-1,0.180239,-TIA- 7,121,109,294,-160
-2,-1,0.180274,-TIA- 7,121,109,292,-159
-3,-1,0.180291,-TIA- 7,121,109,289,-158
-3,-1,0.180326,-TIA- 7,121,109,286,-157
-3,-1,0.180361,-TIA- 7,121,109,283,-156
-3,-1,0.180721,-TIA- 7,121,109,280,-155
-3,-1,0.18075,-TIA- 7,121,109,277,-154
-3,-1,0.180767,-TIA- 7,121,109,274,-153
-2,-1,0.180808,-TIA- 7,121,109,272,-152
-3,-1,0.180815,-TIA- 7,121,109,269,-151
-3,-1,0.180843,-TIA- 7,121,109,266,-150
-3,-1,0.180872,-TIA- 7,121,109,263,-149
-3,-1,0.180907,-TIA- 7,121,109,260,-148
-3,-1,0.180918,-TIA- 7,121,109,257,-147
-2,-2,0.180953,-TIA- 7,121,109,255,-145
-3,-2,0.180971,-TIA- 7,121,109,252,-143
-3,-2,0.181005,-TIA- 7,121,109,249,-141
-3,-2,0.181023,-TIA- 7,121,109,246,-139
-3,-3,0.181058,-TIA- 7,121,109,243,-136
-4,-6,0.181087,-TIA- 7,121,109,239,-130
-8,-3,0.181121,-TIA- 7,121,109,231,-127
-3,-2,0.181156,-TIA- 7,121,109,228,-125
-3,-3,0.181168,-TIA- 7,121,109,225,-122
-3,-3,0.181203,-TIA- 7,121,109,222,-119
-3,-3,0.181232,-TIA- 7,121,109,219,-116
-3,-3,0.181243,-TIA- 7,121,109,216,-113
-2,-2,0.181272,-TIA- 7,121,109,214,-111
-1,-1,0.181305,-TIA- 7,121,109,213,-110
-1,-2,0.181319,-TIA- 7,121,109,212,-108
-1,-2,0.181354,-TIA- 7,121,109,211,-106
-1,-1,0.181377,-TIA- 7,121,109,210,-105
-1,-1,0.1814,-TIA- 7,121,109,209,-104
-1,-1,0.181447,-TIA- 7,121,109,208,-103
-1,-1,0.18147,-TIA- 7,121,109,207,-102
-1,-1,0.181499,-TIA- 7,121,109,206,-101
-1,-1,0.181528,-TIA- 7,121,109,205,-100
-1,-2,0.181545,-TIA- 7,121,109,204,-98
-2,-2,0.181575,-TIA- 7,121,109,202,-96
-2,-2,0.181602,-TIA- 7,121,109,200,-94
-2,-3,0.181626,-TIA- 7,121,109,198,-91
-3,-3,0.18165,-TIA- 7,121,109,195,-88
-3,-3,0.18169,-TIA- 7,121,109,192,-85
-3,-2,0.181696,-TIA- 7,121,109,189,-83
-2,-3,0.181719,-TIA- 7,121,109,187,-80
-3,-3,0.181754,-TIA- 7,121,109,184,-77
-3,-3,0.181783,-TIA- 7,121,109,181,-74
-3,-3,0.181818,-TIA- 7,121,109,178,-71
-4,-2,0.181835,-TIA- 7,121,109,174,-69
-3,-3,0.18187,-TIA- 7,121,109,171,-66
-4,-3,0.181882,-TIA- 7,121,109,167,-63
-4,-3,0.181905,-TIA- 7,121,109,163,-60
-4,-3,0.181946,-TIA- 7,121,109,159,-57
-3,-2,0.181969,-TIA- 7,121,109,156,-55
-4,-3,0.181975,-TIA- 7,121,109,152,-52
-4,-3,0.18201,-TIA- 7,121,109,148,-49
-4,-3,0.182044,-TIA- 7,121,109,144,-46
-3,-3,0.182062,-TIA- 7,121,109,141,-43
-4,-3,0.182091,-TIA- 7,121,109,137,-40
-4,-2,0.18212,-TIA- 7,121,109,133,-38
-4,-3,0.182126,-TIA- 7,121,109,129,-35
-3,-3,0.182161,-TIA- 7,121,109,126,-32
-4,-3,0.182195,-TIA- 7,121,109,122,-29
-4,-3,0.182207,-TIA- 7,121,109,118,-26
-3,-2,0.182242,-TIA- 7,121,109,115,-24
-4,-3,0.182271,-TIA- 7,121,109,111,-21
-4,-3,0.182282,-TIA- 7,121,109,107,-18
-4,-3,0.182306,-TIA- 7,121,109,103,-15
-3,-3,0.182335,-TIA- 7,121,109,100,-12
-3,-2,0.18237,-TIA- 7,121,109,97,-10
-3,-3,0.182393,-TIA- 7,121,109,94,-7
-3,-3,0.182422,-TIA- 7,121,109,91,-4
-3,-3,0.182433,-TIA- 7,121,109,88,-1
-3,-3,0.182457,-TIA- 7,121,109,85,2
-2,-3,0.182486,-TIA- 7,121,109,83,5
-3,-2,0.18252,-TIA- 7,121,109,80,7
-3,-2,0.182554,-TIA- 7,121,109,77,9
-2,-3,0.18259,-TIA- 7,121,109,75,12
-2,-3,0.182608,-TIA- 7,121,109,73,15
-2,-2,0.182642,-TIA- 7,121,109,71,17
-1,-3,0.182671,-TIA- 7,121,109,70,20
-1,-3,0.182695,-TIA- 7,121,109,69,23
1,-2,0.182706,-TIA- 7,121,109,70,25
1,-2,0.182735,-TIA- 7,121,109,71,27
2,-1,0.182758,-TIA- 7,121,109,73,28
2,-1,0.182793,-TIA- 7,121,109,75,29
3,-1,0.183002,-TIA- 7,121,109,78,30
6,-1,0.183031,-TIA- 7,121,109,84,31
2,-1,0.183089,-TIA- 7,121,109,86,32
3,-1,0.183124,-TIA- 7,121,109,89,33
3,-1,0.18313,-TIA- 7,121,109,92,34
3,-1,0.183147,-TIA- 7,121,109,95,35
3,-1,0.183176,-TIA- 7,121,109,98,36
3,-1,0.183211,-TIA- 7,121,109,101,37
2,-2,0.18324,-TIA- 7,121,109,103,39
3,-2,0.183263,-TIA- 7,121,109,106,41
3,-2,0.183275,-TIA- 7,121,109,109,43
3,-2,0.183298,-TIA- 7,121,109,112,45
3,-1,0.183322,-TIA- 7,121,109,115,46
2,-2,0.183351,-TIA- 7,121,109,117,48
3,-2,0.183385,-TIA- 7,121,109,120,50
3,-4,0.183426,-TIA- 7,121,109,123,54
4,-2,0.183461,-TIA- 7,121,109,127,56
3,-2,0.18349,-TIA- 7,121,109,130,58
2,-2,0.183513,-TIA- 7,121,109,132,60
3,-1,0.183548,-TIA- 7,121,109,135,61
3,-3,0.183577,-TIA- 7,121,109,138,64
6,-1,0.183612,-TIA- 7,121,109,144,65
2,-1,0.183623,-TIA- 7,121,109,146,66
3,-1,0.183658,-TIA- 7,121,109,149,67
3,-1,0.183689,-TIA- 7,121,109,152,68
3,-1,0.183722,-TIA- 7,121,109,155,69
3,-1,0.183728,-TIA- 7,121,109,158,70
2,-1,0.183763,-TIA- 7,121,109,160,71
1,-1,0.183792,-TIA- 7,121,109,161,72
2,-1,0.183809,-TIA- 7,121,109,163,73
2,-1,0.183844,-TIA- 7,121,109,165,74
2,-1,0.183873,-TIA- 7,121,109,167,75
2,-1,0.183879,-TIA- 7,121,109,169,76
1,-2,0.183948,-TIA- 7,121,109,170,78
1,-1,0.183966,-TIA- 7,121,109,171,79
1,-1,0.183995,-TIA- 7,121,109,172,80
1,-1,0.184001,-TIA- 7,121,109,173,81
1,1,0.184163,-TIA- 7,121,109,174,80
1,2,0.18421,-TIA- 7,121,109,175,78
-1,1,0.184245,-TIA- 7,121,109,174,77
-1,1,0.184274,-TIA- 7,121,109,173,76
-1,1,0.184303,-TIA- 7,121,109,172,75
-1,-1,0.192824,GO 8,142,496,171,76
-1,-2,0.192888,GO 8,142,496,170,78
-1,-2,0.192894,GO 8,142,496,169,80
-1,-3,0.192917,GO 8,142,496,168,83
-1,-3,0.192952,GO 8,142,496,167,86
-1,-3,0.192975,GO 8,142,496,166,89
-1,-2,0.193004,GO 8,142,496,165,91
-1,-3,0.193039,GO 8,142,496,164,94
-1,-6,0.193068,GO 8,142,496,163,100
1,-2,0.193103,GO 8,142,496,164,102
1,-2,0.193144,GO 8,142,496,165,104
3,2,0.193248,GO 8,142,496,168,102
2,2,0.193281,GO 8,142,496,170,100
3,3,0.193318,GO 8,142,496,173,97
3,6,0.193353,GO 8,142,496,176,91
6,2,0.193382,GO 8,142,496,182,89
2,3,0.193416,GO 8,142,496,184,86
3,4,0.193451,GO 8,142,496,187,82
6,2,0.19348,GO 8,142,496,193,80
3,2,0.193498,GO 8,142,496,196,78
3,2,0.193538,GO 8,142,496,199,76
2,2,0.19355,GO 8,142,496,201,74
3,1,0.193585,GO 8,142,496,204,73
3,2,0.193614,GO 8,142,496,207,71
3,2,0.193625,GO 8,142,496,210,69
3,2,0.193649,GO 8,142,496,213,67
2,2,0.193681,GO 8,142,496,215,65
3,2,0.193718,GO 8,142,496,218,63
3,2,0.193753,GO 8,142,496,221,61
3,2,0.19377,GO 8,142,496,224,59
3,2,0.193776,GO 8,142,496,227,57
2,3,0.1938,GO 8,142,496,229,54
3,3,0.193834,GO 8,142,496,232,51
3,3,0.193863,GO 8,142,496,235,48
3,3,0.193887,GO 8,142,496,238,45
3,2,0.19391,GO 8,142,496,241,43
3,4,0.193927,GO 8,142,496,244,39
2,4,0.19395,GO 8,142,496,246,35
3,4,0.193985,GO 8,142,496,249,31
3,3,0.194014,GO 8,142,496,252,28
3,8,0.194049,GO 8,142,496,255,20
5,4,0.194078,GO 8,142,496,260,16
3,3,0.194101,GO 8,142,496,263,13
3,4,0.194136,GO 8,142,496,266,9
3,4,0.194159,GO 8,142,496,269,5
3,4,0.194177,GO 8,142,496,272,1
2,3,0.1942,GO 8,142,496,274,-2
2,4,0.194229,GO 8,142,496,276,-6
2,4,0.194264,GO 8,142,496,278,-10
2,4,0.194287,GO 8,142,496,280,-14
2,3,0.19431,GO 8,142,496,282,-17
2,4,0.194328,GO 8,142,496,284,-21
2,4,0.194363,GO 8,142,496,286,-25
2,4,0.194374,GO 8,142,496,288,-29
1,3,0.194415,GO 8,142,496,289,-32
2,4,0.194432,GO 8,142,496,291,-36
2,4,0.194473,GO 8,142,496,293,-40
2,4,0.194479,GO 8,142,496,295,-44
2,3,0.194502,GO 8,142,496,297,-47
2,4,0.194537,GO 8,142,496,299,-51
2,4,0.194566,GO 8,142,496,301,-55
1,4,0.194595,GO 8,142,496,302,-59
1,7,0.19463,GO 8,142,496,303,-66
1,4,0.194653,GO 8,142,496,304,-70
-1,4,0.194688,GO 8,142,496,303,-74
-2,3,0.194711,GO 8,142,496,301,-77
-2,4,0.194746,GO 8,142,496,299,-81
-3,4,0.194775,GO 8,142,496,296,-85
-3,4,0.194786,GO 8,142,496,293,-89
-4,3,0.194808,GO 8,142,496,289,-92
-3,4,0.194833,GO 8,142,496,286,-96
-4,4,0.194862,GO 8,142,496,282,-100
-4,4,0.194897,GO 8,142,496,278,-104
-3,3,0.194926,GO 8,142,496,275,-107
-4,4,0.194937,GO 8,142,496,271,-111
-4,4,0.194961,GO 8,142,496,267,-115
-4,4,0.194984,GO 8,142,496,263,-119
-3,3,0.195019,GO 8,142,496,260,-122
-4,4,0.195048,GO 8,142,496,256,-126
-4,4,0.195081,GO 8,142,496,252,-130
-4,4,0.195088,GO 8,142,496,248,-134
-3,3,0.195111,GO 8,142,496,245,-137
-4,4,0.195135,GO 8,142,496,241,-141
-4,4,0.195158,GO 8,142,496,237,-145
-4,4,0.195193,GO 8,142,496,233,-149
-3,3,0.195222,GO 8,142,496,230,-152
-4,8,0.195257,GO 8,142,496,226,-160
-8,4,0.195274,GO 8,142,496,218,-164
-3,3,0.195297,GO 8,142,496,215,-167
-4,4,0.195332,GO 8,142,496,211,-171
-4,4,0.195361,GO 8,142,496,207,-175
-4,4,0.195379,GO 8,142,496,203,-179
-3,3,0.195408,GO 8,142,496,200,-182
-4,4,0.195431,GO 8,142,496,196,-186
-4,4,0.195448,GO 8,142,496,192,-190
-4,4,0.195483,GO 8,142,496,188,-194
-3,3,0.195512,GO 8,142,496,185,-197
-4,4,0.195547,GO 8,142,496,181,-201
-4,4,0.195553,GO 8,142,496,177,-205
-4,4,0.195587,GO 8,142,496,173,-209
-3,3,0.195599,GO 8,142,496,170,-212
-4,4,0.195634,GO 8,142,496,166,-216
-4,4,0.195663,GO 8,142,496,162,-220
-4,4,0.195698,GO 8,142,496,158,-224
-3,3,0.195704,GO 8,142,496,155,-227
-4,4,0.195727,GO 8,142,496,151,-231
-4,4,0.195773,GO 8,142,496,147,-235
-4,4,0.195785,GO 8,142,496,143,-239
-3,3,0.195802,GO 8,142,496,140,-242
-4,4,0.195825,GO 8,142,496,136,-246
-4,4,0.195855,GO 8,142,496,132,-250
-4,4,0.19588,GO 8,142,496,128,-254
-3,3,0.195913,GO 8,142,496,125,-257
-4,3,0.195947,GO 8,142,496,121,-260
-4,3,0.195965,GO 8,142,496,117,-263
-4,3,0.195976,GO 8,142,496,113,-266
-3,3,0.196011,GO 8,142,496,110,-269
-3,2,0.19603,GO 8,142,496,107,-271
-3,3,0.196058,GO 8,142,496,104,-274
-2,3,0.196081,GO 8,142,496,102,-277
-2,8,0.19611,GO 8,142,496,100,-285
-1,3,0.196145,GO 8,142,496,99,-288
1,4,0.196168,GO 8,142,496,100,-292
2,3,0.196203,GO 8,142,496,102,-295
2,3,0.196232,GO 8,142,496,104,-298
2,5,0.196265,GO 8,142,496,106,-303
4,3,0.19629,GO 8,142,496,110,-306
1,3,0.196319,GO 8,142,496,111,-309
2,3,0.196354,GO 8,142,496,113,-312
2,3,0.196383,GO 8,142,496,115,-315
2,5,0.196418,GO 8,142,496,117,-320
4,3,0.196447,GO 8,142,496,121,-323
2,3,0.19647,GO 8,142,496,123,-326
2,3,0.196493,GO 8,142,496,125,-329
1,2,0.196528,GO 8,142,496,126,-331
3,3,0.196545,GO 8,142,496,129,-334
3,3,0.196569,GO 8,142,496,132,-337
3,3,0.196592,GO 8,142,496,135,-340
3,3,0.196615,GO 8,142,496,138,-343
3,3,0.196644,GO 8,142,496,141,-346
2,2,0.196673,GO 8,142,496,143,-348
3,3,0.196708,GO 8,142,496,146,-351
3,3,0.196714,GO 8,142,496,149,-354
3,3,0.196737,GO 8,142,496,152,-357
2,3,0.196778,GO 8,142,496,154,-360
1,1,0.196795,GO 8,142,496,155,-361
2,2,0.196824,GO 8,142,496,157,-363
2,2,0.196859,GO 8,142,496,159,-365
2,1,0.196865,GO 8,142,496,161,-366
2,1,0.196888,GO 8,142,496,163,-367
2,1,0.196928,GO 8,142,496,165,-368
1,1,0.196946,GO 8,142,496,166,-369
1,1,0.196969,GO 8,142,496,167,-370
1,1,0.19701,GO 8,142,496,168,-371
1,1,0.197034,GO 8,142,496,169,-372
1,2,0.197068,GO 8,142,496,170,-374
1,2,0.197097,GO 8,142,496,171,-376
1,2,0.197125,GO 8,142,496,172,-378
1,2,0.197155,GO 8,142,496,173,-380
1,2,0.197161,GO 8,142,496,174,-382
1,3,0.197186,GO 8,142,496,175,-385
1,3,0.197219,GO 8,142,496,176,-388
2,3,0.197254,GO 8,142,496,178,-391
2,3,0.197283,GO 8,142,496,180,-394
2,2,0.197306,GO 8,142,496,182,-396
2,3,0.197316,GO 8,142,496,184,-399
2,3,0.197341,GO 8,142,496,186,-402
1,3,0.197375,GO 8,142,496,187,-405
1,3,0.197404,GO 8,142,496,188,-408
1,2,0.197433,GO 8,142,496,189,-410
1,1,0.197451,GO 8,142,496,190,-411
1,2,0.197468,GO 8,142,496,191,-413
1,2,0.197497,GO 8,142,496,192,-415
1,2,0.197525,GO 8,142,496,193,-417
1,2,0.197555,GO 8,142,496,194,-419
1,2,0.197561,GO 8,142,496,195,-421
1,2,0.197602,GO 8,142,496,196,-423
1,1,0.197619,GO 8,142,496,197,-424
1,2,0.197648,GO 8,142,496,198,-426
1,2,0.197677,GO 8,142,496,199,-428
1,2,0.1977,GO 8,142,496,200,-430
1,2,0.197706,GO 8,142,496,201,-432
1,2,0.19773,GO 8,142,496,202,-434
1,2,0.197764,GO 8,142,496,203,-436
1,2,0.197793,GO 8,142,496,204,-438
1,1,0.197828,GO 8,142,496,205,-439
1,2,0.197834,GO 8,142,496,206,-441
1,2,0.197857,GO 8,142,496,207,-443
1,2,0.197886,GO 8,142,496,208,-445
1,1,0.197915,GO 8,142,496,209,-446
1,1,0.197939,GO 8,142,496,210,-447
1,-1,0.198589,GO 8,142,496,211,-446
1,-1,0.198641,GO 8,142,496,212,-445
1,-1,0.19867,GO 8,142,496,213,-444
1,-1,0.198722,GO 8,142,496,214,-443
1,-1,0.19874,GO 8,142,496,215,-442
1,1,0.199198,GO 8,142,496,216,-443
1,1,0.199221,GO 8,142,496,217,-444
1,1,0.199285,GO 8,142,496,218,-445
1,1,0.199308,GO 8,142,496,219,-446
1,1,0.199349,GO 8,142,496,220,-447
1,1,0.199384,GO 8,142,496,221,-448
1,1,0.19993,GO 8,142,496,222,-449
1,1,0.199964,GO 8,142,496,223,-450
1,3,0.199999,GO 8,142,496,224,-453
3,2,0.200017,GO 8,142,496,227,-455
1,2,0.20004,GO 8,142,496,228,-457
2,2,0.200063,GO 8,142,496,230,-459
2,1,0.200086,GO 8,142,496,232,-460
2,2,0.200104,GO 8,142,496,234,-462
2,1,0.200121,GO 8,142,496,236,-463
1,1,0.200139,GO 8,142,496,237,-464
1,1,0.200168,GO 8,142,496,238,-465
-1,2,0.20022,GO 8,142,496,237,-467
-2,1,0.200249,GO 8,142,496,235,-468
-2,1,0.20026,GO 8,142,496,233,-469
-2,1,0.200285,GO 8,142,496,231,-470
-2,1,0.200313,GO 8,142,496,229,-471
-1,1,0.200342,GO 8,142,496,228,-472
-1,1,0.200406,GO 8,142,496,227,-473
-1,1,0.200464,GO 8,142,496,226,-474
-1,1,0.200469,GO 8,142,496,225,-475
1,1,0.200487,GO 8,142,496,226,-476
1,1,0.200533,GO 8,142,496,227,-477
1,1,0.200551,GO 8,142,496,228,-478
1,1,0.200586,GO 8,142,496,229,-479
1,1,0.200591,GO 8,142,496,230,-480
1,1,0.200632,GO 8,142,496,231,-481
1,2,0.200649,GO 8,142,496,232,-483
1,2,0.200678,GO 8,142,496,233,-485
1,2,0.200684,GO 8,142,496,234,-487
1,2,0.200713,GO 8,142,496,235,-489
1,2,0.200731,GO 8,142,496,236,-491
1,2,0.20076,GO 8,142,496,237,-493
1,1,0.200783,GO 8,142,496,238,-494
1,2,0.200789,GO 8,142,496,239,-496
1,2,0.200812,GO 8,142,496,240,-498
1,2,0.200841,GO 8,142,496,241,-500
-1,2,0.200864,GO 8,142,496,240,-502
-1,2,0.200893,GO 8,142,496,239,-504
-2,1,0.200928,GO 8,142,496,237,-505
-1,1,0.201073,GO 8,142,496,236,-506
