deltaX,deltaY,WHEN,SYLLABLE,XofButton,YofButton,XofTrace,YofTrace
0,70,0.0594895,Yield,0,0,0,-70
-67,4,0.0595244,Yield,0,0,-67,-74
-4,7,0.0595592,Yield,0,0,-71,-81
-7,4,0.059593,Yield,0,0,-78,-85
-4,7,0.0596308,Yield,0,0,-82,-92
-7,4,0.0596869,Yield,0,0,-89,-96
-4,4,0.0596985,Yield,0,0,-93,-100
-4,4,0.0597159,Yield,0,0,-97,-104
-4,3,0.0597449,Yield,0,0,-101,-107
-3,4,0.0597682,Yield,0,0,-104,-111
-4,4,0.0597972,Yield,0,0,-108,-115
-4,4,0.0598436,Yield,0,0,-112,-119
-4,3,0.0598668,Yield,0,0,-116,-122
-3,4,0.0598785,Yield,0,0,-119,-126
-4,4,0.0598901,Yield,0,0,-123,-130
-4,4,0.0598901,Yield,0,0,-127,-134
-4,3,0.0598901,Yield,0,0,-131,-137
-3,4,0.0598901,Yield,0,0,-134,-141
-4,4,0.0599075,Yield,0,0,-138,-145
-4,4,0.0599307,Yield,0,0,-142,-149
-4,3,0.0599597,Yield,0,0,-146,-152
-3,4,0.0599829,Yield,0,0,-149,-156
-4,4,0.060012,Yield,0,0,-153,-160
-4,4,0.0600294,Yield,0,0,-157,-164
-4,3,0.0600642,Yield,0,0,-161,-167
-3,4,0.0600816,Yield,0,0,-164,-171
-4,4,0.0601095,Yield,0,0,-168,-175
-4,4,0.0601397,Yield,0,0,-172,-179
-4,3,0.0601571,Yield,0,0,-176,-182
-3,4,0.0601803,Yield,0,0,-179,-186
-4,4,0.0602151,Yield,0,0,-183,-190
-4,4,0.0602384,Yield,0,0,-187,-194
-4,3,0.0602616,Yield,0,0,-191,-197
-3,4,0.0602919,Yield,0,0,-194,-201
-4,4,0.0603138,Yield,0,0,-198,-205
-4,4,0.0603367,Yield,0,0,-202,-209
-4,3,0.0603603,Yield,0,0,-206,-212
-3,4,0.0604009,Yield,0,0,-209,-216
-4,4,0.0604357,Yield,0,0,-213,-220
-4,4,0.060459,Yield,0,0,-217,-224
-4,3,0.0604648,Yield,0,0,-221,-227
-3,4,0.060488,Yield,0,0,-224,-231
-4,4,0.060517,Yield,0,0,-228,-235
-4,4,0.060546,Yield,0,0,-232,-239
-4,3,0.0605867,Yield,0,0,-236,-242
-3,4,0.0605983,Yield,0,0,-239,-246
-4,4,0.0606215,Yield,0,0,-243,-250
-4,4,0.0606505,Yield,0,0,-247,-254
-4,3,0.0606795,Yield,0,0,-251,-257
-3,4,0.060694,Yield,0,0,-254,-261
-4,4,0.0607376,Yield,0,0,-258,-265
-4,4,0.060755,Yield,0,0,-262,-269
-3,3,0.0607782,Yield,0,0,-265,-272
-4,4,0.0608073,Yield,0,0,-269,-276
-4,4,0.0608421,Yield,0,0,-273,-280
-4,4,0.0608479,Yield,0,0,-277,-284
-3,3,0.0608769,Yield,0,0,-280,-287
-4,4,0.0609059,Yield,0,0,-284,-291
-4,4,0.0609292,Yield,0,0,-288,-295
-4,4,0.060964,Yield,0,0,-292,-299
-3,3,0.0609814,Yield,0,0,-295,-302
-4,4,0.0610104,Yield,0,0,-299,-306
-4,4,0.0610278,Yield,0,0,-303,-310
-4,4,0.0610627,Yield,0,0,-307,-314
-3,3,0.0610975,Yield,0,0,-310,-317
-4,4,0.0611265,Yield,0,0,-314,-321
-4,4,0.0611381,Yield,0,0,-318,-325
-4,4,0.0611614,Yield,0,0,-322,-329
-3,3,0.0611962,Yield,0,0,-325,-332
-4,4,0.0612194,Yield,0,0,-329,-336
-4,4,0.0612484,Yield,0,0,-333,-340
-4,4,0.0612659,Yield,0,0,-337,-344
-3,3,0.0612891,Yield,0,0,-340,-347
-4,4,0.0613123,Yield,0,0,-344,-351
-4,4,0.0613459,Yield,0,0,-348,-355
-4,4,0.0613587,Yield,0,0,-352,-359
-3,7,0.0614168,Yield,0,0,-355,-366
-8,4,0.06144,Yield,0,0,-363,-370
-4,4,0.0614632,Yield,0,0,-367,-374
-3,3,0.0614963,Yield,0,0,-370,-377
-4,4,0.0615097,Yield,0,0,-374,-381
-4,4,0.0615445,Yield,0,0,-378,-385
-4,4,0.0615677,Yield,0,0,-382,-389
-3,3,0.0615967,Yield,0,0,-385,-392
-4,4,0.0616258,Yield,0,0,-389,-396
-4,4,0.0616374,Yield,0,0,-393,-400
-4,4,0.0616664,Yield,0,0,-397,-404
-3,3,0.0616896,Yield,0,0,-400,-407
-4,4,0.0617186,Yield,0,0,-404,-411
-4,4,0.0617535,Yield,0,0,-408,-415
-4,4,0.0617767,Yield,0,0,-412,-419
-3,3,0.0617883,Yield,0,0,-415,-422
-4,4,0.0618173,Yield,0,0,-419,-426
-4,4,0.0618463,Yield,0,0,-423,-430
-4,4,0.0618812,Yield,0,0,-427,-434
-3,3,0.0619044,Yield,0,0,-430,-437
-4,4,0.0619334,Yield,0,0,-434,-441
-4,4,0.061945,Yield,0,0,-438,-445
-4,4,0.0619683,Yield,0,0,-442,-449
-3,3,0.0619973,Yield,0,0,-445,-452
-4,4,0.0620246,Yield,0,0,-449,-456
-4,4,0.0620611,Yield,0,0,-453,-460
-4,4,0.0620727,Yield,0,0,-457,-464
-3,3,0.062096,Yield,0,0,-460,-467
-4,4,0.0621192,Yield,0,0,-464,-471
-4,4,0.062154,Yield,0,0,-468,-475
-4,4,0.0621656,Yield,0,0,-472,-479
-3,3,0.0622141,Yield,0,0,-475,-482
-4,4,0.0622237,Yield,0,0,-479,-486
-4,4,0.0622469,Yield,0,0,-483,-490
-4,4,0.0622815,Yield,0,0,-487,-494
-3,7,0.0623224,Yield,0,0,-490,-501
-8,4,0.0623514,Yield,0,0,-498,-505
-3,4,0.0623746,Yield,0,0,-501,-509
-3,3,0.0624094,Yield,0,0,-504,-512
-2,4,0.0624327,Yield,0,0,-506,-516
-3,4,0.0624501,Yield,0,0,-509,-520
-3,4,0.0624733,Yield,0,0,-512,-524
-3,3,0.0624965,Yield,0,0,-515,-527
-3,4,0.0625255,Yield,0,0,-518,-531
-2,4,0.0625604,Yield,0,0,-520,-535
-3,4,0.0625778,Yield,0,0,-523,-539
-3,3,0.062601,Yield,0,0,-526,-542
-3,4,0.06263,Yield,0,0,-529,-546
-4,4,0.0626649,Yield,0,0,-533,-550
-3,4,0.0626881,Yield,0,0,-536,-554
-4,3,0.0627113,Yield,0,0,-540,-557
-4,4,0.0627229,Yield,0,0,-544,-561
-4,4,0.0627345,Yield,0,0,-548,-565
-3,4,0.0627577,Yield,0,0,-551,-569
-4,3,0.062781,Yield,0,0,-555,-572
-4,4,0.0627926,Yield,0,0,-559,-576
-4,4,0.0628216,Yield,0,0,-563,-580
-3,4,0.062839,Yield,0,0,-566,-584
-4,3,0.0628622,Yield,0,0,-570,-587
-4,4,0.0628912,Yield,0,0,-574,-591
-4,4,0.0628971,Yield,0,0,-578,-595
-3,3,0.0629145,Yield,0,0,-581,-598
-4,4,0.0629377,Yield,0,0,-585,-602
-3,4,0.0629609,Yield,0,0,-588,-606
-4,3,0.0629841,Yield,0,0,-592,-609
-3,4,0.0630073,Yield,0,0,-595,-613
-3,4,0.0630132,Yield,0,0,-598,-617
-2,4,0.0630306,Yield,0,0,-600,-621
-3,3,0.0630596,Yield,0,0,-603,-624
-3,4,0.0630886,Yield,0,0,-606,-628
-3,4,0.0631002,Yield,0,0,-609,-632
-3,4,0.0631118,Yield,0,0,-612,-636
-3,3,0.0631293,Yield,0,0,-615,-639
-2,4,0.0631583,Yield,0,0,-617,-643
-3,4,0.0631757,Yield,0,0,-620,-647
-3,4,0.0631873,Yield,0,0,-623,-651
-4,3,0.0632105,Yield,0,0,-627,-654
-3,4,0.0632279,Yield,0,0,-630,-658
-4,4,0.0632512,Yield,0,0,-634,-662
-4,4,0.0632686,Yield,0,0,-638,-666
-4,3,0.0632918,Yield,0,0,-642,-669
-3,4,0.0633092,Yield,0,0,-645,-673
-4,4,0.0633324,Yield,0,0,-649,-677
-4,4,0.0633498,Yield,0,0,-653,-681
-4,3,0.0633731,Yield,0,0,-657,-684
-3,4,0.0633905,Yield,0,0,-660,-688
-4,4,0.0634195,Yield,0,0,-664,-692
-4,4,0.0634311,Yield,0,0,-668,-696
-4,3,0.0634595,Yield,0,0,-672,-699
-2,4,0.0634776,Yield,0,0,-674,-703
-3,4,0.063495,Yield,0,0,-677,-707
-3,4,0.0635124,Yield,0,0,-680,-711
-3,3,0.0635356,Yield,0,0,-683,-714
-3,4,0.0635588,Yield,0,0,-686,-718
-3,4,0.06358,Yield,0,0,-689,-722
-1,4,0.0635995,Yield,0,0,-690,-726
-2,3,0.0636169,Yield,0,0,-692,-729
-2,4,0.0636401,Yield,0,0,-694,-733
-2,4,0.0636633,Yield,0,0,-696,-737
-2,4,0.0636836,Yield,0,0,-698,-741
-2,3,0.0636981,Yield,0,0,-700,-744
-2,4,0.0637214,Yield,0,0,-702,-748
-2,4,0.0637388,Yield,0,0,-704,-752
-1,4,0.063762,Yield,0,0,-705,-756
-2,3,0.0637794,Yield,0,0,-707,-759
-3,4,0.0638084,Yield,0,0,-710,-763
-3,4,0.06382,Yield,0,0,-713,-767
-3,4,0.0638433,Yield,0,0,-716,-771
-3,3,0.0638665,Yield,0,0,-719,-774
-2,4,0.0638897,Yield,0,0,-721,-778
-3,4,0.0639303,Yield,0,0,-724,-782
-3,4,0.0639464,Yield,0,0,-727,-786
-3,4,0.0639594,Yield,0,0,-730,-790
-3,4,0.0639884,Yield,0,0,-733,-794
-1,3,0.0640174,Yield,0,0,-734,-797
-2,4,0.0640464,Yield,0,0,-736,-801
-2,4,0.0640755,Yield,0,0,-738,-805
-2,4,0.0640929,Yield,0,0,-740,-809
-2,3,0.0641161,Yield,0,0,-742,-812
-2,4,0.0641435,Yield,0,0,-744,-816
-2,4,0.0641741,Yield,0,0,-746,-820
-2,4,0.0641974,Yield,0,0,-748,-824
-1,3,0.0642322,Yield,0,0,-749,-827
-2,4,0.0642496,Yield,0,0,-751,-831
-2,4,0.0642728,Yield,0,0,-753,-835
-2,4,0.0642967,Yield,0,0,-755,-839
-2,3,0.0643251,Yield,0,0,-757,-842
-2,4,0.0643541,Yield,0,0,-759,-846
-2,4,0.0643831,Yield,0,0,-761,-850
-2,4,0.0644238,Yield,0,0,-763,-854
-1,3,0.0644296,Yield,0,0,-764,-857
-2,4,0.0644528,Yield,0,0,-766,-861
-2,4,0.0644818,Yield,0,0,-768,-865
-2,4,0.0645108,Yield,0,0,-770,-869
-2,3,0.0645375,Yield,0,0,-772,-872
-2,4,0.0645689,Yield,0,0,-774,-876
-2,4,0.0645863,Yield,0,0,-776,-880
-2,4,0.0646095,Yield,0,0,-778,-884
-1,3,0.0646444,Yield,0,0,-779,-887
-2,4,0.0646676,Yield,0,0,-781,-891
-2,4,0.0647024,Yield,0,0,-783,-895
-2,4,0.0647256,Yield,0,0,-785,-899
-2,3,0.064743,Yield,0,0,-787,-902
-2,4,0.0647663,Yield,0,0,-789,-906
-2,4,0.0647895,Yield,0,0,-791,-910
-2,4,0.0648185,Yield,0,0,-793,-914
-1,3,0.0648591,Yield,0,0,-794,-917
-2,4,0.0648824,Yield,0,0,-796,-921
-2,4,0.0648998,Yield,0,0,-798,-925
-2,4,0.064923,Yield,0,0,-800,-929
-2,3,0.0649462,Yield,0,0,-802,-932
-2,4,0.0649694,Yield,0,0,-804,-936
-2,4,0.0650043,Yield,0,0,-806,-940
-2,4,0.0650333,Yield,0,0,-808,-944
-1,3,0.0650565,Yield,0,0,-809,-947
-2,4,0.0650797,Yield,0,0,-811,-951
-2,4,0.0651029,Yield,0,0,-813,-955
-2,4,0.0651378,Yield,0,0,-815,-959
-2,3,0.0651552,Yield,0,0,-817,-962
-2,4,0.0651958,Yield,0,0,-819,-966
-2,4,0.0652074,Yield,0,0,-821,-970
-2,4,0.0652365,Yield,0,0,-823,-974
-1,4,0.0652597,Yield,0,0,-824,-978
-2,4,0.0652945,Yield,0,0,-826,-982
-2,3,0.0653119,Yield,0,0,-828,-985
-2,4,0.0653584,Yield,0,0,-830,-989
-2,4,0.0653642,Yield,0,0,-832,-993
-2,4,0.0653932,Yield,0,0,-834,-997
-2,3,0.065399,Yield,0,0,-836,-1000
-2,4,0.065399,Yield,0,0,-838,-1004
-1,4,0.0654106,Yield,0,0,-839,-1008
-2,4,0.0654222,Yield,0,0,-841,-1012
-2,3,0.0654512,Yield,0,0,-843,-1015
-2,4,0.0654745,Yield,0,0,-845,-1019
-2,4,0.0655035,Yield,0,0,-847,-1023
-2,4,0.0655267,Yield,0,0,-849,-1027
-2,3,0.0655673,Yield,0,0,-851,-1030
-2,4,0.0655732,Yield,0,0,-853,-1034
-1,4,0.0656196,Yield,0,0,-854,-1038
-2,4,0.0656312,Yield,0,0,-856,-1042
-2,3,0.0656544,Yield,0,0,-858,-1045
-2,4,0.0656776,Yield,0,0,-860,-1049
-2,4,0.0657183,Yield,0,0,-862,-1053
-2,4,0.0657241,Yield,0,0,-864,-1057
-2,3,0.0657531,Yield,0,0,-866,-1060
-2,4,0.0657821,Yield,0,0,-868,-1064
-1,4,0.0658054,Yield,0,0,-869,-1068
-2,4,0.0658327,Yield,0,0,-871,-1072
-2,3,0.0658634,Yield,0,0,-873,-1075
-3,4,0.0658808,Yield,0,0,-876,-1079
-3,4,0.065904,Yield,0,0,-879,-1083
-3,4,0.0659389,Yield,0,0,-882,-1087
-2,3,0.0659621,Yield,0,0,-884,-1090
-3,4,0.0659853,Yield,0,0,-887,-1094
-3,4,0.0660143,Yield,0,0,-890,-1098
-3,4,0.0660317,Yield,0,0,-893,-1102
-3,3,0.066055,Yield,0,0,-896,-1105
-3,4,0.0660898,Yield,0,0,-899,-1109
-4,4,0.066113,Yield,0,0,-903,-1113
-4,4,0.0661362,Yield,0,0,-907,-1117
-4,3,0.0661612,Yield,0,0,-911,-1120
-3,4,0.0661885,Yield,0,0,-914,-1124
-4,4,0.0662117,Yield,0,0,-918,-1128
-4,4,0.0662349,Yield,0,0,-922,-1132
-4,3,0.066265,Yield,0,0,-926,-1135
-3,4,0.066293,Yield,0,0,-929,-1139
-4,4,0.066322,Yield,0,0,-933,-1143
-4,4,0.0663568,Yield,0,0,-937,-1147
-4,3,0.0663626,Yield,0,0,-941,-1150
-3,4,0.0663859,Yield,0,0,-944,-1154
-4,4,0.0664207,Yield,0,0,-948,-1158
-4,4,0.0664439,Yield,0,0,-952,-1162
-4,4,0.0664671,Yield,0,0,-956,-1166
-3,4,0.0664903,Yield,0,0,-959,-1170
-4,3,0.0665194,Yield,0,0,-963,-1173
-4,4,0.0665426,Yield,0,0,-967,-1177
-4,4,0.0665658,Yield,0,0,-971,-1181
-3,4,0.0665948,Yield,0,0,-974,-1185
-4,3,0.0666297,Yield,0,0,-978,-1188
-4,4,0.0666471,Yield,0,0,-982,-1192
-4,4,0.0666703,Yield,0,0,-986,-1196
-3,4,0.0666935,Yield,0,0,-989,-1200
-4,3,0.0667167,Yield,0,0,-993,-1203
-4,4,0.0667516,Yield,0,0,-997,-1207
-4,4,0.0667748,Yield,0,0,-1001,-1211
-3,4,0.0668038,Yield,0,0,-1004,-1215
-4,3,0.0668212,Yield,0,0,-1008,-1218
-4,4,0.0668444,Yield,0,0,-1012,-1222
-4,4,0.0668677,Yield,0,0,-1016,-1226
-4,4,0.0668909,Yield,0,0,-1020,-1230
-4,3,0.0669257,Yield,0,0,-1024,-1233
-4,4,0.0669547,Yield,0,0,-1028,-1237
-3,4,0.0669722,Yield,0,0,-1031,-1241
-4,4,0.0670012,Yield,0,0,-1035,-1245
-4,3,0.0670186,Yield,0,0,-1039,-1248
-4,4,0.0670418,Yield,0,0,-1043,-1252
-3,4,0.0670766,Yield,0,0,-1046,-1256
-4,4,0.0671086,Yield,0,0,-1050,-1260
-4,3,0.0671231,Yield,0,0,-1054,-1263
-4,4,0.0671521,Yield,0,0,-1058,-1267
-3,4,0.0671753,Yield,0,0,-1061,-1271
-4,4,0.0671985,Yield,0,0,-1065,-1275
-4,3,0.0672276,Yield,0,0,-1069,-1278
-3,4,0.0672566,Yield,0,0,-1072,-1282
-2,4,0.0672856,Yield,0,0,-1074,-1286
-3,4,0.067303,Yield,0,0,-1077,-1290
-3,3,0.0673263,Yield,0,0,-1080,-1293
-3,4,0.0673553,Yield,0,0,-1083,-1297
-3,4,0.0673727,Yield,0,0,-1086,-1301
-2,4,0.0674133,Yield,0,0,-1088,-1305
-3,3,0.0674307,Yield,0,0,-1091,-1308
-3,4,0.067454,Yield,0,0,-1094,-1312
-3,4,0.0674772,Yield,0,0,-1097,-1316
-3,4,0.0675062,Yield,0,0,-1100,-1320
-3,3,0.0675236,Yield,0,0,-1103,-1323
-2,4,0.0675701,Yield,0,0,-1105,-1327
-3,4,0.0675817,Yield,0,0,-1108,-1331
-3,4,0.0676049,Yield,0,0,-1111,-1335
-3,3,0.0676281,Yield,0,0,-1114,-1338
-3,4,0.0676513,Yield,0,0,-1117,-1342
-2,4,0.0676746,Yield,0,0,-1119,-1346
-3,4,0.0677036,Yield,0,0,-1122,-1350
-3,4,0.0677326,Yield,0,0,-1125,-1354
-3,4,0.0677558,Yield,0,0,-1128,-1358
-3,3,0.067779,Yield,0,0,-1131,-1361
-2,4,0.0678023,Yield,0,0,-1133,-1365
-3,4,0.0678371,Yield,0,0,-1136,-1369
-3,4,0.0678545,Yield,0,0,-1139,-1373
-3,3,0.0678922,Yield,0,0,-1142,-1376
-3,4,0.0679068,Yield,0,0,-1145,-1380
-3,4,0.0679358,Yield,0,0,-1148,-1384
-2,4,0.067959,Yield,0,0,-1150,-1388
-3,3,0.067988,Yield,0,0,-1153,-1391
-3,4,0.0680054,Yield,0,0,-1156,-1395
-3,4,0.0680287,Yield,0,0,-1159,-1399
-3,4,0.0680635,Yield,0,0,-1162,-1403
-2,3,0.0680867,Yield,0,0,-1164,-1406
-3,4,0.0681099,Yield,0,0,-1167,-1410
-3,4,0.0681332,Yield,0,0,-1170,-1414
-3,4,0.0681738,Yield,0,0,-1173,-1418
-3,3,0.0681796,Yield,0,0,-1176,-1421
-2,4,0.0682086,Yield,0,0,-1178,-1425
-3,4,0.068226,Yield,0,0,-1181,-1429
-3,4,0.0682434,Yield,0,0,-1184,-1433
-2,3,0.0682667,Yield,0,0,-1186,-1436
-2,4,0.0682899,Yield,0,0,-1188,-1440
-2,4,0.0683015,Yield,0,0,-1190,-1444
-2,4,0.0683247,Yield,0,0,-1192,-1448
-1,3,0.0683479,Yield,0,0,-1193,-1451
-2,4,0.0683712,Yield,0,0,-1195,-1455
-2,4,0.0683886,Yield,0,0,-1197,-1459
-2,4,0.068406,Yield,0,0,-1199,-1463
-1,3,0.0684292,Yield,0,0,-1200,-1466
-1,4,0.0684524,Yield,0,0,-1201,-1470
-1,4,0.0684756,Yield,0,0,-1202,-1474
-1,4,0.0684931,Yield,0,0,-1203,-1478
-1,3,0.0685105,Yield,0,0,-1204,-1481
-1,4,0.0685337,Yield,0,0,-1205,-1485
-1,4,0.0685511,Yield,0,0,-1206,-1489
-1,4,0.0685743,Yield,0,0,-1207,-1493
-1,3,0.0685976,Yield,0,0,-1208,-1496
-1,4,0.0686208,Yield,0,0,-1209,-1500
-1,4,0.0686382,Yield,0,0,-1210,-1504
-1,4,0.0686672,Yield,0,0,-1211,-1508
-1,3,0.0686788,Yield,0,0,-1212,-1511
-1,4,0.0686962,Yield,0,0,-1213,-1515
-1,4,0.0687195,Yield,0,0,-1214,-1519
-1,4,0.0687535,Yield,0,0,-1215,-1523
-1,3,0.0687659,Yield,0,0,-1216,-1526
-1,4,0.0687891,Yield,0,0,-1217,-1530
-1,4,0.0688065,Yield,0,0,-1218,-1534
-2,4,0.0688239,FRAY 1,264,187,-1220,-1538
-2,4,0.0688414,FRAY 1,264,187,-1222,-1542
-2,4,0.0688646,FRAY 1,264,187,-1224,-1546
-1,3,0.0688878,FRAY 1,264,187,-1225,-1549
-1,4,0.068911,FRAY 1,264,187,-1226,-1553
-1,4,0.0689284,FRAY 1,264,187,-1227,-1557
-1,4,0.0689459,FRAY 1,264,187,-1228,-1561
-1,3,0.0689633,FRAY 1,264,187,-1229,-1564
-1,4,0.0689923,FRAY 1,264,187,-1230,-1568
-1,4,0.0690097,FRAY 1,264,187,-1231,-1572
-1,4,0.0690445,FRAY 1,264,187,-1232,-1576
-1,3,0.0690503,FRAY 1,264,187,-1233,-1579
-1,4,0.0690678,FRAY 1,264,187,-1234,-1583
-1,4,0.0690898,FRAY 1,264,187,-1235,-1587
-1,4,0.0691142,FRAY 1,264,187,-1236,-1591
-1,3,0.0691374,FRAY 1,264,187,-1237,-1594
-1,4,0.0691664,FRAY 1,264,187,-1238,-1598
-1,4,0.0691722,FRAY 1,264,187,-1239,-1602
-1,4,0.0691955,FRAY 1,264,187,-1240,-1606
-1,3,0.0692129,FRAY 1,264,187,-1241,-1609
-1,4,0.0692303,FRAY 1,264,187,-1242,-1613
-1,4,0.0692535,FRAY 1,264,187,-1243,-1617
-1,4,0.0692941,FRAY 1,264,187,-1244,-1621
-1,3,0.0693,FRAY 1,264,187,-1245,-1624
-1,4,0.0693232,FRAY 1,264,187,-1246,-1628
-1,4,0.0693406,FRAY 1,264,187,-1247,-1632
-1,4,0.0693603,FRAY 1,264,187,-1248,-1636
-1,3,0.0693928,FRAY 1,264,187,-1249,-1639
-1,4,0.0694161,FRAY 1,264,187,-1250,-1643
-1,4,0.0694438,FRAY 1,264,187,-1251,-1647
-1,4,0.0694683,FRAY 1,264,187,-1252,-1651
-1,3,0.0694915,FRAY 1,264,187,-1253,-1654
-1,4,0.0695147,FRAY 1,264,187,-1254,-1658
-1,4,0.0695496,FRAY 1,264,187,-1255,-1662
-1,4,0.0695728,FRAY 1,264,187,-1256,-1666
-1,3,0.069596,FRAY 1,264,187,-1257,-1669
-1,4,0.069625,FRAY 1,264,187,-1258,-1673
-1,4,0.0696483,FRAY 1,264,187,-1259,-1677
-1,4,0.0696715,FRAY 1,264,187,-1260,-1681
-1,3,0.0696947,FRAY 1,264,187,-1261,-1684
-1,4,0.0697226,FRAY 1,264,187,-1262,-1688
-1,4,0.0697527,FRAY 1,264,187,-1263,-1692
-1,4,0.0697818,FRAY 1,264,187,-1264,-1696
-1,3,0.069805,FRAY 1,264,187,-1265,-1699
-1,4,0.0698282,FRAY 1,264,187,-1266,-1703
-1,4,0.069863,FRAY 1,264,187,-1267,-1707
-1,4,0.0698805,FRAY 1,264,187,-1268,-1711
-1,3,0.0699095,FRAY 1,264,187,-1269,-1714
-1,4,0.0699327,FRAY 1,264,187,-1270,-1718
-1,4,0.0699617,FRAY 1,264,187,-1271,-1722
-1,4,0.0699849,FRAY 1,264,187,-1272,-1726
-1,4,0.0700198,FRAY 1,264,187,-1273,-1730
-1,4,0.0700314,FRAY 1,264,187,-1274,-1734
-1,3,0.0700591,FRAY 1,264,187,-1275,-1737
-2,4,0.0700894,FRAY 1,264,187,-1277,-1741
-2,4,0.070115,FRAY 1,264,187,-1279,-1745
-1,4,0.0701417,FRAY 1,264,187,-1280,-1749
-2,3,0.0701707,FRAY 1,264,187,-1282,-1752
-2,4,0.0701997,FRAY 1,264,187,-1284,-1756
-2,4,0.0702171,FRAY 1,264,187,-1286,-1760
-2,4,0.0702462,FRAY 1,264,187,-1288,-1764
-2,3,0.0702694,FRAY 1,264,187,-1290,-1767
-2,4,0.0702984,FRAY 1,264,187,-1292,-1771
-2,4,0.0703216,FRAY 1,264,187,-1294,-1775
-1,4,0.0703449,FRAY 1,264,187,-1295,-1779
-2,3,0.0703681,FRAY 1,264,187,-1297,-1782
-2,4,0.0703971,FRAY 1,264,187,-1299,-1786
-2,4,0.0704261,FRAY 1,264,187,-1301,-1790
-2,4,0.070452,FRAY 1,264,187,-1303,-1794
-2,3,0.0704784,FRAY 1,264,187,-1305,-1797
-2,4,0.0705074,FRAY 1,264,187,-1307,-1801
-2,4,0.0705248,FRAY 1,264,187,-1309,-1805
-1,4,0.0705538,FRAY 1,264,187,-1310,-1809
-2,3,0.0705829,FRAY 1,264,187,-1312,-1812
-2,4,0.0706061,FRAY 1,264,187,-1314,-1816
-2,4,0.0706351,FRAY 1,264,187,-1316,-1820
-2,4,0.0706641,FRAY 1,264,187,-1318,-1824
-2,3,0.0706815,FRAY 1,264,187,-1320,-1827
-1,4,0.0707048,FRAY 1,264,187,-1321,-1831
-1,4,0.0707338,FRAY 1,264,187,-1322,-1835
-1,4,0.0707628,FRAY 1,264,187,-1323,-1839
-1,3,0.0707918,FRAY 1,264,187,-1324,-1842
-1,4,0.0708209,FRAY 1,264,187,-1325,-1846
-1,4,0.0708383,FRAY 1,264,187,-1326,-1850
-1,4,0.0708615,FRAY 1,264,187,-1327,-1854
-1,3,0.0708847,FRAY 1,264,187,-1328,-1857
-1,4,0.0709195,FRAY 1,264,187,-1329,-1861
-1,4,0.0709428,FRAY 1,264,187,-1330,-1865
-1,4,0.0709776,FRAY 1,264,187,-1331,-1869
-1,3,0.070995,FRAY 1,264,187,-1332,-1872
-1,4,0.0710182,FRAY 1,264,187,-1333,-1876
-1,-4,0.0710356,FRAY 1,264,187,-1334,-1872
-3,3,0.0710473,FRAY 1,264,187,-1337,-1875
-3,-5,0.0710531,FRAY 1,264,187,-1340,-1870
-2,-6,0.0710705,FRAY 1,264,187,-1342,-1864
-3,4,0.0710763,FRAY 1,264,187,-1345,-1868
-3,-7,0.0710879,FRAY 1,264,187,-1348,-1861
-4,-9,0.0710995,FRAY 1,264,187,-1352,-1852
-8,-12,0.0711401,FRAY 1,264,187,-1360,-1840
-10,-5,0.0712098,FRAY 1,264,187,-1370,-1835
-12,2,0.0712272,FRAY 1,264,187,-1382,-1837
-4,-1,0.0712446,FRAY 1,264,187,-1386,-1836
-3,1,0.0712678,FRAY 1,264,187,-1389,-1837
-5,2,0.0712795,FRAY 1,264,187,-1394,-1839
-1,3,0.0713085,FRAY 1,264,187,-1395,-1842
-1,4,0.0713317,FRAY 1,264,187,-1396,-1846
-1,4,0.0713665,FRAY 1,264,187,-1397,-1850
-1,4,0.0713956,FRAY 1,264,187,-1398,-1854
1,3,0.0714246,FRAY 1,264,187,-1397,-1857
2,4,0.0714304,FRAY 1,264,187,-1395,-1861
2,4,0.0714536,FRAY 1,264,187,-1393,-1865
3,5,0.0714768,FRAY 1,264,187,-1390,-1870
5,1,0.0714884,FRAY 1,264,187,-1385,-1871
6,6,0.0715117,FRAY 1,264,187,-1379,-1877
13,4,0.0715233,FRAY 1,264,187,-1366,-1881
7,5,0.0715465,FRAY 1,264,187,-1359,-1886
11,-1,0.0715697,FRAY 1,264,187,-1348,-1885
5,4,0.0715785,FRAY 1,264,187,-1343,-1889
5,4,0.0716045,FRAY 1,264,187,-1338,-1893
5,3,0.0716385,FRAY 1,264,187,-1333,-1896
5,4,0.0716684,FRAY 1,264,187,-1328,-1900
5,4,0.07168,FRAY 1,264,187,-1323,-1904
5,4,0.0717032,FRAY 1,264,187,-1318,-1908
5,3,0.0717351,FRAY 1,264,187,-1313,-1911
5,3,0.0717613,FRAY 1,264,187,-1308,-1914
5,4,0.0717903,FRAY 1,264,187,-1303,-1918
5,4,0.0718135,FRAY 1,264,187,-1298,-1922
5,3,0.0718367,FRAY 1,264,187,-1293,-1925
5,4,0.07186,FRAY 1,264,187,-1288,-1929
5,5,0.0718658,FRAY 1,264,187,-1283,-1934
1,4,0.0718774,FRAY 1,264,187,-1282,-1938
1,4,0.0718832,FRAY 1,264,187,-1281,-1942
1,4,0.0718948,FRAY 1,264,187,-1280,-1946
1,8,0.0719238,FRAY 1,264,187,-1279,-1954
1,1,0.0719354,FRAY 1,264,187,-1278,-1955
1,3,0.071947,FRAY 1,264,187,-1277,-1958
1,-2,0.0719586,FRAY 1,264,187,-1276,-1956
1,4,0.0719644,FRAY 1,264,187,-1275,-1960
1,-6,0.0719738,FRAY 1,264,187,-1274,-1954
2,-1,0.0719877,FRAY 1,264,187,-1272,-1953
2,-7,0.0719935,FRAY 1,264,187,-1270,-1946
2,-8,0.0720225,FRAY 1,264,187,-1268,-1938
4,-5,0.0720457,FRAY 1,264,187,-1264,-1933
1,-1,0.0720922,FRAY 1,264,187,-1263,-1932
1,-2,0.072098,FRAY 1,264,187,-1262,-1930
-1,9,0.0721212,FRAY 1,264,187,-1263,-1939
-5,2,0.0721386,FRAY 1,264,187,-1268,-1941
-3,6,0.0721444,FRAY 1,264,187,-1271,-1947
-3,9,0.0721792,FRAY 1,264,187,-1274,-1956
-5,2,0.072185,FRAY 1,264,187,-1279,-1958
-1,5,0.0722024,FRAY 1,264,187,-1280,-1963
-1,2,0.0722141,FRAY 1,264,187,-1281,-1965
-1,3,0.0722257,FRAY 1,264,187,-1282,-1968
-1,3,0.0722431,FRAY 1,264,187,-1283,-1971
1,4,0.0722547,FRAY 1,264,187,-1282,-1975
1,3,0.0722779,FRAY 1,264,187,-1281,-1978
1,4,0.0722953,FRAY 1,264,187,-1280,-1982
1,4,0.0723185,FRAY 1,264,187,-1279,-1986
1,4,0.0723534,FRAY 1,264,187,-1278,-1990
1,3,0.0723708,FRAY 1,264,187,-1277,-1993
1,4,0.0723998,FRAY 1,264,187,-1276,-1997
1,4,0.072423,FRAY 1,264,187,-1275,-2001
1,4,0.0724521,FRAY 1,264,187,-1274,-2005
1,3,0.0724811,FRAY 1,264,187,-1273,-2008
1,4,0.0725043,FRAY 1,264,187,-1272,-2012
1,4,0.0725217,FRAY 1,264,187,-1271,-2016
1,4,0.0725566,FRAY 1,264,187,-1270,-2020
1,3,0.0725798,FRAY 1,264,187,-1269,-2023
1,4,0.072603,FRAY 1,264,187,-1268,-2027
1,4,0.0726262,FRAY 1,264,187,-1267,-2031
1,4,0.0726552,FRAY 1,264,187,-1266,-2035
1,3,0.0726727,FRAY 1,264,187,-1265,-2038
1,4,0.0726959,FRAY 1,264,187,-1264,-2042
1,4,0.0727307,FRAY 1,264,187,-1263,-2046
1,4,0.0727539,FRAY 1,264,187,-1262,-2050
1,3,0.0727829,FRAY 1,264,187,-1261,-2053
1,4,0.0728004,FRAY 1,264,187,-1260,-2057
1,4,0.0728236,FRAY 1,264,187,-1259,-2061
-1,4,0.0728526,FRAY 1,264,187,-1260,-2065
-1,3,0.0728816,FRAY 1,264,187,-1261,-2068
-1,4,0.0729049,FRAY 1,264,187,-1262,-2072
-1,4,0.0729367,FRAY 1,264,187,-1263,-2076
-1,4,0.0729513,FRAY 1,264,187,-1264,-2080
-1,3,0.0729745,FRAY 1,264,187,-1265,-2083
-2,4,0.0730035,FRAY 1,264,187,-1267,-2087
-2,4,0.0730326,FRAY 1,264,187,-1269,-2091
-2,4,0.0730674,FRAY 1,264,187,-1271,-2095
-2,3,0.0730906,FRAY 1,264,187,-1273,-2098
-1,4,0.0731022,FRAY 1,264,187,-1274,-2102
-2,4,0.0731312,FRAY 1,264,187,-1276,-2106
-2,4,0.0731545,FRAY 1,264,187,-1278,-2110
-2,3,0.0731835,FRAY 1,264,187,-1280,-2113
-2,4,0.0732183,FRAY 1,264,187,-1282,-2117
-2,4,0.0732473,FRAY 1,264,187,-1284,-2121
-2,4,0.073259,FRAY 1,264,187,-1286,-2125
-2,5,0.073288,FRAY 1,264,187,-1288,-2130
-4,6,0.0733054,FRAY 1,264,187,-1292,-2136
-5,1,0.0733112,FRAY 1,264,187,-1297,-2137
-3,1,0.0733228,FRAY 1,264,187,-1300,-2138
-2,4,0.0733344,FRAY 1,264,187,-1302,-2142
-3,1,0.073346,FRAY 1,264,187,-1305,-2143
-1,4,0.0733518,FRAY 1,264,187,-1306,-2147
-1,4,0.0733867,FRAY 1,264,187,-1307,-2151
-2,4,0.0734099,FRAY 1,264,187,-1309,-2155
-2,4,0.0734331,FRAY 1,264,187,-1311,-2159
-1,3,0.0734621,FRAY 1,264,187,-1312,-2162
-1,8,0.0735086,FRAY 1,264,187,-1313,-2170
-2,4,0.0735376,FRAY 1,264,187,-1315,-2174
-1,3,0.0735608,FRAY 1,264,187,-1316,-2177
-1,4,0.073584,FRAY 1,264,187,-1317,-2181
-1,4,0.0736189,FRAY 1,264,187,-1318,-2185
-1,4,0.0736305,FRAY 1,264,187,-1319,-2189
-1,3,0.0736537,FRAY 1,264,187,-1320,-2192
-1,4,0.0736885,FRAY 1,264,187,-1321,-2196
-1,4,0.0737117,FRAY 1,264,187,-1322,-2200
-1,4,0.073735,FRAY 1,264,187,-1323,-2204
-1,3,0.0737698,FRAY 1,264,187,-1324,-2207
-1,4,0.0737814,FRAY 1,264,187,-1325,-2211
-1,4,0.0738104,FRAY 1,264,187,-1326,-2215
-1,4,0.0738337,FRAY 1,264,187,-1327,-2219
-1,3,0.0738627,FRAY 1,264,187,-1328,-2222
-1,4,0.0738859,FRAY 1,264,187,-1329,-2226
-1,4,0.0739265,FRAY 1,264,187,-1330,-2230
-1,4,0.0739381,FRAY 1,264,187,-1331,-2234
-1,3,0.0739614,FRAY 1,264,187,-1332,-2237
-1,5,0.0739672,FRAY 1,264,187,-1333,-2242
-5,7,0.0739846,FRAY 1,264,187,-1338,-2249
-5,4,0.0739904,FRAY 1,264,187,-1343,-2253
-5,7,0.0740136,FRAY 1,264,187,-1348,-2260
-6,1,0.0740368,FRAY 1,264,187,-1354,-2261
-2,2,0.0740484,FRAY 1,264,187,-1356,-2263
-1,-4,0.07406,FRAY 1,264,187,-1357,-2259
-1,3,0.0740659,FRAY 1,264,187,-1358,-2262
-1,-14,0.074078,FRAY 1,264,187,-1359,-2248
4,3,0.0740891,FRAY 1,264,187,-1355,-2251
4,-12,0.0741181,FRAY 1,264,187,-1351,-2239
8,-6,0.0741239,FRAY 1,264,187,-1343,-2233
4,-1,0.0741297,FRAY 1,264,187,-1339,-2232
4,-3,0.0741355,FRAY 1,264,187,-1335,-2229
2,3,0.0741529,FRAY 1,264,187,-1333,-2232
2,3,0.0741587,FRAY 1,264,187,-1331,-2235
2,17,0.0741878,FRAY 1,264,187,-1329,-2252
-9,10,0.0741994,FRAY 1,264,187,-1338,-2262
-4,6,0.0742226,FRAY 1,264,187,-1342,-2268
-5,2,0.0742226,FRAY 1,264,187,-1347,-2270
1,5,0.0742342,FRAY 1,264,187,-1346,-2275
-4,6,0.0742516,FRAY 1,264,187,-1350,-2281
-4,-1,0.0742864,FRAY 1,264,187,-1354,-2280
-3,-11,0.0743213,FRAY 1,264,187,-1357,-2269
5,-18,0.0743561,FRAY 1,264,187,-1352,-2251
12,-3,0.0743793,FRAY 1,264,187,-1340,-2248
4,-3,0.0743909,FRAY 1,264,187,-1336,-2245
2,-2,0.0744083,FRAY 1,264,187,-1334,-2243
4,2,0.0744316,FRAY 1,264,187,-1330,-2245
3,2,0.074449,FRAY 1,264,187,-1327,-2247
3,4,0.0744722,FRAY 1,264,187,-1324,-2251
-4,6,0.0744954,FRAY 1,264,187,-1328,-2257
-4,3,0.0745128,FRAY 1,264,187,-1332,-2260
-4,5,0.0745361,FRAY 1,264,187,-1336,-2265
-8,2,0.0745709,FRAY 1,264,187,-1344,-2267
-6,1,0.0745941,FRAY 1,264,187,-1350,-2268
-6,1,0.0746115,FRAY 1,264,187,-1356,-2269
-1,1,0.0753604,FRAY 1,264,187,-1357,-2270
-1,1,0.0754068,FRAY 1,264,187,-1358,-2271
1,1,0.0754184,FRAY 1,264,187,-1357,-2272
2,2,0.0754358,FRAY 1,264,187,-1355,-2274
2,2,0.0754649,FRAY 1,264,187,-1353,-2276
3,2,0.0754881,FRAY 1,264,187,-1350,-2278
2,1,0.0755113,FRAY 1,264,187,-1348,-2279
3,2,0.0755171,FRAY 1,264,187,-1345,-2281
3,2,0.0755403,FRAY 1,264,187,-1342,-2283
3,2,0.0755592,FRAY 1,264,187,-1339,-2285
3,1,0.0755868,FRAY 1,264,187,-1336,-2286
2,1,0.07561,FRAY 1,264,187,-1334,-2287
3,-1,0.0756622,FRAY 1,264,187,-1331,-2286
3,-1,0.0756738,FRAY 1,264,187,-1328,-2285
2,-1,0.0757029,FRAY 1,264,187,-1326,-2284
3,-1,0.0757261,FRAY 1,264,187,-1323,-2283
3,-1,0.0757319,FRAY 1,264,187,-1320,-2282
3,-1,0.0757551,FRAY 1,264,187,-1317,-2281
3,-1,0.0757783,FRAY 1,264,187,-1314,-2280
2,-1,0.0758073,FRAY 1,264,187,-1312,-2279
3,1,0.0758944,FRAY 1,264,187,-1309,-2280
2,2,0.0759234,FRAY 1,264,187,-1307,-2282
3,2,0.0759467,FRAY 1,264,187,-1304,-2284
3,2,0.0759525,FRAY 1,264,187,-1301,-2286
3,2,0.0759757,FRAY 1,264,187,-1298,-2288
3,2,0.0759906,FRAY 1,264,187,-1295,-2290
2,3,0.0760163,FRAY 1,264,187,-1293,-2293
2,3,0.0760279,FRAY 1,264,187,-1291,-2296
3,3,0.0760628,FRAY 1,264,187,-1288,-2299
3,2,0.0760744,FRAY 1,264,187,-1285,-2301
3,3,0.0760918,FRAY 1,264,187,-1282,-2304
3,3,0.0761208,FRAY 1,264,187,-1279,-2307
2,3,0.0761498,FRAY 1,264,187,-1277,-2310
3,2,0.0761498,FRAY 1,264,187,-1274,-2312
3,2,0.0761789,FRAY 1,264,187,-1271,-2314
3,-1,0.0762717,FRAY 1,264,187,-1268,-2313
3,-2,0.0762776,FRAY 1,264,187,-1265,-2311
3,-2,0.0763008,FRAY 1,264,187,-1262,-2309
3,-3,0.0763182,FRAY 1,264,187,-1259,-2306
2,-3,0.0763414,FRAY 1,264,187,-1257,-2303
3,-3,0.0763704,FRAY 1,264,187,-1254,-2300
3,-2,0.0763878,FRAY 1,264,187,-1251,-2298
3,-3,0.0764111,FRAY 1,264,187,-1248,-2295
3,-3,0.0764343,FRAY 1,264,187,-1245,-2292
3,-3,0.0764691,FRAY 1,264,187,-1242,-2289
1,-3,0.0765039,FRAY 1,264,187,-1241,-2286
2,-2,0.0765214,FRAY 1,264,187,-1239,-2284
1,-2,0.076533,FRAY 1,264,187,-1238,-2282
1,-2,0.076562,FRAY 1,264,187,-1237,-2280
-1,-1,0.0765852,FRAY 1,264,187,-1238,-2279
-1,-1,0.0766142,FRAY 1,264,187,-1239,-2278
-3,1,0.0766897,FRAY 1,264,187,-1242,-2279
-3,1,0.0767129,FRAY 1,264,187,-1245,-2280
-4,2,0.0767406,FRAY 1,264,187,-1249,-2282
-3,2,0.076771,FRAY 1,264,187,-1252,-2284
-4,1,0.0767942,FRAY 1,264,187,-1256,-2285
-4,3,0.0768406,FRAY 1,264,187,-1260,-2288
-4,3,0.0768522,FRAY 1,264,187,-1264,-2291
-3,3,0.0768639,FRAY 1,264,187,-1267,-2294
-4,3,0.0768987,FRAY 1,264,187,-1271,-2297
-4,3,0.0769335,FRAY 1,264,187,-1275,-2300
-4,3,0.0769509,FRAY 1,264,187,-1279,-2303
-3,4,0.0769683,FRAY 1,264,187,-1282,-2307
-4,4,0.0769916,FRAY 1,264,187,-1286,-2311
-4,4,0.0770206,FRAY 1,264,187,-1290,-2315
-3,3,0.0770496,FRAY 1,264,187,-1293,-2318
-1,4,0.0770728,FRAY 1,264,187,-1294,-2322
-1,3,0.0770902,FRAY 1,264,187,-1295,-2325
-1,3,0.0771251,FRAY 1,264,187,-1296,-2328
1,2,0.0771599,FRAY 1,264,187,-1295,-2330
1,1,0.0771831,FRAY 1,264,187,-1294,-2331
2,1,0.0772005,FRAY 1,264,187,-1292,-2332
3,-1,0.0772528,FRAY 1,264,187,-1289,-2331
3,-1,0.0772876,FRAY 1,264,187,-1286,-2330
3,-2,0.0773108,FRAY 1,264,187,-1283,-2328
2,-3,0.0773399,FRAY 1,264,187,-1281,-2325
3,-3,0.0773573,FRAY 1,264,187,-1278,-2322
3,-3,0.0773805,FRAY 1,264,187,-1275,-2319
3,-3,0.0774095,FRAY 1,264,187,-1272,-2316
3,-1,0.0774382,FRAY 1,264,187,-1269,-2315
2,-1,0.0774792,FRAY 1,264,187,-1267,-2314
1,2,0.0775315,FRAY 1,264,187,-1266,-2316
1,3,0.0775546,FRAY 1,264,187,-1265,-2319
1,3,0.0775779,FRAY 1,264,187,-1264,-2322
1,3,0.0776185,FRAY 1,264,187,-1263,-2325
1,2,0.0776301,FRAY 1,264,187,-1262,-2327
2,-1,0.0776882,FRAY 1,264,187,-1260,-2326
1,-2,0.0777114,FRAY 1,264,187,-1259,-2324
3,-2,0.0777288,FRAY 1,264,187,-1256,-2322
3,-2,0.0777636,FRAY 1,264,187,-1253,-2320
3,-2,0.077781,FRAY 1,264,187,-1250,-2318
3,1,0.0778333,FRAY 1,264,187,-1247,-2319
1,2,0.0778681,FRAY 1,264,187,-1246,-2321
2,2,0.0778739,FRAY 1,264,187,-1244,-2323
2,2,0.0778971,FRAY 1,264,187,-1242,-2325
2,1,0.077932,FRAY 1,264,187,-1240,-2326
2,1,0.0779552,FRAY 1,264,187,-1238,-2327
2,1,0.078884,FRAY 1,264,187,-1236,-2328
3,1,0.0789072,FRAY 1,264,187,-1233,-2329
3,1,0.0789595,FRAY 1,264,187,-1230,-2330
2,1,0.0789885,FRAY 1,264,187,-1228,-2331
3,-1,0.0790233,FRAY 1,264,187,-1225,-2330
3,-1,0.0790698,FRAY 1,264,187,-1222,-2329
3,-3,0.0791046,FRAY 1,264,187,-1219,-2326
5,-3,0.0791278,FRAY 1,264,187,-1214,-2323
3,-3,0.0791568,FRAY 1,264,187,-1211,-2320
3,-3,0.0791917,FRAY 1,264,187,-1208,-2317
3,-3,0.0792265,FRAY 1,264,187,-1205,-2314
4,-2,0.0792439,FRAY 1,264,187,-1201,-2312
2,-1,0.0792555,FRAY 1,264,187,-1199,-2311
2,-1,0.0792787,FRAY 1,264,187,-1197,-2310
-1,-3,0.0805398,FRAY 1,264,187,-1198,-2307
-3,-4,0.08055,FRAY 1,264,187,-1201,-2303
-4,-5,0.0805674,FRAY 1,264,187,-1205,-2298
-4,-4,0.080579,FRAY 1,264,187,-1209,-2294
-3,-11,0.0806139,FRAY 1,264,187,-1212,-2283
-6,-5,0.0806212,FRAY 1,264,187,-1218,-2278
-3,-6,0.0806371,FRAY 1,264,187,-1221,-2272
-3,-6,0.0806487,FRAY 1,264,187,-1224,-2266
-2,-14,0.0806822,FRAY 1,264,187,-1226,-2252
-3,-7,0.080701,FRAY 1,264,187,-1229,-2245
-1,-7,0.0807068,FRAY 1,264,187,-1230,-2238
-1,-6,0.0807184,FRAY 1,264,187,-1231,-2232
-1,-6,0.08073,FRAY 1,264,187,-1232,-2226
-1,-4,0.0807358,FRAY 1,264,187,-1233,-2222
-1,-4,0.0807648,FRAY 1,264,187,-1234,-2218
-1,-3,0.0807706,FRAY 1,264,187,-1235,-2215
-1,-2,0.0807996,FRAY 1,264,187,-1236,-2213
-1,1,0.0808345,FRAY 1,264,187,-1237,-2214
1,3,0.0808577,FRAY 1,264,187,-1236,-2217
1,3,0.0808867,FRAY 1,264,187,-1235,-2220
-1,2,0.0809041,FRAY 1,264,187,-1236,-2222
-1,1,0.0809215,FRAY 1,264,187,-1237,-2223
-2,1,0.0809273,FRAY 1,264,187,-1239,-2224
-3,1,0.0809448,FRAY 1,264,187,-1242,-2225
-3,-3,0.0809796,FRAY 1,264,187,-1245,-2222
-5,-2,0.0809912,FRAY 1,264,187,-1250,-2220
-3,-2,0.0810086,FRAY 1,264,187,-1253,-2218
-2,-3,0.0810202,FRAY 1,264,187,-1255,-2215
-2,-6,0.0810434,FRAY 1,264,187,-1257,-2209
-4,-4,0.0810667,FRAY 1,264,187,-1261,-2205
-3,-2,0.0810841,FRAY 1,264,187,-1264,-2203
-1,-8,0.0813627,FRAY 1,264,187,-1265,-2195
1,-12,0.0813743,FRAY 1,264,187,-1264,-2183
1,-14,0.0813859,FRAY 1,264,187,-1263,-2169
1,-14,0.0814092,FRAY 1,264,187,-1262,-2155
1,-14,0.0814208,FRAY 1,264,187,-1261,-2141
-1,-23,0.081444,FRAY 1,264,187,-1262,-2118
-4,-9,0.0814498,FRAY 1,264,187,-1266,-2109
-2,-8,0.081473,FRAY 1,264,187,-1268,-2101
-3,-6,0.0814846,FRAY 1,264,187,-1271,-2095
-2,-9,0.0815078,FRAY 1,264,187,-1273,-2086
-7,-5,0.0815427,FRAY 1,264,187,-1280,-2081
-8,-2,0.0815485,FRAY 1,264,187,-1288,-2079
-4,-1,0.0815717,FRAY 1,264,187,-1292,-2078
-4,-4,0.0818445,FRAY 1,264,187,-1296,-2074
5,-11,0.0818794,FRAY 1,264,187,-1291,-2063
15,-13,0.0819026,FRAY 1,264,187,-1276,-2050
19,-6,0.0819084,FRAY 1,264,187,-1257,-2044
11,-10,0.081949,FRAY 1,264,187,-1246,-2034
22,-10,0.081978,FRAY 1,264,187,-1224,-2024
20,-3,0.0819839,FRAY 1,264,187,-1204,-2021
8,-2,0.0820013,FRAY 1,264,187,-1196,-2019
5,-3,0.0821928,FRAY 1,264,187,-1191,-2016
6,-4,0.0822102,FRAY 1,264,187,-1185,-2012
10,-10,0.0822393,FRAY 1,264,187,-1175,-2002
23,-5,0.0822509,FRAY 1,264,187,-1152,-1997
14,-6,0.0822683,FRAY 1,264,187,-1138,-1991
13,-5,0.0822741,FRAY 1,264,187,-1125,-1986
13,-4,0.0822915,FRAY 1,264,187,-1112,-1982
11,-5,0.0822973,FRAY 1,264,187,-1101,-1977
11,-6,0.0823322,FRAY 1,264,187,-1090,-1971
19,-2,0.0823438,FRAY 1,264,187,-1071,-1969
7,-1,0.0823554,FRAY 1,264,187,-1064,-1968
3,-4,0.0825876,FRAY 1,264,187,-1061,-1964
5,-5,0.0826108,FRAY 1,264,187,-1056,-1959
7,-5,0.0826456,FRAY 1,264,187,-1049,-1954
4,-2,0.0826514,FRAY 1,264,187,-1045,-1952
1,-5,0.0826795,FRAY 1,264,187,-1044,-1947
1,-4,0.0827269,FRAY 1,264,187,-1043,-1943
-4,-2,0.0827269,FRAY 1,264,187,-1047,-1941
-2,-1,0.0827443,FRAY 1,264,187,-1049,-1940
-2,-1,0.0827464,FRAY 1,264,187,-1051,-1939
-2,-1,0.0827733,FRAY 1,264,187,-1053,-1938
-4,-1,0.0828082,FRAY 1,264,187,-1057,-1937
-6,-1,0.082814,FRAY 1,264,187,-1063,-1936
-3,-1,0.082843,FRAY 1,264,187,-1066,-1935
-4,-1,0.0828488,FRAY 1,264,187,-1070,-1934
-4,-3,0.0828662,FRAY 1,264,187,-1074,-1931
-4,-2,0.0828894,FRAY 1,264,187,-1078,-1929
-3,-4,0.0831681,FRAY 1,264,187,-1081,-1925
1,-5,0.0831797,FRAY 1,264,187,-1080,-1920
2,-5,0.0831971,FRAY 1,264,187,-1078,-1915
1,-4,0.0832029,FRAY 1,264,187,-1077,-1911
1,-5,0.0832377,FRAY 1,264,187,-1076,-1906
1,-3,0.083261,FRAY 1,264,187,-1075,-1903
1,-1,0.0832726,FRAY 1,264,187,-1074,-1902
1,-2,0.08329,FRAY 1,264,187,-1073,-1900
1,-2,0.0833132,FRAY 1,264,187,-1072,-1898
1,-1,0.083348,FRAY 1,264,187,-1071,-1897
-1,-3,0.083348,FRAY 1,264,187,-1072,-1894
-1,-7,0.083348,FRAY 1,264,187,-1073,-1887
1,-3,0.083348,FRAY 1,264,187,-1072,-1884
1,-4,0.083349,FRAY 1,264,187,-1071,-1880
1,-3,0.0833647,FRAY 1,264,187,-1070,-1877
1,-3,0.0833829,FRAY 1,264,187,-1069,-1874
1,-1,0.0834003,FRAY 1,264,187,-1068,-1873
1,1,0.0834932,FRAY 1,264,187,-1067,-1874
1,1,0.0836499,FRAY 1,264,187,-1066,-1875
1,1,0.0836615,FRAY 1,264,187,-1065,-1876
1,3,0.0836811,FRAY 1,264,187,-1064,-1879
2,7,0.0837137,FRAY 1,264,187,-1062,-1886
2,5,0.083737,FRAY 1,264,187,-1060,-1891
2,1,0.0837486,FRAY 1,264,187,-1058,-1892
1,1,0.0837718,FRAY 1,264,187,-1057,-1893
1,2,0.0837834,FRAY 1,264,187,-1056,-1895
1,1,0.0840562,SAN- 2,217,440,-1055,-1896
1,1,0.084062,SAN- 2,217,440,-1054,-1897
1,-1,0.0851998,SAN- 2,217,440,-1053,-1896
-1,-1,0.085223,SAN- 2,217,440,-1054,-1895
-1,-1,0.0852579,SAN- 2,217,440,-1055,-1894
-1,3,0.0861054,SAN- 2,217,440,-1056,-1897
8,4,0.0861228,SAN- 2,217,440,-1048,-1901
10,5,0.0861286,SAN- 2,217,440,-1038,-1906
11,11,0.0861634,SAN- 2,217,440,-1027,-1917
26,7,0.0861751,SAN- 2,217,440,-1001,-1924
12,6,0.0861809,SAN- 2,217,440,-989,-1930
11,8,0.0861983,SAN- 2,217,440,-978,-1938
10,7,0.0862041,SAN- 2,217,440,-968,-1945
8,6,0.0862099,SAN- 2,217,440,-960,-1951
7,4,0.0862215,SAN- 2,217,440,-953,-1955
4,2,0.0864363,SAN- 2,217,440,-949,-1957
8,5,0.0864421,SAN- 2,217,440,-941,-1962
10,5,0.0864584,SAN- 2,217,440,-931,-1967
10,5,0.0864595,SAN- 2,217,440,-921,-1972
10,7,0.0864775,SAN- 2,217,440,-911,-1979
9,6,0.0864885,SAN- 2,217,440,-902,-1985
10,12,0.0865117,SAN- 2,217,440,-892,-1997
15,5,0.0865176,SAN- 2,217,440,-877,-2002
6,3,0.0865292,SAN- 2,217,440,-871,-2005
4,5,0.0867381,SAN- 2,217,440,-867,-2010
5,5,0.0867498,SAN- 2,217,440,-862,-2015
4,7,0.0867556,SAN- 2,217,440,-858,-2022
7,18,0.086773,SAN- 2,217,440,-851,-2040
15,12,0.0867913,SAN- 2,217,440,-836,-2052
7,11,0.086802,SAN- 2,217,440,-829,-2063
8,10,0.0868078,SAN- 2,217,440,-821,-2073
7,7,0.0868252,SAN- 2,217,440,-814,-2080
6,5,0.0870458,SAN- 2,217,440,-808,-2085
3,6,0.0870516,SAN- 2,217,440,-805,-2091
3,6,0.0870632,SAN- 2,217,440,-802,-2097
6,8,0.0870748,SAN- 2,217,440,-796,-2105
6,8,0.0870864,SAN- 2,217,440,-790,-2113
6,9,0.087098,SAN- 2,217,440,-784,-2122
7,10,0.0871097,SAN- 2,217,440,-777,-2132
6,9,0.0871155,SAN- 2,217,440,-771,-2141
7,10,0.0871271,SAN- 2,217,440,-764,-2151
6,7,0.0871329,SAN- 2,217,440,-758,-2158
4,5,0.0871503,SAN- 2,217,440,-754,-2163
4,6,0.0873825,SAN- 2,217,440,-750,-2169
3,6,0.0873883,SAN- 2,217,440,-747,-2175
3,14,0.0874231,SAN- 2,217,440,-744,-2189
6,5,0.0874327,SAN- 2,217,440,-738,-2194
3,6,0.087458,SAN- 2,217,440,-735,-2200
2,5,0.0874638,SAN- 2,217,440,-733,-2205
2,6,0.087487,SAN- 2,217,440,-731,-2211
1,4,0.0877333,SAN- 2,217,440,-730,-2215
2,4,0.0877424,SAN- 2,217,440,-728,-2219
1,4,0.0877598,SAN- 2,217,440,-727,-2223
2,4,0.0877772,SAN- 2,217,440,-725,-2227
1,7,0.0878005,SAN- 2,217,440,-724,-2234
3,7,0.0878295,SAN- 2,217,440,-721,-2241
2,4,0.0878411,SAN- 2,217,440,-719,-2245
1,3,0.0878585,SAN- 2,217,440,-718,-2248
1,3,0.0878643,SAN- 2,217,440,-717,-2251
1,5,0.0878875,SAN- 2,217,440,-716,-2256
2,3,0.0879107,SAN- 2,217,440,-714,-2259
2,5,0.0879282,SAN- 2,217,440,-712,-2264
1,2,0.0879514,SAN- 2,217,440,-711,-2266
1,2,0.087963,SAN- 2,217,440,-710,-2268
1,4,0.0879862,SAN- 2,217,440,-709,-2272
1,2,0.0880036,SAN- 2,217,440,-708,-2274
1,1,0.088021,SAN- 2,217,440,-707,-2275
1,1,0.0880268,SAN- 2,217,440,-706,-2276
1,1,0.0880501,SAN- 2,217,440,-705,-2277
1,1,0.0880907,SAN- 2,217,440,-704,-2278
1,2,0.0881081,SAN- 2,217,440,-703,-2280
1,1,0.0881197,SAN- 2,217,440,-702,-2281
1,2,0.0881429,SAN- 2,217,440,-701,-2283
1,1,0.0881488,SAN- 2,217,440,-700,-2284
-1,-1,0.0883635,SAN- 2,217,440,-701,-2283
-1,-1,0.0883693,SAN- 2,217,440,-702,-2282
-1,-1,0.0883926,SAN- 2,217,440,-703,-2281
-1,-1,0.0884042,SAN- 2,217,440,-704,-2280
-1,-4,0.0884274,SAN- 2,217,440,-705,-2276
-1,-2,0.0884506,SAN- 2,217,440,-706,-2274
-1,-1,0.0884854,SAN- 2,217,440,-707,-2273
