deltaX,deltaY,WHEN,SYLLABLE,XofButton,YofButton,XofTrace,YofTrace
-3,-1,0.147482,Yield,0,0,-3,1
-3,-1,0.147505,Yield,0,0,-6,2
-2,-1,0.14754,Yield,0,0,-8,3
-3,-1,0.147563,Yield,0,0,-11,4
-3,-1,0.14758,Yield,0,0,-14,5
-3,-1,0.147627,Yield,0,0,-17,6
-3,-1,0.147632,Yield,0,0,-20,7
-3,-1,0.147665,Yield,0,0,-23,8
-2,-1,0.147691,Yield,0,0,-25,9
-3,-1,0.14772,Yield,0,0,-28,10
-3,-1,0.147731,Yield,0,0,-31,11
-3,-1,0.14776,Yield,0,0,-34,12
-2,-1,0.147818,Yield,0,0,-36,13
-3,-1,0.147847,Yield,0,0,-39,14
-3,-1,0.147876,Yield,0,0,-42,15
-3,-1,0.147882,Yield,0,0,-45,16
-3,-1,0.147905,Yield,0,0,-48,17
-2,-1,0.14794,Yield,0,0,-50,18
-1,1,0.160624,FRAY 1,317,265,-51,17
-1,1,0.1607,FRAY 1,317,265,-52,16
-1,1,0.160705,FRAY 1,317,265,-53,15
-1,1,0.16074,FRAY 1,317,265,-54,14
1,1,0.160763,FRAY 1,317,265,-53,13
1,2,0.160787,FRAY 1,317,265,-52,11
1,2,0.160821,FRAY 1,317,265,-51,9
1,2,0.160833,FRAY 1,317,265,-50,7
1,2,0.160862,FRAY 1,317,265,-49,5
1,2,0.160884,FRAY 1,317,265,-48,3
1,2,0.160914,FRAY 1,317,265,-47,1
1,1,0.160943,FRAY 1,317,265,-46,0
1,2,0.160961,FRAY 1,317,265,-45,-2
2,2,0.160978,FRAY 1,317,265,-43,-4
2,2,0.161001,FRAY 1,317,265,-41,-6
2,2,0.161025,FRAY 1,317,265,-39,-8
2,2,0.161059,FRAY 1,317,265,-37,-10
2,3,0.161083,FRAY 1,317,265,-35,-13
2,2,0.161083,FRAY 1,317,265,-33,-15
2,3,0.161117,FRAY 1,317,265,-31,-18
1,3,0.161146,FRAY 1,317,265,-30,-21
2,3,0.161164,FRAY 1,317,265,-28,-24
2,3,0.161187,FRAY 1,317,265,-26,-27
2,3,0.161228,FRAY 1,317,265,-24,-30
2,2,0.161239,FRAY 1,317,265,-22,-32
2,3,0.161268,FRAY 1,317,265,-20,-35
2,3,0.161292,FRAY 1,317,265,-18,-38
2,3,0.161315,FRAY 1,317,265,-16,-41
1,3,0.16135,FRAY 1,317,265,-15,-44
2,2,0.161367,FRAY 1,317,265,-13,-46
2,3,0.16139,FRAY 1,317,265,-11,-49
3,3,0.161414,FRAY 1,317,265,-8,-52
3,3,0.161443,FRAY 1,317,265,-5,-55
3,3,0.161477,FRAY 1,317,265,-2,-58
2,2,0.161506,FRAY 1,317,265,0,-60
3,3,0.161518,FRAY 1,317,265,3,-63
3,3,0.161541,FRAY 1,317,265,6,-66
3,3,0.161564,FRAY 1,317,265,9,-69
3,3,0.161593,FRAY 1,317,265,12,-72
3,3,0.161622,FRAY 1,317,265,15,-75
2,2,0.161652,FRAY 1,317,265,17,-77
3,3,0.161669,FRAY 1,317,265,20,-80
3,3,0.161698,FRAY 1,317,265,23,-83
3,3,0.161727,FRAY 1,317,265,26,-86
3,3,0.16175,FRAY 1,317,265,29,-89
2,2,0.161779,FRAY 1,317,265,31,-91
3,3,0.161797,FRAY 1,317,265,34,-94
3,3,0.161826,FRAY 1,317,265,37,-97
3,3,0.161843,FRAY 1,317,265,40,-100
3,3,0.161878,FRAY 1,317,265,43,-103
2,2,0.161907,FRAY 1,317,265,45,-105
3,3,0.161924,FRAY 1,317,265,48,-108
3,3,0.161948,FRAY 1,317,265,51,-111
3,3,0.161972,FRAY 1,317,265,54,-114
3,3,0.161994,FRAY 1,317,265,57,-117
2,3,0.162023,FRAY 1,317,265,59,-120
3,2,0.162052,FRAY 1,317,265,62,-122
3,3,0.162093,FRAY 1,317,265,65,-125
3,3,0.162099,FRAY 1,317,265,68,-128
3,3,0.162128,FRAY 1,317,265,71,-131
3,3,0.162151,FRAY 1,317,265,74,-134
2,2,0.16218,FRAY 1,317,265,76,-136
3,3,0.162215,FRAY 1,317,265,79,-139
3,3,0.16222,FRAY 1,317,265,82,-142
3,3,0.162255,FRAY 1,317,265,85,-145
3,3,0.162278,FRAY 1,317,265,88,-148
2,2,0.162302,FRAY 1,317,265,90,-150
3,3,0.162331,FRAY 1,317,265,93,-153
3,3,0.162366,FRAY 1,317,265,96,-156
3,3,0.162371,FRAY 1,317,265,99,-159
3,3,0.162406,FRAY 1,317,265,102,-162
2,3,0.162429,FRAY 1,317,265,104,-165
3,2,0.162453,FRAY 1,317,265,107,-167
3,3,0.162476,FRAY 1,317,265,110,-170
3,3,0.162499,FRAY 1,317,265,113,-173
3,3,0.162522,FRAY 1,317,265,116,-176
3,3,0.162545,FRAY 1,317,265,119,-179
2,2,0.16258,FRAY 1,317,265,121,-181
3,3,0.162609,FRAY 1,317,265,124,-184
3,3,0.162621,FRAY 1,317,265,127,-187
3,3,0.162638,FRAY 1,317,265,130,-190
3,3,0.162667,FRAY 1,317,265,133,-193
2,2,0.162685,FRAY 1,317,265,135,-195
3,2,0.16272,FRAY 1,317,265,138,-197
3,2,0.162743,FRAY 1,317,265,141,-199
3,2,0.162778,FRAY 1,317,265,144,-201
3,2,0.162791,FRAY 1,317,265,147,-203
2,2,0.162813,FRAY 1,317,265,149,-205
3,2,0.162847,FRAY 1,317,265,152,-207
3,2,0.162871,FRAY 1,317,265,155,-209
3,1,0.162905,FRAY 1,317,265,158,-210
3,2,0.162917,FRAY 1,317,265,161,-212
3,2,0.162946,FRAY 1,317,265,164,-214
2,2,0.162969,FRAY 1,317,265,166,-216
3,2,0.162992,FRAY 1,317,265,169,-218
3,2,0.163033,FRAY 1,317,265,172,-220
3,2,0.163068,FRAY 1,317,265,175,-222
3,2,0.163068,FRAY 1,317,265,178,-224
2,1,0.163097,FRAY 1,317,265,180,-225
3,2,0.16312,FRAY 1,317,265,183,-227
3,2,0.163143,FRAY 1,317,265,186,-229
3,2,0.163172,FRAY 1,317,265,189,-231
3,2,0.16319,FRAY 1,317,265,192,-233
2,2,0.163225,FRAY 1,317,265,194,-235
3,2,0.163248,FRAY 1,317,265,197,-237
3,2,0.163271,FRAY 1,317,265,200,-239
3,1,0.163294,FRAY 1,317,265,203,-240
3,2,0.163329,FRAY 1,317,265,206,-242
2,2,0.163341,FRAY 1,317,265,208,-244
3,2,0.163376,FRAY 1,317,265,211,-246
3,2,0.163399,FRAY 1,317,265,214,-248
3,2,0.163422,FRAY 1,317,265,217,-250
2,2,0.163445,FRAY 1,317,265,219,-252
3,2,0.16348,FRAY 1,317,265,222,-254
3,1,0.163498,FRAY 1,317,265,225,-255
3,2,0.163527,FRAY 1,317,265,228,-257
3,2,0.16355,FRAY 1,317,265,231,-259
2,2,0.163573,FRAY 1,317,265,233,-261
3,2,0.163602,FRAY 1,317,265,236,-263
3,2,0.163631,FRAY 1,317,265,239,-265
3,2,0.163648,FRAY 1,317,265,242,-267
3,2,0.163672,FRAY 1,317,265,245,-269
2,1,0.163701,FRAY 1,317,265,247,-270
3,2,0.163729,FRAY 1,317,265,250,-272
3,2,0.163759,FRAY 1,317,265,253,-274
3,2,0.163794,FRAY 1,317,265,256,-276
3,2,0.163799,FRAY 1,317,265,259,-278
3,2,0.163823,FRAY 1,317,265,262,-280
2,2,0.163857,FRAY 1,317,265,264,-282
3,2,0.163881,FRAY 1,317,265,267,-284
3,1,0.163904,FRAY 1,317,265,270,-285
3,2,0.163927,FRAY 1,317,265,273,-287
3,2,0.16395,FRAY 1,317,265,276,-289
2,2,0.163985,FRAY 1,317,265,278,-291
3,2,0.163997,FRAY 1,317,265,281,-293
3,2,0.164032,FRAY 1,317,265,284,-295
3,2,0.164061,FRAY 1,317,265,287,-297
3,2,0.164078,FRAY 1,317,265,290,-299
2,1,0.164107,FRAY 1,317,265,292,-300
3,2,0.164124,FRAY 1,317,265,295,-302
3,2,0.164148,FRAY 1,317,265,298,-304
3,2,0.164182,FRAY 1,317,265,301,-306
3,2,0.164217,FRAY 1,317,265,304,-308
3,2,0.164229,FRAY 1,317,265,307,-310
2,2,0.164252,FRAY 1,317,265,309,-312
3,2,0.164281,FRAY 1,317,265,312,-314
3,1,0.16431,FRAY 1,317,265,315,-315
3,2,0.164333,FRAY 1,317,265,318,-317
3,2,0.164368,FRAY 1,317,265,321,-319
2,2,0.164386,FRAY 1,317,265,323,-321
3,2,0.164409,FRAY 1,317,265,326,-323
3,2,0.164432,FRAY 1,317,265,329,-325
3,2,0.164461,FRAY 1,317,265,332,-327
3,2,0.164496,FRAY 1,317,265,335,-329
2,1,0.164513,FRAY 1,317,265,337,-330
3,2,0.164537,FRAY 1,317,265,340,-332
3,2,0.16456,FRAY 1,317,265,343,-334
3,2,0.164583,FRAY 1,317,265,346,-336
3,2,0.164606,FRAY 1,317,265,349,-338
3,2,0.164647,FRAY 1,317,265,352,-340
2,2,0.164676,FRAY 1,317,265,354,-342
3,2,0.164688,FRAY 1,317,265,357,-344
3,1,0.164717,FRAY 1,317,265,360,-345
3,2,0.164734,FRAY 1,317,265,363,-347
3,2,0.164769,FRAY 1,317,265,366,-349
2,2,0.164792,FRAY 1,317,265,368,-351
3,2,0.164809,FRAY 1,317,265,371,-353
3,2,0.164838,FRAY 1,317,265,374,-355
3,2,0.164862,FRAY 1,317,265,377,-357
3,2,0.164885,FRAY 1,317,265,380,-359
2,1,0.164908,FRAY 1,317,265,382,-360
3,2,0.164943,FRAY 1,317,265,385,-362
3,2,0.16496,FRAY 1,317,265,388,-364
3,2,0.164995,FRAY 1,317,265,391,-366
3,2,0.165013,FRAY 1,317,265,394,-368
2,2,0.165042,FRAY 1,317,265,396,-370
3,2,0.165082,FRAY 1,317,265,399,-372
3,2,0.165082,FRAY 1,317,265,402,-374
3,1,0.165105,FRAY 1,317,265,405,-375
3,2,0.165117,FRAY 1,317,265,408,-377
3,2,0.165152,FRAY 1,317,265,411,-379
2,2,0.165175,FRAY 1,317,265,413,-381
3,2,0.16521,FRAY 1,317,265,416,-383
3,2,0.165227,FRAY 1,317,265,419,-385
3,2,0.165251,FRAY 1,317,265,422,-387
3,2,0.165274,FRAY 1,317,265,425,-389
2,1,0.165303,FRAY 1,317,265,427,-390
3,2,0.165326,FRAY 1,317,265,430,-392
3,2,0.165361,FRAY 1,317,265,433,-394
3,2,0.165373,FRAY 1,317,265,436,-396
3,2,0.165401,FRAY 1,317,265,439,-398
2,2,0.165425,FRAY 1,317,265,441,-400
3,2,0.165448,FRAY 1,317,265,444,-402
3,2,0.165477,FRAY 1,317,265,447,-404
3,1,0.165512,FRAY 1,317,265,450,-405
3,2,0.165529,FRAY 1,317,265,453,-407
3,2,0.165552,FRAY 1,317,265,456,-409
2,2,0.165581,FRAY 1,317,265,458,-411
3,2,0.165607,FRAY 1,317,265,461,-413
3,2,0.165634,FRAY 1,317,265,464,-415
3,2,0.165663,FRAY 1,317,265,467,-417
3,2,0.16568,FRAY 1,317,265,470,-419
1,1,0.165703,FRAY 1,317,265,471,-420
2,1,0.165727,FRAY 1,317,265,473,-421
2,1,0.165761,FRAY 1,317,265,475,-422
1,1,0.165773,FRAY 1,317,265,476,-423
1,1,0.16582,FRAY 1,317,265,477,-424
-1,1,0.175839,SAN- 2,54,321,476,-425
-1,1,0.175862,SAN- 2,54,321,475,-426
-1,1,0.175885,SAN- 2,54,321,474,-427
-1,1,0.17592,SAN- 2,54,321,473,-428
-2,1,0.175972,SAN- 2,54,321,471,-429
-2,1,0.175984,SAN- 2,54,321,469,-430
-2,1,0.176007,SAN- 2,54,321,467,-431
-1,1,0.176036,SAN- 2,54,321,466,-432
-2,1,0.176065,SAN- 2,54,321,464,-433
-2,1,0.176094,SAN- 2,54,321,462,-434
-2,1,0.176118,SAN- 2,54,321,460,-435
-1,1,0.176135,SAN- 2,54,321,459,-436
-2,1,0.176158,SAN- 2,54,321,457,-437
-2,1,0.176181,SAN- 2,54,321,455,-438
-2,1,0.176216,SAN- 2,54,321,453,-439
-2,1,0.176245,SAN- 2,54,321,451,-440
-2,1,0.17628,SAN- 2,54,321,449,-441
-2,1,0.176286,SAN- 2,54,321,447,-442
-1,1,0.176338,SAN- 2,54,321,446,-443
-2,1,0.176367,SAN- 2,54,321,444,-444
-2,1,0.17639,SAN- 2,54,321,442,-445
-2,1,0.176431,SAN- 2,54,321,440,-446
-2,1,0.176437,SAN- 2,54,321,438,-447
-2,1,0.17646,SAN- 2,54,321,436,-448
-2,1,0.176489,SAN- 2,54,321,434,-449
-2,1,0.176518,SAN- 2,54,321,432,-450
-1,1,0.176541,SAN- 2,54,321,431,-451
-2,1,0.176565,SAN- 2,54,321,429,-452
-2,1,0.176594,SAN- 2,54,321,427,-453
-2,1,0.176605,SAN- 2,54,321,425,-454
-2,1,0.176628,SAN- 2,54,321,423,-455
-2,1,0.176657,SAN- 2,54,321,421,-456
-2,1,0.176692,SAN- 2,54,321,419,-457
-1,1,0.176733,SAN- 2,54,321,418,-458
-2,1,0.176756,SAN- 2,54,321,416,-459
-2,1,0.176779,SAN- 2,54,321,414,-460
-2,1,0.17682,SAN- 2,54,321,412,-461
-2,1,0.176843,SAN- 2,54,321,410,-462
-2,1,0.176866,SAN- 2,54,321,408,-463
-2,1,0.176884,SAN- 2,54,321,406,-464
-2,1,0.176907,SAN- 2,54,321,404,-465
-1,1,0.17693,SAN- 2,54,321,403,-466
-2,1,0.176965,SAN- 2,54,321,401,-467
-2,1,0.176988,SAN- 2,54,321,399,-468
-2,1,0.177017,SAN- 2,54,321,397,-469
-2,1,0.177035,SAN- 2,54,321,395,-470
-2,1,0.177064,SAN- 2,54,321,393,-471
-2,1,0.177075,SAN- 2,54,321,391,-472
-1,1,0.177139,SAN- 2,54,321,390,-473
-2,1,0.177162,SAN- 2,54,321,388,-474
-2,1,0.17718,SAN- 2,54,321,386,-475
-2,1,0.177203,SAN- 2,54,321,384,-476
-2,1,0.177226,SAN- 2,54,321,382,-477
-2,1,0.177261,SAN- 2,54,321,380,-478
-2,1,0.177296,SAN- 2,54,321,378,-479
-2,1,0.177302,SAN- 2,54,321,376,-480
-1,1,0.177331,SAN- 2,54,321,375,-481
-2,1,0.177357,SAN- 2,54,321,373,-482
-2,1,0.177371,SAN- 2,54,321,371,-483
-2,1,0.1774,SAN- 2,54,321,369,-484
-3,1,0.177435,SAN- 2,54,321,366,-485
-3,1,0.177447,SAN- 2,54,321,363,-486
-2,1,0.177476,SAN- 2,54,321,361,-487
-3,1,0.177522,SAN- 2,54,321,358,-488
-3,1,0.177546,SAN- 2,54,321,355,-489
-3,1,0.17758,SAN- 2,54,321,352,-490
-3,1,0.177592,SAN- 2,54,321,349,-491
-2,1,0.177621,SAN- 2,54,321,347,-492
-3,1,0.177656,SAN- 2,54,321,344,-493
-3,1,0.177673,SAN- 2,54,321,341,-494
-3,1,0.177697,SAN- 2,54,321,338,-495
-3,1,0.177731,SAN- 2,54,321,335,-496
-2,1,0.177749,SAN- 2,54,321,333,-497
-3,1,0.177772,SAN- 2,54,321,330,-498
-3,1,0.177801,SAN- 2,54,321,327,-499
-3,1,0.177824,SAN- 2,54,321,324,-500
-3,1,0.177853,SAN- 2,54,321,321,-501
-2,1,0.177882,SAN- 2,54,321,319,-502
-3,1,0.177923,SAN- 2,54,321,316,-503
-3,1,0.177946,SAN- 2,54,321,313,-504
-3,1,0.177981,SAN- 2,54,321,310,-505
-3,1,0.178004,SAN- 2,54,321,307,-506
-2,1,0.178033,SAN- 2,54,321,305,-507
-3,1,0.178051,SAN- 2,54,321,302,-508
-3,1,0.178074,SAN- 2,54,321,299,-509
-3,1,0.178097,SAN- 2,54,321,296,-510
-3,1,0.178138,SAN- 2,54,321,293,-511
-2,1,0.178161,SAN- 2,54,321,291,-512
-3,1,0.17819,SAN- 2,54,321,288,-513
-3,1,0.178207,SAN- 2,54,321,285,-514
-3,1,0.17823,SAN- 2,54,321,282,-515
-3,1,0.17826,SAN- 2,54,321,279,-516
-2,1,0.178283,SAN- 2,54,321,277,-517
-3,1,0.178329,SAN- 2,54,321,274,-518
-2,1,0.178689,SAN- 2,54,321,272,-519
-3,1,0.178712,SAN- 2,54,321,269,-520
-3,1,0.178732,SAN- 2,54,321,266,-521
-3,1,0.178753,SAN- 2,54,321,263,-522
-3,1,0.178788,SAN- 2,54,321,260,-523
-2,1,0.178811,SAN- 2,54,321,258,-524
-3,1,0.178823,SAN- 2,54,321,255,-525
-3,1,0.178856,SAN- 2,54,321,252,-526
-3,1,0.178869,SAN- 2,54,321,249,-527
-3,1,0.178892,SAN- 2,54,321,246,-528
-3,1,0.178927,SAN- 2,54,321,243,-529
-2,1,0.17895,SAN- 2,54,321,241,-530
-3,1,0.178974,SAN- 2,54,321,238,-531
-3,1,0.179003,SAN- 2,54,321,235,-532
-3,1,0.179043,SAN- 2,54,321,232,-533
-2,1,0.179078,SAN- 2,54,321,230,-534
-3,1,0.179101,SAN- 2,54,321,227,-535
-3,1,0.179125,SAN- 2,54,321,224,-536
-3,1,0.179159,SAN- 2,54,321,221,-537
-3,1,0.179171,SAN- 2,54,321,218,-538
-2,1,0.179194,SAN- 2,54,321,216,-539
-3,1,0.179223,SAN- 2,54,321,213,-540
-3,1,0.179252,SAN- 2,54,321,210,-541
-3,1,0.179688,SAN- 2,54,321,207,-542
-3,1,0.179711,SAN- 2,54,321,204,-543
-2,1,0.17974,SAN- 2,54,321,202,-544
-3,1,0.179757,SAN- 2,54,321,199,-545
-3,1,0.179786,SAN- 2,54,321,196,-546
-3,1,0.179804,SAN- 2,54,321,193,-547
-3,1,0.179873,SAN- 2,54,321,190,-548
-2,1,0.179879,SAN- 2,54,321,188,-549
-3,1,0.179908,SAN- 2,54,321,185,-550
-3,1,0.179937,SAN- 2,54,321,182,-551
-3,1,0.17996,SAN- 2,54,321,179,-552
-3,1,0.179984,SAN- 2,54,321,176,-553
-2,1,0.180019,SAN- 2,54,321,174,-554
-3,1,0.180024,SAN- 2,54,321,171,-555
-3,1,0.180059,SAN- 2,54,321,168,-556
-3,1,0.180082,SAN- 2,54,321,165,-557
-3,1,0.180106,SAN- 2,54,321,162,-558
-2,1,0.180129,SAN- 2,54,321,160,-559
-3,1,0.180169,SAN- 2,54,321,157,-560
-3,1,0.180175,SAN- 2,54,321,154,-561
-3,1,0.180198,SAN- 2,54,321,151,-562
-3,1,0.180245,SAN- 2,54,321,148,-563
-2,1,0.180268,SAN- 2,54,321,146,-564
-3,1,0.180309,SAN- 2,54,321,143,-565
-3,1,0.18032,SAN- 2,54,321,140,-566
-3,1,0.180338,SAN- 2,54,321,137,-567
-3,1,0.180442,SAN- 2,54,321,134,-568
-3,1,0.180471,SAN- 2,54,321,131,-569
-3,1,0.180495,SAN- 2,54,321,128,-570
-2,1,0.180524,SAN- 2,54,321,126,-571
-3,1,0.180547,SAN- 2,54,321,123,-572
-3,1,0.180582,SAN- 2,54,321,120,-573
-3,1,0.180599,SAN- 2,54,321,117,-574
-3,1,0.180622,SAN- 2,54,321,114,-575
-1,-1,0.190775,-TIA- 3,112,139,113,-574
-1,-1,0.190822,-TIA- 3,112,139,112,-573
-1,-1,0.190845,-TIA- 3,112,139,111,-572
-1,-1,0.190891,-TIA- 3,112,139,110,-571
-1,-1,0.190914,-TIA- 3,112,139,109,-570
1,-1,0.190978,-TIA- 3,112,139,110,-569
1,-2,0.191013,-TIA- 3,112,139,111,-567
1,-2,0.191019,-TIA- 3,112,139,112,-565
1,-2,0.191048,-TIA- 3,112,139,113,-563
1,-2,0.191071,-TIA- 3,112,139,114,-561
1,-1,0.1911,-TIA- 3,112,139,115,-560
1,-2,0.191123,-TIA- 3,112,139,116,-558
1,-2,0.191158,-TIA- 3,112,139,117,-556
1,-2,0.19117,-TIA- 3,112,139,118,-554
1,-2,0.191199,-TIA- 3,112,139,119,-552
1,-2,0.191222,-TIA- 3,112,139,120,-550
1,-2,0.191251,-TIA- 3,112,139,121,-548
1,-2,0.191269,-TIA- 3,112,139,122,-546
1,-1,0.191309,-TIA- 3,112,139,123,-545
1,-2,0.191327,-TIA- 3,112,139,124,-543
1,-2,0.19135,-TIA- 3,112,139,125,-541
1,-2,0.191373,-TIA- 3,112,139,126,-539
1,-2,0.191402,-TIA- 3,112,139,127,-537
1,-2,0.19142,-TIA- 3,112,139,128,-535
1,-2,0.191466,-TIA- 3,112,139,129,-533
1,-2,0.191478,-TIA- 3,112,139,130,-531
1,-1,0.191501,-TIA- 3,112,139,131,-530
1,-1,0.191524,-TIA- 3,112,139,132,-529
1,-1,0.191557,-TIA- 3,112,139,133,-528
1,-1,0.19157,-TIA- 3,112,139,134,-527
1,-1,0.192395,-TIA- 3,112,139,135,-526
1,-1,0.192447,-TIA- 3,112,139,136,-525
1,-2,0.19247,-TIA- 3,112,139,137,-523
1,-2,0.192493,-TIA- 3,112,139,138,-521
1,-2,0.192528,-TIA- 3,112,139,139,-519
1,-2,0.192551,-TIA- 3,112,139,140,-517
1,-2,0.19258,-TIA- 3,112,139,141,-515
1,-1,0.192615,-TIA- 3,112,139,142,-514
1,-2,0.192621,-TIA- 3,112,139,143,-512
1,-2,0.192644,-TIA- 3,112,139,144,-510
1,-2,0.192679,-TIA- 3,112,139,145,-508
1,-2,0.19272,-TIA- 3,112,139,146,-506
1,-4,0.192743,-TIA- 3,112,139,147,-502
2,-2,0.192766,-TIA- 3,112,139,149,-500
1,-1,0.192789,-TIA- 3,112,139,150,-499
1,-2,0.192824,-TIA- 3,112,139,151,-497
1,-2,0.192848,-TIA- 3,112,139,152,-495
1,-2,0.192877,-TIA- 3,112,139,153,-493
1,-2,0.192894,-TIA- 3,112,139,154,-491
1,-2,0.192917,-TIA- 3,112,139,155,-489
1,-2,0.19294,-TIA- 3,112,139,156,-487
1,-2,0.192975,-TIA- 3,112,139,157,-485
1,-2,0.192998,-TIA- 3,112,139,158,-483
1,-3,0.193027,-TIA- 3,112,139,159,-480
1,-3,0.193045,-TIA- 3,112,139,160,-477
1,-3,0.193074,-TIA- 3,112,139,161,-474
1,-3,0.193091,-TIA- 3,112,139,162,-471
1,-2,0.193126,-TIA- 3,112,139,163,-469
1,-3,0.193149,-TIA- 3,112,139,164,-466
1,-3,0.19319,-TIA- 3,112,139,165,-463
1,-3,0.193196,-TIA- 3,112,139,166,-460
1,-3,0.193219,-TIA- 3,112,139,167,-457
1,-3,0.193248,-TIA- 3,112,139,168,-454
1,-2,0.193271,-TIA- 3,112,139,169,-452
1,-3,0.193295,-TIA- 3,112,139,170,-449
1,-3,0.193335,-TIA- 3,112,139,171,-446
1,-3,0.193347,-TIA- 3,112,139,172,-443
1,-3,0.193376,-TIA- 3,112,139,173,-440
1,-2,0.193405,-TIA- 3,112,139,174,-438
1,-3,0.193428,-TIA- 3,112,139,175,-435
1,-3,0.193451,-TIA- 3,112,139,176,-432
1,-3,0.193474,-TIA- 3,112,139,177,-429
1,-3,0.193503,-TIA- 3,112,139,178,-426
1,-2,0.193533,-TIA- 3,112,139,179,-424
1,-3,0.193556,-TIA- 3,112,139,180,-421
1,-3,0.193599,-TIA- 3,112,139,181,-418
1,-3,0.193608,-TIA- 3,112,139,182,-415
1,-3,0.193625,-TIA- 3,112,139,183,-412
1,-3,0.193643,-TIA- 3,112,139,184,-409
1,-2,0.193666,-TIA- 3,112,139,185,-407
1,-3,0.193695,-TIA- 3,112,139,186,-404
1,-3,0.193724,-TIA- 3,112,139,187,-401
1,-3,0.193747,-TIA- 3,112,139,188,-398
1,-3,0.193765,-TIA- 3,112,139,189,-395
1,-2,0.193794,-TIA- 3,112,139,190,-393
1,-3,0.193817,-TIA- 3,112,139,191,-390
1,-3,0.19384,-TIA- 3,112,139,192,-387
1,-3,0.193869,-TIA- 3,112,139,193,-384
1,-3,0.193898,-TIA- 3,112,139,194,-381
1,-2,0.193916,-TIA- 3,112,139,195,-379
1,-3,0.193939,-TIA- 3,112,139,196,-376
1,-3,0.193974,-TIA- 3,112,139,197,-373
1,-3,0.193997,-TIA- 3,112,139,198,-370
1,-3,0.194026,-TIA- 3,112,139,199,-367
1,-3,0.194049,-TIA- 3,112,139,200,-364
1,-2,0.194067,-TIA- 3,112,139,201,-362
1,-3,0.19409,-TIA- 3,112,139,202,-359
1,-3,0.194125,-TIA- 3,112,139,203,-356
1,-3,0.194148,-TIA- 3,112,139,204,-353
1,-3,0.194177,-TIA- 3,112,139,205,-350
1,-2,0.194212,-TIA- 3,112,139,206,-348
1,-3,0.194218,-TIA- 3,112,139,207,-345
1,-3,0.194252,-TIA- 3,112,139,208,-342
1,-3,0.19427,-TIA- 3,112,139,209,-339
1,-3,0.194299,-TIA- 3,112,139,210,-336
1,-2,0.194333,-TIA- 3,112,139,211,-334
1,-3,0.194368,-TIA- 3,112,139,212,-331
1,-3,0.194368,-TIA- 3,112,139,213,-328
1,-3,0.194397,-TIA- 3,112,139,214,-325
1,-3,0.194426,-TIA- 3,112,139,215,-322
1,-3,0.19445,-TIA- 3,112,139,216,-319
1,-2,0.194485,-TIA- 3,112,139,217,-317
1,-3,0.194496,-TIA- 3,112,139,218,-314
1,-3,0.194525,-TIA- 3,112,139,219,-311
1,-3,0.194548,-TIA- 3,112,139,220,-308
1,-3,0.194577,-TIA- 3,112,139,221,-305
1,-2,0.194612,-TIA- 3,112,139,222,-303
1,-3,0.194641,-TIA- 3,112,139,223,-300
1,-3,0.194653,-TIA- 3,112,139,224,-297
1,-3,0.194682,-TIA- 3,112,139,225,-294
1,-3,0.194717,-TIA- 3,112,139,226,-291
1,-2,0.194728,-TIA- 3,112,139,227,-289
1,-3,0.194763,-TIA- 3,112,139,228,-286
1,-3,0.194792,-TIA- 3,112,139,229,-283
1,-3,0.194804,-TIA- 3,112,139,230,-280
1,-3,0.194827,-TIA- 3,112,139,231,-277
1,-3,0.19485,-TIA- 3,112,139,232,-274
1,-2,0.194873,-TIA- 3,112,139,233,-272
1,-3,0.194908,-TIA- 3,112,139,234,-269
1,-3,0.194926,-TIA- 3,112,139,235,-266
1,-3,0.194955,-TIA- 3,112,139,236,-263
1,-3,0.194978,-TIA- 3,112,139,237,-260
1,-2,0.195013,-TIA- 3,112,139,238,-258
1,-3,0.195036,-TIA- 3,112,139,239,-255
1,-3,0.195053,-TIA- 3,112,139,240,-252
1,-3,0.195077,-TIA- 3,112,139,241,-249
1,-3,0.195106,-TIA- 3,112,139,242,-246
1,-2,0.195135,-TIA- 3,112,139,243,-244
1,-3,0.195164,-TIA- 3,112,139,244,-241
1,-2,0.195199,-TIA- 3,112,139,245,-239
1,-2,0.19521,-TIA- 3,112,139,246,-237
1,-2,0.195228,-TIA- 3,112,139,247,-235
1,-2,0.195262,-TIA- 3,112,139,248,-233
1,-1,0.195286,-TIA- 3,112,139,249,-232
1,1,0.205572,GO 4,241,429,250,-233
1,1,0.205636,GO 4,241,429,251,-234
1,1,0.205648,GO 4,241,429,252,-235
1,1,0.2057,GO 4,241,429,253,-236
1,1,0.205735,GO 4,241,429,254,-237
1,1,0.205764,GO 4,241,429,255,-238
1,1,0.205787,GO 4,241,429,256,-239
1,1,0.205816,GO 4,241,429,257,-240
1,1,0.205857,GO 4,241,429,258,-241
1,2,0.205915,GO 4,241,429,259,-243
2,1,0.205938,GO 4,241,429,261,-244
1,1,0.205961,GO 4,241,429,262,-245
1,1,0.206013,GO 4,241,429,263,-246
1,1,0.206042,GO 4,241,429,264,-247
1,1,0.206065,GO 4,241,429,265,-248
1,1,0.206089,GO 4,241,429,266,-249
1,1,0.206147,GO 4,241,429,267,-250
1,1,0.206164,GO 4,241,429,268,-251
1,1,0.206187,GO 4,241,429,269,-252
1,1,0.206216,GO 4,241,429,270,-253
1,1,0.206274,GO 4,241,429,271,-254
1,2,0.206315,GO 4,241,429,272,-256
2,1,0.206338,GO 4,241,429,274,-257
1,2,0.206373,GO 4,241,429,275,-259
1,1,0.206402,GO 4,241,429,276,-260
1,2,0.206425,GO 4,241,429,277,-262
1,2,0.206443,GO 4,241,429,278,-264
1,2,0.206466,GO 4,241,429,279,-266
1,2,0.206489,GO 4,241,429,280,-268
1,2,0.206524,GO 4,241,429,281,-270
1,2,0.206547,GO 4,241,429,282,-272
1,2,0.206576,GO 4,241,429,283,-274
1,1,0.206594,GO 4,241,429,284,-275
1,2,0.206605,GO 4,241,429,285,-277
1,2,0.206629,GO 4,241,429,286,-279
1,2,0.206663,GO 4,241,429,287,-281
1,2,0.206698,GO 4,241,429,288,-283
1,2,0.206721,GO 4,241,429,289,-285
1,2,0.206733,GO 4,241,429,290,-287
1,2,0.206762,GO 4,241,429,291,-289
1,1,0.206785,GO 4,241,429,292,-290
1,2,0.206814,GO 4,241,429,293,-292
1,2,0.206849,GO 4,241,429,294,-294
1,2,0.206872,GO 4,241,429,295,-296
1,2,0.20689,GO 4,241,429,296,-298
1,2,0.206913,GO 4,241,429,297,-300
1,2,0.206936,GO 4,241,429,298,-302
1,2,0.206965,GO 4,241,429,299,-304
1,1,0.206983,GO 4,241,429,300,-305
1,2,0.207018,GO 4,241,429,301,-307
2,2,0.207047,GO 4,241,429,303,-309
2,2,0.207076,GO 4,241,429,305,-311
2,2,0.207099,GO 4,241,429,307,-313
2,4,0.207139,GO 4,241,429,309,-317
3,2,0.207168,GO 4,241,429,312,-319
2,1,0.207192,GO 4,241,429,314,-320
2,2,0.207221,GO 4,241,429,316,-322
2,2,0.20725,GO 4,241,429,318,-324
2,2,0.207267,GO 4,241,429,320,-326
2,2,0.20729,GO 4,241,429,322,-328
2,2,0.207314,GO 4,241,429,324,-330
2,2,0.207343,GO 4,241,429,326,-332
1,2,0.207366,GO 4,241,429,327,-334
2,1,0.207383,GO 4,241,429,329,-335
2,2,0.207397,GO 4,241,429,331,-337
2,2,0.207424,GO 4,241,429,333,-339
2,2,0.207447,GO 4,241,429,335,-341
2,2,0.207482,GO 4,241,429,337,-343
2,2,0.207499,GO 4,241,429,339,-345
2,3,0.207534,GO 4,241,429,341,-348
1,2,0.207552,GO 4,241,429,342,-350
2,3,0.207575,GO 4,241,429,344,-353
2,3,0.207598,GO 4,241,429,346,-356
2,3,0.207627,GO 4,241,429,348,-359
2,3,0.20765,GO 4,241,429,350,-362
2,2,0.207685,GO 4,241,429,352,-364
2,3,0.207702,GO 4,241,429,354,-367
2,3,0.207726,GO 4,241,429,356,-370
1,3,0.207749,GO 4,241,429,357,-373
2,3,0.207784,GO 4,241,429,359,-376
2,3,0.207813,GO 4,241,429,361,-379
2,2,0.20783,GO 4,241,429,363,-381
2,3,0.207853,GO 4,241,429,365,-384
2,3,0.207877,GO 4,241,429,367,-387
2,3,0.2079,GO 4,241,429,369,-390
2,3,0.207935,GO 4,241,429,371,-393
1,2,0.207964,GO 4,241,429,372,-395
2,3,0.207999,GO 4,241,429,374,-398
2,3,0.208004,GO 4,241,429,376,-401
1,3,0.208028,GO 4,241,429,377,-404
1,3,0.208051,GO 4,241,429,378,-407
1,2,0.208074,GO 4,241,429,379,-409
1,3,0.208115,GO 4,241,429,380,-412
1,3,0.208149,GO 4,241,429,381,-415
1,3,0.208155,GO 4,241,429,382,-418
1,3,0.208179,GO 4,241,429,383,-421
1,3,0.208202,GO 4,241,429,384,-424
1,2,0.208237,GO 4,241,429,385,-426
1,3,0.208248,GO 4,241,429,386,-429
1,3,0.208289,GO 4,241,429,387,-432
1,3,0.208306,GO 4,241,429,388,-435
1,3,0.208329,GO 4,241,429,389,-438
1,2,0.208353,GO 4,241,429,390,-440
1,3,0.208387,GO 4,241,429,391,-443
1,3,0.208405,GO 4,241,429,392,-446
1,3,0.208428,GO 4,241,429,393,-449
1,3,0.208457,GO 4,241,429,394,-452
1,2,0.20848,GO 4,241,429,395,-454
1,3,0.208515,GO 4,241,429,396,-457
1,3,0.208533,GO 4,241,429,397,-460
1,3,0.208556,GO 4,241,429,398,-463
1,3,0.208579,GO 4,241,429,399,-466
1,3,0.208608,GO 4,241,429,400,-469
1,2,0.208631,GO 4,241,429,401,-471
1,3,0.20866,GO 4,241,429,402,-474
1,3,0.208689,GO 4,241,429,403,-477
1,3,0.208707,GO 4,241,429,404,-480
1,3,0.20873,GO 4,241,429,405,-483
1,2,0.208753,GO 4,241,429,406,-485
1,3,0.208787,GO 4,241,429,407,-488
1,3,0.208811,GO 4,241,429,408,-491
1,3,0.20884,GO 4,241,429,409,-494
1,3,0.208858,GO 4,241,429,410,-497
1,2,0.208881,GO 4,241,429,411,-499
1,3,0.208904,GO 4,241,429,412,-502
1,3,0.208939,GO 4,241,429,413,-505
1,3,0.208968,GO 4,241,429,414,-508
1,3,0.208991,GO 4,241,429,415,-511
1,3,0.209009,GO 4,241,429,416,-514
1,2,0.209038,GO 4,241,429,417,-516
1,3,0.209055,GO 4,241,429,418,-519
1,3,0.209081,GO 4,241,429,419,-522
1,3,0.209119,GO 4,241,429,420,-525
1,3,0.209136,GO 4,241,429,421,-528
1,2,0.20916,GO 4,241,429,422,-530
1,3,0.209189,GO 4,241,429,423,-533
1,3,0.209212,GO 4,241,429,424,-536
1,3,0.209252,GO 4,241,429,425,-539
1,3,0.209264,GO 4,241,429,426,-542
1,2,0.209305,GO 4,241,429,427,-544
1,3,0.209314,GO 4,241,429,428,-547
1,3,0.209339,GO 4,241,429,429,-550
1,3,0.209363,GO 4,241,429,430,-553
1,3,0.209398,GO 4,241,429,431,-556
1,3,0.209427,GO 4,241,429,432,-559
1,2,0.20945,GO 4,241,429,433,-561
1,3,0.209456,GO 4,241,429,434,-564
1,3,0.209479,GO 4,241,429,435,-567
1,3,0.209502,GO 4,241,429,436,-570
1,3,0.209537,GO 4,241,429,437,-573
1,2,0.209566,GO 4,241,429,438,-575
2,3,0.209601,GO 4,241,429,440,-578
2,3,0.209607,GO 4,241,429,442,-581
2,3,0.20963,GO 4,241,429,444,-584
2,3,0.209659,GO 4,241,429,446,-587
2,2,0.209694,GO 4,241,429,448,-589
2,3,0.209723,GO 4,241,429,450,-592
1,3,0.209757,GO 4,241,429,451,-595
2,3,0.209763,GO 4,241,429,453,-598
2,3,0.209786,GO 4,241,429,455,-601
2,3,0.20981,GO 4,241,429,457,-604
2,2,0.209833,GO 4,241,429,459,-606
2,3,0.209862,GO 4,241,429,461,-609
2,3,0.209885,GO 4,241,429,463,-612
2,3,0.209914,GO 4,241,429,465,-615
1,3,0.209937,GO 4,241,429,466,-618
2,2,0.209961,GO 4,241,429,468,-620
2,2,0.20999,GO 4,241,429,470,-622
2,3,0.210024,GO 4,241,429,472,-625
2,3,0.210036,GO 4,241,429,474,-628
2,3,0.210065,GO 4,241,429,476,-631
2,2,0.210088,GO 4,241,429,478,-633
2,3,0.210123,GO 4,241,429,480,-636
2,3,0.210146,GO 4,241,429,482,-639
1,3,0.21017,GO 4,241,429,483,-642
2,3,0.210187,GO 4,241,429,485,-645
2,2,0.21021,GO 4,241,429,487,-647
1,3,0.210245,GO 4,241,429,488,-650
1,3,0.210268,GO 4,241,429,489,-653
1,3,0.210309,GO 4,241,429,490,-656
1,3,0.210321,GO 4,241,429,491,-659
1,2,0.210338,GO 4,241,429,492,-661
1,3,0.210361,GO 4,241,429,493,-664
1,3,0.210396,GO 4,241,429,494,-667
1,3,0.210419,GO 4,241,429,495,-670
1,3,0.210454,GO 4,241,429,496,-673
1,3,0.210477,GO 4,241,429,497,-676
1,2,0.210489,GO 4,241,429,498,-678
1,3,0.210512,GO 4,241,429,499,-681
1,3,0.210547,GO 4,241,429,500,-684
1,3,0.21057,GO 4,241,429,501,-687
1,3,0.210599,GO 4,241,429,502,-690
1,2,0.210628,GO 4,241,429,503,-692
1,3,0.210638,GO 4,241,429,504,-695
1,3,0.210663,GO 4,241,429,505,-698
1,3,0.210686,GO 4,241,429,506,-701
1,3,0.210709,GO 4,241,429,507,-704
1,2,0.210744,GO 4,241,429,508,-706
1,3,0.210773,GO 4,241,429,509,-709
1,3,0.210779,GO 4,241,429,510,-712
1,3,0.210802,GO 4,241,429,511,-715
1,3,0.210831,GO 4,241,429,512,-718
1,3,0.21086,GO 4,241,429,513,-721
1,2,0.210895,GO 4,241,429,514,-723
1,3,0.210924,GO 4,241,429,515,-726
1,3,0.210936,GO 4,241,429,516,-729
1,3,0.210959,GO 4,241,429,517,-732
1,3,0.210982,GO 4,241,429,518,-735
1,1,0.211011,GO 4,241,429,519,-736
1,2,0.211035,GO 4,241,429,520,-738
1,2,0.211075,GO 4,241,429,521,-740
1,1,0.211087,GO 4,241,429,522,-741
1,1,0.21111,GO 4,241,429,523,-742
1,-1,0.22088,FRAY 5,360,268,524,-741
1,-1,0.220938,FRAY 5,360,268,525,-740
1,-1,0.220973,FRAY 5,360,268,526,-739
1,-1,0.22099,FRAY 5,360,268,527,-738
1,-1,0.221013,FRAY 5,360,268,528,-737
1,-2,0.221037,FRAY 5,360,268,529,-735
1,-1,0.22106,FRAY 5,360,268,530,-734
1,-2,0.221089,FRAY 5,360,268,531,-732
1,-2,0.221112,FRAY 5,360,268,532,-730
1,-2,0.221141,FRAY 5,360,268,533,-728
1,-2,0.221164,FRAY 5,360,268,534,-726
1,-2,0.221187,FRAY 5,360,268,535,-724
1,-2,0.221217,FRAY 5,360,268,536,-722
1,-2,0.221246,FRAY 5,360,268,537,-720
1,-1,0.221275,FRAY 5,360,268,538,-719
1,-2,0.221292,FRAY 5,360,268,539,-717
1,-2,0.221315,FRAY 5,360,268,540,-715
1,-2,0.221338,FRAY 5,360,268,541,-713
1,-2,0.221373,FRAY 5,360,268,542,-711
1,-2,0.221396,FRAY 5,360,268,543,-709
1,-2,0.22142,FRAY 5,360,268,544,-707
1,-2,0.221443,FRAY 5,360,268,545,-705
1,-1,0.221472,FRAY 5,360,268,546,-704
1,-2,0.221489,FRAY 5,360,268,547,-702
1,-2,0.221524,FRAY 5,360,268,548,-700
1,-2,0.221553,FRAY 5,360,268,549,-698
1,-2,0.221576,FRAY 5,360,268,550,-696
1,-2,0.221594,FRAY 5,360,268,551,-694
1,-2,0.221629,FRAY 5,360,268,552,-692
1,-2,0.22164,FRAY 5,360,268,553,-690
1,-1,0.221669,FRAY 5,360,268,554,-689
1,-2,0.221704,FRAY 5,360,268,555,-687
1,-2,0.221739,FRAY 5,360,268,556,-685
1,-2,0.221745,FRAY 5,360,268,557,-683
1,-2,0.221768,FRAY 5,360,268,558,-681
1,-2,0.221791,FRAY 5,360,268,559,-679
1,-2,0.221826,FRAY 5,360,268,560,-677
2,-2,0.221861,FRAY 5,360,268,562,-675
1,-1,0.221867,FRAY 5,360,268,563,-674
2,-2,0.221896,FRAY 5,360,268,565,-672
2,-2,0.221925,FRAY 5,360,268,567,-670
2,-2,0.221948,FRAY 5,360,268,569,-668
2,-2,0.221971,FRAY 5,360,268,571,-666
2,-2,0.221994,FRAY 5,360,268,573,-664
2,-2,0.222018,FRAY 5,360,268,575,-662
2,-2,0.222052,FRAY 5,360,268,577,-660
1,-1,0.222076,FRAY 5,360,268,578,-659
2,-2,0.22211,FRAY 5,360,268,580,-657
2,-2,0.222128,FRAY 5,360,268,582,-655
2,-2,0.222157,FRAY 5,360,268,584,-653
2,-2,0.222169,FRAY 5,360,268,586,-651
2,-2,0.222192,FRAY 5,360,268,588,-649
2,-2,0.222227,FRAY 5,360,268,590,-647
2,-2,0.222273,FRAY 5,360,268,592,-645
1,-1,0.222273,FRAY 5,360,268,593,-644
2,-2,0.222308,FRAY 5,360,268,595,-642
2,-2,0.222325,FRAY 5,360,268,597,-640
2,-2,0.222348,FRAY 5,360,268,599,-638
2,-2,0.222378,FRAY 5,360,268,601,-636
2,-2,0.222401,FRAY 5,360,268,603,-634
2,-2,0.222441,FRAY 5,360,268,605,-632
2,-2,0.222453,FRAY 5,360,268,607,-630
1,-1,0.222476,FRAY 5,360,268,608,-629
2,-2,0.222488,FRAY 5,360,268,610,-627
2,-2,0.222511,FRAY 5,360,268,612,-625
2,-2,0.222546,FRAY 5,360,268,614,-623
2,-2,0.222569,FRAY 5,360,268,616,-621
2,-2,0.222592,FRAY 5,360,268,618,-619
2,-2,0.222616,FRAY 5,360,268,620,-617
2,-2,0.222639,FRAY 5,360,268,622,-615
1,-1,0.222668,FRAY 5,360,268,623,-614
2,-2,0.222714,FRAY 5,360,268,625,-612
2,-4,0.222749,FRAY 5,360,268,627,-608
4,-2,0.222772,FRAY 5,360,268,631,-606
1,-2,0.222795,FRAY 5,360,268,632,-604
1,-2,0.222824,FRAY 5,360,268,633,-602
1,-2,0.222848,FRAY 5,360,268,634,-600
1,-1,0.222883,FRAY 5,360,268,635,-599
1,-2,0.2229,FRAY 5,360,268,636,-597
1,-2,0.222923,FRAY 5,360,268,637,-595
1,-2,0.222946,FRAY 5,360,268,638,-593
2,-2,0.222981,FRAY 5,360,268,640,-591
2,-2,0.222993,FRAY 5,360,268,642,-589
2,-2,0.223033,FRAY 5,360,268,644,-587
2,-2,0.223051,FRAY 5,360,268,646,-585
2,-1,0.223074,FRAY 5,360,268,648,-584
2,-2,0.223097,FRAY 5,360,268,650,-582
2,-2,0.223132,FRAY 5,360,268,652,-580
1,-2,0.223144,FRAY 5,360,268,653,-578
2,-2,0.223196,FRAY 5,360,268,655,-576
2,-2,0.223202,FRAY 5,360,268,657,-574
1,-2,0.223225,FRAY 5,360,268,658,-572
1,-2,0.223248,FRAY 5,360,268,659,-570
1,-1,0.223271,FRAY 5,360,268,660,-569
1,-2,0.223289,FRAY 5,360,268,661,-567
1,-2,0.223318,FRAY 5,360,268,662,-565
2,-2,0.223347,FRAY 5,360,268,664,-563
2,-2,0.22337,FRAY 5,360,268,666,-561
1,-2,0.223393,FRAY 5,360,268,667,-559
2,-2,0.223428,FRAY 5,360,268,669,-557
2,-2,0.22344,FRAY 5,360,268,671,-555
2,-1,0.223463,FRAY 5,360,268,673,-554
2,-2,0.223498,FRAY 5,360,268,675,-552
1,-2,0.223521,FRAY 5,360,268,676,-550
1,-2,0.223544,FRAY 5,360,268,677,-548
1,-2,0.223568,FRAY 5,360,268,678,-546
1,-2,0.223591,FRAY 5,360,268,679,-544
1,-2,0.22362,FRAY 5,360,268,680,-542
1,-2,0.223643,FRAY 5,360,268,681,-540
1,-1,0.223672,FRAY 5,360,268,682,-539
1,-2,0.223695,FRAY 5,360,268,683,-537
1,-2,0.223736,FRAY 5,360,268,684,-535
1,-2,0.223747,FRAY 5,360,268,685,-533
1,-2,0.223771,FRAY 5,360,268,686,-531
1,-2,0.223794,FRAY 5,360,268,687,-529
1,-2,0.223823,FRAY 5,360,268,688,-527
1,-2,0.223846,FRAY 5,360,268,689,-525
1,-1,0.223881,FRAY 5,360,268,690,-524
1,-2,0.223904,FRAY 5,360,268,691,-522
1,-2,0.223922,FRAY 5,360,268,692,-520
1,-2,0.223945,FRAY 5,360,268,693,-518
1,-2,0.223977,FRAY 5,360,268,694,-516
1,-2,0.224003,FRAY 5,360,268,695,-514
1,-2,0.224032,FRAY 5,360,268,696,-512
1,-2,0.224061,FRAY 5,360,268,697,-510
1,-1,0.224073,FRAY 5,360,268,698,-509
1,-2,0.224096,FRAY 5,360,268,699,-507
2,-2,0.224119,FRAY 5,360,268,701,-505
2,-2,0.224154,FRAY 5,360,268,703,-503
2,-2,0.224183,FRAY 5,360,268,705,-501
2,-2,0.2242,FRAY 5,360,268,707,-499
2,-2,0.224223,FRAY 5,360,268,709,-497
2,-2,0.224247,FRAY 5,360,268,711,-495
2,-1,0.224275,FRAY 5,360,268,713,-494
1,-2,0.224305,FRAY 5,360,268,714,-492
2,-2,0.22434,FRAY 5,360,268,716,-490
2,-2,0.224351,FRAY 5,360,268,718,-488
2,-2,0.224374,FRAY 5,360,268,720,-486
2,-2,0.224403,FRAY 5,360,268,722,-484
2,-2,0.224427,FRAY 5,360,268,724,-482
2,-2,0.224456,FRAY 5,360,268,726,-480
2,-1,0.224479,FRAY 5,360,268,728,-479
1,-2,0.224508,FRAY 5,360,268,729,-477
2,-2,0.224531,FRAY 5,360,268,731,-475
2,-2,0.224554,FRAY 5,360,268,733,-473
2,-2,0.224578,FRAY 5,360,268,735,-471
2,-2,0.22461,FRAY 5,360,268,737,-469
2,-2,0.224636,FRAY 5,360,268,739,-467
2,-2,0.224659,FRAY 5,360,268,741,-465
2,-1,0.224682,FRAY 5,360,268,743,-464
1,-2,0.224705,FRAY 5,360,268,744,-462
2,-2,0.22474,FRAY 5,360,268,746,-460
2,-2,0.224763,FRAY 5,360,268,748,-458
2,-2,0.224777,FRAY 5,360,268,750,-456
2,-2,0.224827,FRAY 5,360,268,752,-454
2,-2,0.224833,FRAY 5,360,268,754,-452
2,-2,0.224856,FRAY 5,360,268,756,-450
2,-1,0.224891,FRAY 5,360,268,758,-449
1,-2,0.224926,FRAY 5,360,268,759,-447
2,-2,0.224932,FRAY 5,360,268,761,-445
2,-2,0.224972,FRAY 5,360,268,763,-443
2,-2,0.22499,FRAY 5,360,268,765,-441
1,-2,0.225007,FRAY 5,360,268,766,-439
1,-1,0.225036,FRAY 5,360,268,767,-438
1,-1,0.225077,FRAY 5,360,268,768,-437
-3,-1,0.238411,SAN- 6,2,240,765,-436
-3,-1,0.238429,SAN- 6,2,240,762,-435
-3,-1,0.238457,SAN- 6,2,240,759,-434
-2,-1,0.238475,SAN- 6,2,240,757,-433
-3,-1,0.238492,SAN- 6,2,240,754,-432
-3,-1,0.238515,SAN- 6,2,240,751,-431
-3,-1,0.238533,SAN- 6,2,240,748,-430
-3,-1,0.238568,SAN- 6,2,240,745,-429
-3,-1,0.238579,SAN- 6,2,240,742,-428
-2,-1,0.238591,SAN- 6,2,240,740,-427
-3,-1,0.238614,SAN- 6,2,240,737,-426
-3,-1,0.238637,SAN- 6,2,240,734,-425
-3,-1,0.238655,SAN- 6,2,240,731,-424
-3,-1,0.238678,SAN- 6,2,240,728,-423
-2,-1,0.238695,SAN- 6,2,240,726,-422
-3,-1,0.238736,SAN- 6,2,240,723,-421
-3,-1,0.238759,SAN- 6,2,240,720,-420
-3,-1,0.238777,SAN- 6,2,240,717,-419
-2,-1,0.2388,SAN- 6,2,240,715,-418
-3,-1,0.238823,SAN- 6,2,240,712,-417
-3,-1,0.238835,SAN- 6,2,240,709,-416
-3,-1,0.239578,SAN- 6,2,240,706,-415
-2,-1,0.239729,SAN- 6,2,240,704,-414
-3,-1,0.239752,SAN- 6,2,240,701,-413
-3,-1,0.239769,SAN- 6,2,240,698,-412
-3,-1,0.239798,SAN- 6,2,240,695,-411
-3,-1,0.239827,SAN- 6,2,240,692,-410
-3,-1,0.239868,SAN- 6,2,240,689,-409
-2,-1,0.239879,SAN- 6,2,240,687,-408
-3,-1,0.239903,SAN- 6,2,240,684,-407
-3,-1,0.239949,SAN- 6,2,240,681,-406
-3,-1,0.239984,SAN- 6,2,240,678,-405
-2,-1,0.240001,SAN- 6,2,240,676,-404
-3,-1,0.24003,SAN- 6,2,240,673,-403
-3,-1,0.24006,SAN- 6,2,240,670,-402
-3,-1,0.240089,SAN- 6,2,240,667,-401
-3,-1,0.240106,SAN- 6,2,240,664,-400
-2,-1,0.240135,SAN- 6,2,240,662,-399
-3,-1,0.240152,SAN- 6,2,240,659,-398
-3,-1,0.240187,SAN- 6,2,240,656,-397
-3,-1,0.24021,SAN- 6,2,240,653,-396
-3,-1,0.240234,SAN- 6,2,240,650,-395
-2,-1,0.240268,SAN- 6,2,240,648,-394
-3,-1,0.240286,SAN- 6,2,240,645,-393
-3,-1,0.240309,SAN- 6,2,240,642,-392
-3,-1,0.240367,SAN- 6,2,240,639,-391
-3,-1,0.24039,SAN- 6,2,240,636,-390
-2,-1,0.24039,SAN- 6,2,240,634,-389
-3,-1,0.240419,SAN- 6,2,240,631,-388
-3,-1,0.240425,SAN- 6,2,240,628,-387
-3,-1,0.240454,SAN- 6,2,240,625,-386
-3,-1,0.240483,SAN- 6,2,240,622,-385
-2,-1,0.240506,SAN- 6,2,240,620,-384
3,1,0.2547,-TIA- 7,317,261,623,-385
3,1,0.254735,-TIA- 7,317,261,626,-386
3,1,0.254764,-TIA- 7,317,261,629,-387
3,1,0.254781,-TIA- 7,317,261,632,-388
2,1,0.254804,-TIA- 7,317,261,634,-389
3,1,0.254827,-TIA- 7,317,261,637,-390
3,1,0.254856,-TIA- 7,317,261,640,-391
3,1,0.254885,-TIA- 7,317,261,643,-392
2,1,0.254932,-TIA- 7,317,261,645,-393
3,1,0.254955,-TIA- 7,317,261,648,-394
3,1,0.254984,-TIA- 7,317,261,651,-395
3,1,0.255013,-TIA- 7,317,261,654,-396
3,1,0.255042,-TIA- 7,317,261,657,-397
2,1,0.255065,-TIA- 7,317,261,659,-398
3,1,0.255083,-TIA- 7,317,261,662,-399
3,1,0.255106,-TIA- 7,317,261,665,-400
3,1,0.255129,-TIA- 7,317,261,668,-401
3,1,0.255164,-TIA- 7,317,261,671,-402
2,1,0.255193,-TIA- 7,317,261,673,-403
3,1,0.255199,-TIA- 7,317,261,676,-404
3,1,0.255234,-TIA- 7,317,261,679,-405
3,1,0.255251,-TIA- 7,317,261,682,-406
3,1,0.25528,-TIA- 7,317,261,685,-407
2,1,0.256464,-TIA- 7,317,261,687,-408
1,1,0.266095,GO 8,53,486,688,-409
-1,1,0.266136,GO 8,53,486,687,-410
-1,1,0.266159,GO 8,53,486,686,-411
-2,1,0.266194,GO 8,53,486,684,-412
-2,2,0.266217,GO 8,53,486,682,-414
-1,2,0.26624,GO 8,53,486,681,-416
-3,2,0.266286,GO 8,53,486,678,-418
-3,2,0.266292,GO 8,53,486,675,-420
-3,2,0.266312,GO 8,53,486,672,-422
-3,1,0.266339,GO 8,53,486,669,-423
-2,2,0.266368,GO 8,53,486,667,-425
-3,2,0.266403,GO 8,53,486,664,-427
-3,2,0.266414,GO 8,53,486,661,-429
-3,2,0.266443,GO 8,53,486,658,-431
-3,2,0.266466,GO 8,53,486,655,-433
-3,2,0.266495,GO 8,53,486,652,-435
-2,2,0.26653,GO 8,53,486,650,-437
-3,1,0.266559,GO 8,53,486,647,-438
-3,2,0.266571,GO 8,53,486,644,-440
-3,2,0.266594,GO 8,53,486,641,-442
-3,2,0.266617,GO 8,53,486,638,-444
-2,2,0.266648,GO 8,53,486,636,-446
-3,2,0.266681,GO 8,53,486,633,-448
-3,2,0.26671,GO 8,53,486,630,-450
-3,2,0.266722,GO 8,53,486,627,-452
-3,1,0.266745,GO 8,53,486,624,-453
-2,2,0.266768,GO 8,53,486,622,-455
-3,2,0.266803,GO 8,53,486,619,-457
-3,2,0.266826,GO 8,53,486,616,-459
-3,2,0.266855,GO 8,53,486,613,-461
-3,2,0.266873,GO 8,53,486,610,-463
-2,2,0.266896,GO 8,53,486,608,-465
-3,2,0.266919,GO 8,53,486,605,-467
-3,1,0.266948,GO 8,53,486,602,-468
-3,2,0.266983,GO 8,53,486,599,-470
-3,2,0.266995,GO 8,53,486,596,-472
-3,2,0.267024,GO 8,53,486,593,-474
-2,2,0.267047,GO 8,53,486,591,-476
-3,2,0.267082,GO 8,53,486,588,-478
-3,2,0.267093,GO 8,53,486,585,-480
-3,2,0.267128,GO 8,53,486,582,-482
-3,1,0.267146,GO 8,53,486,579,-483
-2,2,0.267175,GO 8,53,486,577,-485
-3,2,0.267204,GO 8,53,486,574,-487
-3,2,0.267221,GO 8,53,486,571,-489
-3,2,0.26725,GO 8,53,486,568,-491
-3,2,0.267279,GO 8,53,486,565,-493
-2,2,0.267297,GO 8,53,486,563,-495
-3,2,0.267331,GO 8,53,486,560,-497
-3,1,0.267354,GO 8,53,486,557,-498
-3,2,0.267378,GO 8,53,486,554,-500
-3,2,0.267395,GO 8,53,486,551,-502
-3,2,0.267424,GO 8,53,486,548,-504
-2,2,0.267442,GO 8,53,486,546,-506
-3,2,0.267465,GO 8,53,486,543,-508
-3,2,0.2675,GO 8,53,486,540,-510
-3,2,0.267523,GO 8,53,486,537,-512
-3,1,0.267546,GO 8,53,486,534,-513
-2,2,0.267575,GO 8,53,486,532,-515
-3,2,0.267593,GO 8,53,486,529,-517
-3,2,0.267616,GO 8,53,486,526,-519
-3,2,0.267651,GO 8,53,486,523,-521
-3,2,0.267674,GO 8,53,486,520,-523
-2,2,0.267703,GO 8,53,486,518,-525
-3,2,0.26772,GO 8,53,486,515,-527
-3,1,0.267743,GO 8,53,486,512,-528
-3,2,0.267767,GO 8,53,486,509,-530
-3,2,0.267796,GO 8,53,486,506,-532
-3,2,0.267825,GO 8,53,486,503,-534
-2,2,0.26786,GO 8,53,486,501,-536
-3,2,0.267889,GO 8,53,486,498,-538
-3,2,0.2679,GO 8,53,486,495,-540
-3,2,0.267923,GO 8,53,486,492,-542
-3,1,0.267947,GO 8,53,486,489,-543
-2,2,0.267993,GO 8,53,486,487,-545
-3,2,0.268003,GO 8,53,486,484,-547
-3,2,0.26804,GO 8,53,486,481,-549
-3,2,0.268051,GO 8,53,486,478,-551
-3,2,0.268074,GO 8,53,486,475,-553
-2,2,0.268103,GO 8,53,486,473,-555
-3,2,0.268132,GO 8,53,486,470,-557
-3,1,0.268161,GO 8,53,486,467,-558
-3,2,0.268179,GO 8,53,486,464,-560
-3,2,0.268202,GO 8,53,486,461,-562
-2,2,0.26822,GO 8,53,486,459,-564
-3,2,0.268231,GO 8,53,486,456,-566
-3,2,0.268272,GO 8,53,486,453,-568
-3,2,0.268295,GO 8,53,486,450,-570
-3,2,0.268318,GO 8,53,486,447,-572
-3,1,0.268336,GO 8,53,486,444,-573
-2,2,0.268359,GO 8,53,486,442,-575
-3,2,0.268382,GO 8,53,486,439,-577
-3,2,0.268428,GO 8,53,486,436,-579
-3,2,0.268445,GO 8,53,486,433,-581
-3,2,0.268469,GO 8,53,486,430,-583
-2,2,0.268487,GO 8,53,486,428,-585
-3,2,0.268504,GO 8,53,486,425,-587
-3,1,0.268533,GO 8,53,486,422,-588
-3,2,0.268574,GO 8,53,486,419,-590
-3,2,0.268579,GO 8,53,486,416,-592
-2,2,0.268626,GO 8,53,486,414,-594
-3,2,0.268637,GO 8,53,486,411,-596
-3,2,0.268661,GO 8,53,486,408,-598
-3,2,0.268684,GO 8,53,486,405,-600
-3,2,0.268713,GO 8,53,486,402,-602
-3,1,0.268748,GO 8,53,486,399,-603
-2,2,0.268771,GO 8,53,486,397,-605
-3,2,0.268788,GO 8,53,486,394,-607
-3,2,0.268812,GO 8,53,486,391,-609
-3,2,0.268835,GO 8,53,486,388,-611
-3,2,0.26887,GO 8,53,486,385,-613
-2,2,0.268881,GO 8,53,486,383,-615
-3,2,0.26891,GO 8,53,486,380,-617
-3,1,0.268939,GO 8,53,486,377,-618
-3,2,0.268963,GO 8,53,486,374,-620
-3,2,0.268986,GO 8,53,486,371,-622
-2,2,0.269021,GO 8,53,486,369,-624
-3,2,0.269032,GO 8,53,486,366,-626
-3,2,0.269061,GO 8,53,486,363,-628
-3,2,0.26909,GO 8,53,486,360,-630
-3,2,0.269113,GO 8,53,486,357,-632
-2,1,0.269137,GO 8,53,486,355,-633
-3,2,0.26916,GO 8,53,486,352,-635
-3,2,0.269189,GO 8,53,486,349,-637
-3,2,0.269212,GO 8,53,486,346,-639
-3,2,0.269235,GO 8,53,486,343,-641
-2,2,0.26927,GO 8,53,486,341,-643
-1,2,0.269299,GO 8,53,486,340,-645
-2,2,0.269322,GO 8,53,486,338,-647
-2,1,0.26934,GO 8,53,486,336,-648
-2,2,0.269363,GO 8,53,486,334,-650
-2,2,0.269375,GO 8,53,486,332,-652
-2,2,0.26941,GO 8,53,486,330,-654
-2,2,0.269444,GO 8,53,486,328,-656
-2,2,0.269473,GO 8,53,486,326,-658
-1,2,0.269479,GO 8,53,486,325,-660
-2,2,0.269514,GO 8,53,486,323,-662
-2,1,0.269531,GO 8,53,486,321,-663
-2,2,0.26956,GO 8,53,486,319,-665
-2,2,0.269584,GO 8,53,486,317,-667
-2,2,0.269619,GO 8,53,486,315,-669
-2,2,0.269636,GO 8,53,486,313,-671
-2,2,0.269659,GO 8,53,486,311,-673
-1,2,0.269688,GO 8,53,486,310,-675
-2,2,0.269711,GO 8,53,486,308,-677
-2,1,0.269746,GO 8,53,486,306,-678
-2,2,0.269769,GO 8,53,486,304,-680
-2,2,0.269787,GO 8,53,486,302,-682
-2,2,0.26981,GO 8,53,486,300,-684
-2,2,0.269839,GO 8,53,486,298,-686
-2,2,0.269857,GO 8,53,486,296,-688
-1,2,0.269891,GO 8,53,486,295,-690
-2,2,0.269915,GO 8,53,486,293,-692
-2,1,0.269938,GO 8,53,486,291,-693
-2,2,0.269961,GO 8,53,486,289,-695
-2,2,0.26999,GO 8,53,486,287,-697
-2,2,0.270019,GO 8,53,486,285,-699
-3,2,0.270031,GO 8,53,486,282,-701
-2,2,0.270071,GO 8,53,486,280,-703
-3,2,0.270089,GO 8,53,486,277,-705
-3,2,0.270112,GO 8,53,486,274,-707
-3,1,0.270141,GO 8,53,486,271,-708
-3,2,0.270158,GO 8,53,486,268,-710
-3,2,0.270182,GO 8,53,486,265,-712
-2,2,0.270216,GO 8,53,486,263,-714
-3,2,0.27023,GO 8,53,486,260,-716
-3,2,0.270257,GO 8,53,486,257,-718
-3,2,0.27028,GO 8,53,486,254,-720
-3,2,0.270315,GO 8,53,486,251,-722
-2,1,0.270344,GO 8,53,486,249,-723
-3,2,0.27035,GO 8,53,486,246,-725
-3,2,0.270385,GO 8,53,486,243,-727
-3,2,0.270408,GO 8,53,486,240,-729
-3,2,0.270431,GO 8,53,486,237,-731
-2,2,0.270454,GO 8,53,486,235,-733
-3,2,0.270478,GO 8,53,486,232,-735
-3,2,0.270501,GO 8,53,486,229,-737
-3,1,0.270536,GO 8,53,486,226,-738
-3,2,0.270559,GO 8,53,486,223,-740
-2,2,0.270582,GO 8,53,486,221,-742
-3,2,0.270617,GO 8,53,486,218,-744
-3,2,0.270634,GO 8,53,486,215,-746
-3,2,0.270658,GO 8,53,486,212,-748
-3,2,0.270681,GO 8,53,486,209,-750
-3,2,0.27071,GO 8,53,486,206,-752
-2,1,0.270733,GO 8,53,486,204,-753
-3,2,0.270768,GO 8,53,486,201,-755
-3,2,0.270785,GO 8,53,486,198,-757
-3,2,0.270809,GO 8,53,486,195,-759
-3,2,0.270832,GO 8,53,486,192,-761
-2,2,0.270867,GO 8,53,486,190,-763
-3,2,0.270896,GO 8,53,486,187,-765
-3,2,0.270913,GO 8,53,486,184,-767
-3,1,0.270942,GO 8,53,486,181,-768
-3,2,0.270959,GO 8,53,486,178,-770
-2,2,0.271,GO 8,53,486,176,-772
-2,2,0.271018,GO 8,53,486,174,-774
-2,1,0.271052,GO 8,53,486,172,-775
-2,1,0.271064,GO 8,53,486,170,-776
-1,1,0.271087,GO 8,53,486,169,-777
-1,1,0.27111,GO 8,53,486,168,-778
-1,-6,0.275656,GO 8,53,486,167,-772
6,-11,0.275679,GO 8,53,486,173,-761
13,-10,0.275713,GO 8,53,486,186,-751
14,-9,0.275737,GO 8,53,486,200,-742
13,-3,0.275749,GO 8,53,486,213,-739
6,-2,0.275766,GO 8,53,486,219,-737
4,-2,0.275778,GO 8,53,486,223,-735
4,-2,0.275801,GO 8,53,486,227,-733
4,-4,0.275992,GO 8,53,486,231,-729
9,-5,0.27601,GO 8,53,486,240,-724
12,-9,0.276039,GO 8,53,486,252,-715
27,-4,0.27605,GO 8,53,486,279,-711
14,-7,0.276079,GO 8,53,486,293,-704
27,-5,0.276097,GO 8,53,486,320,-699
21,-2,0.276114,GO 8,53,486,341,-697
9,6,0.276448,GO 8,53,486,350,-703
7,9,0.276463,GO 8,53,486,357,-712
9,20,0.276492,GO 8,53,486,366,-732
18,10,0.276503,GO 8,53,486,384,-742
9,9,0.276521,GO 8,53,486,393,-751
8,7,0.276532,GO 8,53,486,401,-758
6,9,0.276555,GO 8,53,486,407,-767
9,5,0.276822,GO 8,53,486,416,-772
3,6,0.276834,GO 8,53,486,419,-778
3,7,0.276852,GO 8,53,486,422,-785
2,7,0.276863,GO 8,53,486,424,-792
3,15,0.276892,GO 8,53,486,427,-807
6,3,0.276921,GO 8,53,486,433,-810
4,5,0.276927,GO 8,53,486,437,-815
1,-1,0.277478,GO 8,53,486,438,-814
1,-1,0.277484,GO 8,53,486,439,-813
1,-1,0.277496,GO 8,53,486,440,-812
1,-1,0.277699,GO 8,53,486,441,-811
