deltaX,deltaY,WHEN,SYLLABLE,XofButton,YofButton,XofTrace,YofTrace
0,-1,0.0318067,Yield,0,0,0,1
1,-2,0.0318694,Yield,0,0,1,3
2,-2,0.0319042,Yield,0,0,3,5
2,-2,0.03191,Yield,0,0,5,7
2,-2,0.0319449,Yield,0,0,7,9
2,-1,0.0319739,Yield,0,0,9,10
1,-1,0.0319855,Yield,0,0,10,11
2,-1,0.0320087,Yield,0,0,12,12
2,-1,0.0320493,Yield,0,0,14,13
2,-1,0.0320842,Yield,0,0,16,14
2,-1,0.0321132,Yield,0,0,18,15
4,-1,0.032148,Yield,0,0,22,16
2,-1,0.0321771,Yield,0,0,24,17
-1,-1,0.032833,Yield,0,0,23,18
-1,-1,0.0328562,Yield,0,0,22,19
-1,-2,0.0328911,Yield,0,0,21,21
-2,-2,0.0329259,Yield,0,0,19,23
-2,-3,0.0329433,Yield,0,0,17,26
-3,-2,0.0329665,Yield,0,0,14,28
-3,-3,0.0329839,Yield,0,0,11,31
-2,-3,0.0330072,Yield,0,0,9,34
-1,-3,0.0330304,Yield,0,0,8,37
-2,-3,0.0330743,Yield,0,0,6,40
-1,-2,0.0331059,Yield,0,0,5,42
-1,-3,0.0331233,Yield,0,0,4,45
-1,-2,0.0331407,Yield,0,0,3,47
-1,-2,0.0331581,Yield,0,0,2,49
-1,-2,0.0331871,Yield,0,0,1,51
-1,-1,0.0332161,Yield,0,0,0,52
-2,-1,0.0334832,Yield,0,0,-2,53
-3,-1,0.0335122,Yield,0,0,-5,54
-3,-4,0.0335528,Yield,0,0,-8,58
-6,-2,0.0335877,Yield,0,0,-14,60
-4,-2,0.0336167,Yield,0,0,-18,62
-4,-2,0.0336457,Yield,0,0,-22,64
-3,-1,0.0336631,Yield,0,0,-25,65
-4,-2,0.033698,Yield,0,0,-29,67
-4,-2,0.0337096,Yield,0,0,-33,69
-4,-2,0.0337386,Yield,0,0,-37,71
-3,-2,0.0337676,Yield,0,0,-40,73
-4,-2,0.0338024,Yield,0,0,-44,75
-4,-2,0.0338315,Yield,0,0,-48,77
-4,-3,0.0338663,Yield,0,0,-52,80
-7,-1,0.0338895,Yield,0,0,-59,81
-4,-1,0.0339127,Yield,0,0,-63,82
-4,-1,0.0339534,Yield,0,0,-67,83
-3,-1,0.0339766,Yield,0,0,-70,84
-3,1,0.0342727,Yield,0,0,-73,83
-3,1,0.0342843,Yield,0,0,-76,82
-2,1,0.0343075,Yield,0,0,-78,81
-3,1,0.0343307,Yield,0,0,-81,80
-3,2,0.0344036,Yield,0,0,-84,78
-5,2,0.0344352,Yield,0,0,-89,76
-1,2,0.0344642,Yield,0,0,-90,74
-2,4,0.0345049,Yield,0,0,-92,70
-4,2,0.0345294,Yield,0,0,-96,68
-2,1,0.0345687,Yield,0,0,-98,67
-2,1,0.0346035,Yield,0,0,-100,66
-3,1,0.0346326,Yield,0,0,-103,65
-3,1,0.0348415,Yield,0,0,-106,64
-3,1,0.0348532,Yield,0,0,-109,63
-3,1,0.034888,Yield,0,0,-112,62
-2,2,0.0348996,Yield,0,0,-114,60
-2,2,0.034917,Yield,0,0,-116,58
-1,2,0.0349518,Yield,0,0,-117,56
-1,4,0.0349925,Yield,0,0,-118,52
-2,5,0.0350563,Yield,0,0,-120,47
-1,3,0.0350912,Yield,0,0,-121,44
-1,2,0.0351202,Yield,0,0,-122,42
-1,2,0.0351376,Yield,0,0,-123,40
-1,1,0.0351608,Yield,0,0,-124,39
-1,1,0.0351898,Yield,0,0,-125,38
1,-1,0.046169,FRAY 1,87,416,-124,39
1,-1,0.0461961,FRAY 1,87,416,-123,40
1,-1,0.0462193,FRAY 1,87,416,-122,41
1,1,0.046347,FRAY 1,87,416,-121,40
1,1,0.0463702,FRAY 1,87,416,-120,39
1,2,0.0464051,FRAY 1,87,416,-119,37
1,3,0.0464167,FRAY 1,87,416,-118,34
1,3,0.0464515,FRAY 1,87,416,-117,31
-1,3,0.0464805,FRAY 1,87,416,-118,28
-1,5,0.0465212,FRAY 1,87,416,-119,23
-4,3,0.046556,FRAY 1,87,416,-123,20
-2,3,0.046585,FRAY 1,87,416,-125,17
-1,3,0.0466199,FRAY 1,87,416,-126,14
-2,5,0.0466489,FRAY 1,87,416,-128,9
-1,4,0.0466837,FRAY 1,87,416,-129,5
1,4,0.0467069,FRAY 1,87,416,-128,1
1,3,0.046736,FRAY 1,87,416,-127,-2
1,4,0.0467708,FRAY 1,87,416,-126,-6
1,4,0.0467882,FRAY 1,87,416,-125,-10
2,4,0.046794,FRAY 1,87,416,-123,-14
2,3,0.0468172,FRAY 1,87,416,-121,-17
2,4,0.0468521,FRAY 1,87,416,-119,-21
2,4,0.0468811,FRAY 1,87,416,-117,-25
2,4,0.0469159,FRAY 1,87,416,-115,-29
3,3,0.0469391,FRAY 1,87,416,-112,-32
2,4,0.0469566,FRAY 1,87,416,-110,-36
3,4,0.0469682,FRAY 1,87,416,-107,-40
3,4,0.047003,FRAY 1,87,416,-104,-44
3,3,0.047032,FRAY 1,87,416,-101,-47
3,3,0.0470668,FRAY 1,87,416,-98,-50
3,6,0.0471075,FRAY 1,87,416,-95,-56
5,3,0.0471307,FRAY 1,87,416,-90,-59
3,3,0.0471539,FRAY 1,87,416,-87,-62
3,2,0.0471888,FRAY 1,87,416,-84,-64
2,3,0.0472178,FRAY 1,87,416,-82,-67
2,8,0.0472526,FRAY 1,87,416,-80,-75
2,3,0.0472845,FRAY 1,87,416,-78,-78
1,4,0.0473223,FRAY 1,87,416,-77,-82
1,8,0.0473513,FRAY 1,87,416,-76,-90
1,3,0.0473977,FRAY 1,87,416,-75,-93
1,4,0.0474151,FRAY 1,87,416,-74,-97
1,4,0.0474384,FRAY 1,87,416,-73,-101
1,4,0.0474674,FRAY 1,87,416,-72,-105
1,3,0.0474906,FRAY 1,87,416,-71,-108
1,4,0.0475022,FRAY 1,87,416,-70,-112
1,4,0.0475429,FRAY 1,87,416,-69,-116
1,3,0.0475661,FRAY 1,87,416,-68,-119
1,3,0.0475893,FRAY 1,87,416,-67,-122
1,2,0.0476183,FRAY 1,87,416,-66,-124
2,4,0.0476357,FRAY 1,87,416,-64,-128
2,4,0.0476532,FRAY 1,87,416,-62,-132
2,4,0.047688,FRAY 1,87,416,-60,-136
2,3,0.0477089,FRAY 1,87,416,-58,-139
3,4,0.0477344,FRAY 1,87,416,-55,-143
3,4,0.0477634,FRAY 1,87,416,-52,-147
3,7,0.0478041,FRAY 1,87,416,-49,-154
5,4,0.0478365,FRAY 1,87,416,-44,-158
3,4,0.0478679,FRAY 1,87,416,-41,-162
3,4,0.0478854,FRAY 1,87,416,-38,-166
3,3,0.0479144,FRAY 1,87,416,-35,-169
3,4,0.0479492,FRAY 1,87,416,-32,-173
3,4,0.047955,FRAY 1,87,416,-29,-177
2,4,0.0479898,FRAY 1,87,416,-27,-181
3,3,0.0480247,FRAY 1,87,416,-24,-184
3,4,0.0480479,FRAY 1,87,416,-21,-188
3,4,0.0480711,FRAY 1,87,416,-18,-192
3,4,0.0481001,FRAY 1,87,416,-15,-196
2,3,0.0481059,FRAY 1,87,416,-13,-199
3,4,0.048135,FRAY 1,87,416,-10,-203
3,4,0.048164,FRAY 1,87,416,-7,-207
2,4,0.0481988,FRAY 1,87,416,-5,-211
2,3,0.048222,FRAY 1,87,416,-3,-214
2,4,0.0482337,FRAY 1,87,416,-1,-218
1,4,0.0482627,FRAY 1,87,416,0,-222
1,4,0.0482917,FRAY 1,87,416,1,-226
1,3,0.0483149,FRAY 1,87,416,2,-229
1,4,0.0483498,FRAY 1,87,416,3,-233
1,4,0.0483904,FRAY 1,87,416,4,-237
1,4,0.0483962,FRAY 1,87,416,5,-241
2,3,0.0484136,FRAY 1,87,416,7,-244
2,4,0.0484368,FRAY 1,87,416,9,-248
2,4,0.0484717,FRAY 1,87,416,11,-252
3,4,0.0485007,FRAY 1,87,416,14,-256
2,3,0.0485355,FRAY 1,87,416,16,-259
3,4,0.0485471,FRAY 1,87,416,19,-263
3,4,0.0485645,FRAY 1,87,416,22,-267
3,4,0.0485878,FRAY 1,87,416,25,-271
3,3,0.0486226,FRAY 1,87,416,28,-274
2,4,0.0486516,FRAY 1,87,416,30,-278
1,4,0.0486864,FRAY 1,87,416,31,-282
1,4,0.0486922,FRAY 1,87,416,32,-286
1,2,0.0487155,FRAY 1,87,416,33,-288
1,3,0.0487445,FRAY 1,87,416,34,-291
-1,3,0.0487619,FRAY 1,87,416,33,-294
-1,3,0.0487967,FRAY 1,87,416,32,-297
-1,3,0.0488083,FRAY 1,87,416,31,-300
-2,2,0.0488432,FRAY 1,87,416,29,-302
-3,3,0.0488664,FRAY 1,87,416,26,-305
-3,3,0.0489002,FRAY 1,87,416,23,-308
-3,3,0.0489128,FRAY 1,87,416,20,-311
-3,3,0.0489477,FRAY 1,87,416,17,-314
-2,3,0.0489651,FRAY 1,87,416,15,-317
-2,1,0.0489941,FRAY 1,87,416,13,-318
-1,2,0.0490173,FRAY 1,87,416,12,-320
-1,2,0.0490522,FRAY 1,87,416,11,-322
-1,3,0.0490812,FRAY 1,87,416,10,-325
1,6,0.049116,FRAY 1,87,416,11,-331
3,2,0.0491508,FRAY 1,87,416,14,-333
2,3,0.0491683,FRAY 1,87,416,16,-336
1,4,0.0491857,FRAY 1,87,416,17,-340
3,4,0.0492205,FRAY 1,87,416,20,-344
3,3,0.0492437,FRAY 1,87,416,23,-347
2,4,0.0492553,FRAY 1,87,416,25,-351
2,4,0.0492902,FRAY 1,87,416,27,-355
2,4,0.0493134,FRAY 1,87,416,29,-359
2,3,0.0493366,FRAY 1,87,416,31,-362
1,4,0.0493714,FRAY 1,87,416,32,-366
2,4,0.0493946,FRAY 1,87,416,34,-370
2,4,0.0494065,FRAY 1,87,416,36,-374
2,3,0.0494411,FRAY 1,87,416,38,-377
2,4,0.0494643,FRAY 1,87,416,40,-381
2,4,0.0494875,FRAY 1,87,416,42,-385
2,4,0.0495224,FRAY 1,87,416,44,-389
2,4,0.0495456,FRAY 1,87,416,46,-393
2,4,0.049563,FRAY 1,87,416,48,-397
1,3,0.0495862,FRAY 1,87,416,49,-400
1,4,0.049621,FRAY 1,87,416,50,-404
1,4,0.0496385,FRAY 1,87,416,51,-408
1,4,0.0496733,FRAY 1,87,416,52,-412
-1,3,0.0497081,FRAY 1,87,416,51,-415
-2,4,0.0497139,FRAY 1,87,416,49,-419
-2,4,0.0497371,FRAY 1,87,416,47,-423
-2,4,0.049772,FRAY 1,87,416,45,-427
-3,3,0.049801,FRAY 1,87,416,42,-430
-2,4,0.0498242,FRAY 1,87,416,40,-434
-3,4,0.049859,FRAY 1,87,416,37,-438
-3,4,0.0498649,FRAY 1,87,416,34,-442
-3,3,0.0498881,FRAY 1,87,416,31,-445
-2,4,0.0499229,FRAY 1,87,416,29,-449
-2,4,0.0499519,FRAY 1,87,416,27,-453
-2,4,0.0499751,FRAY 1,87,416,25,-457
-1,3,0.0500042,FRAY 1,87,416,24,-460
-1,4,0.0500158,FRAY 1,87,416,23,-464
-1,4,0.050039,FRAY 1,87,416,22,-468
-1,4,0.0500738,FRAY 1,87,416,21,-472
-1,3,0.0501071,FRAY 1,87,416,20,-475
-1,4,0.0501377,FRAY 1,87,416,19,-479
-1,4,0.0501551,FRAY 1,87,416,18,-483
-1,4,0.0501709,FRAY 1,87,416,17,-487
-1,3,0.0501957,FRAY 1,87,416,16,-490
1,4,0.0502248,FRAY 1,87,416,17,-494
1,4,0.0502538,FRAY 1,87,416,18,-498
1,4,0.0502944,FRAY 1,87,416,19,-502
2,3,0.050306,FRAY 1,87,416,21,-505
2,4,0.0503145,FRAY 1,87,416,23,-509
1,4,0.0503409,FRAY 1,87,416,24,-513
2,4,0.0503641,FRAY 1,87,416,26,-517
2,3,0.0503931,FRAY 1,87,416,28,-520
2,4,0.0504337,FRAY 1,87,416,30,-524
1,8,0.0504686,FRAY 1,87,416,31,-532
2,3,0.0504918,FRAY 1,87,416,33,-535
1,4,0.050515,FRAY 1,87,416,34,-539
1,4,0.0505498,FRAY 1,87,416,35,-543
1,4,0.0505789,FRAY 1,87,416,36,-547
1,3,0.0506137,FRAY 1,87,416,37,-550
1,4,0.0506195,FRAY 1,87,416,38,-554
1,4,0.0506543,FRAY 1,87,416,39,-558
1,3,0.0506776,FRAY 1,87,416,40,-561
1,2,0.0507066,FRAY 1,87,416,41,-563
1,3,0.0507298,FRAY 1,87,416,42,-566
1,2,0.0507414,FRAY 1,87,416,43,-568
1,2,0.0507704,FRAY 1,87,416,44,-570
1,2,0.0507937,FRAY 1,87,416,45,-572
1,1,0.0508343,FRAY 1,87,416,46,-573
1,1,0.0508691,FRAY 1,87,416,47,-574
1,1,0.0508923,FRAY 1,87,416,48,-575
1,1,0.0509446,FRAY 1,87,416,49,-576
1,1,0.0509852,FRAY 1,87,416,50,-577
1,2,0.0510084,FRAY 1,87,416,51,-579
1,2,0.0510235,FRAY 1,87,416,52,-581
1,2,0.0510433,FRAY 1,87,416,53,-583
1,3,0.0510665,FRAY 1,87,416,54,-586
1,2,0.0511013,FRAY 1,87,416,55,-588
1,3,0.0511303,FRAY 1,87,416,56,-591
1,3,0.0511652,FRAY 1,87,416,57,-594
1,3,0.0511768,FRAY 1,87,416,58,-597
1,2,0.0512058,FRAY 1,87,416,59,-599
1,2,0.0512174,FRAY 1,87,416,60,-601
1,1,0.0512813,FRAY 1,87,416,61,-602
1,-1,0.0513683,FRAY 1,87,416,62,-601
1,-1,0.0514363,FRAY 1,87,416,63,-600
1,-1,0.051467,FRAY 1,87,416,64,-599
1,-4,0.0515019,FRAY 1,87,416,65,-595
1,-2,0.0515251,FRAY 1,87,416,66,-593
1,-2,0.0515541,FRAY 1,87,416,67,-591
1,-2,0.0515773,FRAY 1,87,416,68,-589
1,-2,0.0516122,FRAY 1,87,416,69,-587
1,1,0.051705,FRAY 1,87,416,70,-588
1,2,0.0517224,FRAY 1,87,416,71,-590
1,1,0.0517631,FRAY 1,87,416,72,-591
1,3,0.0517805,FRAY 1,87,416,73,-594
1,2,0.0518095,FRAY 1,87,416,74,-596
1,2,0.0518269,FRAY 1,87,416,75,-598
1,1,0.0518618,FRAY 1,87,416,76,-599
1,-1,0.051914,FRAY 1,87,416,77,-598
-1,-1,0.0519314,FRAY 1,87,416,76,-597
-2,-1,0.0519546,FRAY 1,87,416,74,-596
-2,-2,0.0519779,FRAY 1,87,416,72,-594
-1,-3,0.0520127,FRAY 1,87,416,71,-591
-2,-3,0.0520273,FRAY 1,87,416,69,-588
-1,-3,0.0520649,FRAY 1,87,416,68,-585
-1,-3,0.0520824,FRAY 1,87,416,67,-582
-1,-2,0.0521056,FRAY 1,87,416,66,-580
-1,-3,0.0521288,FRAY 1,87,416,65,-577
1,-2,0.0521636,FRAY 1,87,416,66,-575
1,-2,0.0521868,FRAY 1,87,416,67,-573
1,-1,0.0522208,FRAY 1,87,416,68,-572
1,-1,0.0522507,FRAY 1,87,416,69,-571
1,-1,0.064238,SAN- 2,387,311,70,-570
2,-1,0.0642554,SAN- 2,387,311,72,-569
2,-2,0.0642786,SAN- 2,387,311,74,-567
3,-2,0.0643077,SAN- 2,387,311,77,-565
3,-2,0.0643303,SAN- 2,387,311,80,-563
2,-2,0.0643541,SAN- 2,387,311,82,-561
3,-2,0.0643831,SAN- 2,387,311,85,-559
3,-1,0.064418,SAN- 2,387,311,88,-558
3,-2,0.0644238,SAN- 2,387,311,91,-556
3,-2,0.0644586,SAN- 2,387,311,94,-554
2,-2,0.0644755,SAN- 2,387,311,96,-552
3,-1,0.0644992,SAN- 2,387,311,99,-551
3,-1,0.0645283,SAN- 2,387,311,102,-550
3,-1,0.0645689,SAN- 2,387,311,105,-549
3,-1,0.0645747,SAN- 2,387,311,108,-548
3,-1,0.0646037,SAN- 2,387,311,111,-547
2,-1,0.0646269,SAN- 2,387,311,113,-546
3,-1,0.0646502,SAN- 2,387,311,116,-545
3,-1,0.0646792,SAN- 2,387,311,119,-544
3,-1,0.0646966,SAN- 2,387,311,122,-543
2,-1,0.0647546,SAN- 2,387,311,124,-542
3,-1,0.0647779,SAN- 2,387,311,127,-541
3,-1,0.0648011,SAN- 2,387,311,130,-540
3,-1,0.0648359,SAN- 2,387,311,133,-539
3,-1,0.0648649,SAN- 2,387,311,136,-538
2,-1,0.0648983,SAN- 2,387,311,138,-537
3,-1,0.0649056,SAN- 2,387,311,141,-536
3,-1,0.0649288,SAN- 2,387,311,144,-535
3,1,0.0650275,SAN- 2,387,311,147,-536
3,1,0.0650565,SAN- 2,387,311,150,-537
3,1,0.0650797,SAN- 2,387,311,153,-538
3,1,0.0651088,SAN- 2,387,311,156,-539
3,1,0.0651262,SAN- 2,387,311,159,-540
2,1,0.0651668,SAN- 2,387,311,161,-541
3,1,0.0651784,SAN- 2,387,311,164,-542
3,1,0.0652074,SAN- 2,387,311,167,-543
3,1,0.0652559,SAN- 2,387,311,170,-544
3,1,0.0663152,SAN- 2,387,311,173,-545
2,1,0.0663452,SAN- 2,387,311,175,-546
3,1,0.0663859,SAN- 2,387,311,178,-547
3,1,0.0663917,SAN- 2,387,311,181,-548
3,1,0.0664149,SAN- 2,387,311,184,-549
3,1,0.066442,SAN- 2,387,311,187,-550
3,1,0.0664671,SAN- 2,387,311,190,-551
2,1,0.0664961,SAN- 2,387,311,192,-552
3,1,0.066531,SAN- 2,387,311,195,-553
3,1,0.0665484,SAN- 2,387,311,198,-554
3,1,0.0665716,SAN- 2,387,311,201,-555
3,1,0.0666006,SAN- 2,387,311,204,-556
2,1,0.066618,SAN- 2,387,311,206,-557
3,1,0.0666413,SAN- 2,387,311,209,-558
3,1,0.0666993,SAN- 2,387,311,212,-559
3,1,0.0667225,SAN- 2,387,311,215,-560
2,1,0.0667458,SAN- 2,387,311,217,-561
3,1,0.0667806,SAN- 2,387,311,220,-562
2,-1,0.0668909,SAN- 2,387,311,222,-561
3,-1,0.0669245,SAN- 2,387,311,225,-560
3,-1,0.0669373,SAN- 2,387,311,228,-559
3,-1,0.0669605,SAN- 2,387,311,231,-558
2,-1,0.0670186,SAN- 2,387,311,233,-557
3,-1,0.0670418,SAN- 2,387,311,236,-556
3,-1,0.0670766,SAN- 2,387,311,239,-555
3,-1,0.0671057,SAN- 2,387,311,242,-554
3,-1,0.0671173,SAN- 2,387,311,245,-553
2,-1,0.0671463,SAN- 2,387,311,247,-552
3,-1,0.0671695,SAN- 2,387,311,250,-551
3,-1,0.0671927,SAN- 2,387,311,253,-550
3,-1,0.0672276,SAN- 2,387,311,256,-549
3,-1,0.0672624,SAN- 2,387,311,259,-548
2,-1,0.0672682,SAN- 2,387,311,261,-547
3,-1,0.0672914,SAN- 2,387,311,264,-546
3,-1,0.0673255,SAN- 2,387,311,267,-545
3,-1,0.0673491,SAN- 2,387,311,270,-544
3,-1,0.0673785,SAN- 2,387,311,273,-543
2,-1,0.0674191,SAN- 2,387,311,275,-542
3,-1,0.0674424,SAN- 2,387,311,278,-541
3,-1,0.0674772,SAN- 2,387,311,281,-540
3,-1,0.0675004,SAN- 2,387,311,284,-539
3,-1,0.0675236,SAN- 2,387,311,287,-538
2,-1,0.0675527,SAN- 2,387,311,289,-537
3,-1,0.0675701,SAN- 2,387,311,292,-536
3,-1,0.0675933,SAN- 2,387,311,295,-535
3,-1,0.0676281,SAN- 2,387,311,298,-534
3,-1,0.0676513,SAN- 2,387,311,301,-533
2,-1,0.0676746,SAN- 2,387,311,303,-532
3,-1,0.0677094,SAN- 2,387,311,306,-531
3,-1,0.067721,SAN- 2,387,311,309,-530
3,-1,0.06775,SAN- 2,387,311,312,-529
3,-1,0.067779,SAN- 2,387,311,315,-528
2,-1,0.0678255,SAN- 2,387,311,317,-527
3,-1,0.0678603,SAN- 2,387,311,320,-526
3,-1,0.0678775,SAN- 2,387,311,323,-525
3,-2,0.067901,SAN- 2,387,311,326,-523
3,-2,0.0679242,SAN- 2,387,311,329,-521
2,-2,0.0679532,SAN- 2,387,311,331,-519
3,-2,0.0679764,SAN- 2,387,311,334,-517
3,-2,0.0680054,SAN- 2,387,311,337,-515
3,-2,0.0680287,SAN- 2,387,311,340,-513
3,-1,0.0680519,SAN- 2,387,311,343,-512
2,-3,0.0680751,SAN- 2,387,311,345,-509
3,-3,0.0681041,SAN- 2,387,311,348,-506
3,-3,0.068139,SAN- 2,387,311,351,-503
3,-3,0.0681564,SAN- 2,387,311,354,-500
3,-2,0.0681796,SAN- 2,387,311,357,-498
2,-3,0.0682028,SAN- 2,387,311,359,-495
3,-3,0.068226,SAN- 2,387,311,362,-492
3,-3,0.0682609,SAN- 2,387,311,365,-489
3,-3,0.0682898,SAN- 2,387,311,368,-486
3,-3,0.0683073,SAN- 2,387,311,371,-483
3,-2,0.0683305,SAN- 2,387,311,374,-481
2,-3,0.0683479,SAN- 2,387,311,376,-478
3,-3,0.0683712,SAN- 2,387,311,379,-475
3,-3,0.068406,SAN- 2,387,311,382,-472
1,-3,0.068435,SAN- 2,387,311,383,-469
2,-3,0.0684698,SAN- 2,387,311,385,-466
2,-2,0.0684756,SAN- 2,387,311,387,-464
2,-3,0.0684989,SAN- 2,387,311,389,-461
2,-3,0.0685221,SAN- 2,387,311,391,-458
2,-3,0.0685453,SAN- 2,387,311,393,-455
1,-3,0.0685859,SAN- 2,387,311,394,-452
2,-2,0.0686208,SAN- 2,387,311,396,-450
3,-3,0.0686266,SAN- 2,387,311,399,-447
3,-3,0.0686498,SAN- 2,387,311,402,-444
3,-3,0.0686672,SAN- 2,387,311,405,-441
3,-3,0.0686904,SAN- 2,387,311,408,-438
2,-2,0.0687234,SAN- 2,387,311,410,-436
3,-1,0.0687369,SAN- 2,387,311,413,-435
3,-2,0.0687717,SAN- 2,387,311,416,-433
3,-2,0.0687949,SAN- 2,387,311,419,-431
2,-2,0.0688181,SAN- 2,387,311,421,-429
1,-1,0.0688414,SAN- 2,387,311,422,-428
1,-1,0.0688762,SAN- 2,387,311,423,-427
-2,1,0.0689459,SAN- 2,387,311,421,-428
-3,1,0.0689807,SAN- 2,387,311,418,-429
-2,1,0.0689923,SAN- 2,387,311,416,-430
-4,-1,0.0690968,SAN- 2,387,311,412,-429
-2,-1,0.06912,SAN- 2,387,311,410,-428
1,-1,0.0695205,SAN- 2,387,311,411,-427
1,-1,0.0695438,SAN- 2,387,311,412,-426
1,-1,0.0695786,SAN- 2,387,311,413,-425
1,-2,0.0696076,SAN- 2,387,311,414,-423
1,-2,0.0696424,SAN- 2,387,311,415,-421
2,-2,0.0696483,SAN- 2,387,311,417,-419
3,-2,0.0696716,SAN- 2,387,311,420,-417
3,-2,0.0696889,SAN- 2,387,311,423,-415
3,-2,0.0697237,SAN- 2,387,311,426,-413
3,-1,0.0697644,SAN- 2,387,311,429,-412
2,-2,0.069776,SAN- 2,387,311,431,-410
3,-2,0.069805,SAN- 2,387,311,434,-408
3,-2,0.0698282,SAN- 2,387,311,437,-406
3,-2,0.0698572,SAN- 2,387,311,440,-404
3,-4,0.0698921,SAN- 2,387,311,443,-400
4,-2,0.0699327,SAN- 2,387,311,447,-398
2,-1,0.0699443,SAN- 2,387,311,449,-397
2,-2,0.0699715,SAN- 2,387,311,451,-395
2,-2,0.0700024,SAN- 2,387,311,453,-393
2,-2,0.0700356,SAN- 2,387,311,455,-391
2,-2,0.0700488,SAN- 2,387,311,457,-389
2,-2,0.0700836,SAN- 2,387,311,459,-387
1,-2,0.0701068,SAN- 2,387,311,460,-385
2,-2,0.0701301,SAN- 2,387,311,462,-383
2,-1,0.0701649,SAN- 2,387,311,464,-382
1,1,0.0785091,-TIA- 3,329,115,465,-383
1,1,0.0785415,-TIA- 3,329,115,466,-384
1,2,0.078576,-TIA- 3,329,115,467,-386
1,3,0.0785821,-TIA- 3,329,115,468,-389
1,3,0.0786163,-TIA- 3,329,115,469,-392
-1,3,0.078639,-TIA- 3,329,115,468,-395
-2,3,0.0786692,-TIA- 3,329,115,466,-398
-3,4,0.0786924,-TIA- 3,329,115,463,-402
-3,7,0.0787331,-TIA- 3,329,115,460,-409
-7,3,0.0787563,-TIA- 3,329,115,453,-412
-4,1,0.0787911,-TIA- 3,329,115,449,-413
-4,1,0.0788201,-TIA- 3,329,115,445,-414
-4,-2,0.078884,-TIA- 3,329,115,441,-412
-8,-2,0.0789129,-TIA- 3,329,115,433,-410
-3,-2,0.078942,-TIA- 3,329,115,430,-408
-4,-3,0.0789653,-TIA- 3,329,115,426,-405
-4,-3,0.0790001,-TIA- 3,329,115,422,-402
-4,-3,0.0790291,-TIA- 3,329,115,418,-399
-3,-2,0.0790407,-TIA- 3,329,115,415,-397
-4,-3,0.0790639,-TIA- 3,329,115,411,-394
-4,-3,0.079093,-TIA- 3,329,115,407,-391
-4,-3,0.0791162,-TIA- 3,329,115,403,-388
-3,-2,0.079151,-TIA- 3,329,115,400,-386
-4,-2,0.07918,-TIA- 3,329,115,396,-384
-4,-1,0.0791917,-TIA- 3,329,115,392,-383
-4,-1,0.0792149,-TIA- 3,329,115,388,-382
-3,-1,0.0792381,-TIA- 3,329,115,385,-381
-4,-1,0.0792729,-TIA- 3,329,115,381,-380
-4,-1,0.0793426,-TIA- 3,329,115,377,-379
-4,-1,0.0793658,-TIA- 3,329,115,373,-378
-4,-1,0.0793986,-TIA- 3,329,115,369,-377
-3,-2,0.0794239,-TIA- 3,329,115,366,-375
-4,-2,0.0794529,-TIA- 3,329,115,362,-373
-4,-3,0.0794703,-TIA- 3,329,115,358,-370
-4,-2,0.0794935,-TIA- 3,329,115,354,-368
-3,-3,0.0795167,-TIA- 3,329,115,351,-365
-4,-3,0.0795516,-TIA- 3,329,115,347,-362
-4,-3,0.0795806,-TIA- 3,329,115,343,-359
-4,-3,0.0796096,-TIA- 3,329,115,339,-356
-3,-3,0.0796212,-TIA- 3,329,115,336,-353
-4,-2,0.0796444,-TIA- 3,329,115,332,-351
-4,-3,0.0796678,-TIA- 3,329,115,328,-348
-4,-3,0.0797025,-TIA- 3,329,115,324,-345
-3,-3,0.0797355,-TIA- 3,329,115,321,-342
-4,-3,0.0797663,-TIA- 3,329,115,317,-339
-4,-2,0.079778,-TIA- 3,329,115,313,-337
-4,-3,0.0798012,-TIA- 3,329,115,309,-334
-3,-3,0.0798244,-TIA- 3,329,115,306,-331
-4,-3,0.079865,-TIA- 3,329,115,302,-328
-4,-3,0.0798824,-TIA- 3,329,115,298,-325
-4,-2,0.0798941,-TIA- 3,329,115,294,-323
-3,-6,0.0799487,-TIA- 3,329,115,291,-317
-8,-3,0.0799753,-TIA- 3,329,115,283,-314
-4,-3,0.0800044,-TIA- 3,329,115,279,-311
-3,-3,0.0800276,-TIA- 3,329,115,276,-308
-3,-2,0.080045,-TIA- 3,329,115,273,-306
-3,-3,0.0800914,-TIA- 3,329,115,270,-303
-3,-3,0.080103,-TIA- 3,329,115,267,-300
-3,-3,0.0801263,-TIA- 3,329,115,264,-297
-3,-3,0.0801495,-TIA- 3,329,115,261,-294
-4,-2,0.0801901,-TIA- 3,329,115,257,-292
-4,-3,0.0801959,-TIA- 3,329,115,253,-289
-4,-3,0.0802191,-TIA- 3,329,115,249,-286
-3,-3,0.080254,-TIA- 3,329,115,246,-283
-4,-3,0.080283,-TIA- 3,329,115,242,-280
-3,-2,0.0803004,-TIA- 3,329,115,239,-278
-3,-1,0.0803352,-TIA- 3,329,115,236,-277
-2,-1,0.0803468,-TIA- 3,329,115,234,-276
3,-1,0.0805036,-TIA- 3,329,115,237,-275
3,-1,0.0805268,-TIA- 3,329,115,240,-274
3,-1,0.0805564,-TIA- 3,329,115,243,-273
2,-2,0.080579,-TIA- 3,329,115,245,-271
3,-2,0.0806081,-TIA- 3,329,115,248,-269
3,-2,0.0806371,-TIA- 3,329,115,251,-267
3,-3,0.0806719,-TIA- 3,329,115,254,-264
3,-2,0.0806777,-TIA- 3,329,115,257,-262
2,-3,0.080701,-TIA- 3,329,115,259,-259
3,-3,0.0807358,-TIA- 3,329,115,262,-256
3,-3,0.0807648,-TIA- 3,329,115,265,-253
3,-3,0.080788,-TIA- 3,329,115,268,-250
3,-2,0.0808054,-TIA- 3,329,115,271,-248
3,-3,0.0808287,-TIA- 3,329,115,274,-245
2,-3,0.0808519,-TIA- 3,329,115,276,-242
3,-3,0.0808867,-TIA- 3,329,115,279,-239
3,-2,0.0809157,-TIA- 3,329,115,282,-237
2,-2,0.0809506,-TIA- 3,329,115,284,-235
2,-2,0.0809564,-TIA- 3,329,115,286,-233
1,-1,0.0810028,-TIA- 3,329,115,287,-232
1,-1,0.0810376,-TIA- 3,329,115,288,-231
2,-1,0.0811131,-TIA- 3,329,115,290,-230
2,-1,0.0811363,-TIA- 3,329,115,292,-229
2,-1,0.0811654,-TIA- 3,329,115,294,-228
2,-1,0.0811996,-TIA- 3,329,115,296,-227
2,-1,0.0812234,-TIA- 3,329,115,298,-226
1,-1,0.081264,-TIA- 3,329,115,299,-225
2,-1,0.0812873,-TIA- 3,329,115,301,-224
2,-2,0.0813163,-TIA- 3,329,115,303,-222
2,-2,0.0813511,-TIA- 3,329,115,305,-220
1,-2,0.0813743,-TIA- 3,329,115,306,-218
2,-2,0.0814034,-TIA- 3,329,115,308,-216
2,-2,0.081415,-TIA- 3,329,115,310,-214
3,-1,0.0814382,-TIA- 3,329,115,313,-213
3,-1,0.0814672,-TIA- 3,329,115,316,-212
2,-1,0.0815078,-TIA- 3,329,115,318,-211
3,-1,0.081557,-TIA- 3,329,115,321,-210
3,-1,0.0815659,-TIA- 3,329,115,324,-209
3,-1,0.0815891,-TIA- 3,329,115,327,-208
3,-1,0.0816188,-TIA- 3,329,115,330,-207
2,-1,0.081653,-TIA- 3,329,115,332,-206
3,-1,0.0816646,-TIA- 3,329,115,335,-205
3,-1,0.0816936,-TIA- 3,329,115,338,-204
3,-1,0.0817168,-TIA- 3,329,115,341,-203
3,-1,0.08174,-TIA- 3,329,115,344,-202
3,-1,0.0817749,-TIA- 3,329,115,347,-201
2,-2,0.0817981,-TIA- 3,329,115,349,-199
3,-2,0.0818155,-TIA- 3,329,115,352,-197
3,-1,0.0818387,-TIA- 3,329,115,355,-196
3,-2,0.0818678,-TIA- 3,329,115,358,-194
3,-2,0.0818968,-TIA- 3,329,115,361,-192
2,-3,0.0819258,-TIA- 3,329,115,363,-189
3,-3,0.081949,-TIA- 3,329,115,366,-186
3,-3,0.0819664,-TIA- 3,329,115,369,-183
3,-2,0.0819897,-TIA- 3,329,115,372,-181
3,-3,0.0820187,-TIA- 3,329,115,375,-178
2,-3,0.0820535,-TIA- 3,329,115,377,-175
3,-3,0.0820854,-TIA- 3,329,115,380,-172
3,-5,0.0821174,-TIA- 3,329,115,383,-167
6,-1,0.0821522,-TIA- 3,329,115,389,-166
3,-2,0.0821638,-TIA- 3,329,115,392,-164
2,-2,0.0822044,-TIA- 3,329,115,394,-162
3,-2,0.0822393,-TIA- 3,329,115,397,-160
3,-2,0.0822509,-TIA- 3,329,115,400,-158
3,-2,0.0822741,-TIA- 3,329,115,403,-156
3,-2,0.0822915,-TIA- 3,329,115,406,-154
2,-1,0.0823147,-TIA- 3,329,115,408,-153
3,-1,0.0823496,-TIA- 3,329,115,411,-152
3,-1,0.082396,-TIA- 3,329,115,414,-151
3,-1,0.0824192,-TIA- 3,329,115,417,-150
2,-1,0.0824481,-TIA- 3,329,115,419,-149
3,-1,0.0824599,-TIA- 3,329,115,422,-148
3,-1,0.0824889,-TIA- 3,329,115,425,-147
3,-1,0.0825179,-TIA- 3,329,115,428,-146
3,-2,0.0825527,-TIA- 3,329,115,431,-144
2,-2,0.0825585,-TIA- 3,329,115,433,-142
3,-2,0.0825818,-TIA- 3,329,115,436,-140
3,-2,0.082605,-TIA- 3,329,115,439,-138
3,-1,0.0826398,-TIA- 3,329,115,442,-137
3,-2,0.0826805,-TIA- 3,329,115,445,-135
2,-2,0.0827037,-TIA- 3,329,115,447,-133
1,-2,0.0827095,-TIA- 3,329,115,448,-131
1,-2,0.0827351,-TIA- 3,329,115,449,-129
1,-2,0.0827617,-TIA- 3,329,115,450,-127
-1,-2,0.0827907,-TIA- 3,329,115,449,-125
-1,-2,0.0828198,-TIA- 3,329,115,448,-123
-2,-1,0.0828488,-TIA- 3,329,115,446,-122
-2,-2,0.0828662,-TIA- 3,329,115,444,-120
-2,-2,0.0828894,-TIA- 3,329,115,442,-118
-2,-2,0.0829185,-TIA- 3,329,115,440,-116
-1,-1,0.0829359,-TIA- 3,329,115,439,-115
-1,-1,0.0829765,-TIA- 3,329,115,438,-114
1,-1,0.0829997,-TIA- 3,329,115,439,-113
1,-1,0.0830404,-TIA- 3,329,115,440,-112
2,-1,0.0830699,-TIA- 3,329,115,442,-111
2,-1,0.0830868,-TIA- 3,329,115,444,-110
2,-1,0.0831216,-TIA- 3,329,115,446,-109
2,-1,0.0831507,-TIA- 3,329,115,448,-108
2,-1,0.0831681,-TIA- 3,329,115,450,-107
1,-2,0.0831913,-TIA- 3,329,115,451,-105
1,-2,0.0832261,-TIA- 3,329,115,452,-103
1,-2,0.0832551,-TIA- 3,329,115,453,-101
1,-3,0.08329,-TIA- 3,329,115,454,-98
-2,-2,0.083319,-TIA- 3,329,115,452,-96
-1,-2,0.0833422,-TIA- 3,329,115,451,-94
-1,-2,0.0833685,-TIA- 3,329,115,450,-92
-1,-2,0.0834003,-TIA- 3,329,115,449,-90
-1,-2,0.0834343,-TIA- 3,329,115,448,-88
-1,-2,0.0834409,-TIA- 3,329,115,447,-86
-1,-1,0.0834757,-TIA- 3,329,115,446,-85
-1,-2,0.083499,-TIA- 3,329,115,445,-83
-1,-3,0.0835222,-TIA- 3,329,115,444,-80
-1,-3,0.0835512,-TIA- 3,329,115,443,-77
-1,-3,0.0835686,-TIA- 3,329,115,442,-74
-1,-3,0.0835918,-TIA- 3,329,115,441,-71
-1,-1,0.0836267,-TIA- 3,329,115,440,-70
-1,-2,0.0836557,-TIA- 3,329,115,439,-68
-1,-2,0.0836905,-TIA- 3,329,115,438,-66
-1,-3,0.0837195,-TIA- 3,329,115,437,-63
-2,-1,0.0837428,-TIA- 3,329,115,435,-62
-1,1,0.0924018,GO 4,282,431,434,-63
-1,2,0.0924444,GO 4,282,431,433,-65
-1,3,0.0924677,GO 4,282,431,432,-68
-1,3,0.0925141,GO 4,282,431,431,-71
-1,3,0.0925315,GO 4,282,431,430,-74
-1,3,0.0925373,GO 4,282,431,429,-77
1,4,0.0925722,GO 4,282,431,430,-81
1,4,0.0925954,GO 4,282,431,431,-85
1,4,0.0926244,GO 4,282,431,432,-89
1,3,0.0926592,GO 4,282,431,433,-92
1,4,0.0926708,GO 4,282,431,434,-96
1,4,0.0926883,GO 4,282,431,435,-100
1,4,0.0927231,GO 4,282,431,436,-104
1,3,0.0927463,GO 4,282,431,437,-107
1,4,0.0927695,GO 4,282,431,438,-111
-1,4,0.0928044,GO 4,282,431,437,-115
-1,4,0.0928334,GO 4,282,431,436,-119
-2,3,0.0928423,GO 4,282,431,434,-122
-2,4,0.092874,GO 4,282,431,432,-126
-2,4,0.0928972,GO 4,282,431,430,-130
-3,4,0.0929205,GO 4,282,431,427,-134
-4,3,0.0929553,GO 4,282,431,423,-137
-4,4,0.0929843,GO 4,282,431,419,-141
-3,4,0.0929901,GO 4,282,431,416,-145
-4,4,0.0930075,GO 4,282,431,412,-149
-4,3,0.0930424,GO 4,282,431,408,-152
-4,4,0.0930656,GO 4,282,431,404,-156
-3,4,0.0930946,GO 4,282,431,401,-160
-4,4,0.0931294,GO 4,282,431,397,-164
-4,3,0.0931352,GO 4,282,431,393,-167
-4,4,0.0931585,GO 4,282,431,389,-171
-3,4,0.0931933,GO 4,282,431,386,-175
-4,4,0.0932165,GO 4,282,431,382,-179
-4,3,0.0932455,GO 4,282,431,378,-182
-4,4,0.0932804,GO 4,282,431,374,-186
-3,4,0.093292,GO 4,282,431,371,-190
-4,4,0.0933152,GO 4,282,431,367,-194
-4,3,0.0933442,GO 4,282,431,363,-197
-4,4,0.0933674,GO 4,282,431,359,-201
-3,4,0.0933965,GO 4,282,431,356,-205
-4,4,0.0934255,GO 4,282,431,352,-209
-4,3,0.0934429,GO 4,282,431,348,-212
-4,4,0.0934661,GO 4,282,431,344,-216
-3,4,0.0934893,GO 4,282,431,341,-220
-3,4,0.0935242,GO 4,282,431,338,-224
-3,3,0.0935474,GO 4,282,431,335,-227
-3,4,0.0935764,GO 4,282,431,332,-231
-3,4,0.0935938,GO 4,282,431,329,-235
-2,4,0.0936171,GO 4,282,431,327,-239
-3,3,0.0936403,GO 4,282,431,324,-242
-3,4,0.0936751,GO 4,282,431,321,-246
-3,4,0.0937041,GO 4,282,431,318,-250
-3,4,0.0937332,GO 4,282,431,315,-254
-2,3,0.0937448,GO 4,282,431,313,-257
-3,4,0.093768,GO 4,282,431,310,-261
-3,4,0.0937956,GO 4,282,431,307,-265
-4,4,0.093826,GO 4,282,431,303,-269
-4,3,0.0938609,GO 4,282,431,299,-272
-3,4,0.0938899,GO 4,282,431,296,-276
-4,4,0.0939073,GO 4,282,431,292,-280
-4,4,0.0939247,GO 4,282,431,288,-284
-4,3,0.0939479,GO 4,282,431,284,-287
-3,4,0.093977,GO 4,282,431,281,-291
-4,4,0.0940118,GO 4,282,431,277,-295
-4,4,0.094035,GO 4,282,431,273,-299
-4,3,0.0940466,GO 4,282,431,269,-302
-3,4,0.0940756,GO 4,282,431,266,-306
-4,4,0.0940989,GO 4,282,431,262,-310
-4,4,0.0941279,GO 4,282,431,258,-314
-4,3,0.0941627,GO 4,282,431,254,-317
-3,4,0.0941917,GO 4,282,431,251,-321
-3,4,0.0942034,GO 4,282,431,248,-325
-3,4,0.0942266,GO 4,282,431,245,-329
-3,3,0.0942498,GO 4,282,431,242,-332
-3,4,0.094273,GO 4,282,431,239,-336
-2,4,0.0943078,GO 4,282,431,237,-340
-3,4,0.0943485,GO 4,282,431,234,-344
-2,3,0.0943543,GO 4,282,431,232,-347
-2,4,0.0943775,GO 4,282,431,230,-351
-1,4,0.0944007,GO 4,282,431,229,-355
-1,4,0.0944239,GO 4,282,431,228,-359
1,3,0.0944588,GO 4,282,431,229,-362
2,4,0.0944762,GO 4,282,431,231,-366
2,4,0.0945052,GO 4,282,431,233,-370
2,4,0.0945284,GO 4,282,431,235,-374
3,3,0.0945575,GO 4,282,431,238,-377
2,4,0.0945807,GO 4,282,431,240,-381
3,4,0.0946097,GO 4,282,431,243,-385
3,4,0.0946271,GO 4,282,431,246,-389
3,3,0.0946561,GO 4,282,431,249,-392
3,4,0.0946852,GO 4,282,431,252,-396
2,4,0.0947084,GO 4,282,431,254,-400
3,4,0.0947204,GO 4,282,431,257,-404
3,3,0.0947548,GO 4,282,431,260,-407
3,4,0.0947722,GO 4,282,431,263,-411
3,4,0.0947955,GO 4,282,431,266,-415
2,4,0.0948303,GO 4,282,431,268,-419
3,3,0.0948477,GO 4,282,431,271,-422
3,4,0.0948825,GO 4,282,431,274,-426
3,4,0.0949,GO 4,282,431,277,-430
3,4,0.0949232,GO 4,282,431,280,-434
3,3,0.0949464,GO 4,282,431,283,-437
2,4,0.0949812,GO 4,282,431,285,-441
3,4,0.0950025,GO 4,282,431,288,-445
3,4,0.0950335,GO 4,282,431,291,-449
3,3,0.0950509,GO 4,282,431,294,-452
3,4,0.0950741,GO 4,282,431,297,-456
2,4,0.0950973,GO 4,282,431,299,-460
3,4,0.0951205,GO 4,282,431,302,-464
3,3,0.0951554,GO 4,282,431,305,-467
3,4,0.0951844,GO 4,282,431,308,-471
3,4,0.0952192,GO 4,282,431,311,-475
1,4,0.095225,GO 4,282,431,312,-479
2,3,0.0952483,GO 4,282,431,314,-482
2,4,0.0952773,GO 4,282,431,316,-486
2,3,0.0953063,GO 4,282,431,318,-489
2,3,0.0953353,GO 4,282,431,320,-492
1,2,0.0953702,GO 4,282,431,321,-494
1,1,0.095376,GO 4,282,431,322,-495
1,1,0.095401,GO 4,282,431,323,-496
1,1,0.0954282,GO 4,282,431,324,-497
1,1,0.0954572,GO 4,282,431,325,-498
1,1,0.0955327,GO 4,282,431,326,-499
1,1,0.0955559,GO 4,282,431,327,-500
2,1,0.0955791,GO 4,282,431,329,-501
2,1,0.0956024,GO 4,282,431,331,-502
2,1,0.0956314,GO 4,282,431,333,-503
2,1,0.0956836,GO 4,282,431,335,-504
3,1,0.0957068,GO 4,282,431,338,-505
3,1,0.0957301,GO 4,282,431,341,-506
3,2,0.0957533,GO 4,282,431,344,-508
3,2,0.0957881,GO 4,282,431,347,-510
2,2,0.0958171,GO 4,282,431,349,-512
3,2,0.0958346,GO 4,282,431,352,-514
3,2,0.0958578,GO 4,282,431,355,-516
3,2,0.095881,GO 4,282,431,358,-518
3,1,0.0959042,GO 4,282,431,361,-519
2,2,0.095939,GO 4,282,431,363,-521
3,2,0.0959681,GO 4,282,431,366,-523
3,1,0.0959855,GO 4,282,431,369,-524
3,1,0.0960029,GO 4,282,431,372,-525
2,-1,0.0960842,GO 4,282,431,374,-524
3,-1,0.0961248,GO 4,282,431,377,-523
3,-1,0.0961422,GO 4,282,431,380,-522
3,-1,0.0961538,GO 4,282,431,383,-521
3,-1,0.0961887,GO 4,282,431,386,-520
2,-2,0.0962234,GO 4,282,431,388,-518
3,-1,0.0962467,GO 4,282,431,391,-517
3,-2,0.0962641,GO 4,282,431,394,-515
3,-2,0.0962932,GO 4,282,431,397,-513
3,-2,0.0963164,GO 4,282,431,400,-511
2,-2,0.0963338,GO 4,282,431,402,-509
2,-2,0.0963628,GO 4,282,431,404,-507
2,-2,0.0964034,GO 4,282,431,406,-505
1,-2,0.0964151,GO 4,282,431,407,-503
1,-1,0.0964441,GO 4,282,431,408,-502
1,-2,0.0964673,GO 4,282,431,409,-500
1,-1,0.0964847,GO 4,282,431,410,-499
1,1,0.107119,FRAY 5,338,307,411,-500
1,1,0.107143,FRAY 5,338,307,412,-501
-1,-1,0.107358,FRAY 5,338,307,411,-500
-1,-1,0.107369,FRAY 5,338,307,410,-499
-1,-1,0.107392,FRAY 5,338,307,409,-498
-1,-1,0.107456,FRAY 5,338,307,408,-497
-1,-1,0.107486,FRAY 5,338,307,407,-496
-1,-1,0.10752,FRAY 5,338,307,406,-495
1,-2,0.107543,FRAY 5,338,307,407,-493
1,-2,0.107578,FRAY 5,338,307,408,-491
2,-2,0.107607,FRAY 5,338,307,410,-489
2,-2,0.107642,FRAY 5,338,307,412,-487
1,-1,0.107648,FRAY 5,338,307,413,-486
2,-2,0.107671,FRAY 5,338,307,415,-484
2,-2,0.1077,FRAY 5,338,307,417,-482
2,-2,0.107721,FRAY 5,338,307,419,-480
2,-2,0.107752,FRAY 5,338,307,421,-478
2,-2,0.107781,FRAY 5,338,307,423,-476
2,-2,0.107799,FRAY 5,338,307,425,-474
2,-2,0.107822,FRAY 5,338,307,427,-472
3,-1,0.107874,FRAY 5,338,307,430,-471
3,-1,0.107909,FRAY 5,338,307,433,-470
2,-1,0.108095,FRAY 5,338,307,435,-469
1,-1,0.108118,FRAY 5,338,307,436,-468
2,-2,0.108147,FRAY 5,338,307,438,-466
1,-2,0.108176,FRAY 5,338,307,439,-464
1,-2,0.108211,FRAY 5,338,307,440,-462
1,-2,0.108234,FRAY 5,338,307,441,-460
-1,-3,0.108251,FRAY 5,338,307,440,-457
-1,-2,0.108275,FRAY 5,338,307,439,-455
-1,-3,0.108298,FRAY 5,338,307,438,-452
-1,-3,0.108333,FRAY 5,338,307,437,-449
-1,-2,0.108362,FRAY 5,338,307,436,-447
-1,-2,0.108368,FRAY 5,338,307,435,-445
-1,-2,0.108402,FRAY 5,338,307,434,-443
-1,-1,0.108431,FRAY 5,338,307,433,-442
-1,-2,0.108449,FRAY 5,338,307,432,-440
-1,-3,0.108478,FRAY 5,338,307,431,-437
-1,-3,0.108513,FRAY 5,338,307,430,-434
-1,-3,0.108524,FRAY 5,338,307,429,-431
-1,-3,0.108553,FRAY 5,338,307,428,-428
-1,-2,0.108577,FRAY 5,338,307,427,-426
-1,-3,0.1086,FRAY 5,338,307,426,-423
-1,-3,0.108627,FRAY 5,338,307,425,-420
-1,-3,0.108658,FRAY 5,338,307,424,-417
1,-3,0.108669,FRAY 5,338,307,425,-414
1,-2,0.108693,FRAY 5,338,307,426,-412
1,-3,0.108722,FRAY 5,338,307,427,-409
1,-3,0.108745,FRAY 5,338,307,428,-406
1,-3,0.108768,FRAY 5,338,307,429,-403
1,-3,0.108803,FRAY 5,338,307,430,-400
1,-3,0.10882,FRAY 5,338,307,431,-397
1,-2,0.108844,FRAY 5,338,307,432,-395
1,-3,0.108873,FRAY 5,338,307,433,-392
1,-3,0.108907,FRAY 5,338,307,434,-389
1,-3,0.108931,FRAY 5,338,307,435,-386
1,-3,0.108954,FRAY 5,338,307,436,-383
1,-2,0.108971,FRAY 5,338,307,437,-381
1,-3,0.108994,FRAY 5,338,307,438,-378
1,-3,0.109018,FRAY 5,338,307,439,-375
1,-3,0.109058,FRAY 5,338,307,440,-372
1,-3,0.109076,FRAY 5,338,307,441,-369
1,-2,0.109105,FRAY 5,338,307,442,-367
1,-3,0.109122,FRAY 5,338,307,443,-364
1,-3,0.109145,FRAY 5,338,307,444,-361
1,-3,0.109169,FRAY 5,338,307,445,-358
1,-3,0.109203,FRAY 5,338,307,446,-355
1,-3,0.109232,FRAY 5,338,307,447,-352
1,-2,0.10925,FRAY 5,338,307,448,-350
1,-3,0.109267,FRAY 5,338,307,449,-347
1,-3,0.109291,FRAY 5,338,307,450,-344
1,-3,0.109314,FRAY 5,338,307,451,-341
1,-3,0.109343,FRAY 5,338,307,452,-338
1,-2,0.109378,FRAY 5,338,307,453,-336
1,-3,0.109401,FRAY 5,338,307,454,-333
1,-3,0.109418,FRAY 5,338,307,455,-330
1,-2,0.109441,FRAY 5,338,307,456,-328
1,-2,0.109465,FRAY 5,338,307,457,-326
1,-2,0.1095,FRAY 5,338,307,458,-324
1,-1,0.109529,FRAY 5,338,307,459,-323
1,-2,0.109563,FRAY 5,338,307,460,-321
1,-2,0.109569,FRAY 5,338,307,461,-319
1,-2,0.109592,FRAY 5,338,307,462,-317
1,-2,0.109616,FRAY 5,338,307,463,-315
1,-2,0.10965,FRAY 5,338,307,464,-313
1,-2,0.109679,FRAY 5,338,307,465,-311
1,-2,0.109714,FRAY 5,338,307,466,-309
1,-1,0.10972,FRAY 5,338,307,467,-308
2,-2,0.109743,FRAY 5,338,307,469,-306
1,-2,0.109778,FRAY 5,338,307,470,-304
2,-2,0.109801,FRAY 5,338,307,472,-302
2,-2,0.109819,FRAY 5,338,307,474,-300
2,-2,0.109865,FRAY 5,338,307,476,-298
2,-2,0.109871,FRAY 5,338,307,478,-296
2,-2,0.1099,FRAY 5,338,307,480,-294
2,-1,0.109941,FRAY 5,338,307,482,-293
2,-2,0.109952,FRAY 5,338,307,484,-291
1,-2,0.10997,FRAY 5,338,307,485,-289
2,-2,0.110016,FRAY 5,338,307,487,-287
2,-2,0.110028,FRAY 5,338,307,489,-285
2,-2,0.110051,FRAY 5,338,307,491,-283
2,-2,0.11008,FRAY 5,338,307,493,-281
2,-2,0.110115,FRAY 5,338,307,495,-279
2,-1,0.110121,FRAY 5,338,307,497,-278
2,-2,0.110144,FRAY 5,338,307,499,-276
1,-2,0.110179,FRAY 5,338,307,500,-274
2,-2,0.110202,FRAY 5,338,307,502,-272
2,-2,0.110231,FRAY 5,338,307,504,-270
2,-2,0.110266,FRAY 5,338,307,506,-268
2,-2,0.110283,FRAY 5,338,307,508,-266
2,-2,0.110301,FRAY 5,338,307,510,-264
2,-1,0.11033,FRAY 5,338,307,512,-263
2,-2,0.110353,FRAY 5,338,307,514,-261
1,-2,0.110376,FRAY 5,338,307,515,-259
2,-2,0.110411,FRAY 5,338,307,517,-257
2,-2,0.110422,FRAY 5,338,307,519,-255
2,-2,0.110452,FRAY 5,338,307,521,-253
2,-2,0.110481,FRAY 5,338,307,523,-251
2,-2,0.110504,FRAY 5,338,307,525,-249
2,-1,0.110527,FRAY 5,338,307,527,-248
2,-2,0.110553,FRAY 5,338,307,529,-246
1,-2,0.110595,FRAY 5,338,307,530,-244
4,-1,0.110626,FRAY 5,338,307,534,-243
2,-1,0.110649,FRAY 5,338,307,536,-242
2,-1,0.110672,FRAY 5,338,307,538,-241
2,-1,0.110707,FRAY 5,338,307,540,-240
1,-1,0.110736,FRAY 5,338,307,541,-239
1,-1,0.110748,FRAY 5,338,307,542,-238
1,-1,0.1108,FRAY 5,338,307,543,-237
1,-1,0.110826,FRAY 5,338,307,544,-236
1,-1,0.110858,FRAY 5,338,307,545,-235
-1,-1,0.110899,FRAY 5,338,307,544,-234
-1,-1,0.110922,FRAY 5,338,307,543,-233
-1,-1,0.110945,FRAY 5,338,307,542,-232
-1,-1,0.11098,FRAY 5,338,307,541,-231
-1,1,0.111287,FRAY 5,338,307,540,-232
-1,1,0.111305,FRAY 5,338,307,539,-233
-1,1,0.111345,FRAY 5,338,307,538,-234
-1,1,0.111351,FRAY 5,338,307,537,-235
-1,1,0.111409,FRAY 5,338,307,536,-236
-1,1,0.111438,FRAY 5,338,307,535,-237
-1,1,0.111473,FRAY 5,338,307,534,-238
-1,-1,0.111932,FRAY 5,338,307,533,-237
-1,-1,0.111955,FRAY 5,338,307,532,-236
-1,1,0.112106,FRAY 5,338,307,531,-237
-1,1,0.112162,FRAY 5,338,307,530,-238
-1,1,0.112187,FRAY 5,338,307,529,-239
-1,2,0.112228,FRAY 5,338,307,528,-241
-2,1,0.112234,FRAY 5,338,307,526,-242
-2,2,0.112257,FRAY 5,338,307,524,-244
-2,2,0.112292,FRAY 5,338,307,522,-246
-2,2,0.112315,FRAY 5,338,307,520,-248
-1,2,0.112344,FRAY 5,338,307,519,-250
-2,2,0.112379,FRAY 5,338,307,517,-252
-2,2,0.112385,FRAY 5,338,307,515,-254
-2,2,0.112408,FRAY 5,338,307,513,-256
-2,1,0.112443,FRAY 5,338,307,511,-257
-2,2,0.11246,FRAY 5,338,307,509,-259
-2,2,0.112489,FRAY 5,338,307,507,-261
-2,1,0.11252,FRAY 5,338,307,505,-262
-1,1,0.112536,FRAY 5,338,307,504,-263
-2,1,0.112559,FRAY 5,338,307,502,-264
-1,-1,0.122212,SAN- 6,280,234,501,-263
-1,-1,0.122236,SAN- 6,280,234,500,-262
1,-2,0.122259,SAN- 6,280,234,501,-260
1,-2,0.122294,SAN- 6,280,234,502,-258
1,-2,0.122323,SAN- 6,280,234,503,-256
1,-2,0.122334,SAN- 6,280,234,504,-254
1,-3,0.122363,SAN- 6,280,234,505,-251
1,-2,0.122392,SAN- 6,280,234,506,-249
2,-2,0.122416,SAN- 6,280,234,508,-247
2,-2,0.122439,SAN- 6,280,234,510,-245
2,-2,0.122479,SAN- 6,280,234,512,-243
2,-2,0.122485,SAN- 6,280,234,514,-241
2,-1,0.122508,SAN- 6,280,234,516,-240
2,-2,0.122543,SAN- 6,280,234,518,-238
2,-1,0.122555,SAN- 6,280,234,520,-237
1,-1,0.122578,SAN- 6,280,234,521,-236
1,-1,0.122613,SAN- 6,280,234,522,-235
1,-1,0.12263,SAN- 6,280,234,523,-234
1,-1,0.122654,SAN- 6,280,234,524,-233
1,-1,0.122709,SAN- 6,280,234,525,-232
1,-2,0.122735,SAN- 6,280,234,526,-230
1,-1,0.122764,SAN- 6,280,234,527,-229
1,-1,0.122781,SAN- 6,280,234,528,-228
-1,-1,0.123037,SAN- 6,280,234,527,-227
-3,-1,0.123083,SAN- 6,280,234,524,-226
-3,-1,0.123106,SAN- 6,280,234,521,-225
-3,-1,0.12313,SAN- 6,280,234,518,-224
-3,-2,0.123164,SAN- 6,280,234,515,-222
-3,-2,0.123193,SAN- 6,280,234,512,-220
-4,-2,0.123211,SAN- 6,280,234,508,-218
-4,-2,0.123234,SAN- 6,280,234,504,-216
-4,-2,0.123261,SAN- 6,280,234,500,-214
-3,-2,0.123286,SAN- 6,280,234,497,-212
-4,-1,0.123315,SAN- 6,280,234,493,-211
-4,-2,0.12335,SAN- 6,280,234,489,-209
-4,-1,0.123379,SAN- 6,280,234,485,-208
-3,-1,0.123391,SAN- 6,280,234,482,-207
-3,-1,0.123414,SAN- 6,280,234,479,-206
-3,-1,0.123437,SAN- 6,280,234,476,-205
-3,-1,0.12346,SAN- 6,280,234,473,-204
-3,-1,0.123501,SAN- 6,280,234,470,-203
-1,-1,0.123519,SAN- 6,280,234,469,-202
-2,-1,0.123542,SAN- 6,280,234,467,-201
-2,-1,0.123565,SAN- 6,280,234,465,-200
-3,-1,0.123588,SAN- 6,280,234,462,-199
-3,-1,0.123611,SAN- 6,280,234,459,-198
-3,-1,0.123646,SAN- 6,280,234,456,-197
-2,-2,0.123675,SAN- 6,280,234,454,-195
-3,-2,0.123693,SAN- 6,280,234,451,-193
-3,-2,0.123716,SAN- 6,280,234,448,-191
-3,-2,0.123739,SAN- 6,280,234,445,-189
-3,-2,0.123762,SAN- 6,280,234,442,-187
-3,-3,0.123797,SAN- 6,280,234,439,-184
-4,-2,0.123815,SAN- 6,280,234,435,-182
-4,-3,0.123838,SAN- 6,280,234,431,-179
-4,-3,0.123861,SAN- 6,280,234,427,-176
-2,-3,0.123884,SAN- 6,280,234,425,-173
-3,-3,0.123925,SAN- 6,280,234,422,-170
-3,-3,0.123937,SAN- 6,280,234,419,-167
-3,-2,0.12396,SAN- 6,280,234,416,-165
-3,-3,0.123989,SAN- 6,280,234,413,-162
-3,-3,0.124012,SAN- 6,280,234,410,-159
-1,-3,0.124035,SAN- 6,280,234,409,-156
-2,-2,0.12407,SAN- 6,280,234,407,-154
-2,-2,0.124087,SAN- 6,280,234,405,-152
-1,-2,0.124111,SAN- 6,280,234,404,-150
-1,-3,0.124134,SAN- 6,280,234,403,-147
-1,-3,0.124169,SAN- 6,280,234,402,-144
-1,-3,0.124192,SAN- 6,280,234,401,-141
-1,-3,0.124221,SAN- 6,280,234,400,-138
-1,-2,0.124238,SAN- 6,280,234,399,-136
-1,-3,0.124262,SAN- 6,280,234,398,-133
-1,-3,0.124285,SAN- 6,280,234,397,-130
-1,-3,0.12432,SAN- 6,280,234,396,-127
1,-3,0.124343,SAN- 6,280,234,397,-124
1,-2,0.124372,SAN- 6,280,234,398,-122
1,-3,0.124389,SAN- 6,280,234,399,-119
1,-3,0.124413,SAN- 6,280,234,400,-116
1,-3,0.124436,SAN- 6,280,234,401,-113
1,-2,0.124464,SAN- 6,280,234,402,-111
2,-2,0.124494,SAN- 6,280,234,404,-109
2,-1,0.124529,SAN- 6,280,234,406,-108
1,-1,0.124546,SAN- 6,280,234,407,-107
2,-1,0.124592,SAN- 6,280,234,409,-106
2,-1,0.124621,SAN- 6,280,234,411,-105
1,-1,0.137224,-TIA- 7,121,109,412,-104
-1,-1,0.137247,-TIA- 7,121,109,411,-103
-1,-2,0.137271,-TIA- 7,121,109,410,-101
-2,-1,0.137311,-TIA- 7,121,109,408,-100
-3,-3,0.137317,-TIA- 7,121,109,405,-97
-3,-3,0.13734,-TIA- 7,121,109,402,-94
-3,-3,0.137367,-TIA- 7,121,109,399,-91
-3,-3,0.137398,-TIA- 7,121,109,396,-88
-2,-2,0.137421,-TIA- 7,121,109,394,-86
-3,-3,0.137456,-TIA- 7,121,109,391,-83
-3,-6,0.137494,-TIA- 7,121,109,388,-77
-5,-3,0.137526,-TIA- 7,121,109,383,-74
-2,-3,0.137549,-TIA- 7,121,109,381,-71
-1,-1,0.137572,-TIA- 7,121,109,380,-70
-1,-2,0.137607,-TIA- 7,121,109,379,-68
-1,-2,0.137636,-TIA- 7,121,109,378,-66
-1,-2,0.137648,-TIA- 7,121,109,377,-64
-1,-2,0.137671,-TIA- 7,121,109,376,-62
-1,-2,0.137706,-TIA- 7,121,109,375,-60
-1,-2,0.137729,-TIA- 7,121,109,374,-58
-1,-2,0.137758,-TIA- 7,121,109,373,-56
-1,-1,0.137793,-TIA- 7,121,109,372,-55
-2,-2,0.137799,-TIA- 7,121,109,370,-53
-2,-2,0.137822,-TIA- 7,121,109,368,-51
-2,-2,0.137857,-TIA- 7,121,109,366,-49
-1,-2,0.137886,-TIA- 7,121,109,365,-47
-2,-1,0.137927,-TIA- 7,121,109,363,-46
-3,-2,0.13795,-TIA- 7,121,109,360,-44
-3,-2,0.137973,-TIA- 7,121,109,357,-42
-2,-2,0.138002,-TIA- 7,121,109,355,-40
-2,-1,0.138031,-TIA- 7,121,109,353,-39
-2,-2,0.138066,-TIA- 7,121,109,351,-37
-1,-1,0.138089,-TIA- 7,121,109,350,-36
-2,-1,0.138095,-TIA- 7,121,109,348,-35
-2,-1,0.138118,-TIA- 7,121,109,346,-34
-2,-1,0.138339,-TIA- 7,121,109,344,-33
-3,-1,0.138368,-TIA- 7,121,109,341,-32
-3,-1,0.138385,-TIA- 7,121,109,338,-31
-3,-1,0.138402,-TIA- 7,121,109,335,-30
-2,-1,0.138426,-TIA- 7,121,109,333,-29
-4,-1,0.138455,-TIA- 7,121,109,329,-28
-4,-1,0.13849,-TIA- 7,121,109,325,-27
-4,-1,0.138495,-TIA- 7,121,109,321,-26
-3,-1,0.138542,-TIA- 7,121,109,318,-25
-2,-1,0.138553,-TIA- 7,121,109,316,-24
-2,-1,0.138606,-TIA- 7,121,109,314,-23
-1,-1,0.138751,-TIA- 7,121,109,313,-22
-2,-1,0.13878,-TIA- 7,121,109,311,-21
-2,-1,0.138815,-TIA- 7,121,109,309,-20
-3,-2,0.138846,-TIA- 7,121,109,306,-18
-3,-2,0.138855,-TIA- 7,121,109,303,-16
-2,-2,0.138879,-TIA- 7,121,109,301,-14
-3,-2,0.138913,-TIA- 7,121,109,298,-12
-4,-2,0.138937,-TIA- 7,121,109,294,-10
-4,-3,0.138954,-TIA- 7,121,109,290,-7
-3,-3,0.138977,-TIA- 7,121,109,287,-4
-4,-3,0.139006,-TIA- 7,121,109,283,-1
-3,-3,0.139035,-TIA- 7,121,109,280,2
-3,-3,0.139059,-TIA- 7,121,109,277,5
-3,-2,0.139088,-TIA- 7,121,109,274,7
-2,-3,0.139099,-TIA- 7,121,109,272,10
-3,-3,0.139128,-TIA- 7,121,109,269,13
-2,-3,0.139151,-TIA- 7,121,109,267,16
-2,-3,0.139175,-TIA- 7,121,109,265,19
-2,-2,0.139209,-TIA- 7,121,109,263,21
-2,-3,0.139238,-TIA- 7,121,109,261,24
-3,-3,0.13925,-TIA- 7,121,109,258,27
-2,-3,0.139279,-TIA- 7,121,109,256,30
-3,-2,0.139297,-TIA- 7,121,109,253,32
-2,-2,0.139331,-TIA- 7,121,109,251,34
-2,-1,0.139355,-TIA- 7,121,109,249,35
-2,-2,0.139384,-TIA- 7,121,109,247,37
-2,-2,0.139395,-TIA- 7,121,109,245,39
-1,-2,0.139418,-TIA- 7,121,109,244,41
-1,-2,0.139442,-TIA- 7,121,109,243,43
-1,-2,0.139475,-TIA- 7,121,109,242,45
-1,-2,0.139505,-TIA- 7,121,109,241,47
-1,-2,0.13954,-TIA- 7,121,109,240,49
-1,-1,0.139546,-TIA- 7,121,109,239,50
-1,-2,0.139569,-TIA- 7,121,109,238,52
-1,-2,0.139604,-TIA- 7,121,109,237,54
-1,-2,0.139627,-TIA- 7,121,109,236,56
-1,-2,0.139651,-TIA- 7,121,109,235,58
-1,-2,0.139691,-TIA- 7,121,109,234,60
-1,-2,0.139697,-TIA- 7,121,109,233,62
-1,-2,0.13972,-TIA- 7,121,109,232,64
-1,-1,0.139755,-TIA- 7,121,109,231,65
-1,-2,0.139784,-TIA- 7,121,109,230,67
-1,-2,0.139802,-TIA- 7,121,109,229,69
-1,-2,0.139836,-TIA- 7,121,109,228,71
-1,-2,0.139848,-TIA- 7,121,109,227,73
-1,-2,0.139877,-TIA- 7,121,109,226,75
-1,-2,0.139906,-TIA- 7,121,109,225,77
-1,-2,0.139929,-TIA- 7,121,109,224,79
-1,-1,0.13997,-TIA- 7,121,109,223,80
-1,-2,0.139993,-TIA- 7,121,109,222,82
-1,-2,0.140005,-TIA- 7,121,109,221,84
-1,-2,0.140028,-TIA- 7,121,109,220,86
-1,-2,0.140051,-TIA- 7,121,109,219,88
-1,-2,0.14008,-TIA- 7,121,109,218,90
-1,-2,0.140098,-TIA- 7,121,109,217,92
-1,-3,0.140156,-TIA- 7,121,109,216,95
-2,-2,0.140179,-TIA- 7,121,109,214,97
-1,-2,0.140208,-TIA- 7,121,109,213,99
-2,-2,0.140231,-TIA- 7,121,109,211,101
-1,-2,0.140249,-TIA- 7,121,109,210,103
-2,-4,0.140307,-TIA- 7,121,109,208,107
-4,-2,0.140336,-TIA- 7,121,109,204,109
-2,-1,0.140359,-TIA- 7,121,109,202,110
-2,-2,0.140388,-TIA- 7,121,109,200,112
-2,-2,0.140405,-TIA- 7,121,109,198,114
-2,-2,0.140428,-TIA- 7,121,109,196,116
-1,-2,0.140458,-TIA- 7,121,109,195,118
-1,-1,0.140492,-TIA- 7,121,109,194,119
-1,-1,0.140521,-TIA- 7,121,109,193,120
-1,-1,0.140539,-TIA- 7,121,109,192,121
-1,-1,0.140579,-TIA- 7,121,109,191,122
-1,-1,0.140608,-TIA- 7,121,109,190,123
-1,-1,0.140632,-TIA- 7,121,109,189,124
-1,-1,0.140684,-TIA- 7,121,109,188,125
-1,-1,0.140707,-TIA- 7,121,109,187,126
-1,-1,0.140748,-TIA- 7,121,109,186,127
-1,-1,0.140777,-TIA- 7,121,109,185,128
-1,-1,0.140823,-TIA- 7,121,109,184,129
-1,-1,0.140881,-TIA- 7,121,109,183,130
-1,-1,0.140899,-TIA- 7,121,109,182,131
-1,-1,0.141259,-TIA- 7,121,109,181,132
-1,-1,0.141299,-TIA- 7,121,109,180,133
-1,-2,0.141328,-TIA- 7,121,109,179,135
-1,-1,0.141397,-TIA- 7,121,109,178,136
-1,1,0.142071,-TIA- 7,121,109,177,135
-1,1,0.142141,-TIA- 7,121,109,176,134
-1,1,0.14217,-TIA- 7,121,109,175,133
-1,2,0.142204,-TIA- 7,121,109,174,131
-1,1,0.142257,-TIA- 7,121,109,173,130
-2,-1,0.142507,-TIA- 7,121,109,171,131
-3,-1,0.14253,-TIA- 7,121,109,168,132
-3,-1,0.142553,-TIA- 7,121,109,165,133
-2,-1,0.142588,-TIA- 7,121,109,163,134
-4,-1,0.142617,-TIA- 7,121,109,159,135
-4,-1,0.142629,-TIA- 7,121,109,155,136
-4,-1,0.142658,-TIA- 7,121,109,151,137
-3,-1,0.142692,-TIA- 7,121,109,148,138
-3,1,0.142756,-TIA- 7,121,109,145,137
-2,1,0.14278,-TIA- 7,121,109,143,136
-1,1,0.142809,-TIA- 7,121,109,142,135
-2,1,0.142838,-TIA- 7,121,109,140,134
-2,2,0.142907,-TIA- 7,121,109,138,132
-4,1,0.142942,-TIA- 7,121,109,134,131
-1,1,0.142954,-TIA- 7,121,109,133,130
-1,1,0.142988,-TIA- 7,121,109,132,129
-1,1,0.143018,-TIA- 7,121,109,131,128
-1,-1,0.153403,GO 8,142,496,130,129
-1,-1,0.153461,GO 8,142,496,129,130
1,-1,0.153484,GO 8,142,496,130,131
2,1,0.153559,GO 8,142,496,132,130
2,1,0.153577,GO 8,142,496,134,129
2,2,0.153612,GO 8,142,496,136,127
2,2,0.153641,GO 8,142,496,138,125
2,2,0.153667,GO 8,142,496,140,123
1,2,0.153699,GO 8,142,496,141,121
1,2,0.15371,GO 8,142,496,142,119
1,2,0.153733,GO 8,142,496,143,117
1,3,0.153757,GO 8,142,496,144,114
-1,3,0.153786,GO 8,142,496,143,111
-1,3,0.153821,GO 8,142,496,142,108
-1,4,0.15385,GO 8,142,496,141,104
-1,3,0.153867,GO 8,142,496,140,101
-1,4,0.153884,GO 8,142,496,139,97
-1,4,0.153925,GO 8,142,496,138,93
1,4,0.153937,GO 8,142,496,139,89
1,3,0.153972,GO 8,142,496,140,86
2,4,0.154001,GO 8,142,496,142,82
2,4,0.154012,GO 8,142,496,144,78
2,4,0.154035,GO 8,142,496,146,74
2,3,0.154066,GO 8,142,496,148,71
2,4,0.154099,GO 8,142,496,150,67
2,4,0.154134,GO 8,142,496,152,63
1,4,0.15414,GO 8,142,496,153,59
2,3,0.154175,GO 8,142,496,155,56
2,4,0.154186,GO 8,142,496,157,52
1,3,0.154221,GO 8,142,496,158,49
1,3,0.154236,GO 8,142,496,159,46
1,2,0.154262,GO 8,142,496,160,44
-1,3,0.154291,GO 8,142,496,159,41
-1,3,0.154312,GO 8,142,496,158,38
-2,3,0.154349,GO 8,142,496,156,35
-2,6,0.154378,GO 8,142,496,154,29
-5,2,0.154401,GO 8,142,496,149,27
-3,3,0.154436,GO 8,142,496,146,24
-3,3,0.154459,GO 8,142,496,143,21
-3,2,0.154493,GO 8,142,496,140,19
-2,2,0.154517,GO 8,142,496,138,17
-2,2,0.154529,GO 8,142,496,136,15
-2,1,0.154558,GO 8,142,496,134,14
-2,2,0.154587,GO 8,142,496,132,12
-2,2,0.15461,GO 8,142,496,130,10
-1,2,0.154645,GO 8,142,496,129,8
-1,2,0.154674,GO 8,142,496,128,6
-1,2,0.154686,GO 8,142,496,127,4
-1,2,0.154709,GO 8,142,496,126,2
-1,2,0.154732,GO 8,142,496,125,0
-1,2,0.154761,GO 8,142,496,124,-2
-1,3,0.15479,GO 8,142,496,123,-5
-1,3,0.154825,GO 8,142,496,122,-8
-1,3,0.154836,GO 8,142,496,121,-11
-1,3,0.15486,GO 8,142,496,120,-14
1,2,0.154883,GO 8,142,496,121,-16
1,3,0.154918,GO 8,142,496,122,-19
1,3,0.154941,GO 8,142,496,123,-22
2,3,0.154982,GO 8,142,496,125,-25
2,3,0.154987,GO 8,142,496,127,-28
2,3,0.155011,GO 8,142,496,129,-31
2,2,0.155034,GO 8,142,496,131,-33
2,3,0.155069,GO 8,142,496,133,-36
2,4,0.155092,GO 8,142,496,135,-40
1,4,0.155121,GO 8,142,496,136,-44
2,3,0.155138,GO 8,142,496,138,-47
2,4,0.155162,GO 8,142,496,140,-51
2,4,0.155196,GO 8,142,496,142,-55
2,4,0.155231,GO 8,142,496,144,-59
2,3,0.155243,GO 8,142,496,146,-62
2,3,0.155272,GO 8,142,496,148,-65
2,3,0.155289,GO 8,142,496,150,-68
1,3,0.155318,GO 8,142,496,151,-71
2,3,0.155347,GO 8,142,496,153,-74
2,2,0.155382,GO 8,142,496,155,-76
2,3,0.155394,GO 8,142,496,157,-79
2,3,0.155429,GO 8,142,496,159,-82
2,3,0.155445,GO 8,142,496,161,-85
2,3,0.155469,GO 8,142,496,163,-88
2,3,0.155492,GO 8,142,496,165,-91
1,2,0.155521,GO 8,142,496,166,-93
2,3,0.155539,GO 8,142,496,168,-96
2,3,0.15558,GO 8,142,496,170,-99
2,3,0.155614,GO 8,142,496,172,-102
2,3,0.15562,GO 8,142,496,174,-105
2,2,0.155643,GO 8,142,496,176,-107
1,3,0.155675,GO 8,142,496,177,-110
1,3,0.155707,GO 8,142,496,178,-113
1,3,0.155719,GO 8,142,496,179,-116
1,3,0.155748,GO 8,142,496,180,-119
1,2,0.155771,GO 8,142,496,181,-121
1,3,0.155794,GO 8,142,496,182,-124
1,3,0.155829,GO 8,142,496,183,-127
1,3,0.155858,GO 8,142,496,184,-130
1,3,0.15587,GO 8,142,496,185,-133
1,3,0.155899,GO 8,142,496,186,-136
1,2,0.155928,GO 8,142,496,187,-138
1,3,0.155951,GO 8,142,496,188,-141
1,3,0.155974,GO 8,142,496,189,-144
1,3,0.156003,GO 8,142,496,190,-147
1,3,0.156021,GO 8,142,496,191,-150
1,2,0.156061,GO 8,142,496,192,-152
1,3,0.156074,GO 8,142,496,193,-155
1,3,0.156102,GO 8,142,496,194,-158
1,3,0.156125,GO 8,142,496,195,-161
1,3,0.156166,GO 8,142,496,196,-164
1,2,0.156172,GO 8,142,496,197,-166
1,3,0.156195,GO 8,142,496,198,-169
1,3,0.15623,GO 8,142,496,199,-172
1,3,0.156253,GO 8,142,496,200,-175
1,3,0.156276,GO 8,142,496,201,-178
1,3,0.156311,GO 8,142,496,202,-181
1,2,0.156328,GO 8,142,496,203,-183
1,3,0.156346,GO 8,142,496,204,-186
1,3,0.156381,GO 8,142,496,205,-189
1,3,0.156404,GO 8,142,496,206,-192
1,3,0.156427,GO 8,142,496,207,-195
1,2,0.156462,GO 8,142,496,208,-197
1,3,0.156491,GO 8,142,496,209,-200
1,3,0.156502,GO 8,142,496,210,-203
1,3,0.156526,GO 8,142,496,211,-206
1,3,0.156555,GO 8,142,496,212,-209
1,2,0.156578,GO 8,142,496,213,-211
1,3,0.156613,GO 8,142,496,214,-214
1,3,0.156642,GO 8,142,496,215,-217
1,3,0.156653,GO 8,142,496,216,-220
1,4,0.156677,GO 8,142,496,217,-224
1,3,0.156706,GO 8,142,496,218,-227
1,4,0.156735,GO 8,142,496,219,-231
1,4,0.156758,GO 8,142,496,220,-235
1,4,0.156793,GO 8,142,496,221,-239
1,3,0.156804,GO 8,142,496,222,-242
1,4,0.156828,GO 8,142,496,223,-246
1,4,0.156862,GO 8,142,496,224,-250
1,4,0.156886,GO 8,142,496,225,-254
1,3,0.156909,GO 8,142,496,226,-257
1,4,0.156949,GO 8,142,496,227,-261
1,4,0.156955,GO 8,142,496,228,-265
1,4,0.156979,GO 8,142,496,229,-269
1,3,0.157002,GO 8,142,496,230,-272
1,4,0.157037,GO 8,142,496,231,-276
1,4,0.157054,GO 8,142,496,232,-280
1,4,0.157089,GO 8,142,496,233,-284
1,3,0.1571,GO 8,142,496,234,-287
1,4,0.157124,GO 8,142,496,235,-291
1,4,0.157155,GO 8,142,496,236,-295
1,4,0.157182,GO 8,142,496,237,-299
1,3,0.157219,GO 8,142,496,238,-302
1,4,0.157228,GO 8,142,496,239,-306
1,4,0.157251,GO 8,142,496,240,-310
1,4,0.157275,GO 8,142,496,241,-314
1,3,0.157298,GO 8,142,496,242,-317
1,4,0.157333,GO 8,142,496,243,-321
1,4,0.157373,GO 8,142,496,244,-325
1,7,0.157402,GO 8,142,496,245,-332
1,4,0.157437,GO 8,142,496,246,-336
1,4,0.157466,GO 8,142,496,247,-340
1,3,0.157484,GO 8,142,496,248,-343
-1,3,0.157513,GO 8,142,496,247,-346
-1,2,0.157542,GO 8,142,496,246,-348
-1,3,0.157553,GO 8,142,496,245,-351
-2,3,0.157582,GO 8,142,496,243,-354
-3,3,0.157605,GO 8,142,496,240,-357
-3,3,0.157634,GO 8,142,496,237,-360
-3,2,0.157669,GO 8,142,496,234,-362
-3,3,0.157681,GO 8,142,496,231,-365
-3,3,0.15771,GO 8,142,496,228,-368
-4,3,0.157733,GO 8,142,496,224,-371
-4,3,0.157756,GO 8,142,496,220,-374
-3,2,0.157785,GO 8,142,496,217,-376
-2,3,0.15782,GO 8,142,496,215,-379
-3,3,0.157849,GO 8,142,496,212,-382
-3,3,0.157861,GO 8,142,496,209,-385
-3,3,0.157884,GO 8,142,496,206,-388
-3,3,0.157907,GO 8,142,496,203,-391
-2,2,0.157942,GO 8,142,496,201,-393
-3,3,0.157971,GO 8,142,496,198,-396
-2,3,0.157983,GO 8,142,496,196,-399
-2,3,0.158012,GO 8,142,496,194,-402
-2,3,0.158035,GO 8,142,496,192,-405
-2,2,0.15807,GO 8,142,496,190,-407
-1,3,0.158081,GO 8,142,496,189,-410
-1,3,0.15811,GO 8,142,496,188,-413
-1,3,0.158128,GO 8,142,496,187,-416
-1,3,0.158157,GO 8,142,496,186,-419
1,2,0.15818,GO 8,142,496,187,-421
1,3,0.158215,GO 8,142,496,188,-424
1,3,0.158244,GO 8,142,496,189,-427
1,3,0.15825,GO 8,142,496,190,-430
1,3,0.158273,GO 8,142,496,191,-433
1,3,0.158302,GO 8,142,496,192,-436
1,2,0.158331,GO 8,142,496,193,-438
1,3,0.158354,GO 8,142,496,194,-441
1,3,0.158389,GO 8,142,496,195,-444
1,3,0.158405,GO 8,142,496,196,-447
-1,3,0.15843,GO 8,142,496,195,-450
-1,2,0.158453,GO 8,142,496,194,-452
-1,3,0.158482,GO 8,142,496,193,-455
-1,3,0.158505,GO 8,142,496,192,-458
-1,3,0.15854,GO 8,142,496,191,-461
-1,3,0.158557,GO 8,142,496,190,-464
-1,2,0.158581,GO 8,142,496,189,-466
-1,3,0.158604,GO 8,142,496,188,-469
-1,3,0.158639,GO 8,142,496,187,-472
-1,3,0.158668,GO 8,142,496,186,-475
-1,3,0.158691,GO 8,142,496,185,-478
-1,3,0.158708,GO 8,142,496,184,-481
-1,2,0.158732,GO 8,142,496,183,-483
-1,3,0.158766,GO 8,142,496,182,-486
-1,3,0.15879,GO 8,142,496,181,-489
-1,3,0.158813,GO 8,142,496,180,-492
-1,3,0.158842,GO 8,142,496,179,-495
-1,2,0.158859,GO 8,142,496,178,-497
-1,3,0.158883,GO 8,142,496,177,-500
-1,3,0.158906,GO 8,142,496,176,-503
-1,3,0.158941,GO 8,142,496,175,-506
-1,3,0.158981,GO 8,142,496,174,-509
-1,2,0.158999,GO 8,142,496,173,-511
-1,1,0.15901,GO 8,142,496,172,-512
-1,1,0.159028,GO 8,142,496,171,-513
-1,1,0.159051,GO 8,142,496,170,-514
-1,1,0.159081,GO 8,142,496,169,-515
-1,1,0.159109,GO 8,142,496,168,-516
