deltaX,deltaY,WHEN,SYLLABLE,XofButton,YofButton,XofTrace,YofTrace
-3,2,0.0935532,Yield,0,0,-3,-2
-4,1,0.093588,Yield,0,0,-7,-3
-2,1,0.0936229,Yield,0,0,-9,-4
-2,-1,0.093977,Yield,0,0,-11,-3
-2,-1,0.0940118,Yield,0,0,-13,-2
-2,-2,0.0940408,Yield,0,0,-15,0
-3,-2,0.094064,Yield,0,0,-18,2
-3,-3,0.0940873,Yield,0,0,-21,5
-2,-3,0.0941047,Yield,0,0,-23,8
-3,-2,0.0941163,Yield,0,0,-26,10
-3,-3,0.0941511,Yield,0,0,-29,13
-3,-3,0.0941801,Yield,0,0,-32,16
-4,-3,0.0941917,Yield,0,0,-36,19
-3,-3,0.094215,Yield,0,0,-39,22
-4,-3,0.0942498,Yield,0,0,-43,25
-4,-2,0.0942846,Yield,0,0,-47,27
-4,-6,0.0943195,Yield,0,0,-51,33
-7,-3,0.0943485,Yield,0,0,-58,36
-3,-3,0.0943659,Yield,0,0,-61,39
-3,-2,0.0944007,Yield,0,0,-64,41
-2,-2,0.0944298,Yield,0,0,-66,43
-3,-2,0.0944646,Yield,0,0,-69,45
-3,-1,0.0944704,Yield,0,0,-72,46
-3,-1,0.0945052,Yield,0,0,-75,47
-1,1,0.0945981,Yield,0,0,-76,46
-1,1,0.0946213,Yield,0,0,-77,45
-1,2,0.0946445,Yield,0,0,-78,43
1,3,0.0946794,Yield,0,0,-77,40
1,3,0.09472,Yield,0,0,-76,37
1,5,0.094749,Yield,0,0,-75,32
3,3,0.0947722,Yield,0,0,-72,29
3,2,0.0947955,Yield,0,0,-69,27
-1,2,0.0948303,Yield,0,0,-70,25
-1,2,0.0948461,Yield,0,0,-71,23
-1,2,0.0948825,Yield,0,0,-72,21
-1,1,0.0949058,Yield,0,0,-73,20
-1,1,0.0952308,Yield,0,0,-74,19
-1,1,0.0952599,Yield,0,0,-75,18
-2,1,0.0952773,Yield,0,0,-77,17
-2,1,0.0953063,Yield,0,0,-79,16
-2,1,0.0953353,Yield,0,0,-81,15
-2,1,0.0953644,Yield,0,0,-83,14
-2,1,0.0953818,Yield,0,0,-85,13
-1,1,0.0954108,Yield,0,0,-86,12
-1,1,0.0954518,Yield,0,0,-87,11
-1,-1,0.0955617,Yield,0,0,-88,12
1,-1,0.0955849,Yield,0,0,-87,13
1,-1,0.0956546,Yield,0,0,-86,14
1,-2,0.0956565,Yield,0,0,-85,16
1,-2,0.0956836,Yield,0,0,-84,18
-1,-1,0.0957185,Yield,0,0,-85,19
-1,-1,0.0957411,Yield,0,0,-86,20
-3,2,0.0958578,Yield,0,0,-89,18
-2,3,0.095881,Yield,0,0,-91,15
-3,3,0.0959158,Yield,0,0,-94,12
-2,4,0.095939,Yield,0,0,-96,8
-1,3,0.0959507,Yield,0,0,-97,5
-1,4,0.0959797,Yield,0,0,-98,1
1,4,0.0960029,Yield,0,0,-97,-3
1,4,0.0960435,Yield,0,0,-96,-7
2,3,0.0960842,Yield,0,0,-94,-10
2,4,0.0960958,Yield,0,0,-92,-14
1,4,0.0961074,Yield,0,0,-91,-18
2,3,0.0961306,Yield,0,0,-89,-21
1,1,0.0961538,Yield,0,0,-88,-22
1,1,0.0962177,Yield,0,0,-87,-23
2,1,0.107963,FRAY 1,316,317,-85,-24
2,1,0.107996,FRAY 1,316,317,-83,-25
2,1,0.108031,FRAY 1,316,317,-81,-26
3,2,0.108066,FRAY 1,316,317,-78,-28
3,2,0.108083,FRAY 1,316,317,-75,-30
2,2,0.1081,FRAY 1,316,317,-73,-32
3,2,0.108112,FRAY 1,316,317,-70,-34
3,2,0.108135,FRAY 1,316,317,-67,-36
3,2,0.108164,FRAY 1,316,317,-64,-38
3,3,0.108199,FRAY 1,316,317,-61,-41
2,3,0.108211,FRAY 1,316,317,-59,-44
3,3,0.108239,FRAY 1,316,317,-56,-47
3,3,0.108275,FRAY 1,316,317,-53,-50
3,3,0.108286,FRAY 1,316,317,-50,-53
3,2,0.108321,FRAY 1,316,317,-47,-55
2,3,0.10835,FRAY 1,316,317,-45,-58
3,3,0.108368,FRAY 1,316,317,-42,-61
3,3,0.108391,FRAY 1,316,317,-39,-64
3,3,0.108426,FRAY 1,316,317,-36,-67
3,2,0.10846,FRAY 1,316,317,-33,-69
3,3,0.108472,FRAY 1,316,317,-30,-72
2,3,0.108501,FRAY 1,316,317,-28,-75
3,3,0.108518,FRAY 1,316,317,-25,-78
3,3,0.108542,FRAY 1,316,317,-22,-81
3,3,0.108565,FRAY 1,316,317,-19,-84
3,4,0.1086,FRAY 1,316,317,-16,-88
2,4,0.108629,FRAY 1,316,317,-14,-92
3,7,0.108664,FRAY 1,316,317,-11,-99
6,4,0.108687,FRAY 1,316,317,-5,-103
3,4,0.10871,FRAY 1,316,317,-2,-107
2,4,0.108739,FRAY 1,316,317,0,-111
3,2,0.108774,FRAY 1,316,317,3,-113
3,3,0.108803,FRAY 1,316,317,6,-116
3,3,0.108815,FRAY 1,316,317,9,-119
3,2,0.108844,FRAY 1,316,317,12,-121
3,2,0.108861,FRAY 1,316,317,15,-123
2,2,0.10889,FRAY 1,316,317,17,-125
3,2,0.108925,FRAY 1,316,317,20,-127
3,1,0.108936,FRAY 1,316,317,23,-128
3,2,0.108965,FRAY 1,316,317,26,-130
3,2,0.108989,FRAY 1,316,317,29,-132
2,2,0.109012,FRAY 1,316,317,31,-134
3,2,0.109047,FRAY 1,316,317,34,-136
3,2,0.109058,FRAY 1,316,317,37,-138
3,2,0.109087,FRAY 1,316,317,40,-140
3,2,0.109116,FRAY 1,316,317,43,-142
2,1,0.10914,FRAY 1,316,317,45,-143
3,2,0.109174,FRAY 1,316,317,48,-145
3,2,0.109203,FRAY 1,316,317,51,-147
3,2,0.109215,FRAY 1,316,317,54,-149
3,3,0.109238,FRAY 1,316,317,57,-152
2,3,0.109261,FRAY 1,316,317,59,-155
3,3,0.109296,FRAY 1,316,317,62,-158
3,2,0.109325,FRAY 1,316,317,65,-160
2,3,0.109349,FRAY 1,316,317,67,-163
2,3,0.109354,FRAY 1,316,317,69,-166
1,3,0.109378,FRAY 1,316,317,70,-169
1,3,0.109401,FRAY 1,316,317,71,-172
1,2,0.109436,FRAY 1,316,317,72,-174
1,4,0.109459,FRAY 1,316,317,73,-178
1,4,0.1095,FRAY 1,316,317,74,-182
2,4,0.109505,FRAY 1,316,317,76,-186
1,3,0.109529,FRAY 1,316,317,77,-189
3,4,0.109563,FRAY 1,316,317,80,-193
3,3,0.109587,FRAY 1,316,317,83,-196
3,3,0.109621,FRAY 1,316,317,86,-199
3,3,0.109645,FRAY 1,316,317,89,-202
2,2,0.109662,FRAY 1,316,317,91,-204
3,2,0.109682,FRAY 1,316,317,94,-206
3,2,0.109714,FRAY 1,316,317,97,-208
3,1,0.109745,FRAY 1,316,317,100,-209
3,1,0.109772,FRAY 1,316,317,103,-210
3,1,0.109788,FRAY 1,316,317,106,-211
2,1,0.109813,FRAY 1,316,317,108,-212
3,1,0.109836,FRAY 1,316,317,111,-213
3,1,0.109859,FRAY 1,316,317,114,-214
3,2,0.1099,FRAY 1,316,317,117,-216
3,2,0.109929,FRAY 1,316,317,120,-218
2,1,0.109941,FRAY 1,316,317,122,-219
3,2,0.109964,FRAY 1,316,317,125,-221
3,3,0.109987,FRAY 1,316,317,128,-224
3,3,0.110016,FRAY 1,316,317,131,-227
3,3,0.110051,FRAY 1,316,317,134,-230
2,3,0.110057,FRAY 1,316,317,136,-233
3,2,0.110092,FRAY 1,316,317,139,-235
3,3,0.110109,FRAY 1,316,317,142,-238
3,3,0.110132,FRAY 1,316,317,145,-241
3,3,0.110155,FRAY 1,316,317,148,-244
3,3,0.110184,FRAY 1,316,317,151,-247
2,2,0.110202,FRAY 1,316,317,153,-249
3,3,0.110237,FRAY 1,316,317,156,-252
3,3,0.11026,FRAY 1,316,317,159,-255
3,3,0.110289,FRAY 1,316,317,162,-258
3,3,0.110324,FRAY 1,316,317,165,-261
2,3,0.110341,FRAY 1,316,317,167,-264
3,4,0.110353,FRAY 1,316,317,170,-268
3,4,0.110376,FRAY 1,316,317,173,-272
3,4,0.110411,FRAY 1,316,317,176,-276
3,3,0.11044,FRAY 1,316,317,179,-279
2,4,0.110469,FRAY 1,316,317,181,-283
3,4,0.110492,FRAY 1,316,317,184,-287
3,4,0.11051,FRAY 1,316,317,187,-291
3,3,0.110533,FRAY 1,316,317,190,-294
3,4,0.110562,FRAY 1,316,317,193,-298
2,4,0.110585,FRAY 1,316,317,195,-302
3,4,0.11062,FRAY 1,316,317,198,-306
3,5,0.11066,FRAY 1,316,317,201,-311
6,3,0.110684,FRAY 1,316,317,207,-314
3,3,0.110707,FRAY 1,316,317,210,-317
2,3,0.110739,FRAY 1,316,317,212,-320
2,2,0.110771,FRAY 1,316,317,214,-322
2,1,0.1108,FRAY 1,316,317,216,-323
2,2,0.110811,FRAY 1,316,317,218,-325
2,2,0.110835,FRAY 1,316,317,220,-327
2,2,0.110858,FRAY 1,316,317,222,-329
2,2,0.110893,FRAY 1,316,317,224,-331
1,2,0.110922,FRAY 1,316,317,225,-333
2,2,0.110957,FRAY 1,316,317,227,-335
2,2,0.110962,FRAY 1,316,317,229,-337
2,1,0.110986,FRAY 1,316,317,231,-338
2,2,0.11102,FRAY 1,316,317,233,-340
3,2,0.111044,FRAY 1,316,317,236,-342
3,2,0.111078,FRAY 1,316,317,239,-344
2,2,0.111107,FRAY 1,316,317,241,-346
3,2,0.111119,FRAY 1,316,317,244,-348
3,2,0.111142,FRAY 1,316,317,247,-350
3,2,0.111171,FRAY 1,316,317,250,-352
3,1,0.111206,FRAY 1,316,317,253,-353
2,2,0.111253,FRAY 1,316,317,255,-355
3,2,0.111258,FRAY 1,316,317,258,-357
3,2,0.11127,FRAY 1,316,317,261,-359
3,2,0.111293,FRAY 1,316,317,264,-361
3,2,0.111322,FRAY 1,316,317,267,-363
3,2,0.111357,FRAY 1,316,317,270,-365
2,1,0.111375,FRAY 1,316,317,272,-366
3,1,0.111404,FRAY 1,316,317,275,-367
3,1,0.111421,FRAY 1,316,317,278,-368
3,2,0.111444,FRAY 1,316,317,281,-370
3,2,0.111473,FRAY 1,316,317,284,-372
2,2,0.111508,FRAY 1,316,317,286,-374
3,2,0.111514,FRAY 1,316,317,289,-376
3,2,0.111554,FRAY 1,316,317,292,-378
3,2,0.111572,FRAY 1,316,317,295,-380
3,2,0.111595,FRAY 1,316,317,298,-382
2,1,0.11163,FRAY 1,316,317,300,-383
3,1,0.111653,FRAY 1,316,317,303,-384
3,1,0.11167,FRAY 1,316,317,306,-385
3,2,0.111723,FRAY 1,316,317,309,-387
5,1,0.111746,FRAY 1,316,317,314,-388
3,1,0.11177,FRAY 1,316,317,317,-389
3,1,0.111816,FRAY 1,316,317,320,-390
3,2,0.111845,FRAY 1,316,317,323,-392
6,2,0.111874,FRAY 1,316,317,329,-394
2,2,0.111897,FRAY 1,316,317,331,-396
3,2,0.111926,FRAY 1,316,317,334,-398
3,1,0.111955,FRAY 1,316,317,337,-399
3,3,0.11199,FRAY 1,316,317,340,-402
2,3,0.111996,FRAY 1,316,317,342,-405
2,3,0.11203,FRAY 1,316,317,344,-408
2,3,0.112054,FRAY 1,316,317,346,-411
2,2,0.112077,FRAY 1,316,317,348,-413
2,3,0.112106,FRAY 1,316,317,350,-416
-2,2,0.112141,FRAY 1,316,317,348,-418
-3,3,0.112152,FRAY 1,316,317,345,-421
-3,3,0.112181,FRAY 1,316,317,342,-424
-2,3,0.112205,FRAY 1,316,317,340,-427
-3,2,0.112216,FRAY 1,316,317,337,-429
-2,3,0.112251,FRAY 1,316,317,335,-432
-1,3,0.112263,FRAY 1,316,317,334,-435
-1,3,0.112286,FRAY 1,316,317,333,-438
-1,2,0.112309,FRAY 1,316,317,332,-440
-1,1,0.112338,FRAY 1,316,317,331,-441
1,2,0.112373,FRAY 1,316,317,332,-443
1,2,0.112396,FRAY 1,316,317,333,-445
1,1,0.112414,FRAY 1,316,317,334,-446
2,1,0.112437,FRAY 1,316,317,336,-447
2,1,0.11246,FRAY 1,316,317,338,-448
1,1,0.112495,FRAY 1,316,317,339,-449
2,2,0.112524,FRAY 1,316,317,341,-451
2,2,0.112559,FRAY 1,316,317,343,-453
2,2,0.112565,FRAY 1,316,317,345,-455
3,1,0.112588,FRAY 1,316,317,348,-456
3,3,0.112611,FRAY 1,316,317,351,-459
3,3,0.112646,FRAY 1,316,317,354,-462
2,3,0.112669,FRAY 1,316,317,356,-465
2,3,0.112698,FRAY 1,316,317,358,-468
2,3,0.11271,FRAY 1,316,317,360,-471
2,2,0.112733,FRAY 1,316,317,362,-473
2,3,0.112756,FRAY 1,316,317,364,-476
1,3,0.112779,FRAY 1,316,317,365,-479
1,2,0.112814,FRAY 1,316,317,366,-481
1,2,0.112849,FRAY 1,316,317,367,-483
1,2,0.112861,FRAY 1,316,317,368,-485
1,1,0.112884,FRAY 1,316,317,369,-486
1,2,0.112907,FRAY 1,316,317,370,-488
2,2,0.11293,FRAY 1,316,317,372,-490
2,2,0.112965,FRAY 1,316,317,374,-492
2,2,0.112994,FRAY 1,316,317,376,-494
3,2,0.113012,FRAY 1,316,317,379,-496
3,2,0.113041,FRAY 1,316,317,382,-498
2,2,0.11307,FRAY 1,316,317,384,-500
1,1,0.113104,FRAY 1,316,317,385,-501
2,1,0.113116,FRAY 1,316,317,387,-502
1,1,0.113145,FRAY 1,316,317,388,-503
1,1,0.113167,FRAY 1,316,317,389,-504
1,1,0.113186,FRAY 1,316,317,390,-505
-1,-1,0.123849,SAN- 2,211,286,389,-504
-1,-1,0.123907,SAN- 2,211,286,388,-503
-1,-1,0.123925,SAN- 2,211,286,387,-502
-1,-2,0.123954,SAN- 2,211,286,386,-500
-1,-2,0.123989,SAN- 2,211,286,385,-498
-1,-2,0.124003,SAN- 2,211,286,384,-496
-1,-1,0.124029,SAN- 2,211,286,383,-495
-2,-1,0.124058,SAN- 2,211,286,381,-494
-2,-1,0.124093,SAN- 2,211,286,379,-493
-2,-1,0.124116,SAN- 2,211,286,377,-492
-3,-1,0.124134,SAN- 2,211,286,374,-491
-3,1,0.124244,SAN- 2,211,286,371,-492
-3,1,0.12425,SAN- 2,211,286,368,-493
-2,1,0.124285,SAN- 2,211,286,366,-494
-4,1,0.124308,SAN- 2,211,286,362,-495
-4,2,0.124331,SAN- 2,211,286,358,-497
-4,1,0.124354,SAN- 2,211,286,354,-498
-3,1,0.124389,SAN- 2,211,286,351,-499
-4,-1,0.124459,SAN- 2,211,286,347,-498
-3,-1,0.124494,SAN- 2,211,286,344,-497
-2,1,0.124767,SAN- 2,211,286,342,-498
-2,1,0.12479,SAN- 2,211,286,340,-499
-3,1,0.124819,SAN- 2,211,286,337,-500
-3,1,0.124836,SAN- 2,211,286,334,-501
-4,1,0.12486,SAN- 2,211,286,330,-502
-3,2,0.124894,SAN- 2,211,286,327,-504
-4,2,0.124906,SAN- 2,211,286,323,-506
-4,2,0.124941,SAN- 2,211,286,319,-508
-4,2,0.12497,SAN- 2,211,286,315,-510
-3,2,0.124987,SAN- 2,211,286,312,-512
-4,3,0.125016,SAN- 2,211,286,308,-515
-4,3,0.125034,SAN- 2,211,286,304,-518
-4,3,0.12508,SAN- 2,211,286,300,-521
-3,2,0.125092,SAN- 2,211,286,297,-523
-4,2,0.125127,SAN- 2,211,286,293,-525
-4,1,0.125138,SAN- 2,211,286,289,-526
-4,2,0.125167,SAN- 2,211,286,285,-528
-3,1,0.125179,SAN- 2,211,286,282,-529
-4,1,0.125208,SAN- 2,211,286,278,-530
-4,1,0.125231,SAN- 2,211,286,274,-531
-4,-1,0.12533,SAN- 2,211,286,270,-530
-3,-1,0.125365,SAN- 2,211,286,267,-529
-3,-1,0.125399,SAN- 2,211,286,264,-528
-1,-2,0.125434,SAN- 2,211,286,263,-526
-1,-1,0.125481,SAN- 2,211,286,262,-525
-1,-1,0.125515,SAN- 2,211,286,261,-524
-1,1,0.125608,SAN- 2,211,286,260,-525
-1,1,0.125637,SAN- 2,211,286,259,-526
-1,2,0.125701,SAN- 2,211,286,258,-528
-1,2,0.125707,SAN- 2,211,286,257,-530
-1,2,0.125742,SAN- 2,211,286,256,-532
-1,2,0.125759,SAN- 2,211,286,255,-534
-1,2,0.125788,SAN- 2,211,286,254,-536
-1,2,0.125812,SAN- 2,211,286,253,-538
-1,1,0.125841,SAN- 2,211,286,252,-539
-1,2,0.125858,SAN- 2,211,286,251,-541
-1,1,0.125889,SAN- 2,211,286,250,-542
-1,1,0.125916,SAN- 2,211,286,249,-543
-1,-1,0.125986,SAN- 2,211,286,248,-542
1,-2,0.126026,SAN- 2,211,286,249,-540
1,-2,0.126061,SAN- 2,211,286,250,-538
1,-2,0.126096,SAN- 2,211,286,251,-536
1,-3,0.126108,SAN- 2,211,286,252,-533
1,-3,0.126139,SAN- 2,211,286,253,-530
-1,-2,0.126154,SAN- 2,211,286,252,-528
-1,-3,0.126177,SAN- 2,211,286,251,-525
-1,-3,0.126212,SAN- 2,211,286,250,-522
-1,-3,0.126241,SAN- 2,211,286,249,-519
-1,-3,0.126276,SAN- 2,211,286,248,-516
-1,-2,0.126293,SAN- 2,211,286,247,-514
-1,-3,0.126311,SAN- 2,211,286,246,-511
-1,-3,0.126334,SAN- 2,211,286,245,-508
-1,-3,0.126357,SAN- 2,211,286,244,-505
-1,-3,0.126386,SAN- 2,211,286,243,-502
-1,-2,0.126433,SAN- 2,211,286,242,-500
-1,-3,0.126433,SAN- 2,211,286,241,-497
1,-3,0.126462,SAN- 2,211,286,242,-494
1,-3,0.126485,SAN- 2,211,286,243,-491
2,-3,0.126508,SAN- 2,211,286,245,-488
2,-3,0.126537,SAN- 2,211,286,247,-485
1,-2,0.126578,SAN- 2,211,286,248,-483
2,-3,0.126589,SAN- 2,211,286,250,-480
3,-3,0.126618,SAN- 2,211,286,253,-477
3,-3,0.126647,SAN- 2,211,286,256,-474
3,-3,0.126676,SAN- 2,211,286,259,-471
3,-2,0.126705,SAN- 2,211,286,262,-469
1,-5,0.126746,SAN- 2,211,286,263,-464
4,-2,0.126769,SAN- 2,211,286,267,-462
1,-1,0.126798,SAN- 2,211,286,268,-461
1,-1,0.126827,SAN- 2,211,286,269,-460
-1,-1,0.13882,-TIA- 3,15,133,268,-459
-2,-2,0.13885,-TIA- 3,15,133,266,-457
-2,-2,0.138879,-TIA- 3,15,133,264,-455
-2,-2,0.138908,-TIA- 3,15,133,262,-453
-3,-3,0.138925,-TIA- 3,15,133,259,-450
-3,-2,0.138954,-TIA- 3,15,133,256,-448
-3,-3,0.138983,-TIA- 3,15,133,253,-445
-4,-3,0.139012,-TIA- 3,15,133,249,-442
-3,-3,0.139029,-TIA- 3,15,133,246,-439
-4,-3,0.139064,-TIA- 3,15,133,242,-436
-4,-2,0.139093,-TIA- 3,15,133,238,-434
-4,-3,0.139105,-TIA- 3,15,133,234,-431
-3,-3,0.139128,-TIA- 3,15,133,231,-428
-3,-3,0.139151,-TIA- 3,15,133,228,-425
-3,-3,0.13918,-TIA- 3,15,133,225,-422
-3,-3,0.139215,-TIA- 3,15,133,222,-419
-3,-2,0.139244,-TIA- 3,15,133,219,-417
-2,-3,0.139256,-TIA- 3,15,133,217,-414
-3,-3,0.139279,-TIA- 3,15,133,214,-411
-3,-3,0.139308,-TIA- 3,15,133,211,-408
-3,-3,0.139343,-TIA- 3,15,133,208,-405
-3,-2,0.139384,-TIA- 3,15,133,205,-403
-3,-3,0.139401,-TIA- 3,15,133,202,-400
-2,-3,0.139407,-TIA- 3,15,133,200,-397
-4,-3,0.13943,-TIA- 3,15,133,196,-394
-4,-3,0.139461,-TIA- 3,15,133,192,-391
-4,-2,0.139494,-TIA- 3,15,133,188,-389
-3,-3,0.1395,-TIA- 3,15,133,185,-386
-4,-2,0.139552,-TIA- 3,15,133,181,-384
-4,-2,0.139558,-TIA- 3,15,133,177,-382
-4,-2,0.139581,-TIA- 3,15,133,173,-380
-3,-1,0.139616,-TIA- 3,15,133,170,-379
-4,-1,0.139645,-TIA- 3,15,133,166,-378
-4,-1,0.139668,-TIA- 3,15,133,162,-377
-4,-1,0.139695,-TIA- 3,15,133,158,-376
-3,-2,0.139709,-TIA- 3,15,133,155,-374
-4,-1,0.139732,-TIA- 3,15,133,151,-373
-4,-2,0.139749,-TIA- 3,15,133,147,-371
-4,-3,0.139778,-TIA- 3,15,133,143,-368
-3,-3,0.139796,-TIA- 3,15,133,140,-365
-4,-3,0.139819,-TIA- 3,15,133,136,-362
-4,-3,0.139854,-TIA- 3,15,133,132,-359
-4,-2,0.139877,-TIA- 3,15,133,128,-357
-3,-3,0.1399,-TIA- 3,15,133,125,-354
-4,-3,0.139929,-TIA- 3,15,133,121,-351
-4,-3,0.139964,-TIA- 3,15,133,117,-348
-3,-3,0.139976,-TIA- 3,15,133,114,-345
-2,-2,0.140005,-TIA- 3,15,133,112,-343
-3,-3,0.140028,-TIA- 3,15,133,109,-340
-3,-3,0.140051,-TIA- 3,15,133,106,-337
-3,-3,0.140086,-TIA- 3,15,133,103,-334
-3,-3,0.140115,-TIA- 3,15,133,100,-331
-2,-2,0.140127,-TIA- 3,15,133,98,-329
-3,-3,0.140156,-TIA- 3,15,133,95,-326
-3,-3,0.14019,-TIA- 3,15,133,92,-323
-4,-3,0.140208,-TIA- 3,15,133,88,-320
-4,-3,0.140237,-TIA- 3,15,133,84,-317
-3,-3,0.140272,-TIA- 3,15,133,81,-314
-4,-2,0.140278,-TIA- 3,15,133,77,-312
-4,-3,0.140301,-TIA- 3,15,133,73,-309
-4,-3,0.140334,-TIA- 3,15,133,69,-306
-3,-3,0.140365,-TIA- 3,15,133,66,-303
-4,-3,0.140394,-TIA- 3,15,133,62,-300
-4,-2,0.140405,-TIA- 3,15,133,58,-298
-4,-3,0.140428,-TIA- 3,15,133,54,-295
-2,-3,0.140452,-TIA- 3,15,133,52,-292
-3,-3,0.140487,-TIA- 3,15,133,49,-289
-3,-3,0.140516,-TIA- 3,15,133,46,-286
-2,-2,0.140539,-TIA- 3,15,133,44,-284
-2,-3,0.140556,-TIA- 3,15,133,42,-281
-2,-3,0.140585,-TIA- 3,15,133,40,-278
-2,-2,0.140608,-TIA- 3,15,133,38,-276
-2,-2,0.140637,-TIA- 3,15,133,36,-274
-1,-2,0.140669,-TIA- 3,15,133,35,-272
-1,-2,0.140701,-TIA- 3,15,133,34,-270
-1,-1,0.140707,-TIA- 3,15,133,33,-269
-1,-2,0.140736,-TIA- 3,15,133,32,-267
-1,-2,0.140759,-TIA- 3,15,133,31,-265
-1,-2,0.140783,-TIA- 3,15,133,30,-263
-1,-2,0.140823,-TIA- 3,15,133,29,-261
-2,-2,0.140852,-TIA- 3,15,133,27,-259
-2,-3,0.14087,-TIA- 3,15,133,25,-256
-2,-2,0.140887,-TIA- 3,15,133,23,-254
-2,-3,0.14091,-TIA- 3,15,133,21,-251
-3,-3,0.140934,-TIA- 3,15,133,18,-248
-3,-3,0.140957,-TIA- 3,15,133,15,-245
-3,-3,0.140986,-TIA- 3,15,133,12,-242
-3,-2,0.141003,-TIA- 3,15,133,9,-240
-2,-1,0.141032,-TIA- 3,15,133,7,-239
-2,-2,0.141052,-TIA- 3,15,133,5,-237
-2,-2,0.141079,-TIA- 3,15,133,3,-235
-1,-2,0.141108,-TIA- 3,15,133,2,-233
-1,-1,0.141142,-TIA- 3,15,133,1,-232
-1,-1,0.14116,-TIA- 3,15,133,0,-231
-1,1,0.153507,GO 4,331,221,-1,-232
1,1,0.153577,GO 4,331,221,0,-233
2,1,0.153583,GO 4,331,221,2,-234
1,1,0.153606,GO 4,331,221,3,-235
2,1,0.153629,GO 4,331,221,5,-236
3,1,0.153664,GO 4,331,221,8,-237
3,1,0.153687,GO 4,331,221,11,-238
3,1,0.153716,GO 4,331,221,14,-239
3,1,0.153734,GO 4,331,221,17,-240
2,2,0.153757,GO 4,331,221,19,-242
3,2,0.15378,GO 4,331,221,22,-244
3,1,0.153815,GO 4,331,221,25,-245
3,3,0.153844,GO 4,331,221,28,-248
3,3,0.153873,GO 4,331,221,31,-251
2,3,0.153884,GO 4,331,221,33,-254
3,3,0.153908,GO 4,331,221,36,-257
3,3,0.153942,GO 4,331,221,39,-260
3,3,0.153966,GO 4,331,221,42,-263
3,4,0.153989,GO 4,331,221,45,-267
2,4,0.154024,GO 4,331,221,47,-271
3,4,0.154035,GO 4,331,221,50,-275
3,3,0.154064,GO 4,331,221,53,-278
3,4,0.154088,GO 4,331,221,56,-282
3,4,0.154117,GO 4,331,221,59,-286
3,4,0.154151,GO 4,331,221,62,-290
2,3,0.154163,GO 4,331,221,64,-293
3,4,0.154192,GO 4,331,221,67,-297
3,3,0.154215,GO 4,331,221,70,-300
3,3,0.154239,GO 4,331,221,73,-303
3,2,0.15427,GO 4,331,221,76,-305
2,3,0.154302,GO 4,331,221,78,-308
3,3,0.154337,GO 4,331,221,81,-311
3,3,0.154343,GO 4,331,221,84,-314
3,3,0.154372,GO 4,331,221,87,-317
3,3,0.154389,GO 4,331,221,90,-320
2,2,0.154424,GO 4,331,221,92,-322
3,3,0.154453,GO 4,331,221,95,-325
3,3,0.154488,GO 4,331,221,98,-328
3,3,0.154494,GO 4,331,221,101,-331
3,3,0.154517,GO 4,331,221,104,-334
3,1,0.15454,GO 4,331,221,107,-335
2,2,0.154575,GO 4,331,221,109,-337
3,2,0.154596,GO 4,331,221,112,-339
3,1,0.154627,GO 4,331,221,115,-340
2,-1,0.154683,GO 4,331,221,117,-339
3,-1,0.154709,GO 4,331,221,120,-338
3,-2,0.154738,GO 4,331,221,123,-336
3,-1,0.154755,GO 4,331,221,126,-335
3,-2,0.15479,GO 4,331,221,129,-333
2,-2,0.154813,GO 4,331,221,131,-331
3,-2,0.154842,GO 4,331,221,134,-329
3,-2,0.154877,GO 4,331,221,137,-327
3,-2,0.154883,GO 4,331,221,140,-325
3,-2,0.154906,GO 4,331,221,143,-323
3,-2,0.154929,GO 4,331,221,146,-321
2,-1,0.154953,GO 4,331,221,148,-320
3,1,0.155051,GO 4,331,221,151,-321
2,1,0.155074,GO 4,331,221,153,-322
3,2,0.155104,GO 4,331,221,156,-324
3,2,0.155133,GO 4,331,221,159,-326
3,2,0.155172,GO 4,331,221,162,-328
3,2,0.155179,GO 4,331,221,165,-330
2,2,0.155202,GO 4,331,221,167,-332
3,2,0.155225,GO 4,331,221,170,-334
3,1,0.15526,GO 4,331,221,173,-335
3,1,0.155283,GO 4,331,221,176,-336
3,1,0.155312,GO 4,331,221,179,-337
2,1,0.15533,GO 4,331,221,181,-338
3,1,0.155353,GO 4,331,221,184,-339
3,1,0.155388,GO 4,331,221,187,-340
3,1,0.155417,GO 4,331,221,190,-341
3,1,0.15544,GO 4,331,221,193,-342
3,1,0.155458,GO 4,331,221,196,-343
2,1,0.155481,GO 4,331,221,198,-344
3,1,0.155505,GO 4,331,221,201,-345
3,1,0.155533,GO 4,331,221,204,-346
3,1,0.155574,GO 4,331,221,207,-347
3,1,0.155603,GO 4,331,221,210,-348
2,1,0.15562,GO 4,331,221,212,-349
3,1,0.155638,GO 4,331,221,215,-350
3,1,0.15569,GO 4,331,221,218,-351
3,1,0.155725,GO 4,331,221,221,-352
2,1,0.155748,GO 4,331,221,223,-353
3,1,0.155761,GO 4,331,221,226,-354
3,1,0.155788,GO 4,331,221,229,-355
3,1,0.155812,GO 4,331,221,232,-356
3,1,0.155835,GO 4,331,221,235,-357
3,1,0.155864,GO 4,331,221,238,-358
2,1,0.155881,GO 4,331,221,240,-359
3,1,0.155916,GO 4,331,221,243,-360
3,1,0.155945,GO 4,331,221,246,-361
3,1,0.155974,GO 4,331,221,249,-362
3,1,0.155986,GO 4,331,221,252,-363
2,2,0.156026,GO 4,331,221,254,-365
3,1,0.156032,GO 4,331,221,257,-366
3,2,0.156067,GO 4,331,221,260,-368
3,2,0.156096,GO 4,331,221,263,-370
3,2,0.156119,GO 4,331,221,266,-372
2,2,0.156131,GO 4,331,221,268,-374
3,2,0.156172,GO 4,331,221,271,-376
3,2,0.156177,GO 4,331,221,274,-378
3,2,0.156205,GO 4,331,221,277,-380
3,1,0.156235,GO 4,331,221,280,-381
2,2,0.156259,GO 4,331,221,282,-383
3,2,0.156299,GO 4,331,221,285,-385
3,2,0.156317,GO 4,331,221,288,-387
3,2,0.156334,GO 4,331,221,291,-389
3,2,0.156346,GO 4,331,221,294,-391
3,2,0.156381,GO 4,331,221,297,-393
2,2,0.156404,GO 4,331,221,299,-395
3,1,0.156462,GO 4,331,221,302,-396
3,1,0.156473,GO 4,331,221,305,-397
2,-1,0.156532,GO 4,331,221,307,-396
3,-1,0.156555,GO 4,331,221,310,-395
3,-1,0.15659,GO 4,331,221,313,-394
3,-2,0.156619,GO 4,331,221,316,-392
3,-2,0.156624,GO 4,331,221,319,-390
2,-2,0.156653,GO 4,331,221,321,-388
3,-2,0.156677,GO 4,331,221,324,-386
3,-2,0.156706,GO 4,331,221,327,-384
3,-2,0.156729,GO 4,331,221,330,-382
3,-2,0.15677,GO 4,331,221,333,-380
3,-1,0.156781,GO 4,331,221,336,-379
2,-2,0.156804,GO 4,331,221,338,-377
3,-2,0.156828,GO 4,331,221,341,-375
3,-2,0.156862,GO 4,331,221,344,-373
3,-2,0.156886,GO 4,331,221,347,-371
3,-2,0.156915,GO 4,331,221,350,-369
2,-1,0.156932,GO 4,331,221,352,-368
3,-1,0.156955,GO 4,331,221,355,-367
3,-1,0.15699,GO 4,331,221,358,-366
3,1,0.157083,GO 4,331,221,361,-367
3,1,0.157106,GO 4,331,221,364,-368
3,1,0.157129,GO 4,331,221,367,-369
3,1,0.157158,GO 4,331,221,370,-370
3,1,0.157187,GO 4,331,221,373,-371
2,1,0.157221,GO 4,331,221,375,-372
3,1,0.157234,GO 4,331,221,378,-373
3,1,0.157261,GO 4,331,221,381,-374
3,1,0.157286,GO 4,331,221,384,-375
3,1,0.15796,GO 4,331,221,387,-376
2,1,0.157983,GO 4,331,221,389,-377
3,1,0.158012,GO 4,331,221,392,-378
3,1,0.158041,GO 4,331,221,395,-379
3,1,0.158058,GO 4,331,221,398,-380
3,1,0.15811,GO 4,331,221,401,-381
2,1,0.158128,GO 4,331,221,403,-382
3,1,0.158163,GO 4,331,221,406,-383
3,1,0.158232,GO 4,331,221,409,-384
3,1,0.158256,GO 4,331,221,412,-385
3,1,0.158279,GO 4,331,221,415,-386
2,1,0.158314,GO 4,331,221,417,-387
3,1,0.158343,GO 4,331,221,420,-388
3,1,0.158378,GO 4,331,221,423,-389
3,2,0.158383,GO 4,331,221,426,-391
3,2,0.158407,GO 4,331,221,429,-393
2,2,0.158441,GO 4,331,221,431,-395
3,2,0.158455,GO 4,331,221,434,-397
3,1,0.158482,GO 4,331,221,437,-398
3,2,0.158511,GO 4,331,221,440,-400
3,2,0.158528,GO 4,331,221,443,-402
2,2,0.158552,GO 4,331,221,445,-404
1,1,0.158583,GO 4,331,221,446,-405
1,1,0.158598,GO 4,331,221,447,-406
1,1,0.158656,GO 4,331,221,448,-407
-1,1,0.168676,FRAY 5,207,484,447,-408
-1,1,0.16871,FRAY 5,207,484,446,-409
-1,2,0.168763,FRAY 5,207,484,445,-411
-1,2,0.16878,FRAY 5,207,484,444,-413
-1,3,0.168803,FRAY 5,207,484,443,-416
-1,2,0.168826,FRAY 5,207,484,442,-418
-1,3,0.16885,FRAY 5,207,484,441,-421
-2,4,0.168885,FRAY 5,207,484,439,-425
-2,4,0.168919,FRAY 5,207,484,437,-429
-2,3,0.168948,FRAY 5,207,484,435,-432
-1,4,0.168954,FRAY 5,207,484,434,-436
-3,4,0.168977,FRAY 5,207,484,431,-440
-3,4,0.169012,FRAY 5,207,484,428,-444
-3,3,0.169035,FRAY 5,207,484,425,-447
-3,4,0.16907,FRAY 5,207,484,422,-451
-3,4,0.169099,FRAY 5,207,484,419,-455
-4,4,0.169111,FRAY 5,207,484,415,-459
-4,3,0.169134,FRAY 5,207,484,411,-462
-4,4,0.169163,FRAY 5,207,484,407,-466
-3,4,0.169192,FRAY 5,207,484,404,-470
-3,4,0.169215,FRAY 5,207,484,401,-474
-3,3,0.169239,FRAY 5,207,484,398,-477
-3,4,0.169254,FRAY 5,207,484,395,-481
-3,4,0.169279,FRAY 5,207,484,392,-485
-3,4,0.169314,FRAY 5,207,484,389,-489
-3,3,0.169343,FRAY 5,207,484,386,-492
-4,4,0.169372,FRAY 5,207,484,382,-496
-4,8,0.169407,FRAY 5,207,484,378,-504
-7,3,0.16943,FRAY 5,207,484,371,-507
-4,4,0.169453,FRAY 5,207,484,367,-511
-4,4,0.169484,FRAY 5,207,484,363,-515
-3,4,0.169523,FRAY 5,207,484,360,-519
-4,3,0.169535,FRAY 5,207,484,356,-522
-4,4,0.169558,FRAY 5,207,484,352,-526
-4,4,0.169581,FRAY 5,207,484,348,-530
-3,4,0.169604,FRAY 5,207,484,345,-534
-4,3,0.169639,FRAY 5,207,484,341,-537
-3,4,0.169655,FRAY 5,207,484,338,-541
-3,4,0.169686,FRAY 5,207,484,335,-545
-3,4,0.169709,FRAY 5,207,484,332,-549
-2,3,0.169744,FRAY 5,207,484,330,-552
-3,4,0.169749,FRAY 5,207,484,327,-556
-3,4,0.169779,FRAY 5,207,484,324,-560
-3,4,0.169796,FRAY 5,207,484,321,-564
-3,3,0.169831,FRAY 5,207,484,318,-567
-3,4,0.169854,FRAY 5,207,484,315,-571
-2,4,0.169889,FRAY 5,207,484,313,-575
-3,4,0.1699,FRAY 5,207,484,310,-579
-3,3,0.169935,FRAY 5,207,484,307,-582
-3,4,0.169947,FRAY 5,207,484,304,-586
-3,4,0.169964,FRAY 5,207,484,301,-590
-1,4,0.169999,FRAY 5,207,484,300,-594
-2,3,0.170022,FRAY 5,207,484,298,-597
-1,4,0.170051,FRAY 5,207,484,297,-601
-1,4,0.17008,FRAY 5,207,484,296,-605
-1,2,0.170092,FRAY 5,207,484,295,-607
-1,4,0.170121,FRAY 5,207,484,294,-611
-1,4,0.170138,FRAY 5,207,484,293,-615
-1,3,0.170162,FRAY 5,207,484,292,-618
1,4,0.170191,FRAY 5,207,484,293,-622
1,4,0.170208,FRAY 5,207,484,294,-626
1,4,0.170231,FRAY 5,207,484,295,-630
1,3,0.170266,FRAY 5,207,484,296,-633
1,4,0.170278,FRAY 5,207,484,297,-637
1,4,0.170313,FRAY 5,207,484,298,-641
1,4,0.170342,FRAY 5,207,484,299,-645
1,3,0.170359,FRAY 5,207,484,300,-648
1,4,0.170382,FRAY 5,207,484,301,-652
1,4,0.170411,FRAY 5,207,484,302,-656
1,4,0.170452,FRAY 5,207,484,303,-660
1,3,0.170469,FRAY 5,207,484,304,-663
1,4,0.170498,FRAY 5,207,484,305,-667
1,4,0.17051,FRAY 5,207,484,306,-671
1,4,0.170533,FRAY 5,207,484,307,-675
1,3,0.170562,FRAY 5,207,484,308,-678
1,4,0.170591,FRAY 5,207,484,309,-682
1,4,0.170626,FRAY 5,207,484,310,-686
1,4,0.170638,FRAY 5,207,484,311,-690
1,3,0.170667,FRAY 5,207,484,312,-693
2,4,0.17069,FRAY 5,207,484,314,-697
2,4,0.170713,FRAY 5,207,484,316,-701
2,4,0.170742,FRAY 5,207,484,318,-705
2,3,0.170777,FRAY 5,207,484,320,-708
2,4,0.170806,FRAY 5,207,484,322,-712
2,4,0.170818,FRAY 5,207,484,324,-716
2,4,0.170841,FRAY 5,207,484,326,-720
1,3,0.170864,FRAY 5,207,484,327,-723
1,4,0.170899,FRAY 5,207,484,328,-727
1,4,0.170928,FRAY 5,207,484,329,-731
1,4,0.170958,FRAY 5,207,484,330,-735
1,3,0.170969,FRAY 5,207,484,331,-738
-1,4,0.170992,FRAY 5,207,484,330,-742
-1,4,0.171015,FRAY 5,207,484,329,-746
-1,4,0.171038,FRAY 5,207,484,328,-750
-1,3,0.171073,FRAY 5,207,484,327,-753
-2,4,0.171079,FRAY 5,207,484,325,-757
-2,4,0.171114,FRAY 5,207,484,323,-761
-2,4,0.171137,FRAY 5,207,484,321,-765
-3,3,0.17118,FRAY 5,207,484,318,-768
-3,4,0.171201,FRAY 5,207,484,315,-772
-2,4,0.171207,FRAY 5,207,484,313,-776
-3,4,0.171236,FRAY 5,207,484,310,-780
-3,3,0.171265,FRAY 5,207,484,307,-783
-3,4,0.171288,FRAY 5,207,484,304,-787
-3,4,0.171323,FRAY 5,207,484,301,-791
-3,4,0.171352,FRAY 5,207,484,298,-795
-2,3,0.171357,FRAY 5,207,484,296,-798
-3,3,0.171381,FRAY 5,207,484,293,-801
-3,3,0.17141,FRAY 5,207,484,290,-804
-3,1,0.171439,FRAY 5,207,484,287,-805
-3,2,0.171474,FRAY 5,207,484,284,-807
-2,2,0.171503,FRAY 5,207,484,282,-809
-3,1,0.171514,FRAY 5,207,484,279,-810
-3,1,0.171537,FRAY 5,207,484,276,-811
-2,1,0.171567,FRAY 5,207,484,274,-812
-2,1,0.171595,FRAY 5,207,484,272,-813
-1,-1,0.172124,FRAY 5,207,484,271,-812
-1,-2,0.172164,FRAY 5,207,484,270,-810
-1,-2,0.172191,FRAY 5,207,484,269,-808
-2,-2,0.172205,FRAY 5,207,484,267,-806
-2,-2,0.172228,FRAY 5,207,484,265,-804
-2,-3,0.172263,FRAY 5,207,484,263,-801
-2,-3,0.172298,FRAY 5,207,484,261,-798
-2,-2,0.172321,FRAY 5,207,484,259,-796
-2,-3,0.172339,FRAY 5,207,484,257,-793
-2,-2,0.172356,FRAY 5,207,484,255,-791
-1,-2,0.172385,FRAY 5,207,484,254,-789
-1,-2,0.172414,FRAY 5,207,484,253,-787
-1,-1,0.172449,FRAY 5,207,484,252,-786
1,1,0.172594,FRAY 5,207,484,253,-787
1,1,0.172635,FRAY 5,207,484,254,-788
1,1,0.172652,FRAY 5,207,484,255,-789
1,1,0.172664,FRAY 5,207,484,256,-790
-1,-1,0.172844,FRAY 5,207,484,255,-789
-1,-1,0.172855,FRAY 5,207,484,254,-788
-1,-1,0.172884,FRAY 5,207,484,253,-787
-1,-1,0.172919,FRAY 5,207,484,252,-786
-1,-1,0.17296,FRAY 5,207,484,251,-785
-1,-1,0.172977,FRAY 5,207,484,250,-784
-1,-1,0.173,FRAY 5,207,484,249,-783
-1,-1,0.173023,FRAY 5,207,484,248,-782
-1,-1,0.173041,FRAY 5,207,484,247,-781
-1,-1,0.173093,FRAY 5,207,484,246,-780
-1,-1,0.173116,FRAY 5,207,484,245,-779
-1,-1,0.1735,FRAY 5,207,484,244,-778
-1,-1,0.173523,FRAY 5,207,484,243,-777
-1,-1,0.17354,FRAY 5,207,484,242,-776
-2,-1,0.173563,FRAY 5,207,484,240,-775
-1,-1,0.173598,FRAY 5,207,484,239,-774
-2,-1,0.173621,FRAY 5,207,484,237,-773
1,-1,0.17397,FRAY 5,207,484,238,-772
1,-1,0.17401,FRAY 5,207,484,239,-771
1,-2,0.174052,FRAY 5,207,484,240,-769
1,-2,0.174074,FRAY 5,207,484,241,-767
1,-2,0.174109,FRAY 5,207,484,242,-765
-1,-1,0.174138,FRAY 5,207,484,241,-764
-1,-2,0.174155,FRAY 5,207,484,240,-762
-1,-2,0.174173,FRAY 5,207,484,239,-760
-1,-2,0.174202,FRAY 5,207,484,238,-758
-1,-2,0.174231,FRAY 5,207,484,237,-756
-1,-2,0.17426,FRAY 5,207,484,236,-754
-1,-2,0.174293,FRAY 5,207,484,235,-752
-1,-1,0.174324,FRAY 5,207,484,234,-751
1,1,0.17444,FRAY 5,207,484,235,-752
1,1,0.174469,FRAY 5,207,484,236,-753
1,1,0.174504,FRAY 5,207,484,237,-754
1,1,0.174527,FRAY 5,207,484,238,-755
-1,-1,0.184709,SAN- 6,134,342,237,-754
-1,-1,0.184732,SAN- 6,134,342,236,-753
-2,-2,0.184761,SAN- 6,134,342,234,-751
-2,-2,0.184802,SAN- 6,134,342,232,-749
-1,-2,0.184825,SAN- 6,134,342,231,-747
-2,-2,0.184854,SAN- 6,134,342,229,-745
-2,-1,0.18486,SAN- 6,134,342,227,-744
-2,-3,0.184883,SAN- 6,134,342,225,-741
-2,-3,0.184909,SAN- 6,134,342,223,-738
-3,-3,0.184941,SAN- 6,134,342,220,-735
-3,-3,0.184982,SAN- 6,134,342,217,-732
-2,-2,0.184988,SAN- 6,134,342,215,-730
-3,-3,0.185011,SAN- 6,134,342,212,-727
-4,-3,0.185034,SAN- 6,134,342,208,-724
-4,-3,0.185069,SAN- 6,134,342,204,-721
-3,-3,0.185092,SAN- 6,134,342,201,-718
-4,-3,0.185127,SAN- 6,134,342,197,-715
-4,-2,0.185139,SAN- 6,134,342,193,-713
-4,-3,0.185162,SAN- 6,134,342,189,-710
-3,-3,0.185202,SAN- 6,134,342,186,-707
-4,-3,0.185214,SAN- 6,134,342,182,-704
-4,-3,0.185248,SAN- 6,134,342,178,-701
-4,-2,0.18526,SAN- 6,134,342,174,-699
-3,-3,0.185295,SAN- 6,134,342,171,-696
-4,-3,0.185318,SAN- 6,134,342,167,-693
-4,-3,0.185342,SAN- 6,134,342,163,-690
-4,-3,0.185382,SAN- 6,134,342,159,-687
-3,-2,0.185406,SAN- 6,134,342,156,-685
-4,-3,0.185417,SAN- 6,134,342,152,-682
-4,-3,0.185435,SAN- 6,134,342,148,-679
-4,-3,0.185469,SAN- 6,134,342,144,-676
-3,-3,0.185493,SAN- 6,134,342,141,-673
-4,-3,0.185527,SAN- 6,134,342,137,-670
-4,-2,0.185556,SAN- 6,134,342,133,-668
-4,-3,0.185568,SAN- 6,134,342,129,-665
-3,-3,0.185591,SAN- 6,134,342,126,-662
-4,-3,0.18562,SAN- 6,134,342,122,-659
-4,-3,0.185644,SAN- 6,134,342,118,-656
-4,-2,0.185678,SAN- 6,134,342,114,-654
-3,-3,0.185707,SAN- 6,134,342,111,-651
-4,-3,0.185719,SAN- 6,134,342,107,-648
-4,-3,0.185736,SAN- 6,134,342,103,-645
-4,-3,0.185754,SAN- 6,134,342,99,-642
-3,-2,0.185789,SAN- 6,134,342,96,-640
-4,-3,0.185818,SAN- 6,134,342,92,-637
-4,-3,0.185853,SAN- 6,134,342,88,-634
-4,-3,0.185858,SAN- 6,134,342,84,-631
-3,-3,0.185882,SAN- 6,134,342,81,-628
-4,-3,0.185914,SAN- 6,134,342,77,-625
-4,-2,0.18594,SAN- 6,134,342,73,-623
-4,-3,0.185969,SAN- 6,134,342,69,-620
-2,-3,0.186003,SAN- 6,134,342,67,-617
-3,-3,0.186015,SAN- 6,134,342,64,-614
-3,-3,0.186032,SAN- 6,134,342,61,-611
-3,-2,0.186067,SAN- 6,134,342,58,-609
-2,-3,0.186096,SAN- 6,134,342,56,-606
-2,-3,0.186114,SAN- 6,134,342,54,-603
-2,-3,0.186149,SAN- 6,134,342,52,-600
-2,-3,0.186166,SAN- 6,134,342,50,-597
-1,-2,0.186189,SAN- 6,134,342,49,-595
-1,-3,0.186218,SAN- 6,134,342,48,-592
-1,-3,0.186247,SAN- 6,134,342,47,-589
1,-3,0.186282,SAN- 6,134,342,48,-586
1,-3,0.186294,SAN- 6,134,342,49,-583
1,-3,0.186311,SAN- 6,134,342,50,-580
1,-2,0.186334,SAN- 6,134,342,51,-578
1,-3,0.186357,SAN- 6,134,342,52,-575
1,-3,0.186387,SAN- 6,134,342,53,-572
1,-3,0.186427,SAN- 6,134,342,54,-569
1,-3,0.186433,SAN- 6,134,342,55,-566
2,-2,0.186456,SAN- 6,134,342,57,-564
2,-3,0.186485,SAN- 6,134,342,59,-561
2,-3,0.186514,SAN- 6,134,342,61,-558
2,-2,0.186532,SAN- 6,134,342,63,-556
1,-2,0.186555,SAN- 6,134,342,64,-554
2,-2,0.186584,SAN- 6,134,342,66,-552
3,-1,0.186607,SAN- 6,134,342,69,-551
3,-1,0.186642,SAN- 6,134,342,72,-550
3,-1,0.186683,SAN- 6,134,342,75,-549
2,-1,0.186706,SAN- 6,134,342,77,-548
3,-1,0.186741,SAN- 6,134,342,80,-547
3,-1,0.186758,SAN- 6,134,342,83,-546
3,-1,0.186793,SAN- 6,134,342,86,-545
3,-1,0.186822,SAN- 6,134,342,89,-544
2,-1,0.186834,SAN- 6,134,342,91,-543
3,-1,0.186857,SAN- 6,134,342,94,-542
3,-1,0.18688,SAN- 6,134,342,97,-541
3,-1,0.186915,SAN- 6,134,342,100,-540
3,-1,0.186944,SAN- 6,134,342,103,-539
3,-1,0.186979,SAN- 6,134,342,106,-538
2,-1,0.186984,SAN- 6,134,342,108,-537
3,-1,0.187008,SAN- 6,134,342,111,-536
3,-1,0.187031,SAN- 6,134,342,114,-535
3,-1,0.187089,SAN- 6,134,342,117,-534
3,-1,0.18731,SAN- 6,134,342,120,-533
3,-1,0.187339,SAN- 6,134,342,123,-532
2,-1,0.187373,SAN- 6,134,342,125,-531
3,-1,0.187408,SAN- 6,134,342,128,-530
3,-1,0.187414,SAN- 6,134,342,131,-529
3,-1,0.187441,SAN- 6,134,342,134,-528
3,-1,0.187466,SAN- 6,134,342,137,-527
3,1,0.187568,SAN- 6,134,342,140,-528
3,1,0.187594,SAN- 6,134,342,143,-529
3,1,0.187623,SAN- 6,134,342,146,-530
2,2,0.187646,SAN- 6,134,342,148,-532
3,2,0.187671,SAN- 6,134,342,151,-534
3,1,0.187687,SAN- 6,134,342,154,-535
3,2,0.187722,SAN- 6,134,342,157,-537
2,2,0.187745,SAN- 6,134,342,159,-539
2,2,0.18778,SAN- 6,134,342,161,-541
1,2,0.187791,SAN- 6,134,342,162,-543
1,2,0.187824,SAN- 6,134,342,163,-545
-1,2,0.187838,SAN- 6,134,342,162,-547
-2,1,0.187873,SAN- 6,134,342,160,-548
-2,1,0.187896,SAN- 6,134,342,158,-549
-1,1,0.187954,SAN- 6,134,342,157,-550
-1,1,0.187983,SAN- 6,134,342,156,-551
-1,-1,0.199288,-TIA- 7,9,200,155,-550
-1,-1,0.19932,-TIA- 7,9,200,154,-549
-2,-1,0.199343,-TIA- 7,9,200,152,-548
-2,-2,0.199378,-TIA- 7,9,200,150,-546
-2,-3,0.199407,-TIA- 7,9,200,148,-543
-3,-3,0.199419,-TIA- 7,9,200,145,-540
-2,-3,0.199442,-TIA- 7,9,200,143,-537
-3,-3,0.199465,-TIA- 7,9,200,140,-534
-3,-2,0.1995,-TIA- 7,9,200,137,-532
-3,-3,0.199529,-TIA- 7,9,200,134,-529
-2,-3,0.19957,-TIA- 7,9,200,132,-526
-2,-3,0.19957,-TIA- 7,9,200,130,-523
-2,-3,0.199593,-TIA- 7,9,200,128,-520
-1,-2,0.199624,-TIA- 7,9,200,127,-518
-2,-3,0.199657,-TIA- 7,9,200,125,-515
-3,-3,0.19968,-TIA- 7,9,200,122,-512
-3,-3,0.199703,-TIA- 7,9,200,119,-509
-3,-3,0.199721,-TIA- 7,9,200,116,-506
-3,-3,0.199744,-TIA- 7,9,200,113,-503
-4,-2,0.199761,-TIA- 7,9,200,109,-501
-4,-3,0.199796,-TIA- 7,9,200,105,-498
-4,-3,0.199814,-TIA- 7,9,200,101,-495
-3,-3,0.199848,-TIA- 7,9,200,98,-492
-4,-3,0.19986,-TIA- 7,9,200,94,-489
-4,-2,0.199877,-TIA- 7,9,200,90,-487
-4,-3,0.199901,-TIA- 7,9,200,86,-484
-3,-3,0.199935,-TIA- 7,9,200,83,-481
-4,-3,0.199976,-TIA- 7,9,200,79,-478
-4,-3,0.199988,-TIA- 7,9,200,75,-475
-4,-2,0.200005,-TIA- 7,9,200,71,-473
-3,-3,0.200029,-TIA- 7,9,200,68,-470
-4,-3,0.200046,-TIA- 7,9,200,64,-467
-4,-3,0.200081,-TIA- 7,9,200,60,-464
-4,-3,0.200104,-TIA- 7,9,200,56,-461
-3,-3,0.200138,-TIA- 7,9,200,53,-458
-4,-2,0.200156,-TIA- 7,9,200,49,-456
-4,-3,0.200173,-TIA- 7,9,200,45,-453
-4,-3,0.200202,-TIA- 7,9,200,41,-450
-3,-3,0.200231,-TIA- 7,9,200,38,-447
-4,-3,0.200266,-TIA- 7,9,200,34,-444
-4,-2,0.200278,-TIA- 7,9,200,30,-442
-4,-3,0.200301,-TIA- 7,9,200,26,-439
-3,-3,0.20033,-TIA- 7,9,200,23,-436
-4,-3,0.200353,-TIA- 7,9,200,19,-433
-4,-3,0.200382,-TIA- 7,9,200,15,-430
-4,-2,0.200417,-TIA- 7,9,200,11,-428
-3,-3,0.200446,-TIA- 7,9,200,8,-425
-3,-3,0.200458,-TIA- 7,9,200,5,-422
-3,-3,0.200487,-TIA- 7,9,200,2,-419
-3,-3,0.200516,-TIA- 7,9,200,-1,-416
-3,-3,0.200528,-TIA- 7,9,200,-4,-413
-2,-2,0.200551,-TIA- 7,9,200,-6,-411
-3,-3,0.200574,-TIA- 7,9,200,-9,-408
-3,-3,0.200603,-TIA- 7,9,200,-12,-405
-3,-3,0.200626,-TIA- 7,9,200,-15,-402
-3,-3,0.200655,-TIA- 7,9,200,-18,-399
-3,-2,0.200678,-TIA- 7,9,200,-21,-397
-2,-3,0.200703,-TIA- 7,9,200,-23,-394
-3,-3,0.200719,-TIA- 7,9,200,-26,-391
-4,-3,0.200754,-TIA- 7,9,200,-30,-388
-4,-3,0.200777,-TIA- 7,9,200,-34,-385
-3,-2,0.200806,-TIA- 7,9,200,-37,-383
-4,-3,0.200829,-TIA- 7,9,200,-41,-380
-4,-3,0.200858,-TIA- 7,9,200,-45,-377
-4,-3,0.20087,-TIA- 7,9,200,-49,-374
-3,-3,0.200893,-TIA- 7,9,200,-52,-371
-3,-3,0.200928,-TIA- 7,9,200,-55,-368
-3,-2,0.200963,-TIA- 7,9,200,-58,-366
-3,-3,0.200975,-TIA- 7,9,200,-61,-363
-3,-3,0.201009,-TIA- 7,9,200,-64,-360
-2,-3,0.201022,-TIA- 7,9,200,-66,-357
-2,-3,0.20105,-TIA- 7,9,200,-68,-354
-2,-2,0.201073,-TIA- 7,9,200,-70,-352
-1,-3,0.201096,-TIA- 7,9,200,-71,-349
-1,-3,0.201131,-TIA- 7,9,200,-72,-346
-1,-3,0.20116,-TIA- 7,9,200,-73,-343
-1,-3,0.20117,-TIA- 7,9,200,-74,-340
-1,-2,0.201195,-TIA- 7,9,200,-75,-338
-1,-3,0.201224,-TIA- 7,9,200,-76,-335
-1,-3,0.201247,-TIA- 7,9,200,-77,-332
-1,-3,0.201282,-TIA- 7,9,200,-78,-329
-1,-3,0.201311,-TIA- 7,9,200,-79,-326
-1,-3,0.201323,-TIA- 7,9,200,-80,-323
-1,-2,0.201346,-TIA- 7,9,200,-81,-321
-1,-3,0.201369,-TIA- 7,9,200,-82,-318
-1,-3,0.201398,-TIA- 7,9,200,-83,-315
-1,-3,0.201433,-TIA- 7,9,200,-84,-312
1,-3,0.201467,-TIA- 7,9,200,-83,-309
1,-2,0.201474,-TIA- 7,9,200,-82,-307
1,-3,0.201497,-TIA- 7,9,200,-81,-304
2,-3,0.20152,-TIA- 7,9,200,-79,-301
3,-2,0.201555,-TIA- 7,9,200,-76,-299
3,-2,0.201584,-TIA- 7,9,200,-73,-297
3,-2,0.201619,-TIA- 7,9,200,-70,-295
2,-1,0.201625,-TIA- 7,9,200,-68,-294
3,-1,0.201648,-TIA- 7,9,200,-65,-293
3,1,0.201822,-TIA- 7,9,200,-62,-294
3,1,0.201839,-TIA- 7,9,200,-59,-295
3,1,0.201868,-TIA- 7,9,200,-56,-296
1,1,0.201903,-TIA- 7,9,200,-55,-297
2,1,0.201915,-TIA- 7,9,200,-53,-298
2,1,0.201932,-TIA- 7,9,200,-51,-299
1,1,0.214809,GO 8,396,426,-50,-300
1,1,0.214825,GO 8,396,426,-49,-301
2,1,0.214854,GO 8,396,426,-47,-302
2,1,0.214883,GO 8,396,426,-45,-303
2,1,0.214924,GO 8,396,426,-43,-304
2,1,0.214959,GO 8,396,426,-41,-305
3,1,0.214976,GO 8,396,426,-38,-306
3,1,0.214999,GO 8,396,426,-35,-307
3,1,0.215034,GO 8,396,426,-32,-308
3,1,0.215057,GO 8,396,426,-29,-309
2,1,0.215098,GO 8,396,426,-27,-310
3,1,0.215104,GO 8,396,426,-24,-311
2,1,0.215127,GO 8,396,426,-22,-312
2,1,0.215162,GO 8,396,426,-20,-313
2,1,0.215185,GO 8,396,426,-18,-314
1,2,0.215208,GO 8,396,426,-17,-316
1,1,0.215237,GO 8,396,426,-16,-317
1,2,0.215255,GO 8,396,426,-15,-319
-1,3,0.215278,GO 8,396,426,-16,-322
-1,3,0.215307,GO 8,396,426,-17,-325
-1,3,0.21533,GO 8,396,426,-18,-328
-1,3,0.215359,GO 8,396,426,-19,-331
-1,4,0.215394,GO 8,396,426,-20,-335
-1,4,0.215412,GO 8,396,426,-21,-339
1,4,0.215435,GO 8,396,426,-20,-343
1,3,0.215464,GO 8,396,426,-19,-346
2,4,0.215487,GO 8,396,426,-17,-350
2,4,0.21551,GO 8,396,426,-15,-354
2,4,0.215545,GO 8,396,426,-13,-358
1,3,0.215562,GO 8,396,426,-12,-361
2,3,0.215586,GO 8,396,426,-10,-364
1,3,0.215609,GO 8,396,426,-9,-367
1,3,0.215638,GO 8,396,426,-8,-370
1,2,0.215655,GO 8,396,426,-7,-372
1,2,0.21569,GO 8,396,426,-6,-374
-1,1,0.215742,GO 8,396,426,-7,-375
-1,1,0.215795,GO 8,396,426,-8,-376
1,1,0.215963,GO 8,396,426,-7,-377
1,1,0.215986,GO 8,396,426,-6,-378
2,1,0.21605,GO 8,396,426,-4,-379
2,1,0.216073,GO 8,396,426,-2,-380
2,1,0.216102,GO 8,396,426,0,-381
2,1,0.216114,GO 8,396,426,2,-382
3,1,0.216137,GO 8,396,426,5,-383
3,1,0.21616,GO 8,396,426,8,-384
3,1,0.216189,GO 8,396,426,11,-385
3,1,0.216213,GO 8,396,426,14,-386
2,1,0.21623,GO 8,396,426,16,-387
3,1,0.216253,GO 8,396,426,19,-388
3,1,0.216288,GO 8,396,426,22,-389
3,1,0.216317,GO 8,396,426,25,-390
3,1,0.216335,GO 8,396,426,28,-391
2,1,0.216369,GO 8,396,426,30,-392
3,1,0.21641,GO 8,396,426,33,-393
3,1,0.216433,GO 8,396,426,36,-394
3,1,0.216462,GO 8,396,426,39,-395
2,1,0.216485,GO 8,396,426,41,-396
3,1,0.21652,GO 8,396,426,44,-397
3,1,0.216538,GO 8,396,426,47,-398
3,1,0.216561,GO 8,396,426,50,-399
3,1,0.216584,GO 8,396,426,53,-400
3,1,0.216613,GO 8,396,426,56,-401
2,1,0.216631,GO 8,396,426,58,-402
3,1,0.216677,GO 8,396,426,61,-403
3,1,0.216689,GO 8,396,426,64,-404
3,1,0.216712,GO 8,396,426,67,-405
3,1,0.216735,GO 8,396,426,70,-406
2,1,0.216761,GO 8,396,426,72,-407
3,1,0.216822,GO 8,396,426,75,-408
3,2,0.216834,GO 8,396,426,78,-410
3,2,0.216863,GO 8,396,426,81,-412
2,2,0.21688,GO 8,396,426,83,-414
3,2,0.21692,GO 8,396,426,86,-416
3,2,0.216927,GO 8,396,426,89,-418
3,2,0.216967,GO 8,396,426,92,-420
3,2,0.216973,GO 8,396,426,95,-422
3,1,0.216996,GO 8,396,426,98,-423
2,2,0.21702,GO 8,396,426,100,-425
3,2,0.217054,GO 8,396,426,103,-427
3,2,0.217072,GO 8,396,426,106,-429
3,2,0.217095,GO 8,396,426,109,-431
3,2,0.21713,GO 8,396,426,112,-433
2,2,0.217153,GO 8,396,426,114,-435
3,2,0.217182,GO 8,396,426,117,-437
3,1,0.217205,GO 8,396,426,120,-438
3,2,0.217223,GO 8,396,426,123,-440
3,2,0.21724,GO 8,396,426,126,-442
2,2,0.217252,GO 8,396,426,128,-444
3,2,0.217275,GO 8,396,426,131,-446
3,2,0.21731,GO 8,396,426,134,-448
3,2,0.217339,GO 8,396,426,137,-450
3,2,0.21735,GO 8,396,426,140,-452
3,1,0.217374,GO 8,396,426,143,-453
2,2,0.217397,GO 8,396,426,145,-455
3,2,0.217426,GO 8,396,426,148,-457
3,2,0.217449,GO 8,396,426,151,-459
3,2,0.21749,GO 8,396,426,154,-461
3,2,0.217501,GO 8,396,426,157,-463
2,2,0.217525,GO 8,396,426,159,-465
3,2,0.217554,GO 8,396,426,162,-467
3,3,0.217583,GO 8,396,426,165,-470
3,3,0.217612,GO 8,396,426,168,-473
3,3,0.217641,GO 8,396,426,171,-476
2,6,0.217675,GO 8,396,426,173,-482
6,2,0.217699,GO 8,396,426,179,-484
3,3,0.217722,GO 8,396,426,182,-487
3,3,0.217757,GO 8,396,426,185,-490
2,3,0.217786,GO 8,396,426,187,-493
3,3,0.217803,GO 8,396,426,190,-496
3,2,0.217826,GO 8,396,426,193,-498
3,3,0.217861,GO 8,396,426,196,-501
3,3,0.217873,GO 8,396,426,199,-504
3,3,0.217908,GO 8,396,426,202,-507
2,3,0.217937,GO 8,396,426,204,-510
3,2,0.217954,GO 8,396,426,207,-512
3,3,0.217977,GO 8,396,426,210,-515
3,3,0.218006,GO 8,396,426,213,-518
3,3,0.218041,GO 8,396,426,216,-521
2,3,0.218059,GO 8,396,426,218,-524
3,3,0.218088,GO 8,396,426,221,-527
3,2,0.218105,GO 8,396,426,224,-529
3,3,0.218128,GO 8,396,426,227,-532
3,3,0.218157,GO 8,396,426,230,-535
2,3,0.218192,GO 8,396,426,232,-538
3,3,0.21821,GO 8,396,426,235,-541
3,2,0.218244,GO 8,396,426,238,-543
3,3,0.218256,GO 8,396,426,241,-546
3,3,0.218285,GO 8,396,426,244,-549
3,3,0.218308,GO 8,396,426,247,-552
2,3,0.218337,GO 8,396,426,249,-555
3,2,0.218372,GO 8,396,426,252,-557
3,3,0.218389,GO 8,396,426,255,-560
3,3,0.218413,GO 8,396,426,258,-563
3,3,0.218436,GO 8,396,426,261,-566
2,3,0.218459,GO 8,396,426,263,-569
3,3,0.218488,GO 8,396,426,266,-572
3,2,0.218523,GO 8,396,426,269,-574
3,3,0.218535,GO 8,396,426,272,-577
3,3,0.218564,GO 8,396,426,275,-580
2,3,0.218587,GO 8,396,426,277,-583
3,3,0.21861,GO 8,396,426,280,-586
3,2,0.218645,GO 8,396,426,283,-588
3,3,0.218674,GO 8,396,426,286,-591
3,3,0.21868,GO 8,396,426,289,-594
3,3,0.218715,GO 8,396,426,292,-597
2,3,0.218732,GO 8,396,426,294,-600
3,2,0.218761,GO 8,396,426,297,-602
3,3,0.21879,GO 8,396,426,300,-605
3,3,0.218813,GO 8,396,426,303,-608
3,3,0.218831,GO 8,396,426,306,-611
2,3,0.218854,GO 8,396,426,308,-614
3,3,0.218883,GO 8,396,426,311,-617
3,2,0.218918,GO 8,396,426,314,-619
3,3,0.218935,GO 8,396,426,317,-622
3,3,0.218964,GO 8,396,426,320,-625
2,3,0.218982,GO 8,396,426,322,-628
3,3,0.219005,GO 8,396,426,325,-631
3,2,0.219034,GO 8,396,426,328,-633
3,3,0.219069,GO 8,396,426,331,-636
3,3,0.219098,GO 8,396,426,334,-639
2,3,0.219115,GO 8,396,426,336,-642
3,3,0.219133,GO 8,396,426,339,-645
3,2,0.219156,GO 8,396,426,342,-647
3,3,0.219179,GO 8,396,426,345,-650
3,3,0.21922,GO 8,396,426,348,-653
3,3,0.219254,GO 8,396,426,351,-656
2,6,0.219289,GO 8,396,426,353,-662
6,2,0.219307,GO 8,396,426,359,-664
3,3,0.21933,GO 8,396,426,362,-667
3,3,0.219359,GO 8,396,426,365,-670
2,3,0.219394,GO 8,396,426,367,-673
3,3,0.219405,GO 8,396,426,370,-676
3,2,0.219429,GO 8,396,426,373,-678
3,3,0.219463,GO 8,396,426,376,-681
3,3,0.219475,GO 8,396,426,379,-684
2,3,0.219506,GO 8,396,426,381,-687
3,3,0.219539,GO 8,396,426,384,-690
3,2,0.219556,GO 8,396,426,387,-692
3,3,0.21958,GO 8,396,426,390,-695
3,3,0.219603,GO 8,396,426,393,-698
3,3,0.219626,GO 8,396,426,396,-701
2,3,0.219661,GO 8,396,426,398,-704
3,3,0.21969,GO 8,396,426,401,-707
3,2,0.219707,GO 8,396,426,404,-709
3,3,0.21973,GO 8,396,426,407,-712
3,3,0.219754,GO 8,396,426,410,-715
2,3,0.219788,GO 8,396,426,412,-718
3,3,0.219812,GO 8,396,426,415,-721
3,2,0.219841,GO 8,396,426,418,-723
3,3,0.219876,GO 8,396,426,421,-726
3,3,0.219881,GO 8,396,426,424,-729
2,3,0.219905,GO 8,396,426,426,-732
3,3,0.219939,GO 8,396,426,429,-735
3,2,0.219963,GO 8,396,426,432,-737
3,3,0.219986,GO 8,396,426,435,-740
3,3,0.220021,GO 8,396,426,438,-743
2,3,0.220038,GO 8,396,426,440,-746
3,3,0.22005,GO 8,396,426,443,-749
3,3,0.220085,GO 8,396,426,446,-752
3,2,0.220114,GO 8,396,426,449,-754
3,2,0.220126,GO 8,396,426,452,-756
3,2,0.220172,GO 8,396,426,455,-758
2,2,0.220183,GO 8,396,426,457,-760
3,2,0.220206,GO 8,396,426,460,-762
3,2,0.220224,GO 8,396,426,463,-764
3,2,0.220259,GO 8,396,426,466,-766
3,1,0.22027,GO 8,396,426,469,-767
2,1,0.220288,GO 8,396,426,471,-768
3,1,0.220323,GO 8,396,426,474,-769
3,1,0.220346,GO 8,396,426,477,-770
3,-1,0.220473,GO 8,396,426,480,-769
3,-1,0.220497,GO 8,396,426,483,-768
3,-1,0.220532,GO 8,396,426,486,-767
2,-1,0.220572,GO 8,396,426,488,-766
3,-1,0.220595,GO 8,396,426,491,-765
3,-1,0.220624,GO 8,396,426,494,-764
3,-1,0.220659,GO 8,396,426,497,-763
3,-1,0.220949,GO 8,396,426,500,-762
2,-1,0.220979,GO 8,396,426,502,-761
3,-1,0.22099,GO 8,396,426,505,-760
3,-1,0.221266,GO 8,396,426,508,-759
3,-1,0.22128,GO 8,396,426,511,-758
2,-1,0.221304,GO 8,396,426,513,-757
3,-1,0.221333,GO 8,396,426,516,-756
3,-1,0.221367,GO 8,396,426,519,-755
3,-1,0.221379,GO 8,396,426,522,-754
3,-1,0.221402,GO 8,396,426,525,-753
3,-1,0.221437,GO 8,396,426,528,-752
2,-1,0.22146,GO 8,396,426,530,-751
3,-1,0.221484,GO 8,396,426,533,-750
3,-1,0.221513,GO 8,396,426,536,-749
3,-1,0.22153,GO 8,396,426,539,-748
2,-1,0.221553,GO 8,396,426,541,-747
2,-1,0.221588,GO 8,396,426,543,-746
1,-1,0.221623,GO 8,396,426,544,-745
1,1,0.221681,GO 8,396,426,545,-746
1,1,0.221704,GO 8,396,426,546,-747
1,2,0.221727,GO 8,396,426,547,-749
1,1,0.221762,GO 8,396,426,548,-750
1,2,0.221785,GO 8,396,426,549,-752
1,3,0.22182,GO 8,396,426,550,-755
1,3,0.221832,GO 8,396,426,551,-758
1,3,0.221861,GO 8,396,426,552,-761
1,3,0.221884,GO 8,396,426,553,-764
1,2,0.221913,GO 8,396,426,554,-766
1,2,0.221948,GO 8,396,426,555,-768
1,2,0.221971,GO 8,396,426,556,-770
1,2,0.221987,GO 8,396,426,557,-772
1,1,0.222012,GO 8,396,426,558,-773
1,1,0.222035,GO 8,396,426,559,-774
1,1,0.222064,GO 8,396,426,560,-775
1,-1,0.222163,GO 8,396,426,561,-774
1,-1,0.222186,GO 8,396,426,562,-773
1,-1,0.22225,GO 8,396,426,563,-772
1,-1,0.222279,GO 8,396,426,564,-771
1,-2,0.22229,GO 8,396,426,565,-769
-1,-2,0.222314,GO 8,396,426,564,-767
-1,-2,0.222348,GO 8,396,426,563,-765
-1,-2,0.222372,GO 8,396,426,562,-763
-1,-2,0.222401,GO 8,396,426,561,-761
-1,-2,0.222418,GO 8,396,426,560,-759
-1,-2,0.222441,GO 8,396,426,559,-757
-1,-1,0.222465,GO 8,396,426,558,-756
-1,-2,0.222499,GO 8,396,426,557,-754
-1,-2,0.222528,GO 8,396,426,556,-752
-1,-1,0.222534,GO 8,396,426,555,-751
-1,-1,0.222557,GO 8,396,426,554,-750
-1,-1,0.222604,GO 8,396,426,553,-749
-1,-1,0.222639,GO 8,396,426,552,-748
-1,-1,0.222668,GO 8,396,426,551,-747
1,-1,0.222679,GO 8,396,426,552,-746
1,-2,0.222708,GO 8,396,426,553,-744
1,-2,0.222743,GO 8,396,426,554,-742
1,-2,0.222758,GO 8,396,426,555,-740
1,-2,0.22279,GO 8,396,426,556,-738
-1,-2,0.222824,GO 8,396,426,555,-736
-1,-2,0.22283,GO 8,396,426,554,-734
-1,-1,0.222854,GO 8,396,426,553,-733
-1,-3,0.222886,GO 8,396,426,552,-730
-2,-3,0.222912,GO 8,396,426,550,-727
-2,-3,0.222941,GO 8,396,426,548,-724
-2,-3,0.222975,GO 8,396,426,546,-721
-1,-2,0.222981,GO 8,396,426,545,-719
-1,-1,0.223004,GO 8,396,426,544,-718
-1,-2,0.223039,GO 8,396,426,543,-716
-1,-2,0.223068,GO 8,396,426,542,-714
-1,-2,0.223103,GO 8,396,426,541,-712
-1,-2,0.223126,GO 8,396,426,540,-710
-1,-2,0.223138,GO 8,396,426,539,-708
-1,-2,0.223155,GO 8,396,426,538,-706
-1,-2,0.22319,GO 8,396,426,537,-704
-1,-1,0.223225,GO 8,396,426,536,-703
1,-2,0.223254,GO 8,396,426,537,-701
1,-2,0.22326,GO 8,396,426,538,-699
1,-2,0.223289,GO 8,396,426,539,-697
1,-2,0.223312,GO 8,396,426,540,-695
1,-2,0.223341,GO 8,396,426,541,-693
1,-2,0.223376,GO 8,396,426,542,-691
1,-2,0.223405,GO 8,396,426,543,-689
1,-1,0.223412,GO 8,396,426,544,-688
1,-2,0.22344,GO 8,396,426,545,-686
1,-2,0.223469,GO 8,396,426,546,-684
1,-2,0.223498,GO 8,396,426,547,-682
1,-2,0.223527,GO 8,396,426,548,-680
-1,-2,0.223544,GO 8,396,426,547,-678
-1,-2,0.22355,GO 8,396,426,546,-676
-1,-2,0.223579,GO 8,396,426,545,-674
-1,-1,0.223608,GO 8,396,426,544,-673
-1,-2,0.223641,GO 8,396,426,543,-671
-1,-1,0.223655,GO 8,396,426,542,-670
-1,-1,0.223678,GO 8,396,426,541,-669
-1,-1,0.22373,GO 8,396,426,540,-668
-1,1,0.223858,GO 8,396,426,539,-669
-1,1,0.223887,GO 8,396,426,538,-670
-1,1,0.223927,GO 8,396,426,537,-671
-1,1,0.223951,GO 8,396,426,536,-672
-1,1,0.224009,GO 8,396,426,535,-673
-1,1,0.224038,GO 8,396,426,534,-674
-1,1,0.224073,GO 8,396,426,533,-675
-1,2,0.224078,GO 8,396,426,532,-677
-1,2,0.224113,GO 8,396,426,531,-679
-1,2,0.224131,GO 8,396,426,530,-681
-1,2,0.22416,GO 8,396,426,529,-683
-1,3,0.224183,GO 8,396,426,528,-686
-1,2,0.224223,GO 8,396,426,527,-688
-1,3,0.224235,GO 8,396,426,526,-691
-2,3,0.224258,GO 8,396,426,524,-694
-1,4,0.224282,GO 8,396,426,523,-698
-3,3,0.224311,GO 8,396,426,520,-701
-3,4,0.224345,GO 8,396,426,517,-705
-3,4,0.224374,GO 8,396,426,514,-709
-3,2,0.224386,GO 8,396,426,511,-711
-2,1,0.224409,GO 8,396,426,509,-712
-2,2,0.224438,GO 8,396,426,507,-714
-1,1,0.224473,GO 8,396,426,506,-715
-1,-1,0.22553,GO 8,396,426,505,-714
-2,-1,0.225553,GO 8,396,426,503,-713
-2,-2,0.225582,GO 8,396,426,501,-711
-1,-1,0.225617,GO 8,396,426,500,-710
-1,-2,0.225628,GO 8,396,426,499,-708
-1,-3,0.225652,GO 8,396,426,498,-705
-1,-3,0.225657,GO 8,396,426,497,-702
-1,-2,0.225681,GO 8,396,426,496,-700
-1,1,0.225744,GO 8,396,426,495,-701
1,1,0.225779,GO 8,396,426,496,-702
1,2,0.225802,GO 8,396,426,497,-704
1,1,0.225814,GO 8,396,426,498,-705
2,2,0.225831,GO 8,396,426,500,-707
3,2,0.225855,GO 8,396,426,503,-709
3,3,0.22589,GO 8,396,426,506,-712
3,3,0.225919,GO 8,396,426,509,-715
3,3,0.225942,GO 8,396,426,512,-718
2,2,0.225959,GO 8,396,426,514,-720
3,4,0.225994,GO 8,396,426,517,-724
3,4,0.226023,GO 8,396,426,520,-728
3,4,0.226035,GO 8,396,426,523,-732
