deltaX,deltaY,WHEN,SYLLABLE,XofButton,YofButton,XofTrace,YofTrace
0,-1,0.010954,Yield,0,0,0,1
-1,-1,0.0110323,Yield,0,0,-1,2
-1,-1,0.0110817,Yield,0,0,-2,3
-1,-1,0.0111049,Yield,0,0,-3,4
-1,-1,0.0111514,Yield,0,0,-4,5
-1,-1,0.01161,Yield,0,0,-5,6
-1,-1,0.0116332,Yield,0,0,-6,7
-2,-1,0.011668,Yield,0,0,-8,8
-3,-1,0.0116971,Yield,0,0,-11,9
-4,1,0.0117841,Yield,0,0,-15,8
-4,1,0.011819,Yield,0,0,-19,7
-4,1,0.011848,Yield,0,0,-23,6
-3,1,0.0118596,Yield,0,0,-26,5
-4,1,0.0118828,Yield,0,0,-30,4
-4,1,0.0119118,Yield,0,0,-34,3
-4,1,0.0119525,Yield,0,0,-38,2
-3,2,0.0119873,Yield,0,0,-41,0
-7,1,0.0120221,Yield,0,0,-48,-1
-3,1,0.0120337,Yield,0,0,-51,-2
-2,1,0.0120628,Yield,0,0,-53,-3
-1,1,0.0121266,Yield,0,0,-54,-4
-2,1,0.0126781,Yield,0,0,-56,-5
-3,1,0.0127071,Yield,0,0,-59,-6
-3,1,0.0127129,Yield,0,0,-62,-7
-4,1,0.0127303,Yield,0,0,-66,-8
-4,1,0.0127536,Yield,0,0,-70,-9
-3,1,0.0127826,Yield,0,0,-73,-10
-4,1,0.0128232,Yield,0,0,-77,-11
-4,1,0.0128348,Yield,0,0,-81,-12
-4,1,0.0128406,Yield,0,0,-85,-13
-3,-1,0.0129741,Yield,0,0,-88,-12
-2,-1,0.0129974,Yield,0,0,-90,-11
-3,-1,0.0130264,Yield,0,0,-93,-10
-3,-1,0.0130612,Yield,0,0,-96,-9
-1,1,0.0251704,FRAY 1,87,416,-97,-10
-1,2,0.0251937,FRAY 1,87,416,-98,-12
-1,2,0.0252285,FRAY 1,87,416,-99,-14
-1,2,0.0252517,FRAY 1,87,416,-100,-16
-1,2,0.0252807,FRAY 1,87,416,-101,-18
-2,3,0.0252923,FRAY 1,87,416,-103,-21
-2,3,0.0253156,FRAY 1,87,416,-105,-24
-2,4,0.0253388,FRAY 1,87,416,-107,-28
-3,3,0.0253678,FRAY 1,87,416,-110,-31
-3,4,0.0254026,FRAY 1,87,416,-113,-35
-3,4,0.0254317,FRAY 1,87,416,-116,-39
-1,4,0.0254433,FRAY 1,87,416,-117,-43
-2,3,0.0254665,FRAY 1,87,416,-119,-46
-1,4,0.0254955,FRAY 1,87,416,-120,-50
-1,8,0.0255361,FRAY 1,87,416,-121,-58
3,3,0.025571,FRAY 1,87,416,-118,-61
1,4,0.0256,FRAY 1,87,416,-117,-65
2,4,0.0256116,FRAY 1,87,416,-115,-69
3,4,0.0256406,FRAY 1,87,416,-112,-73
3,3,0.0256755,FRAY 1,87,416,-109,-76
3,4,0.0256871,FRAY 1,87,416,-106,-80
3,4,0.0257161,FRAY 1,87,416,-103,-84
2,4,0.0257393,FRAY 1,87,416,-101,-88
3,3,0.0257625,FRAY 1,87,416,-98,-91
3,4,0.0257933,FRAY 1,87,416,-95,-95
3,4,0.0258264,FRAY 1,87,416,-92,-99
3,4,0.025838,FRAY 1,87,416,-89,-103
2,3,0.0258612,FRAY 1,87,416,-87,-106
1,4,0.0259009,FRAY 1,87,416,-86,-110
1,4,0.0259251,FRAY 1,87,416,-85,-114
1,4,0.0259483,FRAY 1,87,416,-84,-118
1,3,0.0259773,FRAY 1,87,416,-83,-121
-1,4,0.0259889,FRAY 1,87,416,-84,-125
-2,4,0.0260122,FRAY 1,87,416,-86,-129
-1,4,0.0260412,FRAY 1,87,416,-87,-133
-3,3,0.026076,FRAY 1,87,416,-90,-136
-3,4,0.0260934,FRAY 1,87,416,-93,-140
-3,8,0.0261341,FRAY 1,87,416,-96,-148
-5,3,0.0261573,FRAY 1,87,416,-101,-151
-3,4,0.0261863,FRAY 1,87,416,-104,-155
-3,4,0.0262211,FRAY 1,87,416,-107,-159
-3,3,0.0262502,FRAY 1,87,416,-110,-162
-2,3,0.0262618,FRAY 1,87,416,-112,-165
-2,1,0.026285,FRAY 1,87,416,-114,-166
-1,2,0.0263024,FRAY 1,87,416,-115,-168
-1,1,0.0263314,FRAY 1,87,416,-116,-169
-1,1,0.0263663,FRAY 1,87,416,-117,-170
-1,1,0.0263895,FRAY 1,87,416,-118,-171
-1,1,0.0266101,FRAY 1,87,416,-119,-172
2,1,0.026941,FRAY 1,87,416,-117,-173
3,1,0.0269584,FRAY 1,87,416,-114,-174
3,1,0.0269816,FRAY 1,87,416,-111,-175
3,2,0.0270048,FRAY 1,87,416,-108,-177
2,1,0.0270338,FRAY 1,87,416,-106,-178
2,2,0.0270687,FRAY 1,87,416,-104,-180
2,3,0.0270919,FRAY 1,87,416,-102,-183
2,3,0.0271035,FRAY 1,87,416,-100,-186
-2,3,0.0271093,FRAY 1,87,416,-102,-189
-3,3,0.0271383,FRAY 1,87,416,-105,-192
-3,4,0.027179,FRAY 1,87,416,-108,-196
-4,4,0.027208,FRAY 1,87,416,-112,-200
-3,4,0.0272312,FRAY 1,87,416,-115,-204
-4,3,0.0272428,FRAY 1,87,416,-119,-207
-3,4,0.027266,FRAY 1,87,416,-122,-211
-3,4,0.0272893,FRAY 1,87,416,-125,-215
-2,4,0.0273183,FRAY 1,87,416,-127,-219
-2,3,0.0273531,FRAY 1,87,416,-129,-222
1,4,0.0273705,FRAY 1,87,416,-128,-226
2,4,0.0273937,FRAY 1,87,416,-126,-230
2,4,0.0274228,FRAY 1,87,416,-124,-234
2,3,0.0274576,FRAY 1,87,416,-122,-237
3,4,0.0274808,FRAY 1,87,416,-119,-241
3,4,0.0275156,FRAY 1,87,416,-116,-245
2,4,0.0275215,FRAY 1,87,416,-114,-249
3,3,0.0275447,FRAY 1,87,416,-111,-252
3,4,0.0275737,FRAY 1,87,416,-108,-256
3,4,0.0276085,FRAY 1,87,416,-105,-260
3,4,0.0276259,FRAY 1,87,416,-102,-264
2,3,0.0276376,FRAY 1,87,416,-100,-267
3,4,0.0276724,FRAY 1,87,416,-97,-271
3,4,0.0276956,FRAY 1,87,416,-94,-275
3,4,0.0277188,FRAY 1,87,416,-91,-279
3,3,0.0277537,FRAY 1,87,416,-88,-282
2,4,0.0277653,FRAY 1,87,416,-86,-286
3,4,0.0277943,FRAY 1,87,416,-83,-290
3,4,0.0278233,FRAY 1,87,416,-80,-294
3,3,0.0278465,FRAY 1,87,416,-77,-297
3,4,0.0278698,FRAY 1,87,416,-74,-301
2,4,0.0279046,FRAY 1,87,416,-72,-305
3,4,0.0279336,FRAY 1,87,416,-69,-309
3,3,0.0279452,FRAY 1,87,416,-66,-312
3,4,0.0279742,FRAY 1,87,416,-63,-316
3,4,0.0279975,FRAY 1,87,416,-60,-320
3,4,0.0280207,FRAY 1,87,416,-57,-324
2,3,0.0280555,FRAY 1,87,416,-55,-327
3,8,0.0280961,FRAY 1,87,416,-52,-335
6,4,0.0281194,FRAY 1,87,416,-46,-339
3,3,0.0281527,FRAY 1,87,416,-43,-342
2,4,0.0281774,FRAY 1,87,416,-41,-346
3,4,0.0282064,FRAY 1,87,416,-38,-350
3,4,0.0282398,FRAY 1,87,416,-35,-354
3,3,0.0282471,FRAY 1,87,416,-32,-357
3,4,0.0282761,FRAY 1,87,416,-29,-361
2,4,0.0283051,FRAY 1,87,416,-27,-365
3,4,0.0283283,FRAY 1,87,416,-24,-369
3,3,0.0283574,FRAY 1,87,416,-21,-372
3,4,0.0283864,FRAY 1,87,416,-18,-376
3,4,0.0283922,FRAY 1,87,416,-15,-380
3,4,0.0284154,FRAY 1,87,416,-12,-384
2,3,0.0284386,FRAY 1,87,416,-10,-387
3,4,0.0284735,FRAY 1,87,416,-7,-391
3,4,0.0284967,FRAY 1,87,416,-4,-395
3,4,0.0285257,FRAY 1,87,416,-1,-399
3,3,0.0285431,FRAY 1,87,416,2,-402
2,4,0.0285663,FRAY 1,87,416,4,-406
3,4,0.0286012,FRAY 1,87,416,7,-410
3,4,0.0286244,FRAY 1,87,416,10,-414
3,3,0.0286476,FRAY 1,87,416,13,-417
3,4,0.0286708,FRAY 1,87,416,16,-421
2,4,0.0287057,FRAY 1,87,416,18,-425
3,4,0.0287115,FRAY 1,87,416,21,-429
3,3,0.0287347,FRAY 1,87,416,24,-432
3,4,0.0287579,FRAY 1,87,416,27,-436
3,4,0.0287927,FRAY 1,87,416,30,-440
2,4,0.0288218,FRAY 1,87,416,32,-444
3,3,0.0288566,FRAY 1,87,416,35,-447
3,4,0.0288624,FRAY 1,87,416,38,-451
3,4,0.028874,FRAY 1,87,416,41,-455
3,4,0.0288972,FRAY 1,87,416,44,-459
3,3,0.0289263,FRAY 1,87,416,47,-462
2,4,0.0289611,FRAY 1,87,416,49,-466
3,4,0.0289901,FRAY 1,87,416,52,-470
3,3,0.0290017,FRAY 1,87,416,55,-473
2,3,0.0290249,FRAY 1,87,416,57,-476
2,2,0.029054,FRAY 1,87,416,59,-478
2,3,0.0290888,FRAY 1,87,416,61,-481
1,4,0.0291178,FRAY 1,87,416,62,-485
2,4,0.029141,FRAY 1,87,416,64,-489
2,3,0.0291527,FRAY 1,87,416,66,-492
2,4,0.0291759,FRAY 1,87,416,68,-496
3,4,0.0292049,FRAY 1,87,416,71,-500
3,4,0.0292397,FRAY 1,87,416,74,-504
3,3,0.0292629,FRAY 1,87,416,77,-507
2,4,0.0292978,FRAY 1,87,416,79,-511
3,4,0.0293036,FRAY 1,87,416,82,-515
3,4,0.0293268,FRAY 1,87,416,85,-519
3,3,0.0293616,FRAY 1,87,416,88,-522
3,4,0.0293907,FRAY 1,87,416,91,-526
2,4,0.0294139,FRAY 1,87,416,93,-530
3,1,0.0294487,FRAY 1,87,416,96,-531
3,4,0.0294545,FRAY 1,87,416,99,-535
3,4,0.0294777,FRAY 1,87,416,102,-539
2,3,0.0295126,FRAY 1,87,416,104,-542
3,4,0.0295416,FRAY 1,87,416,107,-546
3,4,0.0295764,FRAY 1,87,416,110,-550
3,4,0.029588,FRAY 1,87,416,113,-554
3,3,0.0296054,FRAY 1,87,416,116,-557
2,4,0.0296287,FRAY 1,87,416,118,-561
3,4,0.0296635,FRAY 1,87,416,121,-565
3,4,0.0296867,FRAY 1,87,416,124,-569
3,3,0.0297273,FRAY 1,87,416,127,-572
3,4,0.0297332,FRAY 1,87,416,130,-576
3,4,0.0297622,FRAY 1,87,416,133,-580
2,4,0.0297796,FRAY 1,87,416,135,-584
3,3,0.0298086,FRAY 1,87,416,138,-587
3,4,0.0298376,FRAY 1,87,416,141,-591
3,4,0.0298725,FRAY 1,87,416,144,-595
3,4,0.0298783,FRAY 1,87,416,147,-599
2,2,0.0299073,FRAY 1,87,416,149,-601
3,2,0.0299421,FRAY 1,87,416,152,-603
3,1,0.0299595,FRAY 1,87,416,155,-604
1,-2,0.0300292,FRAY 1,87,416,156,-602
-1,-3,0.030064,FRAY 1,87,416,155,-599
-2,-3,0.0300873,FRAY 1,87,416,153,-596
-3,-3,0.0301105,FRAY 1,87,416,150,-593
-3,-2,0.0301395,FRAY 1,87,416,147,-591
-3,-3,0.0301743,FRAY 1,87,416,144,-588
-4,-3,0.0301801,FRAY 1,87,416,140,-585
-4,-3,0.0301976,FRAY 1,87,416,136,-582
-4,-3,0.0302266,FRAY 1,87,416,132,-579
-3,-2,0.0302498,FRAY 1,87,416,129,-577
-3,-1,0.030273,FRAY 1,87,416,126,-576
-3,-2,0.0303078,FRAY 1,87,416,123,-574
-2,-1,0.0303137,FRAY 1,87,416,121,-573
-2,-1,0.0303369,FRAY 1,87,416,119,-572
-1,-1,0.0303717,FRAY 1,87,416,118,-571
-1,-1,0.0304007,FRAY 1,87,416,117,-570
-1,-1,0.0304239,FRAY 1,87,416,116,-569
-1,-1,0.0304646,FRAY 1,87,416,115,-568
-1,-1,0.0304878,FRAY 1,87,416,114,-567
-1,-1,0.0305226,FRAY 1,87,416,113,-566
-1,-1,0.0305517,FRAY 1,87,416,112,-565
-1,-1,0.0312541,FRAY 1,87,416,111,-564
-2,-1,0.0312889,FRAY 1,87,416,109,-563
-3,-1,0.0313237,FRAY 1,87,416,106,-562
-3,-1,0.0313702,FRAY 1,87,416,103,-561
-3,-2,0.0313818,FRAY 1,87,416,100,-559
-2,-2,0.031405,FRAY 1,87,416,98,-557
-3,-2,0.0314282,FRAY 1,87,416,95,-555
-3,-2,0.0314514,FRAY 1,87,416,92,-553
-3,-2,0.0314688,FRAY 1,87,416,89,-551
-3,-2,0.0315153,FRAY 1,87,416,86,-549
-2,-1,0.0315211,FRAY 1,87,416,84,-548
-3,-2,0.0315443,FRAY 1,87,416,81,-546
-3,-1,0.0315791,FRAY 1,87,416,78,-545
-3,-1,0.0316082,FRAY 1,87,416,75,-544
-3,-1,0.0316198,FRAY 1,87,416,72,-543
-2,-1,0.0316546,FRAY 1,87,416,70,-542
-3,-1,0.0319507,FRAY 1,87,416,67,-541
-3,-1,0.0319855,FRAY 1,87,416,64,-540
-3,-1,0.0319971,FRAY 1,87,416,61,-539
-4,1,0.0321248,FRAY 1,87,416,57,-540
-4,1,0.0321538,FRAY 1,87,416,53,-541
-4,1,0.0321712,FRAY 1,87,416,49,-542
-3,1,0.0321887,FRAY 1,87,416,46,-543
-4,1,0.0322119,FRAY 1,87,416,42,-544
-4,1,0.0322467,FRAY 1,87,416,38,-545
-3,1,0.0322757,FRAY 1,87,416,35,-546
-3,1,0.0323051,FRAY 1,87,416,32,-547
-2,1,0.0323164,FRAY 1,87,416,30,-548
-3,1,0.0323686,FRAY 1,87,416,27,-549
-3,1,0.0324034,FRAY 1,87,416,24,-550
-3,1,0.0324093,FRAY 1,87,416,21,-551
-2,1,0.0324615,FRAY 1,87,416,19,-552
-3,1,0.0325544,FRAY 1,87,416,16,-553
-4,1,0.032566,FRAY 1,87,416,12,-554
-4,1,0.0326124,FRAY 1,87,416,8,-555
-4,1,0.032624,FRAY 1,87,416,4,-556
-3,1,0.0326415,FRAY 1,87,416,1,-557
-4,1,0.0326763,FRAY 1,87,416,-3,-558
-3,2,0.0327053,FRAY 1,87,416,-6,-560
-2,2,0.0327169,FRAY 1,87,416,-8,-562
-1,1,0.0327692,FRAY 1,87,416,-9,-563
-1,1,0.0327982,FRAY 1,87,416,-10,-564
2,-1,0.0343713,FRAY 1,87,416,-8,-563
1,-1,0.0343946,FRAY 1,87,416,-7,-562
2,-1,0.0344178,FRAY 1,87,416,-5,-561
2,-1,0.0344584,FRAY 1,87,416,-3,-560
2,-1,0.0344932,FRAY 1,87,416,-1,-559
5,-1,0.0409484,SAN- 2,387,311,4,-558
3,-1,0.0409716,SAN- 2,387,311,7,-557
3,-1,0.0410355,SAN- 2,387,311,10,-556
2,-1,0.0410471,SAN- 2,387,311,12,-555
3,-1,0.0410703,SAN- 2,387,311,15,-554
3,-1,0.0410993,SAN- 2,387,311,18,-553
3,-2,0.0411341,SAN- 2,387,311,21,-551
3,-2,0.04114,SAN- 2,387,311,24,-549
3,-2,0.0411748,SAN- 2,387,311,27,-547
2,-2,0.0412038,SAN- 2,387,311,29,-545
3,-2,0.0412212,SAN- 2,387,311,32,-543
3,-1,0.0412502,SAN- 2,387,311,35,-542
3,-2,0.0412851,SAN- 2,387,311,38,-540
3,-2,0.0412909,SAN- 2,387,311,41,-538
2,-2,0.0413143,SAN- 2,387,311,43,-536
3,-2,0.0413489,SAN- 2,387,311,46,-534
3,-1,0.0413722,SAN- 2,387,311,49,-533
3,-1,0.041407,SAN- 2,387,311,52,-532
3,-1,0.0414186,SAN- 2,387,311,55,-531
2,-1,0.041436,SAN- 2,387,311,57,-530
3,-1,0.0414592,SAN- 2,387,311,60,-529
3,-1,0.0414941,SAN- 2,387,311,63,-528
3,-1,0.0415231,SAN- 2,387,311,66,-527
2,-1,0.0415637,SAN- 2,387,311,68,-526
3,-1,0.0415869,SAN- 2,387,311,71,-525
3,-1,0.0416102,SAN- 2,387,311,74,-524
3,-1,0.041645,SAN- 2,387,311,77,-523
3,-2,0.0416798,SAN- 2,387,311,80,-521
3,-2,0.0417088,SAN- 2,387,311,83,-519
2,-2,0.0417321,SAN- 2,387,311,85,-517
3,-2,0.0417437,SAN- 2,387,311,88,-515
3,-2,0.0417669,SAN- 2,387,311,91,-513
3,-1,0.0417959,SAN- 2,387,311,94,-512
3,-2,0.0418249,SAN- 2,387,311,97,-510
2,-2,0.041854,SAN- 2,387,311,99,-508
3,-6,0.041883,SAN- 2,387,311,102,-502
6,-3,0.0419062,SAN- 2,387,311,108,-499
3,-2,0.041941,SAN- 2,387,311,111,-497
2,-3,0.0419643,SAN- 2,387,311,113,-494
3,-3,0.0419933,SAN- 2,387,311,116,-491
3,-6,0.0420281,SAN- 2,387,311,119,-485
6,-3,0.0420629,SAN- 2,387,311,125,-482
3,-2,0.0420862,SAN- 2,387,311,128,-480
2,-3,0.0421094,SAN- 2,387,311,130,-477
3,-3,0.0421384,SAN- 2,387,311,133,-474
3,-3,0.0421558,SAN- 2,387,311,136,-471
3,-3,0.042179,SAN- 2,387,311,139,-468
3,-2,0.0422139,SAN- 2,387,311,142,-466
2,-3,0.0422255,SAN- 2,387,311,144,-463
3,-3,0.0422603,SAN- 2,387,311,147,-460
3,-3,0.0422893,SAN- 2,387,311,150,-457
3,-3,0.0423242,SAN- 2,387,311,153,-454
3,-2,0.0423358,SAN- 2,387,311,156,-452
2,-3,0.0423532,SAN- 2,387,311,158,-449
3,-3,0.0423938,SAN- 2,387,311,161,-446
3,-3,0.0424112,SAN- 2,387,311,164,-443
3,-3,0.0424461,SAN- 2,387,311,167,-440
3,-3,0.0424751,SAN- 2,387,311,170,-437
3,-2,0.0424867,SAN- 2,387,311,173,-435
2,-3,0.0425099,SAN- 2,387,311,175,-432
3,-3,0.042539,SAN- 2,387,311,178,-429
3,-2,0.0425622,SAN- 2,387,311,181,-427
3,-2,0.042597,SAN- 2,387,311,184,-425
3,-2,0.042626,SAN- 2,387,311,187,-423
2,-1,0.0426376,SAN- 2,387,311,189,-422
3,-2,0.0426609,SAN- 2,387,311,192,-420
3,-2,0.0426957,SAN- 2,387,311,195,-418
3,-2,0.0427247,SAN- 2,387,311,198,-416
3,-2,0.0427363,SAN- 2,387,311,201,-414
2,-2,0.0427595,SAN- 2,387,311,203,-412
3,-2,0.0427886,SAN- 2,387,311,206,-410
3,-2,0.0428118,SAN- 2,387,311,209,-408
3,-1,0.0428466,SAN- 2,387,311,212,-407
3,-2,0.0428756,SAN- 2,387,311,215,-405
2,-2,0.0428873,SAN- 2,387,311,217,-403
3,-2,0.0429105,SAN- 2,387,311,220,-401
3,-2,0.0429279,SAN- 2,387,311,223,-399
3,-2,0.0429511,SAN- 2,387,311,226,-397
3,-2,0.0429801,SAN- 2,387,311,229,-395
3,-2,0.043015,SAN- 2,387,311,232,-393
2,-1,0.0430266,SAN- 2,387,311,234,-392
3,-2,0.0430498,SAN- 2,387,311,237,-390
3,-2,0.0430788,SAN- 2,387,311,240,-388
3,-2,0.0431065,SAN- 2,387,311,243,-386
3,-2,0.0431369,SAN- 2,387,311,246,-384
2,-2,0.0431717,SAN- 2,387,311,248,-382
3,-2,0.0431775,SAN- 2,387,311,251,-380
3,-2,0.0432007,SAN- 2,387,311,254,-378
3,-1,0.0432356,SAN- 2,387,311,257,-377
3,-2,0.0432704,SAN- 2,387,311,260,-375
2,-2,0.0433052,SAN- 2,387,311,262,-373
3,-4,0.0433284,SAN- 2,387,311,265,-369
6,-2,0.0433517,SAN- 2,387,311,271,-367
3,-2,0.0433749,SAN- 2,387,311,274,-365
3,-2,0.0434213,SAN- 2,387,311,277,-363
2,-1,0.0434329,SAN- 2,387,311,279,-362
3,-2,0.0434678,SAN- 2,387,311,282,-360
3,-2,0.0434794,SAN- 2,387,311,285,-358
3,-2,0.0435026,SAN- 2,387,311,288,-356
3,-1,0.0435316,SAN- 2,387,311,291,-355
2,-1,0.0435606,SAN- 2,387,311,293,-354
3,-1,0.0435722,SAN- 2,387,311,296,-353
3,-1,0.0436071,SAN- 2,387,311,299,-352
3,-1,0.0436187,SAN- 2,387,311,302,-351
3,-1,0.0436419,SAN- 2,387,311,305,-350
2,-1,0.0436593,SAN- 2,387,311,307,-349
3,1,0.0441818,SAN- 2,387,311,310,-350
2,1,0.0442166,SAN- 2,387,311,312,-351
3,1,0.0442224,SAN- 2,387,311,315,-352
3,1,0.0442456,SAN- 2,387,311,318,-353
3,1,0.044263,SAN- 2,387,311,321,-354
3,1,0.0442921,SAN- 2,387,311,324,-355
3,1,0.0443211,SAN- 2,387,311,327,-356
2,1,0.0443327,SAN- 2,387,311,329,-357
3,1,0.0443675,SAN- 2,387,311,332,-358
3,1,0.0443907,SAN- 2,387,311,335,-359
3,1,0.0444198,SAN- 2,387,311,338,-360
3,1,0.0444482,SAN- 2,387,311,341,-361
2,1,0.044472,SAN- 2,387,311,343,-362
3,1,0.0445185,SAN- 2,387,311,346,-363
3,1,0.0445417,SAN- 2,387,311,349,-364
3,1,0.0445765,SAN- 2,387,311,352,-365
2,1,0.0446055,SAN- 2,387,311,354,-366
3,1,0.0446288,SAN- 2,387,311,357,-367
3,1,0.0446404,SAN- 2,387,311,360,-368
3,1,0.0446636,SAN- 2,387,311,363,-369
3,1,0.0446926,SAN- 2,387,311,366,-370
3,1,0.0447158,SAN- 2,387,311,369,-371
2,1,0.0447507,SAN- 2,387,311,371,-372
3,2,0.0447913,SAN- 2,387,311,374,-374
4,1,0.0448203,SAN- 2,387,311,378,-375
3,1,0.0448721,SAN- 2,387,311,381,-376
2,1,0.0449016,SAN- 2,387,311,383,-377
3,1,0.044919,SAN- 2,387,311,386,-378
3,1,0.0449422,SAN- 2,387,311,389,-379
3,1,0.0449712,SAN- 2,387,311,392,-380
3,1,0.0450061,SAN- 2,387,311,395,-381
2,1,0.0450235,SAN- 2,387,311,397,-382
3,1,0.0450525,SAN- 2,387,311,400,-383
3,1,0.0450873,SAN- 2,387,311,403,-384
3,2,0.0450932,SAN- 2,387,311,406,-386
3,2,0.045128,SAN- 2,387,311,409,-388
3,2,0.0451512,SAN- 2,387,311,412,-390
2,1,0.0451744,SAN- 2,387,311,414,-391
3,2,0.0451976,SAN- 2,387,311,417,-393
3,2,0.0452267,SAN- 2,387,311,420,-395
3,2,0.0452383,SAN- 2,387,311,423,-397
3,2,0.0452615,SAN- 2,387,311,426,-399
2,2,0.0452905,SAN- 2,387,311,428,-401
3,2,0.0453137,SAN- 2,387,311,431,-403
3,2,0.0453486,SAN- 2,387,311,434,-405
3,1,0.0453776,SAN- 2,387,311,437,-406
3,2,0.0453892,SAN- 2,387,311,440,-408
2,2,0.0454124,SAN- 2,387,311,442,-410
3,2,0.0454415,SAN- 2,387,311,445,-412
3,2,0.0454763,SAN- 2,387,311,448,-414
3,2,0.0454995,SAN- 2,387,311,451,-416
3,2,0.0455343,SAN- 2,387,311,454,-418
2,2,0.0455401,SAN- 2,387,311,456,-420
3,3,0.0455634,SAN- 2,387,311,459,-423
3,3,0.0455924,SAN- 2,387,311,462,-426
3,3,0.0456272,SAN- 2,387,311,465,-429
3,3,0.0456562,SAN- 2,387,311,468,-432
3,3,0.0456678,SAN- 2,387,311,471,-435
2,2,0.0456911,SAN- 2,387,311,473,-437
3,3,0.0457143,SAN- 2,387,311,476,-440
3,3,0.0457491,SAN- 2,387,311,479,-443
3,2,0.0457781,SAN- 2,387,311,482,-445
3,2,0.0457839,SAN- 2,387,311,485,-447
1,2,0.0458188,SAN- 2,387,311,486,-449
2,1,0.045842,SAN- 2,387,311,488,-450
2,1,0.0458652,SAN- 2,387,311,490,-451
2,1,0.0459,SAN- 2,387,311,492,-452
2,1,0.0459233,SAN- 2,387,311,494,-453
1,1,0.0459407,SAN- 2,387,311,495,-454
1,-1,0.0463935,SAN- 2,387,311,496,-453
-1,-2,0.0464225,SAN- 2,387,311,495,-451
-1,-2,0.0464399,SAN- 2,387,311,494,-449
-1,-2,0.0464747,SAN- 2,387,311,493,-447
-1,-2,0.046498,SAN- 2,387,311,492,-445
-1,-3,0.0465327,SAN- 2,387,311,491,-442
-1,-3,0.0465618,SAN- 2,387,311,490,-439
-1,-3,0.0465719,SAN- 2,387,311,489,-436
-1,-2,0.0465949,SAN- 2,387,311,488,-434
-1,-2,0.0466257,SAN- 2,387,311,487,-432
-1,-1,0.0466605,SAN- 2,387,311,486,-431
-1,-2,0.0466895,SAN- 2,387,311,485,-429
-1,-2,0.0467069,SAN- 2,387,311,484,-427
-1,-2,0.0467244,SAN- 2,387,311,483,-425
-1,-1,0.0467476,SAN- 2,387,311,482,-424
-1,-1,0.0467766,SAN- 2,387,311,481,-423
-1,-1,0.0468114,SAN- 2,387,311,480,-422
-1,-1,0.0468579,SAN- 2,387,311,479,-421
-1,-1,0.0468753,SAN- 2,387,311,478,-420
-2,-1,0.0468985,SAN- 2,387,311,476,-419
-2,-1,0.0469275,SAN- 2,387,311,474,-418
-2,-2,0.0469549,SAN- 2,387,311,472,-416
-2,-2,0.0469856,SAN- 2,387,311,470,-414
-1,-3,0.0470146,SAN- 2,387,311,469,-411
-4,-2,0.0470378,SAN- 2,387,311,465,-409
-2,-2,0.047061,SAN- 2,387,311,463,-407
-2,-2,0.0470959,SAN- 2,387,311,461,-405
-1,-2,0.0471133,SAN- 2,387,311,460,-403
-1,-4,0.0471655,SAN- 2,387,311,459,-399
-1,-1,0.0471888,SAN- 2,387,311,458,-398
-1,-1,0.0472526,SAN- 2,387,311,457,-397
-1,-1,0.0561575,-TIA- 3,329,115,456,-396
-2,-2,0.0561923,-TIA- 3,329,115,454,-394
-3,-5,0.0562503,-TIA- 3,329,115,451,-389
-6,-3,0.0562678,-TIA- 3,329,115,445,-386
-3,-3,0.0562852,-TIA- 3,329,115,442,-383
-4,-2,0.05632,-TIA- 3,329,115,438,-381
-4,-3,0.056349,-TIA- 3,329,115,434,-378
-4,-3,0.0563839,-TIA- 3,329,115,430,-375
-3,-6,0.0564187,-TIA- 3,329,115,427,-369
-8,-2,0.0564477,-TIA- 3,329,115,419,-367
-3,-3,0.0564806,-TIA- 3,329,115,416,-364
-4,-3,0.0565058,-TIA- 3,329,115,412,-361
-4,-3,0.0565348,-TIA- 3,329,115,408,-358
-4,-3,0.0565696,-TIA- 3,329,115,404,-355
-3,-3,0.0565812,-TIA- 3,329,115,401,-352
-4,-2,0.0565928,-TIA- 3,329,115,397,-350
-4,-3,0.0566161,-TIA- 3,329,115,393,-347
-4,-3,0.0566455,-TIA- 3,329,115,389,-344
-3,-3,0.0566741,-TIA- 3,329,115,386,-341
-4,-3,0.0567031,-TIA- 3,329,115,382,-338
-4,-2,0.056738,-TIA- 3,329,115,378,-336
-3,-3,0.0567438,-TIA- 3,329,115,375,-333
-3,-3,0.056767,-TIA- 3,329,115,372,-330
-2,-3,0.0568018,-TIA- 3,329,115,370,-327
-3,-3,0.0568308,-TIA- 3,329,115,367,-324
-3,-2,0.0568424,-TIA- 3,329,115,364,-322
-3,-3,0.0568889,-TIA- 3,329,115,361,-319
-3,-3,0.0568947,-TIA- 3,329,115,358,-316
-2,-3,0.0569179,-TIA- 3,329,115,356,-313
-3,-3,0.0569411,-TIA- 3,329,115,353,-310
-3,-3,0.056976,-TIA- 3,329,115,350,-307
-4,-2,0.057005,-TIA- 3,329,115,346,-305
-4,-3,0.0570224,-TIA- 3,329,115,342,-302
-3,-3,0.0570398,-TIA- 3,329,115,339,-299
-4,-3,0.057063,-TIA- 3,329,115,335,-296
-4,-3,0.0570863,-TIA- 3,329,115,331,-293
-4,-2,0.0571203,-TIA- 3,329,115,327,-291
-3,-2,0.0571356,-TIA- 3,329,115,324,-289
-4,-3,0.0571907,-TIA- 3,329,115,320,-286
-1,1,0.0572778,-TIA- 3,329,115,319,-287
-1,2,0.0573127,-TIA- 3,329,115,318,-289
2,1,0.0573417,-TIA- 3,329,115,320,-290
2,1,0.0573765,-TIA- 3,329,115,322,-291
3,1,0.0573881,-TIA- 3,329,115,325,-292
3,-1,0.0574404,-TIA- 3,329,115,328,-291
2,-1,0.0574636,-TIA- 3,329,115,330,-290
3,-2,0.0574926,-TIA- 3,329,115,333,-288
2,-2,0.0575158,-TIA- 3,329,115,335,-286
1,-1,0.057539,-TIA- 3,329,115,336,-285
1,-3,0.0575739,-TIA- 3,329,115,337,-282
1,-3,0.0575913,-TIA- 3,329,115,338,-279
-1,-3,0.0576145,-TIA- 3,329,115,337,-276
-2,-3,0.0576377,-TIA- 3,329,115,335,-273
-2,-3,0.0576726,-TIA- 3,329,115,333,-270
-2,-2,0.0577074,-TIA- 3,329,115,331,-268
-1,-3,0.057719,-TIA- 3,329,115,330,-265
-2,-3,0.0577364,-TIA- 3,329,115,328,-262
-2,-3,0.0577596,-TIA- 3,329,115,326,-259
-2,-3,0.0577829,-TIA- 3,329,115,324,-256
-2,-2,0.057813,-TIA- 3,329,115,322,-254
-2,-3,0.0578467,-TIA- 3,329,115,320,-251
-2,-6,0.0578873,-TIA- 3,329,115,318,-245
-3,-3,0.0579106,-TIA- 3,329,115,315,-242
-1,-2,0.0579338,-TIA- 3,329,115,314,-240
-1,-3,0.0579659,-TIA- 3,329,115,313,-237
-1,-3,0.0579976,-TIA- 3,329,115,312,-234
1,-3,0.0580325,-TIA- 3,329,115,313,-231
2,-3,0.0580441,-TIA- 3,329,115,315,-228
1,-3,0.0580615,-TIA- 3,329,115,316,-225
2,-2,0.0580789,-TIA- 3,329,115,318,-223
3,-3,0.0581021,-TIA- 3,329,115,321,-220
3,-3,0.058137,-TIA- 3,329,115,324,-217
3,-3,0.0581718,-TIA- 3,329,115,327,-214
2,-3,0.0581892,-TIA- 3,329,115,329,-211
3,-2,0.0582066,-TIA- 3,329,115,332,-209
3,-3,0.0582298,-TIA- 3,329,115,335,-206
3,-3,0.0582647,-TIA- 3,329,115,338,-203
3,-3,0.0582937,-TIA- 3,329,115,341,-200
3,-3,0.058328,-TIA- 3,329,115,344,-197
1,-2,0.0583401,-TIA- 3,329,115,345,-195
2,-3,0.0583576,-TIA- 3,329,115,347,-192
2,-3,0.0583924,-TIA- 3,329,115,349,-189
2,-3,0.0583981,-TIA- 3,329,115,351,-186
1,-3,0.058433,-TIA- 3,329,115,352,-183
1,-3,0.0584504,-TIA- 3,329,115,353,-180
1,-2,0.0584737,-TIA- 3,329,115,354,-178
1,-3,0.0584969,-TIA- 3,329,115,355,-175
1,-3,0.0585259,-TIA- 3,329,115,356,-172
1,-3,0.0585607,-TIA- 3,329,115,357,-169
1,-3,0.0585781,-TIA- 3,329,115,358,-166
1,-2,0.0586072,-TIA- 3,329,115,359,-164
1,-3,0.0586246,-TIA- 3,329,115,360,-161
2,-3,0.0586478,-TIA- 3,329,115,362,-158
2,-3,0.0586826,-TIA- 3,329,115,364,-155
1,-3,0.0587117,-TIA- 3,329,115,365,-152
3,-5,0.0587465,-TIA- 3,329,115,368,-147
6,-2,0.0587755,-TIA- 3,329,115,374,-145
3,-2,0.0587987,-TIA- 3,329,115,377,-143
2,-2,0.058822,-TIA- 3,329,115,379,-141
3,-2,0.0588626,-TIA- 3,329,115,382,-139
3,-1,0.0588916,-TIA- 3,329,115,385,-138
3,-1,0.0588974,-TIA- 3,329,115,388,-137
3,-1,0.0589264,-TIA- 3,329,115,391,-136
3,-1,0.0589613,-TIA- 3,329,115,394,-135
3,-1,0.0590077,-TIA- 3,329,115,397,-134
3,-1,0.0590425,-TIA- 3,329,115,400,-133
3,-1,0.0590483,-TIA- 3,329,115,403,-132
2,-2,0.0590716,-TIA- 3,329,115,405,-130
2,-2,0.0591064,-TIA- 3,329,115,407,-128
2,-2,0.0591296,-TIA- 3,329,115,409,-126
2,-1,0.0591586,-TIA- 3,329,115,411,-125
2,-1,0.0591935,-TIA- 3,329,115,413,-124
-1,-1,0.0592225,-TIA- 3,329,115,412,-123
-1,-1,0.0592573,-TIA- 3,329,115,411,-122
1,-1,0.0595069,-TIA- 3,329,115,412,-121
1,-1,0.0716394,GO 4,282,431,413,-120
1,-1,0.0716742,GO 4,282,431,414,-119
-1,-1,0.0717032,GO 4,282,431,413,-118
-1,-1,0.0717439,GO 4,282,431,412,-117
-2,-1,0.0717671,GO 4,282,431,410,-116
-1,1,0.0720573,GO 4,282,431,409,-117
-1,1,0.0720805,GO 4,282,431,408,-118
-1,1,0.0721096,GO 4,282,431,407,-119
-1,2,0.0721328,GO 4,282,431,406,-121
1,2,0.0721618,GO 4,282,431,407,-123
1,3,0.0721908,GO 4,282,431,408,-126
1,2,0.0722257,GO 4,282,431,409,-128
2,3,0.0722315,GO 4,282,431,411,-131
1,3,0.0722547,GO 4,282,431,412,-134
2,4,0.0722895,GO 4,282,431,414,-138
3,4,0.0723127,GO 4,282,431,417,-142
3,3,0.0723418,GO 4,282,431,420,-145
3,4,0.0723766,GO 4,282,431,423,-149
3,4,0.0723839,GO 4,282,431,426,-153
2,4,0.0724172,GO 4,282,431,428,-157
3,3,0.0724405,GO 4,282,431,431,-160
3,4,0.0724811,GO 4,282,431,434,-164
3,4,0.0724985,GO 4,282,431,437,-168
3,4,0.0725275,GO 4,282,431,440,-172
2,3,0.0725333,GO 4,282,431,442,-175
2,4,0.0725566,GO 4,282,431,444,-179
2,4,0.0725856,GO 4,282,431,446,-183
2,4,0.0726146,GO 4,282,431,448,-187
2,3,0.0726378,GO 4,282,431,450,-190
2,4,0.0726727,GO 4,282,431,452,-194
2,4,0.0726785,GO 4,282,431,454,-198
2,4,0.0727017,GO 4,282,431,456,-202
1,3,0.0727365,GO 4,282,431,457,-205
2,4,0.0727655,GO 4,282,431,459,-209
2,4,0.0728004,GO 4,282,431,461,-213
2,4,0.0728236,GO 4,282,431,463,-217
2,3,0.0728346,GO 4,282,431,465,-220
2,4,0.0728584,GO 4,282,431,467,-224
2,4,0.0728874,GO 4,282,431,469,-228
2,4,0.0729223,GO 4,282,431,471,-232
1,3,0.0729513,GO 4,282,431,472,-235
2,8,0.0729861,GO 4,282,431,474,-243
4,4,0.0730093,GO 4,282,431,478,-247
3,3,0.0730326,GO 4,282,431,481,-250
3,4,0.0730674,GO 4,282,431,484,-254
2,4,0.0731022,GO 4,282,431,486,-258
1,4,0.0731138,GO 4,282,431,487,-262
2,3,0.0731371,GO 4,282,431,489,-265
2,4,0.0731661,GO 4,282,431,491,-269
2,4,0.0732009,GO 4,282,431,493,-273
2,7,0.0732415,GO 4,282,431,495,-280
3,4,0.0732706,GO 4,282,431,498,-284
1,4,0.073288,GO 4,282,431,499,-288
1,4,0.0733221,GO 4,282,431,500,-292
1,3,0.0733402,GO 4,282,431,501,-295
1,4,0.0733634,GO 4,282,431,502,-299
1,4,0.0733809,GO 4,282,431,503,-303
1,4,0.0734041,GO 4,282,431,504,-307
1,3,0.0734273,GO 4,282,431,505,-310
1,4,0.0734621,GO 4,282,431,506,-314
1,4,0.0734912,GO 4,282,431,507,-318
1,7,0.073526,GO 4,282,431,508,-325
1,4,0.0735608,GO 4,282,431,509,-329
1,4,0.073584,GO 4,282,431,510,-333
1,4,0.0736073,GO 4,282,431,511,-337
1,3,0.0736363,GO 4,282,431,512,-340
1,4,0.0736537,GO 4,282,431,513,-344
1,4,0.0736769,GO 4,282,431,514,-348
1,4,0.0737117,GO 4,282,431,515,-352
1,3,0.0737408,GO 4,282,431,516,-355
1,4,0.0737756,GO 4,282,431,517,-359
1,4,0.0737898,GO 4,282,431,518,-363
1,4,0.0738046,GO 4,282,431,519,-367
1,3,0.0738278,GO 4,282,431,520,-370
-1,4,0.0738627,GO 4,282,431,519,-374
-2,4,0.0738917,GO 4,282,431,517,-378
-3,4,0.0739265,GO 4,282,431,514,-382
-3,3,0.0739439,GO 4,282,431,511,-385
-3,4,0.0739556,GO 4,282,431,508,-389
-4,4,0.0739846,GO 4,282,431,504,-393
-4,4,0.0739962,GO 4,282,431,500,-397
-4,3,0.074031,GO 4,282,431,496,-400
-3,4,0.0740542,GO 4,282,431,493,-404
-4,4,0.0740949,GO 4,282,431,489,-408
-4,4,0.0741007,GO 4,282,431,485,-412
-4,3,0.0741239,GO 4,282,431,481,-415
-3,4,0.0741471,GO 4,282,431,478,-419
-4,4,0.074182,GO 4,282,431,474,-423
-4,4,0.074211,GO 4,282,431,470,-427
-4,3,0.0742458,GO 4,282,431,466,-430
-3,4,0.0742516,GO 4,282,431,463,-434
-4,4,0.0742748,GO 4,282,431,459,-438
-4,4,0.074298,GO 4,282,431,455,-442
-4,3,0.0743329,GO 4,282,431,451,-445
-3,4,0.0743619,GO 4,282,431,448,-449
-4,4,0.0743967,GO 4,282,431,444,-453
-4,4,0.0744025,GO 4,282,431,440,-457
-4,3,0.0744258,GO 4,282,431,436,-460
-3,4,0.0744548,GO 4,282,431,433,-464
-4,4,0.0744838,GO 4,282,431,429,-468
-4,4,0.0745176,GO 4,282,431,425,-472
-3,3,0.0745477,GO 4,282,431,422,-475
-3,4,0.0745593,GO 4,282,431,419,-479
-4,4,0.0745824,GO 4,282,431,415,-483
-4,4,0.0746115,GO 4,282,431,411,-487
-4,3,0.0746347,GO 4,282,431,407,-490
-3,4,0.0746696,GO 4,282,431,404,-494
-4,4,0.0746986,GO 4,282,431,400,-498
-4,4,0.074716,GO 4,282,431,396,-502
-4,3,0.0747334,GO 4,282,431,392,-505
-3,4,0.0747624,GO 4,282,431,389,-509
-4,4,0.0747799,GO 4,282,431,385,-513
-4,4,0.0748031,GO 4,282,431,381,-517
-4,3,0.0748379,GO 4,282,431,377,-520
-3,4,0.0748611,GO 4,282,431,374,-524
-4,4,0.0748844,GO 4,282,431,370,-528
-4,4,0.0749134,GO 4,282,431,366,-532
-4,3,0.0749482,GO 4,282,431,362,-535
-3,4,0.0749598,GO 4,282,431,359,-539
-4,4,0.0749772,GO 4,282,431,355,-543
-4,4,0.0750121,GO 4,282,431,351,-547
-3,3,0.0750353,GO 4,282,431,348,-550
-3,4,0.0750701,GO 4,282,431,345,-554
-1,4,0.0750991,GO 4,282,431,344,-558
-1,4,0.0751107,GO 4,282,431,343,-562
-1,3,0.075134,GO 4,282,431,342,-565
-1,4,0.075163,GO 4,282,431,341,-569
-1,4,0.0751862,GO 4,282,431,340,-573
-1,4,0.075221,GO 4,282,431,339,-577
1,3,0.0752523,GO 4,282,431,340,-580
1,4,0.0752617,GO 4,282,431,341,-584
1,3,0.0752849,GO 4,282,431,342,-587
1,2,0.0753139,GO 4,282,431,343,-589
1,1,0.0753429,GO 4,282,431,344,-590
-1,-1,0.0755287,GO 4,282,431,343,-589
-1,-1,0.0755519,GO 4,282,431,342,-588
1,-1,0.0755577,GO 4,282,431,343,-587
2,-2,0.075581,GO 4,282,431,345,-585
1,-2,0.07561,GO 4,282,431,346,-583
3,-3,0.075639,GO 4,282,431,349,-580
3,-3,0.075668,GO 4,282,431,352,-577
3,-5,0.0757029,GO 4,282,431,355,-572
6,-3,0.0757319,GO 4,282,431,361,-569
2,-3,0.0757493,GO 4,282,431,363,-566
2,-3,0.0757841,GO 4,282,431,365,-563
1,-3,0.0758132,GO 4,282,431,366,-560
1,-2,0.0758306,GO 4,282,431,367,-558
1,-3,0.0758538,GO 4,282,431,368,-555
1,-3,0.075877,GO 4,282,431,369,-552
1,-3,0.0759002,GO 4,282,431,370,-549
1,-3,0.0759351,GO 4,282,431,371,-546
1,-3,0.0759641,GO 4,282,431,372,-543
1,-2,0.0759989,GO 4,282,431,373,-541
1,-3,0.0760047,GO 4,282,431,374,-538
1,-3,0.0760279,GO 4,282,431,375,-535
2,-3,0.0760512,GO 4,282,431,377,-532
2,-3,0.076086,GO 4,282,431,379,-529
1,-2,0.076115,GO 4,282,431,380,-527
2,-3,0.0761266,GO 4,282,431,382,-524
2,-3,0.076159,GO 4,282,431,384,-521
2,-3,0.0761789,GO 4,282,431,386,-518
2,-2,0.0762137,GO 4,282,431,388,-516
2,-2,0.0762369,GO 4,282,431,390,-514
2,-1,0.0762717,GO 4,282,431,392,-513
1,-1,0.0860357,FRAY 5,338,307,393,-512
1,-2,0.0860847,FRAY 5,338,307,394,-510
1,-2,0.0860996,FRAY 5,338,307,395,-508
1,-3,0.0861228,FRAY 5,338,307,396,-505
1,-3,0.0861512,FRAY 5,338,307,397,-502
2,-2,0.0861809,FRAY 5,338,307,399,-500
2,-3,0.0862102,FRAY 5,338,307,401,-497
2,-3,0.0862505,FRAY 5,338,307,403,-494
2,-3,0.0862679,FRAY 5,338,307,405,-491
1,-3,0.0862752,FRAY 5,338,307,406,-488
2,-2,0.0863028,FRAY 5,338,307,408,-486
2,-3,0.0863318,FRAY 5,338,307,410,-483
2,-3,0.086355,FRAY 5,338,307,412,-480
2,-3,0.0863956,FRAY 5,338,307,414,-477
2,-2,0.0864189,FRAY 5,338,307,416,-475
2,-2,0.0864305,FRAY 5,338,307,418,-473
2,-1,0.0864537,FRAY 5,338,307,420,-472
1,-1,0.0864827,FRAY 5,338,307,421,-471
2,-1,0.0865176,FRAY 5,338,307,423,-470
1,-1,0.0865466,FRAY 5,338,307,424,-469
1,-1,0.0866627,FRAY 5,338,307,425,-468
1,-1,0.0867323,FRAY 5,338,307,426,-467
1,-2,0.0870342,FRAY 5,338,307,427,-465
2,-2,0.087069,FRAY 5,338,307,429,-463
2,-2,0.0870861,FRAY 5,338,307,431,-461
2,-2,0.0871155,FRAY 5,338,307,433,-459
2,-1,0.0871329,FRAY 5,338,307,435,-458
2,-1,0.0871503,FRAY 5,338,307,437,-457
1,-1,0.0871793,FRAY 5,338,307,438,-456
1,-1,0.0872025,FRAY 5,338,307,439,-455
1,-1,0.087249,FRAY 5,338,307,440,-454
1,-1,0.0872606,FRAY 5,338,307,441,-453
1,-1,0.0873012,FRAY 5,338,307,442,-452
1,-2,0.0873302,FRAY 5,338,307,443,-450
1,-2,0.0873593,FRAY 5,338,307,444,-448
1,-2,0.0873883,FRAY 5,338,307,445,-446
1,-3,0.0874289,FRAY 5,338,307,446,-443
2,-2,0.087458,FRAY 5,338,307,448,-441
1,-2,0.0874754,FRAY 5,338,307,449,-439
1,-2,0.0875102,FRAY 5,338,307,450,-437
1,-1,0.0875392,FRAY 5,338,307,451,-436
1,-1,0.0875741,FRAY 5,338,307,452,-435
1,-1,0.0877366,FRAY 5,338,307,453,-434
1,-1,0.087754,FRAY 5,338,307,454,-433
2,-1,0.0877888,FRAY 5,338,307,456,-432
2,-1,0.0878063,FRAY 5,338,307,458,-431
2,-1,0.0878353,FRAY 5,338,307,460,-430
2,-2,0.0878701,FRAY 5,338,307,462,-428
2,-2,0.0878759,FRAY 5,338,307,464,-426
2,-2,0.0878991,FRAY 5,338,307,466,-424
3,-2,0.0879224,FRAY 5,338,307,469,-422
3,-2,0.0879572,FRAY 5,338,307,472,-420
3,-2,0.0879862,FRAY 5,338,307,475,-418
3,-2,0.0879978,FRAY 5,338,307,478,-416
2,-1,0.088021,FRAY 5,338,307,480,-415
3,-2,0.0880443,FRAY 5,338,307,483,-413
3,-2,0.0880733,FRAY 5,338,307,486,-411
3,-2,0.0881081,FRAY 5,338,307,489,-409
2,-2,0.0881197,FRAY 5,338,307,491,-407
2,-2,0.0881662,FRAY 5,338,307,493,-405
1,-3,0.0881666,FRAY 5,338,307,494,-402
2,-2,0.0881952,FRAY 5,338,307,496,-400
2,-3,0.0882296,FRAY 5,338,307,498,-397
1,-3,0.088259,FRAY 5,338,307,499,-394
1,-3,0.0882707,FRAY 5,338,307,500,-391
1,-3,0.0882997,FRAY 5,338,307,501,-388
1,-2,0.0883229,FRAY 5,338,307,502,-386
1,-3,0.0883461,FRAY 5,338,307,503,-383
2,-3,0.088381,FRAY 5,338,307,505,-380
2,-3,0.08841,FRAY 5,338,307,507,-377
2,-3,0.0884216,FRAY 5,338,307,509,-374
2,-3,0.0884448,FRAY 5,338,307,511,-371
3,-2,0.0884738,FRAY 5,338,307,514,-369
3,-3,0.0885029,FRAY 5,338,307,517,-366
3,-3,0.0885377,FRAY 5,338,307,520,-363
3,-3,0.0885551,FRAY 5,338,307,523,-360
2,-3,0.0885783,FRAY 5,338,307,525,-357
3,-2,0.0885957,FRAY 5,338,307,528,-355
3,-3,0.0886306,FRAY 5,338,307,531,-352
3,-2,0.0886596,FRAY 5,338,307,534,-350
3,-2,0.0887002,FRAY 5,338,307,537,-348
2,-4,0.0887234,FRAY 5,338,307,539,-344
3,-2,0.0887467,FRAY 5,338,307,542,-342
1,-1,0.0887815,FRAY 5,338,307,543,-341
1,-2,0.0888105,FRAY 5,338,307,544,-339
1,-2,0.0888454,FRAY 5,338,307,545,-337
1,-2,0.0888686,FRAY 5,338,307,546,-335
-1,-2,0.0888744,FRAY 5,338,307,545,-333
-1,-1,0.0889092,FRAY 5,338,307,544,-332
-1,-1,0.0889208,FRAY 5,338,307,543,-331
-1,-1,0.0889789,FRAY 5,338,307,542,-330
-1,-1,0.0890195,FRAY 5,338,307,541,-329
-1,-1,0.089333,FRAY 5,338,307,540,-328
-2,-1,0.0893562,FRAY 5,338,307,538,-327
-1,-1,0.0893794,FRAY 5,338,307,537,-326
-2,-1,0.0894142,FRAY 5,338,307,535,-325
-2,-1,0.0894433,FRAY 5,338,307,533,-324
-2,-1,0.0894781,FRAY 5,338,307,531,-323
-2,-1,0.0894839,FRAY 5,338,307,529,-322
-2,-1,0.0895071,FRAY 5,338,307,527,-321
-1,-1,0.0895652,FRAY 5,338,307,526,-320
-1,-1,0.0895884,FRAY 5,338,307,525,-319
-1,-1,0.089629,FRAY 5,338,307,524,-318
-1,-1,0.0896348,FRAY 5,338,307,523,-317
-1,-1,0.0896929,FRAY 5,338,307,522,-316
-1,-1,0.0897103,FRAY 5,338,307,521,-315
-1,-1,0.0897625,FRAY 5,338,307,520,-314
-1,-1,0.0897916,FRAY 5,338,307,519,-313
-1,-1,0.0898148,FRAY 5,338,307,518,-312
-1,-1,0.0898438,FRAY 5,338,307,517,-311
-1,-1,0.0898728,FRAY 5,338,307,516,-310
-1,-1,0.0899077,FRAY 5,338,307,515,-309
-1,-1,0.0899425,FRAY 5,338,307,514,-308
-1,-1,0.101924,SAN- 6,280,234,513,-307
-1,-1,0.101941,SAN- 6,280,234,512,-306
-2,-2,0.101965,SAN- 6,280,234,510,-304
-2,-2,0.101994,SAN- 6,280,234,508,-302
-2,-2,0.102028,SAN- 6,280,234,506,-300
-1,-3,0.102058,SAN- 6,280,234,505,-297
-2,-3,0.102075,SAN- 6,280,234,503,-294
-2,-3,0.102092,SAN- 6,280,234,501,-291
-2,-3,0.102116,SAN- 6,280,234,499,-288
-2,-3,0.102139,SAN- 6,280,234,497,-285
-2,-2,0.102174,SAN- 6,280,234,495,-283
-3,-3,0.102197,SAN- 6,280,234,492,-280
-2,-3,0.102226,SAN- 6,280,234,490,-277
-3,-3,0.102261,SAN- 6,280,234,487,-274
-3,-3,0.102272,SAN- 6,280,234,484,-271
-3,-2,0.10229,SAN- 6,280,234,481,-269
-3,-3,0.102325,SAN- 6,280,234,478,-266
-2,-3,0.102354,SAN- 6,280,234,476,-263
-3,-3,0.102388,SAN- 6,280,234,473,-260
-2,-3,0.102412,SAN- 6,280,234,471,-257
-2,-2,0.102431,SAN- 6,280,234,469,-255
-2,-3,0.102441,SAN- 6,280,234,467,-252
-2,-3,0.102475,SAN- 6,280,234,465,-249
-2,-3,0.102504,SAN- 6,280,234,463,-246
-2,-3,0.102539,SAN- 6,280,234,461,-243
-1,-5,0.102574,SAN- 6,280,234,460,-238
-4,-3,0.102603,SAN- 6,280,234,456,-235
-3,-3,0.102626,SAN- 6,280,234,453,-232
-3,-3,0.102661,SAN- 6,280,234,450,-229
-3,-5,0.10269,SAN- 6,280,234,447,-224
-5,-3,0.102725,SAN- 6,280,234,442,-221
-3,-3,0.102748,SAN- 6,280,234,439,-218
-4,-3,0.102777,SAN- 6,280,234,435,-215
-4,-3,0.102801,SAN- 6,280,234,431,-212
-3,-5,0.102835,SAN- 6,280,234,428,-207
-8,-3,0.102864,SAN- 6,280,234,420,-204
-4,-3,0.102899,SAN- 6,280,234,416,-201
-3,-3,0.102928,SAN- 6,280,234,413,-198
-4,-5,0.102963,SAN- 6,280,234,409,-193
-8,-3,0.102986,SAN- 6,280,234,401,-190
-3,-3,0.103015,SAN- 6,280,234,398,-187
-3,-3,0.10305,SAN- 6,280,234,395,-184
-3,-3,0.103068,SAN- 6,280,234,392,-181
-3,-2,0.103108,SAN- 6,280,234,389,-179
-3,-6,0.103133,SAN- 6,280,234,386,-173
-5,-3,0.10316,SAN- 6,280,234,381,-170
-3,-3,0.103195,SAN- 6,280,234,378,-167
-3,-2,0.103224,SAN- 6,280,234,375,-165
-3,-3,0.103248,SAN- 6,280,234,372,-162
-2,-3,0.103277,SAN- 6,280,234,370,-159
-3,-3,0.103282,SAN- 6,280,234,367,-156
-3,-3,0.103311,SAN- 6,280,234,364,-153
-3,-3,0.103346,SAN- 6,280,234,361,-150
-3,-2,0.103381,SAN- 6,280,234,358,-148
-1,-4,0.10341,SAN- 6,280,234,357,-144
-2,-1,0.103439,SAN- 6,280,234,355,-143
-2,-1,0.103474,SAN- 6,280,234,353,-142
2,1,0.103561,SAN- 6,280,234,355,-143
5,1,0.103596,SAN- 6,280,234,360,-144
3,1,0.103625,SAN- 6,280,234,363,-145
2,1,0.103642,SAN- 6,280,234,365,-146
3,1,0.103671,SAN- 6,280,234,368,-147
2,1,0.10413,SAN- 6,280,234,370,-148
2,1,0.104136,SAN- 6,280,234,372,-149
2,1,0.104171,SAN- 6,280,234,374,-150
2,1,0.104194,SAN- 6,280,234,376,-151
2,1,0.104225,SAN- 6,280,234,378,-152
1,1,0.104258,SAN- 6,280,234,379,-153
2,2,0.104275,SAN- 6,280,234,381,-155
1,1,0.104292,SAN- 6,280,234,382,-156
1,2,0.104321,SAN- 6,280,234,383,-158
1,2,0.104345,SAN- 6,280,234,384,-160
1,2,0.104368,SAN- 6,280,234,385,-162
1,2,0.104409,SAN- 6,280,234,386,-164
1,1,0.104443,SAN- 6,280,234,387,-165
1,1,0.104478,SAN- 6,280,234,388,-166
1,1,0.104497,SAN- 6,280,234,389,-167
1,-1,0.11578,-TIA- 7,121,109,390,-166
-1,-2,0.115792,-TIA- 7,121,109,389,-164
-2,-3,0.115827,-TIA- 7,121,109,387,-161
-3,-3,0.115856,-TIA- 7,121,109,384,-158
-3,-3,0.115868,-TIA- 7,121,109,381,-155
-4,-3,0.115891,-TIA- 7,121,109,377,-152
-3,-2,0.115931,-TIA- 7,121,109,374,-150
-4,-3,0.11596,-TIA- 7,121,109,370,-147
-4,-3,0.115995,-TIA- 7,121,109,366,-144
-4,-3,0.116007,-TIA- 7,121,109,362,-141
-3,-3,0.116024,-TIA- 7,121,109,359,-138
-4,-2,0.116042,-TIA- 7,121,109,355,-136
-4,-3,0.116077,-TIA- 7,121,109,351,-133
-4,-3,0.116106,-TIA- 7,121,109,347,-130
-3,-3,0.116129,-TIA- 7,121,109,344,-127
-4,-3,0.116158,-TIA- 7,121,109,340,-124
-4,-3,0.116169,-TIA- 7,121,109,336,-121
-4,-2,0.116193,-TIA- 7,121,109,332,-119
-3,-3,0.116227,-TIA- 7,121,109,329,-116
-4,-3,0.116251,-TIA- 7,121,109,325,-113
-4,-3,0.116274,-TIA- 7,121,109,321,-110
-4,-3,0.116309,-TIA- 7,121,109,317,-107
-3,-2,0.116338,-TIA- 7,121,109,314,-105
-4,-3,0.116344,-TIA- 7,121,109,310,-102
-4,-3,0.116373,-TIA- 7,121,109,306,-99
-3,-3,0.116402,-TIA- 7,121,109,303,-96
-4,-3,0.116442,-TIA- 7,121,109,299,-93
-4,-2,0.116465,-TIA- 7,121,109,295,-91
-4,-3,0.116477,-TIA- 7,121,109,291,-88
-3,-3,0.1165,-TIA- 7,121,109,288,-85
-4,-3,0.116524,-TIA- 7,121,109,284,-82
-4,-3,0.116553,-TIA- 7,121,109,280,-79
-4,-3,0.116576,-TIA- 7,121,109,276,-76
-3,-5,0.116628,-TIA- 7,121,109,273,-71
-5,-3,0.116651,-TIA- 7,121,109,268,-68
-3,-3,0.11668,-TIA- 7,121,109,265,-65
-3,-3,0.116703,-TIA- 7,121,109,262,-62
-3,-2,0.116738,-TIA- 7,121,109,259,-60
-2,-3,0.116767,-TIA- 7,121,109,257,-57
-3,-3,0.116779,-TIA- 7,121,109,254,-54
-3,-3,0.116802,-TIA- 7,121,109,251,-51
-3,-3,0.116825,-TIA- 7,121,109,248,-48
-3,-2,0.116854,-TIA- 7,121,109,245,-46
-2,-3,0.116889,-TIA- 7,121,109,243,-43
-3,-3,0.116907,-TIA- 7,121,109,240,-40
-3,-3,0.116936,-TIA- 7,121,109,237,-37
-2,-3,0.116953,-TIA- 7,121,109,235,-34
-1,-3,0.116988,-TIA- 7,121,109,234,-31
-1,-1,0.117,-TIA- 7,121,109,233,-30
1,-2,0.117034,-TIA- 7,121,109,234,-28
1,-1,0.117063,-TIA- 7,121,109,235,-27
1,-1,0.117069,-TIA- 7,121,109,236,-26
1,-1,0.117098,-TIA- 7,121,109,237,-25
1,-1,0.117127,-TIA- 7,121,109,238,-24
-3,-1,0.117377,-TIA- 7,121,109,235,-23
-3,-1,0.1174,-TIA- 7,121,109,232,-22
-3,-1,0.117464,-TIA- 7,121,109,229,-21
-3,-1,0.11747,-TIA- 7,121,109,226,-20
-3,-1,0.117493,-TIA- 7,121,109,223,-19
-2,-1,0.117528,-TIA- 7,121,109,221,-18
-1,-1,0.117558,-TIA- 7,121,109,220,-17
-1,-1,0.11758,-TIA- 7,121,109,219,-16
-2,-1,0.118056,-TIA- 7,121,109,217,-15
-1,-1,0.118079,-TIA- 7,121,109,216,-14
-2,-1,0.118137,-TIA- 7,121,109,214,-13
-2,-1,0.118166,-TIA- 7,121,109,212,-12
-1,-1,0.118178,-TIA- 7,121,109,211,-11
-1,-1,0.118213,-TIA- 7,121,109,210,-10
-1,-1,0.118555,-TIA- 7,121,109,209,-9
-1,-1,0.11859,-TIA- 7,121,109,208,-8
-2,-2,0.118631,-TIA- 7,121,109,206,-6
-4,-2,0.11866,-TIA- 7,121,109,202,-4
-2,-2,0.118689,-TIA- 7,121,109,200,-2
-1,-1,0.118718,-TIA- 7,121,109,199,-1
-1,-1,0.118753,-TIA- 7,121,109,198,0
-2,-1,0.119159,-TIA- 7,121,109,196,1
-4,-2,0.119211,-TIA- 7,121,109,192,3
-1,1,0.130839,GO 8,142,496,191,2
-1,2,0.130902,GO 8,142,496,190,0
-1,2,0.130914,GO 8,142,496,189,-2
-1,3,0.130943,GO 8,142,496,188,-5
-1,2,0.130961,GO 8,142,496,187,-7
-1,3,0.13099,GO 8,142,496,186,-10
-1,4,0.13103,GO 8,142,496,185,-14
-1,7,0.131065,GO 8,142,496,184,-21
-2,4,0.1311,GO 8,142,496,182,-25
-2,3,0.131117,GO 8,142,496,180,-28
-2,3,0.131152,GO 8,142,496,178,-31
-2,3,0.131181,GO 8,142,496,176,-34
-2,5,0.131216,GO 8,142,496,174,-39
3,3,0.131245,GO 8,142,496,177,-42
2,4,0.131274,GO 8,142,496,179,-46
1,4,0.131303,GO 8,142,496,180,-50
3,3,0.131338,GO 8,142,496,183,-53
3,4,0.131349,GO 8,142,496,186,-57
3,4,0.131376,GO 8,142,496,189,-61
2,4,0.131402,GO 8,142,496,191,-65
2,3,0.131425,GO 8,142,496,193,-68
1,4,0.131454,GO 8,142,496,194,-72
1,4,0.131477,GO 8,142,496,195,-76
1,4,0.131489,GO 8,142,496,196,-80
1,3,0.131518,GO 8,142,496,197,-83
1,4,0.131535,GO 8,142,496,198,-87
1,4,0.13157,GO 8,142,496,199,-91
1,4,0.131599,GO 8,142,496,200,-95
1,7,0.13164,GO 8,142,496,201,-102
2,4,0.131675,GO 8,142,496,203,-106
2,4,0.131698,GO 8,142,496,205,-110
2,3,0.131727,GO 8,142,496,207,-113
2,4,0.131744,GO 8,142,496,209,-117
2,4,0.131767,GO 8,142,496,211,-121
2,4,0.131802,GO 8,142,496,213,-125
1,3,0.131825,GO 8,142,496,214,-128
2,4,0.131855,GO 8,142,496,216,-132
2,8,0.131889,GO 8,142,496,218,-140
4,3,0.131924,GO 8,142,496,222,-143
2,4,0.131953,GO 8,142,496,224,-147
1,4,0.131971,GO 8,142,496,225,-151
1,4,0.132011,GO 8,142,496,226,-155
1,3,0.132017,GO 8,142,496,227,-158
1,4,0.132034,GO 8,142,496,228,-162
1,4,0.132069,GO 8,142,496,229,-166
1,4,0.132093,GO 8,142,496,230,-170
1,3,0.132116,GO 8,142,496,231,-173
1,4,0.132145,GO 8,142,496,232,-177
1,4,0.13218,GO 8,142,496,233,-181
1,4,0.132185,GO 8,142,496,234,-185
1,3,0.132209,GO 8,142,496,235,-188
1,4,0.132238,GO 8,142,496,236,-192
1,4,0.132267,GO 8,142,496,237,-196
1,4,0.132301,GO 8,142,496,238,-200
1,3,0.132307,GO 8,142,496,239,-203
1,4,0.132331,GO 8,142,496,240,-207
1,4,0.132354,GO 8,142,496,241,-211
1,4,0.132394,GO 8,142,496,242,-215
1,3,0.132418,GO 8,142,496,243,-218
1,4,0.132441,GO 8,142,496,244,-222
1,4,0.132452,GO 8,142,496,245,-226
1,4,0.132481,GO 8,142,496,246,-230
2,3,0.132499,GO 8,142,496,248,-233
2,4,0.13254,GO 8,142,496,250,-237
2,4,0.132557,GO 8,142,496,252,-241
2,7,0.132603,GO 8,142,496,254,-248
3,4,0.132638,GO 8,142,496,257,-252
2,4,0.13265,GO 8,142,496,259,-256
2,4,0.132685,GO 8,142,496,261,-260
2,3,0.132725,GO 8,142,496,263,-263
2,8,0.132754,GO 8,142,496,265,-271
4,4,0.132789,GO 8,142,496,269,-275
2,3,0.132812,GO 8,142,496,271,-278
1,4,0.132836,GO 8,142,496,272,-282
1,4,0.132865,GO 8,142,496,273,-286
1,4,0.132882,GO 8,142,496,274,-290
1,3,0.132917,GO 8,142,496,275,-293
1,4,0.13294,GO 8,142,496,276,-297
1,4,0.132969,GO 8,142,496,277,-301
1,4,0.132981,GO 8,142,496,278,-305
1,3,0.133016,GO 8,142,496,279,-308
1,4,0.133027,GO 8,142,496,280,-312
1,4,0.133068,GO 8,142,496,281,-316
1,4,0.133091,GO 8,142,496,282,-320
1,3,0.13312,GO 8,142,496,283,-323
1,4,0.133155,GO 8,142,496,284,-327
1,4,0.133166,GO 8,142,496,285,-331
1,4,0.133178,GO 8,142,496,286,-335
1,3,0.133201,GO 8,142,496,287,-338
1,4,0.133242,GO 8,142,496,288,-342
1,4,0.133265,GO 8,142,496,289,-346
1,4,0.1333,GO 8,142,496,290,-350
1,3,0.133312,GO 8,142,496,291,-353
1,4,0.133341,GO 8,142,496,292,-357
2,4,0.133364,GO 8,142,496,294,-361
2,4,0.133387,GO 8,142,496,296,-365
2,3,0.133416,GO 8,142,496,298,-368
1,4,0.133451,GO 8,142,496,299,-372
2,4,0.133466,GO 8,142,496,301,-376
1,4,0.133492,GO 8,142,496,302,-380
1,3,0.133515,GO 8,142,496,303,-383
1,4,0.133532,GO 8,142,496,304,-387
-1,4,0.133561,GO 8,142,496,303,-391
-2,4,0.133584,GO 8,142,496,301,-395
-2,3,0.133613,GO 8,142,496,299,-398
-3,4,0.133637,GO 8,142,496,296,-402
-4,4,0.13366,GO 8,142,496,292,-406
-4,4,0.133689,GO 8,142,496,288,-410
-4,3,0.133715,GO 8,142,496,284,-413
-3,4,0.133747,GO 8,142,496,281,-417
-4,4,0.133764,GO 8,142,496,277,-421
-4,4,0.133776,GO 8,142,496,273,-425
-4,3,0.133811,GO 8,142,496,269,-428
-3,4,0.133834,GO 8,142,496,266,-432
-4,4,0.133875,GO 8,142,496,262,-436
-4,4,0.133898,GO 8,142,496,258,-440
-4,3,0.133915,GO 8,142,496,254,-443
-2,4,0.133933,GO 8,142,496,252,-447
-3,4,0.133962,GO 8,142,496,249,-451
-3,4,0.133997,GO 8,142,496,246,-455
-3,3,0.134026,GO 8,142,496,243,-458
-3,8,0.13406,GO 8,142,496,240,-466
-5,4,0.134089,GO 8,142,496,235,-470
-2,3,0.134113,GO 8,142,496,233,-473
-2,4,0.134147,GO 8,142,496,231,-477
-1,4,0.134153,GO 8,142,496,230,-481
-1,4,0.134194,GO 8,142,496,229,-485
1,3,0.134217,GO 8,142,496,230,-488
1,4,0.134246,GO 8,142,496,231,-492
2,4,0.134275,GO 8,142,496,233,-496
2,4,0.134298,GO 8,142,496,235,-500
2,3,0.134316,GO 8,142,496,237,-503
2,4,0.134333,GO 8,142,496,239,-507
3,4,0.134362,GO 8,142,496,242,-511
3,4,0.134385,GO 8,142,496,245,-515
3,3,0.134426,GO 8,142,496,248,-518
3,8,0.134461,GO 8,142,496,251,-526
5,4,0.13449,GO 8,142,496,256,-530
2,2,0.134513,GO 8,142,496,258,-532
2,3,0.134548,GO 8,142,496,260,-535
1,3,0.134571,GO 8,142,496,261,-538
1,3,0.134606,GO 8,142,496,262,-541
-1,2,0.134618,GO 8,142,496,261,-543
-2,3,0.134641,GO 8,142,496,259,-546
-2,2,0.134658,GO 8,142,496,257,-548
-2,2,0.134687,GO 8,142,496,255,-550
-3,3,0.134716,GO 8,142,496,252,-553
-2,3,0.134751,GO 8,142,496,250,-556
-1,2,0.134763,GO 8,142,496,249,-558
-1,3,0.134792,GO 8,142,496,248,-561
-1,3,0.134815,GO 8,142,496,247,-564
1,3,0.134838,GO 8,142,496,248,-567
1,2,0.134867,GO 8,142,496,249,-569
1,2,0.134902,GO 8,142,496,250,-571
1,1,0.134943,GO 8,142,496,251,-572
1,-5,0.140684,GO 8,142,496,252,-567
-2,-7,0.140701,GO 8,142,496,250,-560
-3,-8,0.140725,GO 8,142,496,247,-552
-2,-8,0.14073,GO 8,142,496,245,-544
-3,-9,0.140742,GO 8,142,496,242,-535
-3,-9,0.140754,GO 8,142,496,239,-526
-4,-8,0.140765,GO 8,142,496,235,-518
-4,-12,0.140788,GO 8,142,496,231,-506
-8,-8,0.140817,GO 8,142,496,223,-498
-6,-3,0.140829,GO 8,142,496,217,-495
-3,-2,0.140846,GO 8,142,496,214,-493
-2,-1,0.140858,GO 8,142,496,212,-492
-3,-5,0.141102,GO 8,142,496,209,-487
-1,-17,0.141125,GO 8,142,496,208,-470
-5,-21,0.141148,GO 8,142,496,203,-449
-3,-8,0.141166,GO 8,142,496,200,-441
-1,-14,0.141189,GO 8,142,496,199,-427
-1,-10,0.141218,GO 8,142,496,198,-417
1,2,0.141402,GO 8,142,496,199,-419
-1,1,0.141415,GO 8,142,496,198,-420
-3,-3,0.141443,GO 8,142,496,195,-417
-3,-7,0.14145,GO 8,142,496,192,-410
-4,-21,0.141473,GO 8,142,496,188,-389
-7,-27,0.141508,GO 8,142,496,181,-362
-4,-23,0.141537,GO 8,142,496,177,-339
-4,-7,0.141543,GO 8,142,496,173,-332
-4,-6,0.141578,GO 8,142,496,169,-326
-4,-7,0.141839,GO 8,142,496,165,-319
-3,-7,0.141851,GO 8,142,496,162,-312
-3,-15,0.14188,GO 8,142,496,159,-297
-7,-7,0.141891,GO 8,142,496,152,-290
-4,-13,0.141915,GO 8,142,496,148,-277
-7,-5,0.141949,GO 8,142,496,141,-272
-7,-3,0.142193,GO 8,142,496,134,-269
-3,-2,0.142211,GO 8,142,496,131,-267
-3,-2,0.142228,GO 8,142,496,128,-265
-4,-2,0.14224,GO 8,142,496,124,-263
-3,-1,0.142251,GO 8,142,496,121,-262
-3,-1,0.142274,GO 8,142,496,118,-261
-7,-1,0.142315,GO 8,142,496,111,-260
-7,-1,0.142344,GO 8,142,496,104,-259
-5,1,0.142489,GO 8,142,496,99,-260
-4,1,0.142518,GO 8,142,496,95,-261
-2,1,0.142524,GO 8,142,496,93,-262
-2,1,0.14253,GO 8,142,496,91,-263
-1,1,0.142565,GO 8,142,496,90,-264
-2,2,0.142669,GO 8,142,496,88,-266
-1,1,0.142681,GO 8,142,496,87,-267
1,1,0.142698,GO 8,142,496,88,-268
1,1,0.142716,GO 8,142,496,89,-269
1,1,0.142727,GO 8,142,496,90,-270
1,2,0.142739,GO 8,142,496,91,-272
1,1,0.142774,GO 8,142,496,92,-273
1,1,0.142861,GO 8,142,496,93,-274
3,1,0.142878,GO 8,142,496,96,-275
2,1,0.142901,GO 8,142,496,98,-276
2,-1,0.143128,GO 8,142,496,100,-275
