deltaX,deltaY,WHEN,SYLLABLE,XofButton,YofButton,XofTrace,YofTrace
-1,1,0.0484949,FRAY 1,87,416,-1,-1
-1,1,0.0485529,FRAY 1,87,416,-2,-2
-1,1,0.0485761,FRAY 1,87,416,-3,-3
-1,2,0.0486226,FRAY 1,87,416,-4,-5
-1,2,0.0486482,FRAY 1,87,416,-5,-7
-1,2,0.0486864,FRAY 1,87,416,-6,-9
-1,2,0.0487213,FRAY 1,87,416,-7,-11
-1,4,0.0487543,FRAY 1,87,416,-8,-15
-2,2,0.0487851,FRAY 1,87,416,-10,-17
-1,2,0.04882,FRAY 1,87,416,-11,-19
-1,1,0.0488432,FRAY 1,87,416,-12,-20
-1,2,0.0488664,FRAY 1,87,416,-13,-22
-1,2,0.0488896,FRAY 1,87,416,-14,-24
-1,2,0.048907,FRAY 1,87,416,-15,-26
-1,2,0.0489302,FRAY 1,87,416,-16,-28
-1,2,0.0489535,FRAY 1,87,416,-17,-30
-1,2,0.0489825,FRAY 1,87,416,-18,-32
-1,2,0.0489999,FRAY 1,87,416,-19,-34
-1,1,0.049058,FRAY 1,87,416,-20,-35
-1,2,0.0490638,FRAY 1,87,416,-21,-37
-1,2,0.0490812,FRAY 1,87,416,-22,-39
-1,2,0.049116,FRAY 1,87,416,-23,-41
-1,2,0.049145,FRAY 1,87,416,-24,-43
-1,2,0.0491566,FRAY 1,87,416,-25,-45
-1,2,0.0491783,FRAY 1,87,416,-26,-47
-1,2,0.0492089,FRAY 1,87,416,-27,-49
-1,1,0.0492379,FRAY 1,87,416,-28,-50
-1,2,0.0492669,FRAY 1,87,416,-29,-52
-1,2,0.049296,FRAY 1,87,416,-30,-54
-1,3,0.0493076,FRAY 1,87,416,-31,-57
-1,3,0.0493308,FRAY 1,87,416,-32,-60
-1,3,0.0493598,FRAY 1,87,416,-33,-63
-1,2,0.049383,FRAY 1,87,416,-34,-65
-1,3,0.0494179,FRAY 1,87,416,-35,-68
-1,3,0.0494469,FRAY 1,87,416,-36,-71
-1,3,0.0494585,FRAY 1,87,416,-37,-74
-1,3,0.0494817,FRAY 1,87,416,-38,-77
-1,2,0.0495107,FRAY 1,87,416,-39,-79
-1,3,0.0495398,FRAY 1,87,416,-40,-82
-1,3,0.0495688,FRAY 1,87,416,-41,-85
-1,3,0.0495862,FRAY 1,87,416,-42,-88
-1,3,0.0496094,FRAY 1,87,416,-43,-91
-1,3,0.0496327,FRAY 1,87,416,-44,-94
-1,2,0.0496675,FRAY 1,87,416,-45,-96
-1,3,0.0496965,FRAY 1,87,416,-46,-99
-1,3,0.0497313,FRAY 1,87,416,-47,-102
-1,3,0.0497371,FRAY 1,87,416,-48,-105
-1,3,0.0497604,FRAY 1,87,416,-49,-108
-1,2,0.0497836,FRAY 1,87,416,-50,-110
-1,3,0.0498184,FRAY 1,87,416,-51,-113
-1,3,0.0498474,FRAY 1,87,416,-52,-116
-1,3,0.0498823,FRAY 1,87,416,-53,-119
-1,3,0.0498939,FRAY 1,87,416,-54,-122
-1,2,0.0499229,FRAY 1,87,416,-55,-124
-1,3,0.0499577,FRAY 1,87,416,-56,-127
-1,3,0.0499635,FRAY 1,87,416,-57,-130
-1,3,0.0499868,FRAY 1,87,416,-58,-133
-1,3,0.0500158,FRAY 1,87,416,-59,-136
1,3,0.050039,FRAY 1,87,416,-58,-139
1,2,0.050068,FRAY 1,87,416,-57,-141
1,3,0.0500971,FRAY 1,87,416,-56,-144
1,3,0.0501145,FRAY 1,87,416,-55,-147
1,3,0.0501377,FRAY 1,87,416,-54,-150
1,3,0.0501667,FRAY 1,87,416,-53,-153
1,2,0.0501899,FRAY 1,87,416,-52,-155
1,3,0.0502132,FRAY 1,87,416,-51,-158
1,3,0.0502422,FRAY 1,87,416,-50,-161
1,3,0.0502596,FRAY 1,87,416,-49,-164
1,3,0.0502828,FRAY 1,87,416,-48,-167
1,2,0.0503176,FRAY 1,87,416,-47,-169
1,3,0.0503467,FRAY 1,87,416,-46,-172
1,3,0.0503641,FRAY 1,87,416,-45,-175
1,3,0.0503931,FRAY 1,87,416,-44,-178
1,3,0.0504105,FRAY 1,87,416,-43,-181
1,3,0.0504337,FRAY 1,87,416,-42,-184
1,2,0.050457,FRAY 1,87,416,-41,-186
1,3,0.0504918,FRAY 1,87,416,-40,-189
1,3,0.0505252,FRAY 1,87,416,-39,-192
1,3,0.0505498,FRAY 1,87,416,-38,-195
1,3,0.0505673,FRAY 1,87,416,-37,-198
1,2,0.0505789,FRAY 1,87,416,-36,-200
1,3,0.0506021,FRAY 1,87,416,-35,-203
1,3,0.0506311,FRAY 1,87,416,-34,-206
1,3,0.0506659,FRAY 1,87,416,-33,-209
1,3,0.050695,FRAY 1,87,416,-32,-212
1,2,0.0507066,FRAY 1,87,416,-31,-214
1,3,0.0507298,FRAY 1,87,416,-30,-217
1,3,0.050753,FRAY 1,87,416,-29,-220
1,3,0.050782,FRAY 1,87,416,-28,-223
1,3,0.0508227,FRAY 1,87,416,-27,-226
1,3,0.0508495,FRAY 1,87,416,-26,-229
1,2,0.0508575,FRAY 1,87,416,-25,-231
1,3,0.0508807,FRAY 1,87,416,-24,-234
1,3,0.0509156,FRAY 1,87,416,-23,-237
1,3,0.0509446,FRAY 1,87,416,-22,-240
1,3,0.0509678,FRAY 1,87,416,-21,-243
1,2,0.0509852,FRAY 1,87,416,-20,-245
1,3,0.0510084,FRAY 1,87,416,-19,-248
1,3,0.0510317,FRAY 1,87,416,-18,-251
1,3,0.0510723,FRAY 1,87,416,-17,-254
1,3,0.0510781,FRAY 1,87,416,-16,-257
1,2,0.0511071,FRAY 1,87,416,-15,-259
1,3,0.0511361,FRAY 1,87,416,-14,-262
1,3,0.0511594,FRAY 1,87,416,-13,-265
1,3,0.0511884,FRAY 1,87,416,-12,-268
1,3,0.0512174,FRAY 1,87,416,-11,-271
1,3,0.0512464,FRAY 1,87,416,-10,-274
1,2,0.051258,FRAY 1,87,416,-9,-276
1,3,0.0512871,FRAY 1,87,416,-8,-279
1,3,0.0513161,FRAY 1,87,416,-7,-282
1,3,0.0513393,FRAY 1,87,416,-6,-285
1,3,0.0513625,FRAY 1,87,416,-5,-288
1,2,0.0514022,FRAY 1,87,416,-4,-290
1,3,0.051409,FRAY 1,87,416,-3,-293
1,3,0.0514322,FRAY 1,87,416,-2,-296
1,3,0.051467,FRAY 1,87,416,-1,-299
1,3,0.0514902,FRAY 1,87,416,0,-302
1,2,0.0515193,FRAY 1,87,416,1,-304
1,3,0.0515425,FRAY 1,87,416,2,-307
1,3,0.0515599,FRAY 1,87,416,3,-310
1,4,0.0515831,FRAY 1,87,416,4,-314
1,4,0.051618,FRAY 1,87,416,5,-318
1,3,0.0516412,FRAY 1,87,416,6,-321
1,4,0.0516644,FRAY 1,87,416,7,-325
1,4,0.051705,FRAY 1,87,416,8,-329
1,4,0.0517108,FRAY 1,87,416,9,-333
1,3,0.0517341,FRAY 1,87,416,10,-336
1,4,0.0517689,FRAY 1,87,416,11,-340
1,4,0.0518037,FRAY 1,87,416,12,-344
1,4,0.0518269,FRAY 1,87,416,13,-348
1,3,0.0518502,FRAY 1,87,416,14,-351
1,4,0.0518676,FRAY 1,87,416,15,-355
1,4,0.0518908,FRAY 1,87,416,16,-359
1,4,0.051914,FRAY 1,87,416,17,-363
1,3,0.0519546,FRAY 1,87,416,18,-366
1,4,0.0519779,FRAY 1,87,416,19,-370
1,4,0.0519953,FRAY 1,87,416,20,-374
1,4,0.0520185,FRAY 1,87,416,21,-378
1,3,0.0520417,FRAY 1,87,416,22,-381
1,4,0.0520649,FRAY 1,87,416,23,-385
1,4,0.0520998,FRAY 1,87,416,24,-389
1,4,0.0521346,FRAY 1,87,416,25,-393
1,3,0.0521462,FRAY 1,87,416,26,-396
1,4,0.0521694,FRAY 1,87,416,27,-400
1,4,0.0521985,FRAY 1,87,416,28,-404
1,4,0.0522159,FRAY 1,87,416,29,-408
1,3,0.0522449,FRAY 1,87,416,30,-411
1,4,0.0522739,FRAY 1,87,416,31,-415
1,4,0.0523088,FRAY 1,87,416,32,-419
1,4,0.0523146,FRAY 1,87,416,33,-423
1,3,0.0523378,FRAY 1,87,416,34,-426
1,4,0.052361,FRAY 1,87,416,35,-430
1,4,0.0523958,FRAY 1,87,416,36,-434
1,4,0.0524307,FRAY 1,87,416,37,-438
1,3,0.0524423,FRAY 1,87,416,38,-441
1,4,0.0524655,FRAY 1,87,416,39,-445
1,4,0.0524887,FRAY 1,87,416,40,-449
1,4,0.0525119,FRAY 1,87,416,41,-453
1,3,0.0525468,FRAY 1,87,416,42,-456
1,4,0.0525642,FRAY 1,87,416,43,-460
1,4,0.0526106,FRAY 1,87,416,44,-464
1,4,0.0526222,FRAY 1,87,416,45,-468
1,3,0.0526419,FRAY 1,87,416,46,-471
1,4,0.0526687,FRAY 1,87,416,47,-475
1,4,0.0526977,FRAY 1,87,416,48,-479
1,4,0.0527151,FRAY 1,87,416,49,-483
1,3,0.0527441,FRAY 1,87,416,50,-486
1,4,0.0527615,FRAY 1,87,416,51,-490
1,4,0.0527906,FRAY 1,87,416,52,-494
1,4,0.0528196,FRAY 1,87,416,53,-498
1,3,0.052837,FRAY 1,87,416,54,-501
1,4,0.0528569,FRAY 1,87,416,55,-505
1,4,0.0528834,FRAY 1,87,416,56,-509
1,4,0.0529183,FRAY 1,87,416,57,-513
1,3,0.0529357,FRAY 1,87,416,58,-516
1,4,0.0529705,FRAY 1,87,416,59,-520
1,4,0.0529995,FRAY 1,87,416,60,-524
1,4,0.0530112,FRAY 1,87,416,61,-528
1,3,0.0530344,FRAY 1,87,416,62,-531
1,4,0.0530634,FRAY 1,87,416,63,-535
1,4,0.0530866,FRAY 1,87,416,64,-539
1,4,0.0531215,FRAY 1,87,416,65,-543
1,3,0.0531389,FRAY 1,87,416,66,-546
1,4,0.0531621,FRAY 1,87,416,67,-550
1,4,0.0531795,FRAY 1,87,416,68,-554
1,4,0.0532085,FRAY 1,87,416,69,-558
1,3,0.0532434,FRAY 1,87,416,70,-561
1,4,0.0532666,FRAY 1,87,416,71,-565
1,1,0.053284,FRAY 1,87,416,72,-566
1,4,0.0533072,FRAY 1,87,416,73,-570
1,4,0.0533304,FRAY 1,87,416,74,-574
1,3,0.0533595,FRAY 1,87,416,75,-577
1,4,0.0533943,FRAY 1,87,416,76,-581
1,4,0.0534117,FRAY 1,87,416,77,-585
1,4,0.0534349,FRAY 1,87,416,78,-589
1,3,0.0534581,FRAY 1,87,416,79,-592
1,4,0.0534814,FRAY 1,87,416,80,-596
1,4,0.0535162,FRAY 1,87,416,81,-600
1,4,0.0535394,FRAY 1,87,416,82,-604
1,3,0.05358,FRAY 1,87,416,83,-607
1,4,0.0535859,FRAY 1,87,416,84,-611
1,4,0.0536149,FRAY 1,87,416,85,-615
1,4,0.0536323,FRAY 1,87,416,86,-619
1,3,0.0536497,FRAY 1,87,416,87,-622
1,4,0.0536845,FRAY 1,87,416,88,-626
1,4,0.0537136,FRAY 1,87,416,89,-630
1,4,0.053731,FRAY 1,87,416,90,-634
1,3,0.0537542,FRAY 1,87,416,91,-637
1,4,0.0537774,FRAY 1,87,416,92,-641
1,3,0.0538064,FRAY 1,87,416,93,-644
1,3,0.0538355,FRAY 1,87,416,94,-647
1,3,0.0538645,FRAY 1,87,416,95,-650
1,2,0.0538819,FRAY 1,87,416,96,-652
1,3,0.0539109,FRAY 1,87,416,97,-655
1,3,0.05394,FRAY 1,87,416,98,-658
1,3,0.0539574,FRAY 1,87,416,99,-661
1,3,0.0539864,FRAY 1,87,416,100,-664
1,2,0.0540038,FRAY 1,87,416,101,-666
1,2,0.0540328,FRAY 1,87,416,102,-668
1,2,0.0540619,FRAY 1,87,416,103,-670
1,1,0.0540851,FRAY 1,87,416,104,-671
1,1,0.0541141,FRAY 1,87,416,105,-672
1,-1,0.0641509,SAN- 2,387,311,106,-671
2,-1,0.0641741,SAN- 2,387,311,108,-670
2,-1,0.0641974,SAN- 2,387,311,110,-669
2,-1,0.0642636,SAN- 2,387,311,112,-668
2,-1,0.0642902,SAN- 2,387,311,114,-667
2,-1,0.0643019,SAN- 2,387,311,116,-666
2,-1,0.0643251,SAN- 2,387,311,118,-665
1,-1,0.0643483,SAN- 2,387,311,119,-664
2,-1,0.0643831,SAN- 2,387,311,121,-663
2,-1,0.0644122,SAN- 2,387,311,123,-662
2,-1,0.064447,SAN- 2,387,311,125,-661
2,-1,0.0644528,SAN- 2,387,311,127,-660
2,-1,0.064476,SAN- 2,387,311,129,-659
2,-1,0.0644992,SAN- 2,387,311,131,-658
1,-1,0.0645341,SAN- 2,387,311,132,-657
2,-1,0.0645631,SAN- 2,387,311,134,-656
2,-1,0.0645979,SAN- 2,387,311,136,-655
2,-1,0.0646095,SAN- 2,387,311,138,-654
2,-1,0.0646502,SAN- 2,387,311,140,-653
2,-1,0.0646792,SAN- 2,387,311,142,-652
2,-1,0.0647198,SAN- 2,387,311,144,-651
1,-1,0.0647488,SAN- 2,387,311,145,-650
3,-1,0.0647546,SAN- 2,387,311,148,-649
3,-1,0.0647837,SAN- 2,387,311,151,-648
3,-1,0.0648069,SAN- 2,387,311,154,-647
3,-1,0.0648301,SAN- 2,387,311,157,-646
3,-1,0.0648591,SAN- 2,387,311,160,-645
2,-1,0.064894,SAN- 2,387,311,162,-644
3,-1,0.0649114,SAN- 2,387,311,165,-643
3,-1,0.0649346,SAN- 2,387,311,168,-642
3,-1,0.0649636,SAN- 2,387,311,171,-641
3,-1,0.0649868,SAN- 2,387,311,174,-640
2,-1,0.0650159,SAN- 2,387,311,176,-639
3,-1,0.0650623,SAN- 2,387,311,179,-638
3,-1,0.0650855,SAN- 2,387,311,182,-637
3,-1,0.0651088,SAN- 2,387,311,185,-636
2,-1,0.0651494,SAN- 2,387,311,187,-635
3,-1,0.0651668,SAN- 2,387,311,190,-634
3,-1,0.0651958,SAN- 2,387,311,193,-633
3,-1,0.0652132,SAN- 2,387,311,196,-632
3,-1,0.0652365,SAN- 2,387,311,199,-631
3,-1,0.0652597,SAN- 2,387,311,202,-630
2,-1,0.0652945,SAN- 2,387,311,204,-629
3,-1,0.0653119,SAN- 2,387,311,207,-628
3,-1,0.0653351,SAN- 2,387,311,210,-627
3,-1,0.0653642,SAN- 2,387,311,213,-626
3,-1,0.0653874,SAN- 2,387,311,216,-625
2,-1,0.0654164,SAN- 2,387,311,218,-624
3,-1,0.0654803,SAN- 2,387,311,221,-623
3,-1,0.0654861,SAN- 2,387,311,224,-622
3,-1,0.0655209,SAN- 2,387,311,227,-621
2,-1,0.0655409,SAN- 2,387,311,229,-620
3,-1,0.0655673,SAN- 2,387,311,232,-619
3,-1,0.0655964,SAN- 2,387,311,235,-618
3,-1,0.0656312,SAN- 2,387,311,238,-617
3,-1,0.065637,SAN- 2,387,311,241,-616
2,-1,0.0656602,SAN- 2,387,311,243,-615
3,-1,0.0656951,SAN- 2,387,311,246,-614
3,-1,0.0657183,SAN- 2,387,311,249,-613
3,-1,0.0657473,SAN- 2,387,311,252,-612
3,-1,0.0657821,SAN- 2,387,311,255,-611
3,-1,0.0657879,SAN- 2,387,311,258,-610
2,-1,0.065817,SAN- 2,387,311,260,-609
3,-1,0.0658692,SAN- 2,387,311,263,-608
3,-1,0.0658924,SAN- 2,387,311,266,-607
3,-1,0.0659331,SAN- 2,387,311,269,-606
2,-1,0.0659389,SAN- 2,387,311,271,-605
3,-1,0.0659679,SAN- 2,387,311,274,-604
3,-1,0.0659969,SAN- 2,387,311,277,-603
3,-1,0.0660201,SAN- 2,387,311,280,-602
3,-1,0.0660434,SAN- 2,387,311,283,-601
2,-1,0.0660782,SAN- 2,387,311,285,-600
3,-1,0.0660956,SAN- 2,387,311,288,-599
3,-1,0.0661188,SAN- 2,387,311,291,-598
3,-1,0.0661478,SAN- 2,387,311,294,-597
3,-1,0.0661711,SAN- 2,387,311,297,-596
3,-1,0.0662001,SAN- 2,387,311,300,-595
2,-1,0.0662291,SAN- 2,387,311,302,-594
3,-1,0.0662698,SAN- 2,387,311,305,-593
3,-1,0.066293,SAN- 2,387,311,308,-592
3,-1,0.0663278,SAN- 2,387,311,311,-591
2,-1,0.066351,SAN- 2,387,311,313,-590
3,-1,0.06638,SAN- 2,387,311,316,-589
3,-1,0.0663975,SAN- 2,387,311,319,-588
3,-1,0.0664207,SAN- 2,387,311,322,-587
3,-1,0.0664439,SAN- 2,387,311,325,-586
2,-1,0.0664729,SAN- 2,387,311,327,-585
3,-1,0.0665078,SAN- 2,387,311,330,-584
3,-2,0.0665484,SAN- 2,387,311,333,-582
6,-1,0.0665716,SAN- 2,387,311,339,-581
3,-1,0.0665948,SAN- 2,387,311,342,-580
2,-1,0.0666297,SAN- 2,387,311,344,-579
3,-2,0.0667051,SAN- 2,387,311,347,-577
6,-1,0.0667225,SAN- 2,387,311,353,-576
2,-1,0.0667458,SAN- 2,387,311,355,-575
3,-1,0.0667748,SAN- 2,387,311,358,-574
3,-1,0.066798,SAN- 2,387,311,361,-573
3,-1,0.0668212,SAN- 2,387,311,364,-572
3,-1,0.0668444,SAN- 2,387,311,367,-571
2,-1,0.0668677,SAN- 2,387,311,369,-570
3,-1,0.0669025,SAN- 2,387,311,372,-569
3,-1,0.0669199,SAN- 2,387,311,375,-568
3,-1,0.0669431,SAN- 2,387,311,378,-567
3,-1,0.0669722,SAN- 2,387,311,381,-566
2,-1,0.0669954,SAN- 2,387,311,383,-565
3,-1,0.0670186,SAN- 2,387,311,386,-564
3,-1,0.0670824,SAN- 2,387,311,389,-563
3,-1,0.0670941,SAN- 2,387,311,392,-562
3,-1,0.0671173,SAN- 2,387,311,395,-561
2,-1,0.0671463,SAN- 2,387,311,397,-560
3,-1,0.0671695,SAN- 2,387,311,400,-559
3,-1,0.0672044,SAN- 2,387,311,403,-558
3,-1,0.0672218,SAN- 2,387,311,406,-557
3,-1,0.067245,SAN- 2,387,311,409,-556
2,-1,0.0672682,SAN- 2,387,311,411,-555
3,-1,0.0673088,SAN- 2,387,311,414,-554
3,-1,0.0673216,SAN- 2,387,311,417,-553
3,-1,0.0673553,SAN- 2,387,311,420,-552
3,-1,0.0673727,SAN- 2,387,311,423,-551
2,-1,0.0673959,SAN- 2,387,311,425,-550
3,-1,0.0674191,SAN- 2,387,311,428,-549
3,-1,0.0674772,SAN- 2,387,311,431,-548
3,-1,0.0675178,SAN- 2,387,311,434,-547
3,-1,0.0675236,SAN- 2,387,311,437,-546
2,-1,0.0675468,SAN- 2,387,311,439,-545
3,-1,0.0675759,SAN- 2,387,311,442,-544
3,-1,0.0676049,SAN- 2,387,311,445,-543
3,-1,0.0676223,SAN- 2,387,311,448,-542
3,-1,0.0676513,SAN- 2,387,311,451,-541
2,-1,0.0676688,SAN- 2,387,311,453,-540
3,-1,0.067692,SAN- 2,387,311,456,-539
3,-1,0.0677152,SAN- 2,387,311,459,-538
3,-1,0.06775,SAN- 2,387,311,462,-537
3,-1,0.067779,SAN- 2,387,311,465,-536
2,-1,0.0677965,SAN- 2,387,311,467,-535
3,-1,0.0678197,SAN- 2,387,311,470,-534
3,-1,0.0678661,SAN- 2,387,311,473,-533
3,-1,0.0678951,SAN- 2,387,311,476,-532
3,-1,0.0679358,SAN- 2,387,311,479,-531
2,-1,0.0679648,SAN- 2,387,311,481,-530
3,-1,0.0679706,SAN- 2,387,311,484,-529
3,-1,0.0679938,SAN- 2,387,311,487,-528
3,-1,0.0680229,SAN- 2,387,311,490,-527
3,-1,0.0680519,SAN- 2,387,311,493,-526
2,-1,0.0680693,SAN- 2,387,311,495,-525
3,-1,0.0681157,SAN- 2,387,311,498,-524
3,-1,0.0681273,SAN- 2,387,311,501,-523
3,-1,0.0681506,SAN- 2,387,311,504,-522
3,-1,0.0681796,SAN- 2,387,311,507,-521
2,-1,0.0682144,SAN- 2,387,311,509,-520
3,-1,0.0682202,SAN- 2,387,311,512,-519
3,-1,0.0682783,SAN- 2,387,311,515,-518
3,-1,0.0683015,SAN- 2,387,311,518,-517
2,-1,0.0683305,SAN- 2,387,311,520,-516
3,-1,0.0683712,SAN- 2,387,311,523,-515
3,-1,0.0683712,SAN- 2,387,311,526,-514
3,-1,0.0684002,SAN- 2,387,311,529,-513
3,-1,0.0684292,SAN- 2,387,311,532,-512
3,-1,0.0684524,SAN- 2,387,311,535,-511
2,-1,0.0684756,SAN- 2,387,311,537,-510
3,-1,0.0685163,SAN- 2,387,311,540,-509
3,-1,0.0685221,SAN- 2,387,311,543,-508
3,-1,0.0685569,SAN- 2,387,311,546,-507
3,-1,0.0685743,SAN- 2,387,311,549,-506
2,-1,0.0686034,SAN- 2,387,311,551,-505
3,-1,0.0686266,SAN- 2,387,311,554,-504
3,-1,0.0686788,SAN- 2,387,311,557,-503
3,-1,0.068702,SAN- 2,387,311,560,-502
3,-1,0.0687311,SAN- 2,387,311,563,-501
2,-1,0.0687793,SAN- 2,387,311,565,-500
3,-1,0.0688123,SAN- 2,387,311,568,-499
3,-1,0.0688298,SAN- 2,387,311,571,-498
3,-1,0.068853,SAN- 2,387,311,574,-497
3,-1,0.0688762,SAN- 2,387,311,577,-496
2,-1,0.0689076,SAN- 2,387,311,579,-495
3,-1,0.0689342,SAN- 2,387,311,582,-494
-1,-1,0.0787621,-TIA- 3,329,115,581,-493
-1,-1,0.0787911,-TIA- 3,329,115,580,-492
-1,-1,0.0788317,-TIA- 3,329,115,579,-491
-1,-1,0.0788557,-TIA- 3,329,115,578,-490
-1,-1,0.0789072,-TIA- 3,329,115,577,-489
-1,-1,0.0789362,-TIA- 3,329,115,576,-488
-1,-2,0.0789943,-TIA- 3,329,115,575,-486
-1,-2,0.0790117,-TIA- 3,329,115,574,-484
-1,-2,0.0790407,-TIA- 3,329,115,573,-482
-1,-2,0.0790581,-TIA- 3,329,115,572,-480
-1,-2,0.0790872,-TIA- 3,329,115,571,-478
-1,-1,0.079122,-TIA- 3,329,115,570,-477
-1,-2,0.0791452,-TIA- 3,329,115,569,-475
-1,-2,0.0791626,-TIA- 3,329,115,568,-473
-1,-2,0.0791917,-TIA- 3,329,115,567,-471
-1,-2,0.0792149,-TIA- 3,329,115,566,-469
-1,-2,0.0792323,-TIA- 3,329,115,565,-467
-1,-2,0.0792671,-TIA- 3,329,115,564,-465
-1,-1,0.0792961,-TIA- 3,329,115,563,-464
-1,-2,0.079331,-TIA- 3,329,115,562,-462
-1,-2,0.0793368,-TIA- 3,329,115,561,-460
-1,-2,0.0793658,-TIA- 3,329,115,560,-458
-1,-2,0.0793878,-TIA- 3,329,115,559,-456
-1,-2,0.079418,-TIA- 3,329,115,558,-454
-1,-2,0.0794413,-TIA- 3,329,115,557,-452
-1,-2,0.0794761,-TIA- 3,329,115,556,-450
-1,-1,0.0794935,-TIA- 3,329,115,555,-449
-1,-2,0.0795121,-TIA- 3,329,115,554,-447
-1,-2,0.0795458,-TIA- 3,329,115,553,-445
-1,-2,0.0795806,-TIA- 3,329,115,552,-443
-1,-2,0.0796038,-TIA- 3,329,115,551,-441
-1,-2,0.079627,-TIA- 3,329,115,550,-439
-1,-2,0.0796444,-TIA- 3,329,115,549,-437
-1,-2,0.0796677,-TIA- 3,329,115,548,-435
-1,-1,0.0796909,-TIA- 3,329,115,547,-434
-1,-2,0.0797315,-TIA- 3,329,115,546,-432
-1,-2,0.0797431,-TIA- 3,329,115,545,-430
-1,-2,0.0797722,-TIA- 3,329,115,544,-428
-1,-2,0.0797954,-TIA- 3,329,115,543,-426
-1,-2,0.0798186,-TIA- 3,329,115,542,-424
-1,-2,0.0798418,-TIA- 3,329,115,541,-422
-1,-2,0.0798766,-TIA- 3,329,115,540,-420
-1,-1,0.0798941,-TIA- 3,329,115,539,-419
-1,-2,0.0799231,-TIA- 3,329,115,538,-417
-1,-2,0.0799463,-TIA- 3,329,115,537,-415
-1,-2,0.0799695,-TIA- 3,329,115,536,-413
-1,-2,0.0799927,-TIA- 3,329,115,535,-411
-1,-2,0.0800276,-TIA- 3,329,115,534,-409
-1,-2,0.0800431,-TIA- 3,329,115,533,-407
-1,-2,0.080074,-TIA- 3,329,115,532,-405
-1,-1,0.0800972,-TIA- 3,329,115,531,-404
-1,-2,0.0801205,-TIA- 3,329,115,530,-402
-1,-2,0.0801495,-TIA- 3,329,115,529,-400
-1,-2,0.0801785,-TIA- 3,329,115,528,-398
-1,-2,0.0801959,-TIA- 3,329,115,527,-396
-1,-2,0.0802249,-TIA- 3,329,115,526,-394
-1,-2,0.080254,-TIA- 3,329,115,525,-392
-1,-1,0.0802717,-TIA- 3,329,115,524,-391
-1,-2,0.0803004,-TIA- 3,329,115,523,-389
-1,-2,0.0803294,-TIA- 3,329,115,522,-387
-1,-2,0.0803468,-TIA- 3,329,115,521,-385
-1,-2,0.0803701,-TIA- 3,329,115,520,-383
-1,-2,0.0804038,-TIA- 3,329,115,519,-381
-1,-2,0.0804223,-TIA- 3,329,115,518,-379
-1,-2,0.0804513,-TIA- 3,329,115,517,-377
-1,-1,0.0804746,-TIA- 3,329,115,516,-376
-1,-2,0.080492,-TIA- 3,329,115,515,-374
-1,-2,0.0805152,-TIA- 3,329,115,514,-372
-1,-2,0.0805442,-TIA- 3,329,115,513,-370
-1,-2,0.0805674,-TIA- 3,329,115,512,-368
-1,-2,0.0806023,-TIA- 3,329,115,511,-366
-1,-2,0.0806371,-TIA- 3,329,115,510,-364
-1,-2,0.0806487,-TIA- 3,329,115,509,-362
-1,-1,0.0806661,-TIA- 3,329,115,508,-361
-1,-2,0.0806893,-TIA- 3,329,115,507,-359
-1,-2,0.0807184,-TIA- 3,329,115,506,-357
-1,-2,0.0807532,-TIA- 3,329,115,505,-355
-1,-2,0.0807706,-TIA- 3,329,115,504,-353
-1,-2,0.0807938,-TIA- 3,329,115,503,-351
-1,-2,0.0808171,-TIA- 3,329,115,502,-349
-1,-2,0.0808403,-TIA- 3,329,115,501,-347
-1,-1,0.0808751,-TIA- 3,329,115,500,-346
-1,-2,0.0809041,-TIA- 3,329,115,499,-344
-1,-2,0.080939,-TIA- 3,329,115,498,-342
-1,-2,0.0809448,-TIA- 3,329,115,497,-340
-1,-2,0.080968,-TIA- 3,329,115,496,-338
-1,-2,0.0809912,-TIA- 3,329,115,495,-336
-1,-2,0.081026,-TIA- 3,329,115,494,-334
-1,-2,0.0810493,-TIA- 3,329,115,493,-332
-1,-1,0.0810783,-TIA- 3,329,115,492,-331
-1,-2,0.0810899,-TIA- 3,329,115,491,-329
-1,-2,0.0811131,-TIA- 3,329,115,490,-327
-1,-2,0.0811421,-TIA- 3,329,115,489,-325
-1,-2,0.081177,-TIA- 3,329,115,488,-323
-1,-2,0.0812002,-TIA- 3,329,115,487,-321
-1,-2,0.0812292,-TIA- 3,329,115,486,-319
-1,-2,0.081235,-TIA- 3,329,115,485,-317
-1,-1,0.0812582,-TIA- 3,329,115,484,-316
-1,-2,0.0812874,-TIA- 3,329,115,483,-314
-1,-2,0.0813221,-TIA- 3,329,115,482,-312
-1,-2,0.0813337,-TIA- 3,329,115,481,-310
-1,-2,0.0813685,-TIA- 3,329,115,480,-308
-1,-2,0.0813859,-TIA- 3,329,115,479,-306
-1,-2,0.0814092,-TIA- 3,329,115,478,-304
-1,-1,0.0814324,-TIA- 3,329,115,477,-303
-1,-2,0.0814788,-TIA- 3,329,115,476,-301
-1,-2,0.0814788,-TIA- 3,329,115,475,-299
-1,-2,0.0815137,-TIA- 3,329,115,474,-297
-1,-2,0.0815369,-TIA- 3,329,115,473,-295
-1,-2,0.0815601,-TIA- 3,329,115,472,-293
-1,-2,0.0815885,-TIA- 3,329,115,471,-291
-1,-2,0.0816181,-TIA- 3,329,115,470,-289
-1,-1,0.0816356,-TIA- 3,329,115,469,-288
-1,-2,0.0816704,-TIA- 3,329,115,468,-286
-1,-2,0.0816878,-TIA- 3,329,115,467,-284
-1,-2,0.0817112,-TIA- 3,329,115,466,-282
-1,-2,0.0817459,-TIA- 3,329,115,465,-280
-1,-2,0.0817691,-TIA- 3,329,115,464,-278
-1,-2,0.0817865,-TIA- 3,329,115,463,-276
-1,-1,0.0818097,-TIA- 3,329,115,462,-275
-1,-2,0.0818445,-TIA- 3,329,115,461,-273
-1,-2,0.0818678,-TIA- 3,329,115,460,-271
-1,-2,0.081891,-TIA- 3,329,115,459,-269
-1,-2,0.0819258,-TIA- 3,329,115,458,-267
-1,-2,0.0819374,-TIA- 3,329,115,457,-265
-1,-2,0.0819606,-TIA- 3,329,115,456,-263
-1,-2,0.0819955,-TIA- 3,329,115,455,-261
-1,-1,0.0820187,-TIA- 3,329,115,454,-260
-1,-2,0.0820419,-TIA- 3,329,115,453,-258
-1,-2,0.0820651,-TIA- 3,329,115,452,-256
-1,-2,0.0821058,-TIA- 3,329,115,451,-254
-1,-2,0.0821116,-TIA- 3,329,115,450,-252
-1,-2,0.0821393,-TIA- 3,329,115,449,-250
-1,-2,0.0821696,-TIA- 3,329,115,448,-248
-1,-2,0.0821928,-TIA- 3,329,115,447,-246
-1,-1,0.0822161,-TIA- 3,329,115,446,-245
-1,-2,0.0822567,-TIA- 3,329,115,445,-243
-1,-2,0.0822683,-TIA- 3,329,115,444,-241
-1,-2,0.0822915,-TIA- 3,329,115,443,-239
-1,-2,0.0823205,-TIA- 3,329,115,442,-237
-1,-2,0.0823554,-TIA- 3,329,115,441,-235
-1,-2,0.0823728,-TIA- 3,329,115,440,-233
-1,-2,0.082396,-TIA- 3,329,115,439,-231
-1,-1,0.0824192,-TIA- 3,329,115,438,-230
-1,-2,0.0824308,-TIA- 3,329,115,437,-228
-1,-2,0.0824657,-TIA- 3,329,115,436,-226
-1,-2,0.0824889,-TIA- 3,329,115,435,-224
-1,-2,0.0825121,-TIA- 3,329,115,434,-222
-1,-2,0.0825353,-TIA- 3,329,115,433,-220
-1,-2,0.0825644,-TIA- 3,329,115,432,-218
-1,-2,0.0825876,-TIA- 3,329,115,431,-216
-1,-1,0.0826108,-TIA- 3,329,115,430,-215
-1,-2,0.0826514,-TIA- 3,329,115,429,-213
-1,-2,0.0826805,-TIA- 3,329,115,428,-211
-1,-2,0.0826979,-TIA- 3,329,115,427,-209
-1,-2,0.0827153,-TIA- 3,329,115,426,-207
-1,-2,0.0827385,-TIA- 3,329,115,425,-205
-1,-2,0.0827675,-TIA- 3,329,115,424,-203
-1,-2,0.0828024,-TIA- 3,329,115,423,-201
-1,-1,0.0828372,-TIA- 3,329,115,422,-200
-1,-2,0.0828546,-TIA- 3,329,115,421,-198
-1,-2,0.0828662,-TIA- 3,329,115,420,-196
-1,-2,0.0828894,-TIA- 3,329,115,419,-194
-1,-2,0.0829127,-TIA- 3,329,115,418,-192
-1,-2,0.0829359,-TIA- 3,329,115,417,-190
-1,-2,0.0829631,-TIA- 3,329,115,416,-188
-1,-2,0.0829881,-TIA- 3,329,115,415,-186
-1,-1,0.0830055,-TIA- 3,329,115,414,-185
-1,-2,0.0830288,-TIA- 3,329,115,413,-183
-1,-2,0.0830404,-TIA- 3,329,115,412,-181
-1,-2,0.0830752,-TIA- 3,329,115,411,-179
-1,-2,0.0831042,-TIA- 3,329,115,410,-177
-1,-2,0.083139,-TIA- 3,329,115,409,-175
-1,-2,0.0831507,-TIA- 3,329,115,408,-173
-1,-2,0.0831739,-TIA- 3,329,115,407,-171
-1,-1,0.0832029,-TIA- 3,329,115,406,-170
-1,-2,0.0832203,-TIA- 3,329,115,405,-168
-1,-2,0.0832435,-TIA- 3,329,115,404,-166
-1,-2,0.0832726,-TIA- 3,329,115,403,-164
-1,-2,0.0833016,-TIA- 3,329,115,402,-162
-1,-2,0.0833248,-TIA- 3,329,115,401,-160
-1,-2,0.0833538,-TIA- 3,329,115,400,-158
-1,-2,0.0833771,-TIA- 3,329,115,399,-156
-1,-1,0.0833945,-TIA- 3,329,115,398,-155
-1,-2,0.0834293,-TIA- 3,329,115,397,-153
-1,-2,0.0834525,-TIA- 3,329,115,396,-151
-1,-2,0.0834757,-TIA- 3,329,115,395,-149
-1,-2,0.0835071,-TIA- 3,329,115,394,-147
-1,-2,0.0835396,-TIA- 3,329,115,393,-145
-1,-2,0.0835454,-TIA- 3,329,115,392,-143
-1,-1,0.0835802,-TIA- 3,329,115,391,-142
-1,-2,0.0836034,-TIA- 3,329,115,390,-140
-1,-2,0.0836267,-TIA- 3,329,115,389,-138
-1,-2,0.0836615,-TIA- 3,329,115,388,-136
-1,-2,0.0836847,-TIA- 3,329,115,387,-134
-1,-2,0.0836905,-TIA- 3,329,115,386,-132
-1,-2,0.0837137,-TIA- 3,329,115,385,-130
-1,-2,0.0837486,-TIA- 3,329,115,384,-128
-1,-1,0.0837776,-TIA- 3,329,115,383,-127
-1,-2,0.0838124,-TIA- 3,329,115,382,-125
-1,-2,0.0838182,-TIA- 3,329,115,381,-123
-1,-2,0.0838415,-TIA- 3,329,115,380,-121
-1,-2,0.0838647,-TIA- 3,329,115,379,-119
-1,-2,0.0838995,-TIA- 3,329,115,378,-117
-1,-2,0.0839227,-TIA- 3,329,115,377,-115
-1,-1,0.0839567,-TIA- 3,329,115,376,-114
-1,-2,0.0839634,-TIA- 3,329,115,375,-112
-1,-2,0.0839866,-TIA- 3,329,115,374,-110
-1,-2,0.0840098,-TIA- 3,329,115,373,-108
-1,-2,0.0840388,-TIA- 3,329,115,372,-106
-1,-2,0.0840737,-TIA- 3,329,115,371,-104
-1,-2,0.0840911,-TIA- 3,329,115,370,-102
-1,-2,0.0841143,-TIA- 3,329,115,369,-100
-1,-1,0.0841375,-TIA- 3,329,115,368,-99
-1,-2,0.0841607,-TIA- 3,329,115,367,-97
-1,-2,0.0841898,-TIA- 3,329,115,366,-95
-1,-2,0.0842246,-TIA- 3,329,115,365,-93
-1,-2,0.084242,-TIA- 3,329,115,364,-91
-1,-2,0.0842652,-TIA- 3,329,115,363,-89
-1,-2,0.0842884,-TIA- 3,329,115,362,-87
-1,-1,0.0843233,-TIA- 3,329,115,361,-86
-1,-4,0.0843581,-TIA- 3,329,115,360,-82
-1,-2,0.0843929,-TIA- 3,329,115,359,-80
-1,-2,0.0844161,-TIA- 3,329,115,358,-78
-1,-2,0.0844394,-TIA- 3,329,115,357,-76
-1,-2,0.0844742,-TIA- 3,329,115,356,-74
-1,-2,0.0845032,-TIA- 3,329,115,355,-72
-1,-1,0.0845497,-TIA- 3,329,115,354,-71
-1,1,0.0939131,GO 4,282,431,353,-72
-1,1,0.0939654,GO 4,282,431,352,-73
-1,1,0.094006,GO 4,282,431,351,-74
-2,2,0.094006,GO 4,282,431,349,-76
-2,2,0.094027,GO 4,282,431,347,-78
-2,2,0.0940582,GO 4,282,431,345,-80
-1,2,0.0940815,GO 4,282,431,344,-82
-2,2,0.0941221,GO 4,282,431,342,-84
-2,3,0.0941543,GO 4,282,431,340,-87
-4,2,0.0941859,GO 4,282,431,336,-89
-2,2,0.0942208,GO 4,282,431,334,-91
-2,2,0.0942556,GO 4,282,431,332,-93
-2,4,0.0942846,GO 4,282,431,330,-97
-3,2,0.0943078,GO 4,282,431,327,-99
-2,1,0.0943311,GO 4,282,431,325,-100
-2,2,0.0943601,GO 4,282,431,323,-102
-2,2,0.0944007,GO 4,282,431,321,-104
-2,4,0.0944356,GO 4,282,431,319,-108
-4,2,0.0944588,GO 4,282,431,315,-110
-1,2,0.0944878,GO 4,282,431,314,-112
-2,2,0.0945168,GO 4,282,431,312,-114
-2,1,0.0945459,GO 4,282,431,310,-115
-2,3,0.094578,GO 4,282,431,308,-118
-2,3,0.0945865,GO 4,282,431,306,-121
-2,3,0.0946097,GO 4,282,431,304,-124
-2,3,0.0946329,GO 4,282,431,302,-127
-2,3,0.0946678,GO 4,282,431,300,-130
-1,2,0.094691,GO 4,282,431,299,-132
-2,3,0.0947258,GO 4,282,431,297,-135
-2,3,0.0947316,GO 4,282,431,295,-138
-2,3,0.0947548,GO 4,282,431,293,-141
-1,3,0.094778,GO 4,282,431,292,-144
-1,2,0.0948129,GO 4,282,431,291,-146
-1,3,0.0948303,GO 4,282,431,290,-149
-1,3,0.0948767,GO 4,282,431,289,-152
-1,3,0.0948825,GO 4,282,431,288,-155
-1,3,0.0949058,GO 4,282,431,287,-158
-1,2,0.0949406,GO 4,282,431,286,-160
-1,3,0.0949638,GO 4,282,431,285,-163
-1,3,0.0949812,GO 4,282,431,284,-166
-1,3,0.0950044,GO 4,282,431,283,-169
-1,3,0.0950335,GO 4,282,431,282,-172
-1,3,0.0950567,GO 4,282,431,281,-175
-1,4,0.0950915,GO 4,282,431,280,-179
-1,4,0.0951147,GO 4,282,431,279,-183
-1,4,0.0951322,GO 4,282,431,278,-187
-1,3,0.0951554,GO 4,282,431,277,-190
-1,4,0.0951902,GO 4,282,431,276,-194
-1,4,0.0952134,GO 4,282,431,275,-198
-1,4,0.0952483,GO 4,282,431,274,-202
-1,3,0.0952773,GO 4,282,431,273,-205
-1,4,0.0952831,GO 4,282,431,272,-209
-1,4,0.0953063,GO 4,282,431,271,-213
-1,3,0.0953411,GO 4,282,431,270,-216
-1,3,0.0953818,GO 4,282,431,269,-219
-1,2,0.0953934,GO 4,282,431,268,-221
-1,3,0.0954108,GO 4,282,431,267,-224
-1,3,0.0954398,GO 4,282,431,266,-227
-1,3,0.0954573,GO 4,282,431,265,-230
-1,3,0.0954921,GO 4,282,431,264,-233
-1,2,0.0955211,GO 4,282,431,263,-235
-1,3,0.0955501,GO 4,282,431,262,-238
-1,3,0.0955559,GO 4,282,431,261,-241
-1,3,0.0955733,GO 4,282,431,260,-244
-1,3,0.0956024,GO 4,282,431,259,-247
-1,3,0.0956314,GO 4,282,431,258,-250
-1,2,0.0956604,GO 4,282,431,257,-252
-1,3,0.0956952,GO 4,282,431,256,-255
-1,3,0.095701,GO 4,282,431,255,-258
-1,3,0.0957243,GO 4,282,431,254,-261
-1,3,0.095749,GO 4,282,431,253,-264
-1,2,0.0957765,GO 4,282,431,252,-266
-1,3,0.0958055,GO 4,282,431,251,-269
-1,3,0.095852,GO 4,282,431,250,-272
-1,3,0.095852,GO 4,282,431,249,-275
-1,3,0.095881,GO 4,282,431,248,-278
-1,2,0.09591,GO 4,282,431,247,-280
-1,3,0.0959274,GO 4,282,431,246,-283
-1,4,0.095939,GO 4,282,431,245,-287
-1,4,0.0959739,GO 4,282,431,244,-291
-1,4,0.0959971,GO 4,282,431,243,-295
-1,3,0.0960203,GO 4,282,431,242,-298
-1,4,0.0960551,GO 4,282,431,241,-302
-1,4,0.0960842,GO 4,282,431,240,-306
-1,4,0.0960958,GO 4,282,431,239,-310
-1,3,0.096119,GO 4,282,431,238,-313
-1,4,0.096148,GO 4,282,431,237,-317
-1,4,0.0961712,GO 4,282,431,236,-321
-1,4,0.0962061,GO 4,282,431,235,-325
-1,3,0.0962235,GO 4,282,431,234,-328
-1,4,0.0962467,GO 4,282,431,233,-332
-1,4,0.0962699,GO 4,282,431,232,-336
-1,4,0.096299,GO 4,282,431,231,-340
-1,3,0.0963338,GO 4,282,431,230,-343
-1,4,0.0963628,GO 4,282,431,229,-347
-1,4,0.0963744,GO 4,282,431,228,-351
-1,4,0.0963976,GO 4,282,431,227,-355
-1,3,0.0964209,GO 4,282,431,226,-358
-1,4,0.0964595,GO 4,282,431,225,-362
-1,4,0.0964847,GO 4,282,431,224,-366
-1,4,0.0965195,GO 4,282,431,223,-370
-1,3,0.0965254,GO 4,282,431,222,-373
-1,4,0.0965486,GO 4,282,431,221,-377
-1,4,0.0965776,GO 4,282,431,220,-381
-1,4,0.0966066,GO 4,282,431,219,-385
-1,3,0.0966356,GO 4,282,431,218,-388
-1,4,0.0966705,GO 4,282,431,217,-392
-1,4,0.0966821,GO 4,282,431,216,-396
-1,4,0.0966995,GO 4,282,431,215,-400
-1,3,0.0967227,GO 4,282,431,214,-403
-1,4,0.0967517,GO 4,282,431,213,-407
-1,4,0.0967808,GO 4,282,431,212,-411
-1,4,0.0968156,GO 4,282,431,211,-415
-1,3,0.096833,GO 4,282,431,210,-418
-1,4,0.0968504,GO 4,282,431,209,-422
-1,4,0.0968795,GO 4,282,431,208,-426
-1,4,0.0969085,GO 4,282,431,207,-430
-1,3,0.0969317,GO 4,282,431,206,-433
-1,4,0.0969723,GO 4,282,431,205,-437
-1,4,0.0969839,GO 4,282,431,204,-441
-1,4,0.0970072,GO 4,282,431,203,-445
-1,3,0.0970304,GO 4,282,431,202,-448
-1,4,0.0970594,GO 4,282,431,201,-452
-1,4,0.0970884,GO 4,282,431,200,-456
-1,4,0.0971175,GO 4,282,431,199,-460
-1,3,0.0971349,GO 4,282,431,198,-463
-1,4,0.0971581,GO 4,282,431,197,-467
-1,4,0.0971871,GO 4,282,431,196,-471
-1,4,0.0972161,GO 4,282,431,195,-475
-1,3,0.0972394,GO 4,282,431,194,-478
-1,4,0.0972568,GO 4,282,431,193,-482
-1,4,0.0972858,GO 4,282,431,192,-486
-1,4,0.097309,GO 4,282,431,191,-490
-1,3,0.0973322,GO 4,282,431,190,-493
-1,4,0.0973671,GO 4,282,431,189,-497
-1,4,0.0973903,GO 4,282,431,188,-501
-1,4,0.0974077,GO 4,282,431,187,-505
-1,3,0.0974367,GO 4,282,431,186,-508
-1,4,0.09746,GO 4,282,431,185,-512
-1,4,0.0974832,GO 4,282,431,184,-516
-1,4,0.0975238,GO 4,282,431,183,-520
-1,3,0.097547,GO 4,282,431,182,-523
-1,4,0.0975586,GO 4,282,431,181,-527
-1,4,0.0975819,GO 4,282,431,180,-531
-1,4,0.0976167,GO 4,282,431,179,-535
-1,3,0.0976399,GO 4,282,431,178,-538
-1,4,0.0976631,GO 4,282,431,177,-542
-1,4,0.0976922,GO 4,282,431,176,-546
-1,3,0.0977038,GO 4,282,431,175,-549
-1,2,0.097727,GO 4,282,431,174,-551
-1,3,0.097756,GO 4,282,431,173,-554
-1,2,0.0977792,GO 4,282,431,172,-556
-1,2,0.0978083,GO 4,282,431,171,-558
-1,1,0.0978373,GO 4,282,431,170,-559
-1,1,0.0978489,GO 4,282,431,169,-560
-1,-1,0.108797,FRAY 5,338,307,168,-559
-1,-1,0.108855,FRAY 5,338,307,167,-558
1,-1,0.108873,FRAY 5,338,307,168,-557
1,-1,0.108896,FRAY 5,338,307,169,-556
1,-1,0.108919,FRAY 5,338,307,170,-555
1,-1,0.108948,FRAY 5,338,307,171,-554
1,-1,0.108977,FRAY 5,338,307,172,-553
1,-2,0.109006,FRAY 5,338,307,173,-551
1,-2,0.109023,FRAY 5,338,307,174,-549
1,-2,0.109047,FRAY 5,338,307,175,-547
1,-2,0.10907,FRAY 5,338,307,176,-545
1,-2,0.109105,FRAY 5,338,307,177,-543
1,-2,0.109134,FRAY 5,338,307,178,-541
1,-1,0.109157,FRAY 5,338,307,179,-540
1,-2,0.10918,FRAY 5,338,307,180,-538
1,-2,0.109198,FRAY 5,338,307,181,-536
1,-2,0.109227,FRAY 5,338,307,182,-534
1,-2,0.109256,FRAY 5,338,307,183,-532
1,-2,0.109285,FRAY 5,338,307,184,-530
1,-2,0.10932,FRAY 5,338,307,185,-528
1,-2,0.109325,FRAY 5,338,307,186,-526
1,-1,0.109354,FRAY 5,338,307,187,-525
1,-2,0.109366,FRAY 5,338,307,188,-523
1,-2,0.109401,FRAY 5,338,307,189,-521
1,-2,0.10943,FRAY 5,338,307,190,-519
1,-2,0.109465,FRAY 5,338,307,191,-517
1,-2,0.109476,FRAY 5,338,307,192,-515
1,-2,0.1095,FRAY 5,338,307,193,-513
1,-2,0.109523,FRAY 5,338,307,194,-511
1,-1,0.109552,FRAY 5,338,307,195,-510
1,-2,0.109575,FRAY 5,338,307,196,-508
1,-2,0.109616,FRAY 5,338,307,197,-506
1,-2,0.109627,FRAY 5,338,307,198,-504
1,-2,0.10965,FRAY 5,338,307,199,-502
1,-2,0.109674,FRAY 5,338,307,200,-500
1,-2,0.109697,FRAY 5,338,307,201,-498
1,-2,0.109732,FRAY 5,338,307,202,-496
1,-1,0.109743,FRAY 5,338,307,203,-495
1,-2,0.109778,FRAY 5,338,307,204,-493
1,-2,0.109801,FRAY 5,338,307,205,-491
1,-2,0.109836,FRAY 5,338,307,206,-489
1,-2,0.109848,FRAY 5,338,307,207,-487
1,-2,0.109883,FRAY 5,338,307,208,-485
1,-2,0.109899,FRAY 5,338,307,209,-483
1,-2,0.109923,FRAY 5,338,307,210,-481
1,-1,0.109946,FRAY 5,338,307,211,-480
1,-2,0.10997,FRAY 5,338,307,212,-478
1,-2,0.109993,FRAY 5,338,307,213,-476
1,-2,0.11001,FRAY 5,338,307,214,-474
1,-2,0.110034,FRAY 5,338,307,215,-472
1,-2,0.110057,FRAY 5,338,307,216,-470
1,-2,0.110092,FRAY 5,338,307,217,-468
1,-2,0.110115,FRAY 5,338,307,218,-466
1,-1,0.110144,FRAY 5,338,307,219,-465
1,-2,0.110161,FRAY 5,338,307,220,-463
1,-2,0.110184,FRAY 5,338,307,221,-461
1,-2,0.110202,FRAY 5,338,307,222,-459
1,-2,0.110237,FRAY 5,338,307,223,-457
1,-2,0.11026,FRAY 5,338,307,224,-455
1,-2,0.110289,FRAY 5,338,307,225,-453
1,-2,0.110306,FRAY 5,338,307,226,-451
1,-1,0.11033,FRAY 5,338,307,227,-450
1,-2,0.110364,FRAY 5,338,307,228,-448
1,-2,0.110376,FRAY 5,338,307,229,-446
1,-2,0.110411,FRAY 5,338,307,230,-444
1,-2,0.11044,FRAY 5,338,307,231,-442
1,-2,0.110475,FRAY 5,338,307,232,-440
1,-2,0.110481,FRAY 5,338,307,233,-438
1,-2,0.110504,FRAY 5,338,307,234,-436
1,-1,0.110527,FRAY 5,338,307,235,-435
1,-2,0.110562,FRAY 5,338,307,236,-433
1,-2,0.110597,FRAY 5,338,307,237,-431
1,-2,0.110608,FRAY 5,338,307,238,-429
1,-2,0.110637,FRAY 5,338,307,239,-427
1,-2,0.11066,FRAY 5,338,307,240,-425
1,-2,0.11069,FRAY 5,338,307,241,-423
1,-2,0.110713,FRAY 5,338,307,242,-421
1,-1,0.110742,FRAY 5,338,307,243,-420
1,-2,0.110759,FRAY 5,338,307,244,-418
1,-2,0.110777,FRAY 5,338,307,245,-416
1,-2,0.110794,FRAY 5,338,307,246,-414
1,-2,0.110817,FRAY 5,338,307,247,-412
1,-2,0.110846,FRAY 5,338,307,248,-410
1,-2,0.110858,FRAY 5,338,307,249,-408
1,-2,0.110875,FRAY 5,338,307,250,-406
1,-1,0.11089,FRAY 5,338,307,251,-405
1,-2,0.11091,FRAY 5,338,307,252,-403
1,-2,0.110933,FRAY 5,338,307,253,-401
1,-2,0.110957,FRAY 5,338,307,254,-399
1,-2,0.110986,FRAY 5,338,307,255,-397
1,-2,0.110991,FRAY 5,338,307,256,-395
1,-2,0.111009,FRAY 5,338,307,257,-393
1,-2,0.111026,FRAY 5,338,307,258,-391
1,-1,0.111047,FRAY 5,338,307,259,-390
1,-2,0.111073,FRAY 5,338,307,260,-388
1,-2,0.111084,FRAY 5,338,307,261,-386
1,-2,0.111113,FRAY 5,338,307,262,-384
1,-2,0.111125,FRAY 5,338,307,263,-382
1,-2,0.111142,FRAY 5,338,307,264,-380
1,-2,0.111166,FRAY 5,338,307,265,-378
1,-2,0.111189,FRAY 5,338,307,266,-376
1,-1,0.1112,FRAY 5,338,307,267,-375
1,-2,0.111229,FRAY 5,338,307,268,-373
1,-2,0.111247,FRAY 5,338,307,269,-371
1,-2,0.111269,FRAY 5,338,307,270,-369
1,-2,0.111293,FRAY 5,338,307,271,-367
1,-2,0.111316,FRAY 5,338,307,272,-365
1,-2,0.111328,FRAY 5,338,307,273,-363
1,-2,0.111345,FRAY 5,338,307,274,-361
1,-1,0.111363,FRAY 5,338,307,275,-360
1,-2,0.111392,FRAY 5,338,307,276,-358
1,-2,0.111415,FRAY 5,338,307,277,-356
1,-2,0.111421,FRAY 5,338,307,278,-354
1,-2,0.111444,FRAY 5,338,307,279,-352
1,-2,0.11145,FRAY 5,338,307,280,-350
1,-2,0.111474,FRAY 5,338,307,281,-348
1,-2,0.111502,FRAY 5,338,307,282,-346
1,-1,0.11152,FRAY 5,338,307,283,-345
1,-2,0.111531,FRAY 5,338,307,284,-343
1,-2,0.111549,FRAY 5,338,307,285,-341
1,-2,0.111572,FRAY 5,338,307,286,-339
1,-2,0.111589,FRAY 5,338,307,287,-337
1,-2,0.111613,FRAY 5,338,307,288,-335
1,-2,0.111642,FRAY 5,338,307,289,-333
1,-2,0.111653,FRAY 5,338,307,290,-331
1,-1,0.111671,FRAY 5,338,307,291,-330
1,-2,0.111694,FRAY 5,338,307,292,-328
1,-2,0.111723,FRAY 5,338,307,293,-326
1,-6,0.111769,FRAY 5,338,307,294,-320
3,-2,0.111789,FRAY 5,338,307,297,-318
1,-2,0.111816,FRAY 5,338,307,298,-316
1,-1,0.111833,FRAY 5,338,307,299,-315
1,-2,0.111862,FRAY 5,338,307,300,-313
1,-2,0.111868,FRAY 5,338,307,301,-311
1,-1,0.111891,FRAY 5,338,307,302,-310
1,-1,0.111914,FRAY 5,338,307,303,-309
1,-1,0.111943,FRAY 5,338,307,304,-308
-1,-1,0.123623,SAN- 6,280,234,303,-307
-1,-1,0.123646,SAN- 6,280,234,302,-306
-1,-1,0.123669,SAN- 6,280,234,301,-305
-1,-1,0.123699,SAN- 6,280,234,300,-304
-1,-1,0.123739,SAN- 6,280,234,299,-303
-1,-1,0.123765,SAN- 6,280,234,298,-302
-1,-1,0.123797,SAN- 6,280,234,297,-301
-1,-1,0.12382,SAN- 6,280,234,296,-300
-1,-1,0.123884,SAN- 6,280,234,295,-299
-1,-1,0.123896,SAN- 6,280,234,294,-298
-1,-1,0.123919,SAN- 6,280,234,293,-297
-1,-2,0.123948,SAN- 6,280,234,292,-295
-1,-2,0.123971,SAN- 6,280,234,291,-293
-1,-1,0.123995,SAN- 6,280,234,290,-292
-1,-2,0.124029,SAN- 6,280,234,289,-290
-1,-2,0.124047,SAN- 6,280,234,288,-288
-1,-2,0.12407,SAN- 6,280,234,287,-286
-1,-2,0.124099,SAN- 6,280,234,286,-284
-1,-2,0.124122,SAN- 6,280,234,285,-282
-1,-2,0.124157,SAN- 6,280,234,284,-280
-1,-2,0.124175,SAN- 6,280,234,283,-278
-1,-1,0.124198,SAN- 6,280,234,282,-277
-1,-2,0.124227,SAN- 6,280,234,281,-275
-1,-2,0.124256,SAN- 6,280,234,280,-273
-1,-2,0.124285,SAN- 6,280,234,279,-271
-1,-2,0.12432,SAN- 6,280,234,278,-269
-1,-2,0.124325,SAN- 6,280,234,277,-267
-2,-2,0.124349,SAN- 6,280,234,275,-265
-1,-2,0.124372,SAN- 6,280,234,274,-263
-2,-1,0.124407,SAN- 6,280,234,272,-262
-2,-2,0.124436,SAN- 6,280,234,270,-260
-2,-2,0.124471,SAN- 6,280,234,268,-258
-2,-2,0.124476,SAN- 6,280,234,266,-256
-2,-2,0.124505,SAN- 6,280,234,264,-254
-2,-2,0.124534,SAN- 6,280,234,262,-252
-2,-2,0.124558,SAN- 6,280,234,260,-250
-1,-2,0.124573,SAN- 6,280,234,259,-248
-2,-1,0.124616,SAN- 6,280,234,257,-247
-2,-2,0.124633,SAN- 6,280,234,255,-245
-2,-2,0.124645,SAN- 6,280,234,253,-243
-2,-2,0.124668,SAN- 6,280,234,251,-241
-2,-2,0.124691,SAN- 6,280,234,249,-239
-2,-2,0.124726,SAN- 6,280,234,247,-237
-2,-2,0.124755,SAN- 6,280,234,245,-235
-1,-2,0.124778,SAN- 6,280,234,244,-233
-2,-1,0.124796,SAN- 6,280,234,242,-232
-2,-2,0.124819,SAN- 6,280,234,240,-230
-2,-2,0.124842,SAN- 6,280,234,238,-228
-2,-2,0.124865,SAN- 6,280,234,236,-226
-2,-2,0.124894,SAN- 6,280,234,234,-224
-2,-2,0.124929,SAN- 6,280,234,232,-222
-2,-2,0.124935,SAN- 6,280,234,230,-220
-1,-2,0.124958,SAN- 6,280,234,229,-218
-2,-1,0.124981,SAN- 6,280,234,227,-217
-2,-2,0.125016,SAN- 6,280,234,225,-215
-2,-2,0.125051,SAN- 6,280,234,223,-213
-2,-2,0.12508,SAN- 6,280,234,221,-211
-2,-2,0.125086,SAN- 6,280,234,219,-209
-2,-2,0.12511,SAN- 6,280,234,217,-207
-2,-2,0.125134,SAN- 6,280,234,215,-205
-1,-2,0.125161,SAN- 6,280,234,214,-203
-2,-1,0.125185,SAN- 6,280,234,212,-202
-2,-2,0.125202,SAN- 6,280,234,210,-200
-2,-2,0.125233,SAN- 6,280,234,208,-198
-2,-2,0.12526,SAN- 6,280,234,206,-196
-2,-2,0.125283,SAN- 6,280,234,204,-194
-2,-2,0.125306,SAN- 6,280,234,202,-192
-2,-2,0.125336,SAN- 6,280,234,200,-190
-1,-2,0.125353,SAN- 6,280,234,199,-188
-2,-1,0.125376,SAN- 6,280,234,197,-187
-2,-2,0.125405,SAN- 6,280,234,195,-185
-2,-2,0.125434,SAN- 6,280,234,193,-183
-2,-2,0.125452,SAN- 6,280,234,191,-181
-2,-2,0.125475,SAN- 6,280,234,189,-179
-1,-2,0.125492,SAN- 6,280,234,188,-177
-1,-2,0.125515,SAN- 6,280,234,187,-175
-1,-2,0.125544,SAN- 6,280,234,186,-173
-1,-1,0.125579,SAN- 6,280,234,185,-172
-1,-2,0.125614,SAN- 6,280,234,184,-170
-1,-2,0.125626,SAN- 6,280,234,183,-168
-1,-2,0.125643,SAN- 6,280,234,182,-166
-1,-2,0.125666,SAN- 6,280,234,181,-164
-1,-2,0.125701,SAN- 6,280,234,180,-162
-1,-1,0.125724,SAN- 6,280,234,179,-161
-1,-1,0.125771,SAN- 6,280,234,178,-160
-2,-1,0.138652,-TIA- 7,9,200,176,-159
-3,-1,0.138675,-TIA- 7,9,200,173,-158
-2,-1,0.138699,-TIA- 7,9,200,171,-157
-3,-1,0.138728,-TIA- 7,9,200,168,-156
-3,-1,0.138757,-TIA- 7,9,200,165,-155
-3,-1,0.138786,-TIA- 7,9,200,162,-154
-3,-1,0.13882,-TIA- 7,9,200,159,-153
-2,-1,0.138826,-TIA- 7,9,200,157,-152
-3,-1,0.13885,-TIA- 7,9,200,154,-151
-3,-1,0.138884,-TIA- 7,9,200,151,-150
-3,-1,0.138908,-TIA- 7,9,200,148,-149
-3,-1,0.138942,-TIA- 7,9,200,145,-148
-3,-1,0.138971,-TIA- 7,9,200,142,-147
-3,-1,0.139006,-TIA- 7,9,200,139,-146
-3,-1,0.139035,-TIA- 7,9,200,136,-145
-3,-1,0.139059,-TIA- 7,9,200,133,-144
-3,-1,0.139082,-TIA- 7,9,200,130,-143
-2,-1,0.139122,-TIA- 7,9,200,128,-142
-3,-1,0.139134,-TIA- 7,9,200,125,-141
-3,-1,0.139157,-TIA- 7,9,200,122,-140
-3,-1,0.139186,-TIA- 7,9,200,119,-139
-4,-1,0.139215,-TIA- 7,9,200,115,-138
-3,-1,0.139238,-TIA- 7,9,200,112,-137
-4,-1,0.139262,-TIA- 7,9,200,108,-136
-4,-1,0.139279,-TIA- 7,9,200,104,-135
-4,-1,0.139302,-TIA- 7,9,200,100,-134
-3,-1,0.139343,-TIA- 7,9,200,97,-133
-4,-1,0.139366,-TIA- 7,9,200,93,-132
-4,-1,0.139413,-TIA- 7,9,200,89,-131
-3,-1,0.13943,-TIA- 7,9,200,86,-130
-4,-1,0.139453,-TIA- 7,9,200,82,-129
-4,-1,0.139488,-TIA- 7,9,200,78,-128
-4,-1,0.139523,-TIA- 7,9,200,74,-127
-3,-1,0.13954,-TIA- 7,9,200,71,-126
-4,-1,0.139569,-TIA- 7,9,200,67,-125
-4,-1,0.139587,-TIA- 7,9,200,63,-124
-4,-1,0.13961,-TIA- 7,9,200,59,-123
-3,-1,0.139633,-TIA- 7,9,200,56,-122
-4,-1,0.139662,-TIA- 7,9,200,52,-121
-4,-1,0.139685,-TIA- 7,9,200,48,-120
-4,-1,0.13972,-TIA- 7,9,200,44,-119
-3,-1,0.139738,-TIA- 7,9,200,41,-118
-4,-1,0.139755,-TIA- 7,9,200,37,-117
-4,-1,0.139807,-TIA- 7,9,200,33,-116
-3,-1,0.139842,-TIA- 7,9,200,30,-115
-4,-1,0.139854,-TIA- 7,9,200,26,-114
-4,-1,0.139881,-TIA- 7,9,200,22,-113
-4,-1,0.139906,-TIA- 7,9,200,18,-112
-3,-1,0.139929,-TIA- 7,9,200,15,-111
-4,-1,0.139958,-TIA- 7,9,200,11,-110
-4,-1,0.139976,-TIA- 7,9,200,7,-109
-4,-1,0.140022,-TIA- 7,9,200,3,-108
-3,-1,0.140034,-TIA- 7,9,200,0,-107
-4,-1,0.140057,-TIA- 7,9,200,-4,-106
-4,-1,0.14008,-TIA- 7,9,200,-8,-105
-4,-1,0.140115,-TIA- 7,9,200,-12,-104
-3,-1,0.140144,-TIA- 7,9,200,-15,-103
-4,-1,0.140179,-TIA- 7,9,200,-19,-102
-4,-1,0.140208,-TIA- 7,9,200,-23,-101
-3,-1,0.140231,-TIA- 7,9,200,-26,-100
-4,-1,0.140249,-TIA- 7,9,200,-30,-99
-4,-1,0.140289,-TIA- 7,9,200,-34,-98
-3,-1,0.140295,-TIA- 7,9,200,-37,-97
-4,-1,0.14033,-TIA- 7,9,200,-41,-96
-4,-1,0.140353,-TIA- 7,9,200,-45,-95
-4,-1,0.140382,-TIA- 7,9,200,-49,-94
-3,-1,0.140407,-TIA- 7,9,200,-52,-93
-4,-1,0.140434,-TIA- 7,9,200,-56,-92
-4,-1,0.140452,-TIA- 7,9,200,-60,-91
-4,-1,0.140481,-TIA- 7,9,200,-64,-90
-3,-1,0.140504,-TIA- 7,9,200,-67,-89
-4,-1,0.140539,-TIA- 7,9,200,-71,-88
-4,-1,0.140562,-TIA- 7,9,200,-75,-87
-3,-1,0.140603,-TIA- 7,9,200,-78,-86
-4,-1,0.140626,-TIA- 7,9,200,-82,-85
-4,-1,0.140655,-TIA- 7,9,200,-86,-84
-4,-1,0.140678,-TIA- 7,9,200,-90,-83
-3,-1,0.140707,-TIA- 7,9,200,-93,-82
-4,-1,0.140736,-TIA- 7,9,200,-97,-81
-4,-1,0.140748,-TIA- 7,9,200,-101,-80
-4,-1,0.140771,-TIA- 7,9,200,-105,-79
-3,-1,0.1408,-TIA- 7,9,200,-108,-78
-1,1,0.153437,GO 8,326,330,-109,-79
-1,1,0.153496,GO 8,326,330,-110,-80
-1,1,0.153542,GO 8,326,330,-111,-81
-1,1,0.153565,GO 8,326,330,-112,-82
1,1,0.153606,GO 8,326,330,-111,-83
1,1,0.153617,GO 8,326,330,-110,-84
2,2,0.15367,GO 8,326,330,-108,-86
2,2,0.153693,GO 8,326,330,-106,-88
2,2,0.153716,GO 8,326,330,-104,-90
1,2,0.153757,GO 8,326,330,-103,-92
2,2,0.153768,GO 8,326,330,-101,-94
2,2,0.153792,GO 8,326,330,-99,-96
2,2,0.153821,GO 8,326,330,-97,-98
2,1,0.153855,GO 8,326,330,-95,-99
2,2,0.153884,GO 8,326,330,-93,-101
2,2,0.153896,GO 8,326,330,-91,-103
2,2,0.153919,GO 8,326,330,-89,-105
1,2,0.153942,GO 8,326,330,-88,-107
2,2,0.153977,GO 8,326,330,-86,-109
2,2,0.154006,GO 8,326,330,-84,-111
2,2,0.154041,GO 8,326,330,-82,-113
2,1,0.154053,GO 8,326,330,-80,-114
2,2,0.15407,GO 8,326,330,-78,-116
2,2,0.154099,GO 8,326,330,-76,-118
2,2,0.154128,GO 8,326,330,-74,-120
1,2,0.154157,GO 8,326,330,-73,-122
2,2,0.154175,GO 8,326,330,-71,-124
2,2,0.154198,GO 8,326,330,-69,-126
2,2,0.154221,GO 8,326,330,-67,-128
2,1,0.154256,GO 8,326,330,-65,-129
2,2,0.154268,GO 8,326,330,-63,-131
2,2,0.154297,GO 8,326,330,-61,-133
2,2,0.154343,GO 8,326,330,-59,-135
1,2,0.154349,GO 8,326,330,-58,-137
2,2,0.154372,GO 8,326,330,-56,-139
3,2,0.154407,GO 8,326,330,-53,-141
3,2,0.15443,GO 8,326,330,-50,-143
3,1,0.154453,GO 8,326,330,-47,-144
3,3,0.154488,GO 8,326,330,-44,-147
2,3,0.1545,GO 8,326,330,-42,-150
3,3,0.154529,GO 8,326,330,-39,-153
3,3,0.154558,GO 8,326,330,-36,-156
3,2,0.154581,GO 8,326,330,-33,-158
3,3,0.154598,GO 8,326,330,-30,-161
2,3,0.154616,GO 8,326,330,-28,-164
3,3,0.154645,GO 8,326,330,-25,-167
3,3,0.154668,GO 8,326,330,-22,-170
3,3,0.154697,GO 8,326,330,-19,-173
3,2,0.154738,GO 8,326,330,-16,-175
2,3,0.154744,GO 8,326,330,-14,-178
3,3,0.154767,GO 8,326,330,-11,-181
3,3,0.154796,GO 8,326,330,-8,-184
3,3,0.154824,GO 8,326,330,-5,-187
3,2,0.154848,GO 8,326,330,-2,-189
3,3,0.154877,GO 8,326,330,1,-192
2,3,0.1549,GO 8,326,330,3,-195
3,3,0.154924,GO 8,326,330,6,-198
3,3,0.154953,GO 8,326,330,9,-201
3,2,0.154976,GO 8,326,330,12,-203
3,3,0.154999,GO 8,326,330,15,-206
2,3,0.155028,GO 8,326,330,17,-209
3,3,0.155063,GO 8,326,330,20,-212
3,3,0.155069,GO 8,326,330,23,-215
3,3,0.155103,GO 8,326,330,26,-218
3,2,0.155127,GO 8,326,330,29,-220
2,3,0.15515,GO 8,326,330,31,-223
3,3,0.155179,GO 8,326,330,34,-226
3,3,0.155214,GO 8,326,330,37,-229
3,3,0.15522,GO 8,326,330,40,-232
3,2,0.155243,GO 8,326,330,43,-234
2,3,0.155278,GO 8,326,330,45,-237
3,2,0.155301,GO 8,326,330,48,-239
3,2,0.155336,GO 8,326,330,51,-241
3,2,0.155365,GO 8,326,330,54,-243
3,2,0.155371,GO 8,326,330,57,-245
3,2,0.1554,GO 8,326,330,60,-247
2,1,0.155429,GO 8,326,330,62,-248
3,2,0.155452,GO 8,326,330,65,-250
3,2,0.155475,GO 8,326,330,68,-252
3,2,0.15551,GO 8,326,330,71,-254
3,2,0.155527,GO 8,326,330,74,-256
2,2,0.15555,GO 8,326,330,76,-258
3,2,0.15558,GO 8,326,330,79,-260
3,2,0.155614,GO 8,326,330,82,-262
3,1,0.155638,GO 8,326,330,85,-263
3,2,0.155661,GO 8,326,330,88,-265
2,2,0.155678,GO 8,326,330,90,-267
3,2,0.155701,GO 8,326,330,93,-269
3,2,0.155725,GO 8,326,330,96,-271
3,2,0.155765,GO 8,326,330,99,-273
3,2,0.155799,GO 8,326,330,102,-275
3,2,0.155806,GO 8,326,330,105,-277
2,1,0.155835,GO 8,326,330,107,-278
3,2,0.155842,GO 8,326,330,110,-280
3,2,0.15587,GO 8,326,330,113,-282
3,2,0.155905,GO 8,326,330,116,-284
3,2,0.155934,GO 8,326,330,119,-286
2,2,0.155951,GO 8,326,330,121,-288
3,2,0.155974,GO 8,326,330,124,-290
3,1,0.155997,GO 8,326,330,127,-291
3,1,0.156021,GO 8,326,330,130,-292
3,1,0.15605,GO 8,326,330,133,-293
3,1,0.156102,GO 8,326,330,136,-294
3,1,0.156125,GO 8,326,330,139,-295
3,1,0.156154,GO 8,326,330,142,-296
3,1,0.156172,GO 8,326,330,145,-297
2,1,0.156206,GO 8,326,330,147,-298
3,1,0.156218,GO 8,326,330,150,-299
3,1,0.156253,GO 8,326,330,153,-300
3,1,0.156276,GO 8,326,330,156,-301
3,1,0.156311,GO 8,326,330,159,-302
3,1,0.156325,GO 8,326,330,162,-303
2,1,0.156357,GO 8,326,330,164,-304
3,1,0.156375,GO 8,326,330,167,-305
3,1,0.156404,GO 8,326,330,170,-306
3,1,0.156427,GO 8,326,330,173,-307
3,1,0.15645,GO 8,326,330,176,-308
3,1,0.156508,GO 8,326,330,179,-309
3,1,0.156532,GO 8,326,330,182,-310
3,1,0.156549,GO 8,326,330,185,-311
3,1,0.156584,GO 8,326,330,188,-312
2,1,0.156602,GO 8,326,330,190,-313
3,1,0.156636,GO 8,326,330,193,-314
3,1,0.156665,GO 8,326,330,196,-315
3,1,0.156671,GO 8,326,330,199,-316
3,1,0.156694,GO 8,326,330,202,-317
3,1,0.156729,GO 8,326,330,205,-318
2,1,0.156758,GO 8,326,330,207,-319
3,1,0.156787,GO 8,326,330,210,-320
3,1,0.156816,GO 8,326,330,213,-321
3,1,0.156822,GO 8,326,330,216,-322
3,1,0.156839,GO 8,326,330,219,-323
3,1,0.156897,GO 8,326,330,222,-324
3,1,0.156932,GO 8,326,330,225,-325
3,1,0.156961,GO 8,326,330,228,-326
3,1,0.156967,GO 8,326,330,231,-327
2,1,0.15699,GO 8,326,330,233,-328
3,1,0.157025,GO 8,326,330,236,-329
3,1,0.157048,GO 8,326,330,239,-330
3,1,0.157083,GO 8,326,330,242,-331
3,1,0.157106,GO 8,326,330,245,-332
3,1,0.157124,GO 8,326,330,248,-333
3,1,0.158645,GO 8,326,330,251,-334
3,1,0.158674,GO 8,326,330,254,-335
2,1,0.158691,GO 8,326,330,256,-336
3,1,0.158708,GO 8,326,330,259,-337
3,1,0.158732,GO 8,326,330,262,-338
2,1,0.158755,GO 8,326,330,264,-339
2,2,0.158784,GO 8,326,330,266,-341
1,2,0.158819,GO 8,326,330,267,-343
1,3,0.158859,GO 8,326,330,268,-346
1,1,0.158888,GO 8,326,330,269,-347
1,1,0.158941,GO 8,326,330,270,-348
