deltaX,deltaY,WHEN,SYLLABLE,XofButton,YofButton,XofTrace,YofTrace
-2,-1,0.0434561,Yield,0,0,-2,1
-2,-1,0.0434794,Yield,0,0,-4,2
-3,-1,0.0435084,Yield,0,0,-7,3
-3,-1,0.043549,Yield,0,0,-10,4
-3,-2,0.0435839,Yield,0,0,-13,6
-5,-1,0.0436071,Yield,0,0,-18,7
-3,-1,0.0436303,Yield,0,0,-21,8
-3,-1,0.0436709,Yield,0,0,-24,9
-3,-1,0.0436941,Yield,0,0,-27,10
-2,-1,0.043729,Yield,0,0,-29,11
-3,-1,0.043758,Yield,0,0,-32,12
-3,-1,0.0437986,Yield,0,0,-35,13
-3,-2,0.0438277,Yield,0,0,-38,15
-5,-1,0.0438567,Yield,0,0,-43,16
-3,-1,0.0438683,Yield,0,0,-46,17
-3,-1,0.0439031,Yield,0,0,-49,18
-3,-1,0.0439322,Yield,0,0,-52,19
-3,-1,0.0439612,Yield,0,0,-55,20
-2,-1,0.0439728,Yield,0,0,-57,21
-3,-1,0.043996,Yield,0,0,-60,22
-3,-1,0.0440192,Yield,0,0,-63,23
-3,-1,0.0440308,Yield,0,0,-66,24
-3,-1,0.0440483,Yield,0,0,-69,25
-2,-1,0.0440889,Yield,0,0,-71,26
-3,-2,0.0441121,Yield,0,0,-74,28
-6,-1,0.0441295,Yield,0,0,-80,29
-3,-1,0.0441527,Yield,0,0,-83,30
-2,-1,0.044176,Yield,0,0,-85,31
-3,-2,0.0442108,Yield,0,0,-88,33
-6,-1,0.044234,Yield,0,0,-94,34
-3,-1,0.0442572,Yield,0,0,-97,35
-2,-1,0.0442805,Yield,0,0,-99,36
-3,-1,0.0443037,Yield,0,0,-102,37
-3,-1,0.0443211,Yield,0,0,-105,38
-3,-1,0.0443443,Yield,0,0,-108,39
-3,-1,0.0443501,Yield,0,0,-111,40
-2,-1,0.0443966,Yield,0,0,-113,41
-3,-1,0.0444314,Yield,0,0,-116,42
-3,-2,0.0444546,Yield,0,0,-119,44
-6,-1,0.0444778,Yield,0,0,-125,45
-2,-1,0.0445068,Yield,0,0,-127,46
-3,-1,0.0445301,Yield,0,0,-130,47
-1,1,0.0580151,FRAY 1,31,201,-131,46
-1,2,0.0580302,FRAY 1,31,201,-132,44
-1,1,0.0580557,FRAY 1,31,201,-133,43
-1,2,0.0580847,FRAY 1,31,201,-134,41
-1,3,0.0581195,FRAY 1,31,201,-135,38
-1,3,0.0581486,FRAY 1,31,201,-136,35
-1,3,0.0581602,FRAY 1,31,201,-137,32
-1,3,0.0581892,FRAY 1,31,201,-138,29
-1,2,0.0582066,FRAY 1,31,201,-139,27
-1,3,0.0582356,FRAY 1,31,201,-140,24
-1,3,0.0582705,FRAY 1,31,201,-141,21
-1,3,0.0582995,FRAY 1,31,201,-142,18
-1,3,0.0583111,FRAY 1,31,201,-143,15
-1,2,0.0583343,FRAY 1,31,201,-144,13
-1,3,0.0583692,FRAY 1,31,201,-145,10
-1,3,0.0583866,FRAY 1,31,201,-146,7
-1,3,0.0584156,FRAY 1,31,201,-147,4
-1,3,0.0584446,FRAY 1,31,201,-148,1
-1,2,0.0584562,FRAY 1,31,201,-149,-1
-1,3,0.0584795,FRAY 1,31,201,-150,-4
-1,3,0.0585201,FRAY 1,31,201,-151,-7
-1,3,0.0585433,FRAY 1,31,201,-152,-10
-1,3,0.0585778,FRAY 1,31,201,-153,-13
-1,3,0.0585898,FRAY 1,31,201,-154,-16
-1,2,0.0586072,FRAY 1,31,201,-155,-18
-1,3,0.0586362,FRAY 1,31,201,-156,-21
-1,3,0.0586536,FRAY 1,31,201,-157,-24
-1,3,0.0586884,FRAY 1,31,201,-158,-27
-1,3,0.0587059,FRAY 1,31,201,-159,-30
-1,2,0.0587349,FRAY 1,31,201,-160,-32
-1,3,0.0587581,FRAY 1,31,201,-161,-35
-1,3,0.0587929,FRAY 1,31,201,-162,-38
-1,3,0.0588103,FRAY 1,31,201,-163,-41
-1,3,0.0588336,FRAY 1,31,201,-164,-44
-1,2,0.0588568,FRAY 1,31,201,-165,-46
-1,3,0.0588858,FRAY 1,31,201,-166,-49
-1,3,0.058909,FRAY 1,31,201,-167,-52
-1,3,0.0589497,FRAY 1,31,201,-168,-55
-1,3,0.0589756,FRAY 1,31,201,-169,-58
-1,3,0.0589845,FRAY 1,31,201,-170,-61
-1,2,0.0590135,FRAY 1,31,201,-171,-63
-1,3,0.0590425,FRAY 1,31,201,-172,-66
-1,3,0.0590658,FRAY 1,31,201,-173,-69
-1,3,0.0590948,FRAY 1,31,201,-174,-72
-1,3,0.0591296,FRAY 1,31,201,-175,-75
-1,2,0.0591354,FRAY 1,31,201,-176,-77
-1,3,0.0591586,FRAY 1,31,201,-177,-80
-1,3,0.0591935,FRAY 1,31,201,-178,-83
-1,3,0.0592225,FRAY 1,31,201,-179,-86
-1,3,0.0592457,FRAY 1,31,201,-180,-89
-1,2,0.0592747,FRAY 1,31,201,-181,-91
-1,3,0.0592863,FRAY 1,31,201,-182,-94
-1,3,0.0593096,FRAY 1,31,201,-183,-97
-1,3,0.0593444,FRAY 1,31,201,-184,-100
-1,3,0.0593734,FRAY 1,31,201,-185,-103
-1,3,0.0593908,FRAY 1,31,201,-186,-106
-1,2,0.0594141,FRAY 1,31,201,-187,-108
-1,3,0.0594373,FRAY 1,31,201,-188,-111
-1,3,0.0594605,FRAY 1,31,201,-189,-114
-1,3,0.0594953,FRAY 1,31,201,-190,-117
-1,3,0.0595244,FRAY 1,31,201,-191,-120
-1,2,0.0595592,FRAY 1,31,201,-192,-122
-1,3,0.0595664,FRAY 1,31,201,-193,-125
-1,3,0.059594,FRAY 1,31,201,-194,-128
-1,3,0.059623,FRAY 1,31,201,-195,-131
-1,3,0.0596463,FRAY 1,31,201,-196,-134
-1,2,0.0596811,FRAY 1,31,201,-197,-136
-1,3,0.0597101,FRAY 1,31,201,-198,-139
1,3,0.0597215,FRAY 1,31,201,-197,-142
1,3,0.0597449,FRAY 1,31,201,-196,-145
1,3,0.0597682,FRAY 1,31,201,-195,-148
1,3,0.0597972,FRAY 1,31,201,-194,-151
1,2,0.059832,FRAY 1,31,201,-193,-153
1,3,0.0598378,FRAY 1,31,201,-192,-156
1,3,0.0598727,FRAY 1,31,201,-191,-159
1,3,0.0598959,FRAY 1,31,201,-190,-162
1,3,0.0599191,FRAY 1,31,201,-189,-165
1,2,0.0599423,FRAY 1,31,201,-188,-167
1,3,0.0599481,FRAY 1,31,201,-187,-170
1,3,0.0599771,FRAY 1,31,201,-186,-173
1,3,0.0599946,FRAY 1,31,201,-185,-176
1,3,0.060012,FRAY 1,31,201,-184,-179
1,2,0.0600468,FRAY 1,31,201,-183,-181
1,3,0.0600642,FRAY 1,31,201,-182,-184
1,3,0.06007,FRAY 1,31,201,-181,-187
1,3,0.0600874,FRAY 1,31,201,-180,-190
1,3,0.0601107,FRAY 1,31,201,-179,-193
1,3,0.0601397,FRAY 1,31,201,-178,-196
1,5,0.0601687,FRAY 1,31,201,-177,-201
2,3,0.0601977,FRAY 1,31,201,-175,-204
1,3,0.060221,FRAY 1,31,201,-174,-207
1,3,0.0602326,FRAY 1,31,201,-173,-210
1,2,0.0602616,FRAY 1,31,201,-172,-212
1,3,0.0602848,FRAY 1,31,201,-171,-215
1,3,0.0602906,FRAY 1,31,201,-170,-218
1,3,0.0603138,FRAY 1,31,201,-169,-221
1,3,0.0603371,FRAY 1,31,201,-168,-224
1,2,0.0603487,FRAY 1,31,201,-167,-226
1,3,0.0603661,FRAY 1,31,201,-166,-229
1,3,0.0604009,FRAY 1,31,201,-165,-232
1,3,0.0604125,FRAY 1,31,201,-164,-235
1,3,0.0604299,FRAY 1,31,201,-163,-238
1,3,0.0604532,FRAY 1,31,201,-162,-241
1,2,0.0604706,FRAY 1,31,201,-161,-243
1,3,0.060488,FRAY 1,31,201,-160,-246
1,3,0.0605228,FRAY 1,31,201,-159,-249
1,3,0.0605286,FRAY 1,31,201,-158,-252
1,3,0.060546,FRAY 1,31,201,-157,-255
1,2,0.0605693,FRAY 1,31,201,-156,-257
1,3,0.0605925,FRAY 1,31,201,-155,-260
1,3,0.0606041,FRAY 1,31,201,-154,-263
1,3,0.0606389,FRAY 1,31,201,-153,-266
1,3,0.0606505,FRAY 1,31,201,-152,-269
1,2,0.0606679,FRAY 1,31,201,-151,-271
1,3,0.0606912,FRAY 1,31,201,-150,-274
1,3,0.0607202,FRAY 1,31,201,-149,-277
1,3,0.060726,FRAY 1,31,201,-148,-280
1,3,0.0607434,FRAY 1,31,201,-147,-283
1,3,0.0607724,FRAY 1,31,201,-146,-286
1,2,0.0607898,FRAY 1,31,201,-145,-288
1,3,0.0608015,FRAY 1,31,201,-144,-291
1,3,0.0608363,FRAY 1,31,201,-143,-294
1,3,0.0608421,FRAY 1,31,201,-142,-297
1,3,0.0608595,FRAY 1,31,201,-141,-300
1,2,0.0608827,FRAY 1,31,201,-140,-302
1,3,0.0609059,FRAY 1,31,201,-139,-305
1,3,0.0609176,FRAY 1,31,201,-138,-308
1,3,0.0609466,FRAY 1,31,201,-137,-311
1,3,0.0609582,FRAY 1,31,201,-136,-314
1,2,0.0609756,FRAY 1,31,201,-135,-316
1,3,0.0609988,FRAY 1,31,201,-134,-319
1,3,0.0610162,FRAY 1,31,201,-133,-322
1,2,0.0610395,FRAY 1,31,201,-132,-324
1,2,0.0610685,FRAY 1,31,201,-131,-326
1,1,0.0610859,FRAY 1,31,201,-130,-327
1,1,0.0611323,FRAY 1,31,201,-129,-328
1,1,0.0725159,SAN- 2,209,340,-128,-329
1,1,0.0725624,SAN- 2,209,340,-127,-330
1,1,0.0726204,SAN- 2,209,340,-126,-331
1,1,0.0726436,SAN- 2,209,340,-125,-332
1,1,0.0726727,SAN- 2,209,340,-124,-333
1,1,0.0727133,SAN- 2,209,340,-123,-334
1,2,0.0727481,SAN- 2,209,340,-122,-336
1,2,0.0727713,SAN- 2,209,340,-121,-338
1,2,0.0727946,SAN- 2,209,340,-120,-340
2,2,0.0728294,SAN- 2,209,340,-118,-342
2,1,0.072841,SAN- 2,209,340,-116,-343
2,2,0.07287,SAN- 2,209,340,-114,-345
2,2,0.0729049,SAN- 2,209,340,-112,-347
2,2,0.0729339,SAN- 2,209,340,-110,-349
2,2,0.0729455,SAN- 2,209,340,-108,-351
2,2,0.0729803,SAN- 2,209,340,-106,-353
1,2,0.0729977,SAN- 2,209,340,-105,-355
2,2,0.073021,SAN- 2,209,340,-103,-357
2,1,0.0730442,SAN- 2,209,340,-101,-358
2,2,0.0730732,SAN- 2,209,340,-99,-360
2,2,0.0731014,SAN- 2,209,340,-97,-362
2,2,0.0731312,SAN- 2,209,340,-95,-364
2,2,0.0731487,SAN- 2,209,340,-93,-366
2,2,0.0731603,SAN- 2,209,340,-91,-368
1,2,0.0731893,SAN- 2,209,340,-90,-370
2,2,0.0732183,SAN- 2,209,340,-88,-372
2,1,0.0732532,SAN- 2,209,340,-86,-373
2,2,0.0732648,SAN- 2,209,340,-84,-375
2,2,0.0732938,SAN- 2,209,340,-82,-377
2,2,0.073317,SAN- 2,209,340,-80,-379
2,2,0.0733402,SAN- 2,209,340,-78,-381
2,2,0.0733693,SAN- 2,209,340,-76,-383
1,2,0.0734041,SAN- 2,209,340,-75,-385
2,2,0.0734331,SAN- 2,209,340,-73,-387
2,1,0.0734447,SAN- 2,209,340,-71,-388
2,2,0.0734679,SAN- 2,209,340,-69,-390
2,2,0.0734912,SAN- 2,209,340,-67,-392
2,2,0.0735202,SAN- 2,209,340,-65,-394
2,2,0.073555,SAN- 2,209,340,-63,-396
2,2,0.0735898,SAN- 2,209,340,-61,-398
1,2,0.0735956,SAN- 2,209,340,-60,-400
2,2,0.0736189,SAN- 2,209,340,-58,-402
2,1,0.0736537,SAN- 2,209,340,-56,-403
2,2,0.0736769,SAN- 2,209,340,-54,-405
2,2,0.0736943,SAN- 2,209,340,-52,-407
2,2,0.0737292,SAN- 2,209,340,-50,-409
2,2,0.0737466,SAN- 2,209,340,-48,-411
2,2,0.0737698,SAN- 2,209,340,-46,-413
2,2,0.0738046,SAN- 2,209,340,-44,-415
3,2,0.0738337,SAN- 2,209,340,-41,-417
3,1,0.0738453,SAN- 2,209,340,-38,-418
3,2,0.0738743,SAN- 2,209,340,-35,-420
3,2,0.0738975,SAN- 2,209,340,-32,-422
2,2,0.0739207,SAN- 2,209,340,-30,-424
3,2,0.0739556,SAN- 2,209,340,-27,-426
3,2,0.0739846,SAN- 2,209,340,-24,-428
3,2,0.0739962,SAN- 2,209,340,-21,-430
3,2,0.0740194,SAN- 2,209,340,-18,-432
3,1,0.0740484,SAN- 2,209,340,-15,-433
2,2,0.0740775,SAN- 2,209,340,-13,-435
3,2,0.0741065,SAN- 2,209,340,-10,-437
3,2,0.0741146,SAN- 2,209,340,-7,-439
3,2,0.0741297,SAN- 2,209,340,-4,-441
3,2,0.0741471,SAN- 2,209,340,-1,-443
2,2,0.0741761,SAN- 2,209,340,1,-445
3,2,0.0741994,SAN- 2,209,340,4,-447
3,1,0.0742259,SAN- 2,209,340,7,-448
3,2,0.0742632,SAN- 2,209,340,10,-450
3,2,0.0742748,SAN- 2,209,340,13,-452
2,2,0.074298,SAN- 2,209,340,15,-454
3,2,0.0743155,SAN- 2,209,340,18,-456
3,2,0.0743561,SAN- 2,209,340,21,-458
3,2,0.0743714,SAN- 2,209,340,24,-460
3,2,0.0744025,SAN- 2,209,340,27,-462
2,1,0.07442,SAN- 2,209,340,29,-463
3,2,0.0744432,SAN- 2,209,340,32,-465
3,2,0.0744664,SAN- 2,209,340,35,-467
3,2,0.074507,SAN- 2,209,340,38,-469
3,2,0.0745244,SAN- 2,209,340,41,-471
3,2,0.0745535,SAN- 2,209,340,44,-473
2,2,0.0745709,SAN- 2,209,340,46,-475
3,2,0.0745941,SAN- 2,209,340,49,-477
3,1,0.0746173,SAN- 2,209,340,52,-478
3,2,0.0746522,SAN- 2,209,340,55,-480
3,2,0.0746754,SAN- 2,209,340,58,-482
2,2,0.0747102,SAN- 2,209,340,60,-484
3,2,0.0747218,SAN- 2,209,340,63,-486
3,2,0.0747508,SAN- 2,209,340,66,-488
3,2,0.0747737,SAN- 2,209,340,69,-490
3,2,0.0748031,SAN- 2,209,340,72,-492
2,1,0.0748379,SAN- 2,209,340,74,-493
3,2,0.0748611,SAN- 2,209,340,77,-495
3,2,0.0748785,SAN- 2,209,340,80,-497
3,2,0.0749018,SAN- 2,209,340,83,-499
3,2,0.074925,SAN- 2,209,340,86,-501
3,2,0.074954,SAN- 2,209,340,89,-503
2,2,0.0749888,SAN- 2,209,340,91,-505
3,2,0.0750121,SAN- 2,209,340,94,-507
3,1,0.0750295,SAN- 2,209,340,97,-508
3,2,0.0750527,SAN- 2,209,340,100,-510
3,2,0.0750759,SAN- 2,209,340,103,-512
2,2,0.0750991,SAN- 2,209,340,105,-514
3,2,0.0751398,SAN- 2,209,340,108,-516
3,2,0.0751688,SAN- 2,209,340,111,-518
3,2,0.0751804,SAN- 2,209,340,114,-520
3,2,0.0752036,SAN- 2,209,340,117,-522
2,1,0.0752268,SAN- 2,209,340,119,-523
3,2,0.0752501,SAN- 2,209,340,122,-525
3,1,0.0752849,SAN- 2,209,340,125,-526
3,2,0.0753081,SAN- 2,209,340,128,-528
3,2,0.0753313,SAN- 2,209,340,131,-530
3,2,0.0753546,SAN- 2,209,340,134,-532
3,2,0.0753778,SAN- 2,209,340,137,-534
2,1,0.075401,SAN- 2,209,340,139,-535
3,2,0.0754358,SAN- 2,209,340,142,-537
3,2,0.0754532,SAN- 2,209,340,145,-539
3,2,0.0754997,SAN- 2,209,340,148,-541
3,2,0.0755113,SAN- 2,209,340,151,-543
3,2,0.0755287,SAN- 2,209,340,154,-545
2,2,0.0755577,SAN- 2,209,340,156,-547
3,2,0.0755868,SAN- 2,209,340,159,-549
3,1,0.0756042,SAN- 2,209,340,162,-550
3,2,0.0756448,SAN- 2,209,340,165,-552
3,2,0.0756564,SAN- 2,209,340,168,-554
2,2,0.0756738,SAN- 2,209,340,170,-556
3,2,0.075702,SAN- 2,209,340,173,-558
3,3,0.0757319,SAN- 2,209,340,176,-561
3,2,0.0757609,SAN- 2,209,340,179,-563
3,2,0.0757725,SAN- 2,209,340,182,-565
2,1,0.0758015,SAN- 2,209,340,184,-566
3,2,0.0758306,SAN- 2,209,340,187,-568
3,2,0.0758538,SAN- 2,209,340,190,-570
3,2,0.0758828,SAN- 2,209,340,193,-572
3,2,0.0759002,SAN- 2,209,340,196,-574
3,2,0.0759234,SAN- 2,209,340,199,-576
2,2,0.0759583,SAN- 2,209,340,201,-578
3,2,0.0759815,SAN- 2,209,340,204,-580
3,1,0.0760105,SAN- 2,209,340,207,-581
3,2,0.0760454,SAN- 2,209,340,210,-583
3,2,0.0760512,SAN- 2,209,340,213,-585
2,2,0.0760744,SAN- 2,209,340,215,-587
3,2,0.0760976,SAN- 2,209,340,218,-589
2,2,0.0761324,SAN- 2,209,340,220,-591
2,2,0.0761615,SAN- 2,209,340,222,-593
2,2,0.0761963,SAN- 2,209,340,224,-595
1,1,0.0762253,SAN- 2,209,340,225,-596
1,1,0.0762485,SAN- 2,209,340,226,-597
-1,1,0.0877888,-TIA- 3,161,466,225,-598
-1,1,0.0878295,-TIA- 3,161,466,224,-599
-1,1,0.0878411,-TIA- 3,161,466,223,-600
-2,2,0.0878643,-TIA- 3,161,466,221,-602
-2,2,0.0878817,-TIA- 3,161,466,219,-604
-2,2,0.0879107,-TIA- 3,161,466,217,-606
-2,3,0.0879456,-TIA- 3,161,466,215,-609
-2,3,0.0879746,-TIA- 3,161,466,213,-612
-3,3,0.0879862,-TIA- 3,161,466,210,-615
-3,2,0.0880094,-TIA- 3,161,466,207,-617
-3,3,0.0880327,-TIA- 3,161,466,204,-620
-3,3,0.0880733,-TIA- 3,161,466,201,-623
-2,3,0.0881081,-TIA- 3,161,466,199,-626
-3,3,0.0881304,-TIA- 3,161,466,196,-629
-3,2,0.0881371,-TIA- 3,161,466,193,-631
-3,3,0.0881604,-TIA- 3,161,466,190,-634
-3,3,0.0881894,-TIA- 3,161,466,187,-637
-3,3,0.0882068,-TIA- 3,161,466,184,-640
-2,3,0.0882474,-TIA- 3,161,466,182,-643
-3,2,0.0882649,-TIA- 3,161,466,179,-645
-3,3,0.0882881,-TIA- 3,161,466,176,-648
-3,3,0.0883113,-TIA- 3,161,466,173,-651
-2,3,0.0883461,-TIA- 3,161,466,171,-654
-2,3,0.0883577,-TIA- 3,161,466,169,-657
-1,3,0.0883926,-TIA- 3,161,466,168,-660
-2,2,0.0884216,-TIA- 3,161,466,166,-662
-2,3,0.0884448,-TIA- 3,161,466,164,-665
-2,3,0.0884622,-TIA- 3,161,466,162,-668
-1,3,0.0884854,-TIA- 3,161,466,161,-671
-1,3,0.0885281,-TIA- 3,161,466,160,-674
-1,2,0.0885435,-TIA- 3,161,466,159,-676
-1,3,0.0885667,-TIA- 3,161,466,158,-679
-1,3,0.0885841,-TIA- 3,161,466,157,-682
-1,3,0.0886015,-TIA- 3,161,466,156,-685
-1,3,0.088619,-TIA- 3,161,466,155,-688
-1,2,0.0886596,-TIA- 3,161,466,154,-690
-1,3,0.088677,-TIA- 3,161,466,153,-693
-1,3,0.088706,-TIA- 3,161,466,152,-696
-1,3,0.0887234,-TIA- 3,161,466,151,-699
-1,3,0.0887467,-TIA- 3,161,466,150,-702
-1,3,0.0887699,-TIA- 3,161,466,149,-705
-1,2,0.0888047,-TIA- 3,161,466,148,-707
-1,3,0.0888221,-TIA- 3,161,466,147,-710
-1,3,0.0888686,-TIA- 3,161,466,146,-713
-1,1,0.0888802,-TIA- 3,161,466,145,-714
-1,3,0.0889028,-TIA- 3,161,466,144,-717
-1,3,0.0889266,-TIA- 3,161,466,143,-720
-1,3,0.0889556,-TIA- 3,161,466,142,-723
-1,2,0.0889731,-TIA- 3,161,466,141,-725
-1,3,0.0889963,-TIA- 3,161,466,140,-728
-1,3,0.0890272,-TIA- 3,161,466,139,-731
-1,3,0.0890601,-TIA- 3,161,466,138,-734
-1,3,0.0890776,-TIA- 3,161,466,137,-737
-1,2,0.0891066,-TIA- 3,161,466,136,-739
-1,3,0.089124,-TIA- 3,161,466,135,-742
-1,3,0.0891472,-TIA- 3,161,466,134,-745
-1,3,0.089182,-TIA- 3,161,466,133,-748
-1,3,0.0892053,-TIA- 3,161,466,132,-751
-1,2,0.0892343,-TIA- 3,161,466,131,-753
-1,3,0.0892691,-TIA- 3,161,466,130,-756
-1,3,0.0892749,-TIA- 3,161,466,129,-759
-1,3,0.0893039,-TIA- 3,161,466,128,-762
-1,3,0.0893268,-TIA- 3,161,466,127,-765
-1,3,0.0893562,-TIA- 3,161,466,126,-768
-1,2,0.0893907,-TIA- 3,161,466,125,-770
-1,3,0.0894026,-TIA- 3,161,466,124,-773
-1,3,0.0894317,-TIA- 3,161,466,123,-776
-1,3,0.089451,-TIA- 3,161,466,122,-779
-1,3,0.0894781,-TIA- 3,161,466,121,-782
-1,2,0.0895071,-TIA- 3,161,466,120,-784
-1,3,0.0895187,-TIA- 3,161,466,119,-787
-1,3,0.0895594,-TIA- 3,161,466,118,-790
-1,3,0.089571,-TIA- 3,161,466,117,-793
-1,3,0.0895884,-TIA- 3,161,466,116,-796
-1,2,0.0896174,-TIA- 3,161,466,115,-798
-1,3,0.0896464,-TIA- 3,161,466,114,-801
-1,3,0.0896813,-TIA- 3,161,466,113,-804
-1,3,0.0897103,-TIA- 3,161,466,112,-807
-1,3,0.0897219,-TIA- 3,161,466,111,-810
-1,3,0.0897451,-TIA- 3,161,466,110,-813
-1,2,0.0897741,-TIA- 3,161,466,109,-815
-1,2,0.0897974,-TIA- 3,161,466,108,-817
-1,2,0.0898322,-TIA- 3,161,466,107,-819
-1,2,0.0898496,-TIA- 3,161,466,106,-821
-1,2,0.0898728,-TIA- 3,161,466,105,-823
-1,1,0.0898961,-TIA- 3,161,466,104,-824
-1,1,0.0899599,-TIA- 3,161,466,103,-825
-1,-1,0.102824,GO 4,211,277,102,-824
-1,-1,0.102877,GO 4,211,277,101,-823
-1,-1,0.102917,GO 4,211,277,100,-822
-1,-1,0.102957,GO 4,211,277,99,-821
-1,-2,0.10301,GO 4,211,277,98,-819
-1,-2,0.103021,GO 4,211,277,97,-817
-1,-2,0.103044,GO 4,211,277,96,-815
-1,-2,0.103068,GO 4,211,277,95,-813
1,-1,0.103097,GO 4,211,277,96,-812
1,-2,0.103126,GO 4,211,277,97,-810
1,-2,0.10316,GO 4,211,277,98,-808
1,-2,0.103189,GO 4,211,277,99,-806
1,-2,0.103201,GO 4,211,277,100,-804
1,-2,0.103224,GO 4,211,277,101,-802
1,-2,0.103248,GO 4,211,277,102,-800
1,-2,0.103277,GO 4,211,277,103,-798
1,-1,0.103311,GO 4,211,277,104,-797
1,-2,0.103329,GO 4,211,277,105,-795
1,-2,0.103352,GO 4,211,277,106,-793
1,-2,0.103375,GO 4,211,277,107,-791
1,-2,0.103404,GO 4,211,277,108,-789
1,-2,0.103433,GO 4,211,277,109,-787
1,-2,0.103462,GO 4,211,277,110,-785
1,-2,0.10348,GO 4,211,277,111,-783
1,-1,0.103503,GO 4,211,277,112,-782
1,-2,0.103526,GO 4,211,277,113,-780
1,-2,0.103561,GO 4,211,277,114,-778
1,-2,0.10359,GO 4,211,277,115,-776
1,-2,0.103625,GO 4,211,277,116,-774
1,-2,0.103631,GO 4,211,277,117,-772
1,-2,0.103654,GO 4,211,277,118,-770
1,-2,0.103677,GO 4,211,277,119,-768
1,-1,0.103712,GO 4,211,277,120,-767
1,-2,0.103741,GO 4,211,277,121,-765
1,-2,0.103776,GO 4,211,277,122,-763
1,-2,0.103787,GO 4,211,277,123,-761
1,-2,0.103805,GO 4,211,277,124,-759
1,-2,0.103828,GO 4,211,277,125,-757
1,-2,0.103863,GO 4,211,277,126,-755
1,-2,0.10388,GO 4,211,277,127,-753
1,-1,0.103898,GO 4,211,277,128,-752
1,-2,0.103927,GO 4,211,277,129,-750
1,-3,0.103938,GO 4,211,277,130,-747
1,-3,0.103973,GO 4,211,277,131,-744
1,-3,0.103996,GO 4,211,277,132,-741
1,-3,0.104008,GO 4,211,277,133,-738
1,-2,0.104037,GO 4,211,277,134,-736
1,-3,0.104066,GO 4,211,277,135,-733
1,-3,0.104089,GO 4,211,277,136,-730
1,-3,0.104124,GO 4,211,277,137,-727
1,-3,0.104153,GO 4,211,277,138,-724
1,-2,0.104165,GO 4,211,277,139,-722
1,-3,0.104188,GO 4,211,277,140,-719
1,-3,0.104211,GO 4,211,277,141,-716
1,-3,0.10424,GO 4,211,277,142,-713
1,-3,0.104275,GO 4,211,277,143,-710
1,-3,0.104304,GO 4,211,277,144,-707
1,-2,0.104316,GO 4,211,277,145,-705
1,-3,0.104339,GO 4,211,277,146,-702
1,-3,0.104374,GO 4,211,277,147,-699
1,-3,0.104397,GO 4,211,277,148,-696
1,-3,0.104426,GO 4,211,277,149,-693
1,-2,0.104461,GO 4,211,277,150,-691
1,-3,0.104467,GO 4,211,277,151,-688
1,-3,0.10449,GO 4,211,277,152,-685
1,-3,0.104525,GO 4,211,277,153,-682
1,-3,0.104554,GO 4,211,277,154,-679
1,-2,0.104571,GO 4,211,277,155,-677
1,-3,0.1046,GO 4,211,277,156,-674
1,-3,0.104618,GO 4,211,277,157,-671
1,-3,0.104641,GO 4,211,277,158,-668
1,-3,0.104676,GO 4,211,277,159,-665
1,-3,0.104705,GO 4,211,277,160,-662
1,-2,0.104722,GO 4,211,277,161,-660
1,-3,0.104745,GO 4,211,277,162,-657
1,-3,0.104763,GO 4,211,277,163,-654
1,-3,0.104786,GO 4,211,277,164,-651
1,-3,0.104815,GO 4,211,277,165,-648
1,-2,0.10485,GO 4,211,277,166,-646
1,-3,0.104856,GO 4,211,277,167,-643
1,-3,0.10489,GO 4,211,277,168,-640
1,-3,0.104908,GO 4,211,277,169,-637
1,-3,0.104931,GO 4,211,277,170,-634
1,-2,0.104954,GO 4,211,277,171,-632
1,-3,0.104995,GO 4,211,277,172,-629
1,-3,0.105001,GO 4,211,277,173,-626
1,-3,0.105035,GO 4,211,277,174,-623
1,-3,0.105064,GO 4,211,277,175,-620
1,-3,0.105082,GO 4,211,277,176,-617
1,-2,0.105105,GO 4,211,277,177,-615
1,-3,0.105135,GO 4,211,277,178,-612
1,-3,0.105152,GO 4,211,277,179,-609
1,-3,0.105204,GO 4,211,277,180,-606
1,-3,0.10521,GO 4,211,277,181,-603
1,-2,0.105233,GO 4,211,277,182,-601
1,-3,0.105256,GO 4,211,277,183,-598
1,-3,0.105279,GO 4,211,277,184,-595
1,-3,0.105297,GO 4,211,277,185,-592
1,-3,0.10532,GO 4,211,277,186,-589
1,-2,0.105355,GO 4,211,277,187,-587
1,-3,0.105378,GO 4,211,277,188,-584
1,-3,0.105419,GO 4,211,277,189,-581
1,-3,0.105422,GO 4,211,277,190,-578
1,-3,0.105436,GO 4,211,277,191,-575
1,-3,0.105459,GO 4,211,277,192,-572
1,-2,0.105494,GO 4,211,277,193,-570
1,-3,0.105517,GO 4,211,277,194,-567
1,-3,0.105552,GO 4,211,277,195,-564
1,-3,0.105564,GO 4,211,277,196,-561
1,-3,0.105593,GO 4,211,277,197,-558
1,-2,0.105616,GO 4,211,277,198,-556
1,-3,0.105639,GO 4,211,277,199,-553
1,-3,0.105668,GO 4,211,277,200,-550
1,-3,0.105691,GO 4,211,277,201,-547
1,-3,0.105726,GO 4,211,277,202,-544
1,-2,0.105732,GO 4,211,277,203,-542
1,-3,0.105761,GO 4,211,277,204,-539
1,-3,0.105779,GO 4,211,277,205,-536
1,-3,0.105813,GO 4,211,277,206,-533
1,-3,0.105842,GO 4,211,277,207,-530
1,-3,0.105877,GO 4,211,277,208,-527
1,-2,0.105883,GO 4,211,277,209,-525
1,-3,0.105906,GO 4,211,277,210,-522
1,-3,0.105935,GO 4,211,277,211,-519
1,-3,0.105964,GO 4,211,277,212,-516
1,-3,0.105999,GO 4,211,277,213,-513
1,-2,0.106028,GO 4,211,277,214,-511
1,-3,0.10604,GO 4,211,277,215,-508
1,-3,0.106063,GO 4,211,277,216,-505
1,-2,0.106092,GO 4,211,277,217,-503
1,-2,0.106127,GO 4,211,277,218,-501
1,-2,0.106138,GO 4,211,277,219,-499
1,-1,0.106162,GO 4,211,277,220,-498
1,-1,0.106191,GO 4,211,277,221,-497
1,-1,0.106214,GO 4,211,277,222,-496
-1,-1,0.117758,FRAY 5,84,138,221,-495
-2,-1,0.117783,FRAY 5,84,138,219,-494
-2,-1,0.117806,FRAY 5,84,138,217,-493
-2,-1,0.117835,FRAY 5,84,138,215,-492
-2,-1,0.11787,FRAY 5,84,138,213,-491
-3,-1,0.117876,FRAY 5,84,138,210,-490
-3,-2,0.117899,FRAY 5,84,138,207,-488
-3,-2,0.117934,FRAY 5,84,138,204,-486
-3,-2,0.117957,FRAY 5,84,138,201,-484
-2,-2,0.117986,FRAY 5,84,138,199,-482
-3,-2,0.118021,FRAY 5,84,138,196,-480
-3,-2,0.118027,FRAY 5,84,138,193,-478
-3,-2,0.11805,FRAY 5,84,138,190,-476
-3,-1,0.118085,FRAY 5,84,138,187,-475
-3,-2,0.118108,FRAY 5,84,138,184,-473
-2,-2,0.118143,FRAY 5,84,138,182,-471
-3,-2,0.118172,FRAY 5,84,138,179,-469
-3,-2,0.118184,FRAY 5,84,138,176,-467
-3,-2,0.118207,FRAY 5,84,138,173,-465
-3,-2,0.118236,FRAY 5,84,138,170,-463
-2,-2,0.118271,FRAY 5,84,138,168,-461
-3,-1,0.118294,FRAY 5,84,138,165,-460
-3,-2,0.118317,FRAY 5,84,138,162,-458
-3,-2,0.118335,FRAY 5,84,138,159,-456
-3,-2,0.118358,FRAY 5,84,138,156,-454
-2,-2,0.118387,FRAY 5,84,138,154,-452
-3,-2,0.118416,FRAY 5,84,138,151,-450
-3,-2,0.118451,FRAY 5,84,138,148,-448
-3,-2,0.118474,FRAY 5,84,138,145,-446
-3,-1,0.118486,FRAY 5,84,138,142,-445
-3,-2,0.118509,FRAY 5,84,138,139,-443
-2,-2,0.118532,FRAY 5,84,138,137,-441
-3,-2,0.118567,FRAY 5,84,138,134,-439
-3,-2,0.11859,FRAY 5,84,138,131,-437
-3,-2,0.118619,FRAY 5,84,138,128,-435
-3,-2,0.118637,FRAY 5,84,138,125,-433
-2,-2,0.11866,FRAY 5,84,138,123,-431
-3,-1,0.118683,FRAY 5,84,138,120,-430
-3,-2,0.118718,FRAY 5,84,138,117,-428
-3,-2,0.118747,FRAY 5,84,138,114,-426
-3,-2,0.11877,FRAY 5,84,138,111,-424
-2,-2,0.118787,FRAY 5,84,138,109,-422
-3,-2,0.118817,FRAY 5,84,138,106,-420
-2,-2,0.118834,FRAY 5,84,138,104,-418
-2,-2,0.118869,FRAY 5,84,138,102,-416
-2,-1,0.118898,FRAY 5,84,138,100,-415
-2,-2,0.118933,FRAY 5,84,138,98,-413
-2,-2,0.118938,FRAY 5,84,138,96,-411
-1,-2,0.118973,FRAY 5,84,138,95,-409
-2,-2,0.118991,FRAY 5,84,138,93,-407
-2,-2,0.11902,FRAY 5,84,138,91,-405
-2,-2,0.119055,FRAY 5,84,138,89,-403
-2,-2,0.119084,FRAY 5,84,138,87,-401
-2,-1,0.119095,FRAY 5,84,138,85,-400
-2,-2,0.119117,FRAY 5,84,138,83,-398
-2,-2,0.119142,FRAY 5,84,138,81,-396
-1,-2,0.119171,FRAY 5,84,138,80,-394
-2,-2,0.119205,FRAY 5,84,138,78,-392
-2,-3,0.119234,FRAY 5,84,138,76,-389
-2,-3,0.119246,FRAY 5,84,138,74,-386
-2,-2,0.119269,FRAY 5,84,138,72,-384
-2,-3,0.119281,FRAY 5,84,138,70,-381
-2,-3,0.119316,FRAY 5,84,138,68,-378
-2,-3,0.119327,FRAY 5,84,138,66,-375
-1,-3,0.11938,FRAY 5,84,138,65,-372
-2,-2,0.119385,FRAY 5,84,138,63,-370
-2,-3,0.119409,FRAY 5,84,138,61,-367
-2,-3,0.119443,FRAY 5,84,138,59,-364
-2,-3,0.119472,FRAY 5,84,138,57,-361
-2,-3,0.119484,FRAY 5,84,138,55,-358
-2,-2,0.119507,FRAY 5,84,138,53,-356
-2,-3,0.119536,FRAY 5,84,138,51,-353
-1,-3,0.11956,FRAY 5,84,138,50,-350
-2,-3,0.119594,FRAY 5,84,138,48,-347
-2,-3,0.119612,FRAY 5,84,138,46,-344
-2,-3,0.119641,FRAY 5,84,138,44,-341
-2,-2,0.119658,FRAY 5,84,138,42,-339
-2,-3,0.119687,FRAY 5,84,138,40,-336
-2,-3,0.119716,FRAY 5,84,138,38,-333
-2,-3,0.11974,FRAY 5,84,138,36,-330
-1,-3,0.119779,FRAY 5,84,138,35,-327
-2,-2,0.119795,FRAY 5,84,138,33,-325
-2,-3,0.119809,FRAY 5,84,138,31,-322
-2,-3,0.119832,FRAY 5,84,138,29,-319
-2,-3,0.119867,FRAY 5,84,138,27,-316
-2,-3,0.11989,FRAY 5,84,138,25,-313
-2,-2,0.119919,FRAY 5,84,138,23,-311
-2,-3,0.119937,FRAY 5,84,138,21,-308
-1,-3,0.119966,FRAY 5,84,138,20,-305
-2,-3,0.119983,FRAY 5,84,138,18,-302
-2,-3,0.120018,FRAY 5,84,138,16,-299
-2,-3,0.120041,FRAY 5,84,138,14,-296
-2,-2,0.120076,FRAY 5,84,138,12,-294
-2,-3,0.120088,FRAY 5,84,138,10,-291
-2,-3,0.120105,FRAY 5,84,138,8,-288
-2,-3,0.120128,FRAY 5,84,138,6,-285
-1,-3,0.120169,FRAY 5,84,138,5,-282
-2,-2,0.120181,FRAY 5,84,138,3,-280
-2,-3,0.120204,FRAY 5,84,138,1,-277
-2,-3,0.120216,FRAY 5,84,138,-1,-274
-2,-3,0.120245,FRAY 5,84,138,-3,-271
-2,-3,0.120268,FRAY 5,84,138,-5,-268
-2,-2,0.120297,FRAY 5,84,138,-7,-266
-2,-2,0.12032,FRAY 5,84,138,-9,-264
-1,-2,0.120355,FRAY 5,84,138,-10,-262
-2,-2,0.120372,FRAY 5,84,138,-12,-260
-2,-2,0.120395,FRAY 5,84,138,-14,-258
-2,-2,0.120419,FRAY 5,84,138,-16,-256
-2,-2,0.120448,FRAY 5,84,138,-18,-254
-2,-2,0.120483,FRAY 5,84,138,-20,-252
-2,-1,0.120514,FRAY 5,84,138,-22,-251
-1,1,0.120755,FRAY 5,84,138,-23,-252
-1,1,0.132754,SAN- 6,75,165,-24,-253
-1,1,0.132807,SAN- 6,75,165,-25,-254
-1,1,0.132824,SAN- 6,75,165,-26,-255
-1,1,0.132882,SAN- 6,75,165,-27,-256
-1,1,0.132905,SAN- 6,75,165,-28,-257
-1,2,0.132975,SAN- 6,75,165,-29,-259
-1,1,0.133039,SAN- 6,75,165,-30,-260
-1,1,0.133085,SAN- 6,75,165,-31,-261
-1,1,0.13312,SAN- 6,75,165,-32,-262
-1,1,0.133126,SAN- 6,75,165,-33,-263
-1,1,0.133149,SAN- 6,75,165,-34,-264
-1,1,0.133172,SAN- 6,75,165,-35,-265
-1,1,0.133219,SAN- 6,75,165,-36,-266
-1,1,0.133248,SAN- 6,75,165,-37,-267
-1,1,0.133259,SAN- 6,75,165,-38,-268
-1,1,0.133283,SAN- 6,75,165,-39,-269
-1,1,0.133352,SAN- 6,75,165,-40,-270
-1,1,0.133387,SAN- 6,75,165,-41,-271
-1,1,0.133399,SAN- 6,75,165,-42,-272
-1,1,0.13341,SAN- 6,75,165,-43,-273
-1,1,0.133467,SAN- 6,75,165,-44,-274
-1,1,0.133492,SAN- 6,75,165,-45,-275
-1,1,0.133521,SAN- 6,75,165,-46,-276
-1,1,0.133544,SAN- 6,75,165,-47,-277
-1,1,0.133584,SAN- 6,75,165,-48,-278
-1,1,0.133619,SAN- 6,75,165,-49,-279
-1,1,0.133648,SAN- 6,75,165,-50,-280
-1,1,0.13366,SAN- 6,75,165,-51,-281
-1,1,0.133689,SAN- 6,75,165,-52,-282
-1,1,0.133735,SAN- 6,75,165,-53,-283
-1,1,0.133764,SAN- 6,75,165,-54,-284
-1,1,0.133793,SAN- 6,75,165,-55,-285
-1,1,0.133811,SAN- 6,75,165,-56,-286
-1,1,0.133869,SAN- 6,75,165,-57,-287
-1,1,0.133886,SAN- 6,75,165,-58,-288
-1,1,0.133921,SAN- 6,75,165,-59,-289
-1,1,0.13539,SAN- 6,75,165,-60,-290
-1,1,0.135436,SAN- 6,75,165,-61,-291
-1,1,0.135459,SAN- 6,75,165,-62,-292
-1,1,0.135517,SAN- 6,75,165,-63,-293
-1,1,0.142077,SAN- 6,75,165,-64,-294
-1,1,0.142129,SAN- 6,75,165,-65,-295
-1,1,0.142153,SAN- 6,75,165,-66,-296
-1,1,0.142216,SAN- 6,75,165,-67,-297
-1,1,0.142245,SAN- 6,75,165,-68,-298
-1,1,0.14228,SAN- 6,75,165,-69,-299
-1,1,0.142309,SAN- 6,75,165,-70,-300
-1,1,0.142367,SAN- 6,75,165,-71,-301
-1,1,0.142385,SAN- 6,75,165,-72,-302
-1,1,0.142431,SAN- 6,75,165,-73,-303
-1,1,0.142454,SAN- 6,75,165,-74,-304
-1,1,0.142518,SAN- 6,75,165,-75,-305
-1,1,0.142553,SAN- 6,75,165,-76,-306
-1,1,0.142582,SAN- 6,75,165,-77,-307
-1,1,0.142617,SAN- 6,75,165,-78,-308
-1,1,0.142669,SAN- 6,75,165,-79,-309
-1,1,0.142692,SAN- 6,75,165,-80,-310
-1,1,0.142733,SAN- 6,75,165,-81,-311
-1,1,0.142762,SAN- 6,75,165,-82,-312
-1,1,0.142809,SAN- 6,75,165,-83,-313
-1,1,0.142849,SAN- 6,75,165,-84,-314
-1,1,0.14289,SAN- 6,75,165,-85,-315
-1,1,0.142942,SAN- 6,75,165,-86,-316
-1,1,0.142959,SAN- 6,75,165,-87,-317
-1,1,0.143018,SAN- 6,75,165,-88,-318
-1,1,0.143041,SAN- 6,75,165,-89,-319
-1,1,0.143093,SAN- 6,75,165,-90,-320
-1,1,0.14311,SAN- 6,75,165,-91,-321
-1,1,0.143168,SAN- 6,75,165,-92,-322
-1,1,0.143197,SAN- 6,75,165,-93,-323
3,1,0.148161,-TIA- 7,343,167,-90,-324
3,1,0.148172,-TIA- 7,343,167,-87,-325
3,1,0.14819,-TIA- 7,343,167,-84,-326
2,1,0.148225,-TIA- 7,343,167,-82,-327
3,1,0.148254,-TIA- 7,343,167,-79,-328
3,1,0.148288,-TIA- 7,343,167,-76,-329
3,1,0.148294,-TIA- 7,343,167,-73,-330
3,1,0.148323,-TIA- 7,343,167,-70,-331
3,1,0.148341,-TIA- 7,343,167,-67,-332
2,1,0.148376,-TIA- 7,343,167,-65,-333
3,1,0.148405,-TIA- 7,343,167,-62,-334
3,1,0.148439,-TIA- 7,343,167,-59,-335
3,1,0.148445,-TIA- 7,343,167,-56,-336
2,1,0.148497,-TIA- 7,343,167,-54,-337
3,1,0.148521,-TIA- 7,343,167,-51,-338
3,1,0.148561,-TIA- 7,343,167,-48,-339
3,1,0.14859,-TIA- 7,343,167,-45,-340
3,1,0.148602,-TIA- 7,343,167,-42,-341
2,1,0.148625,-TIA- 7,343,167,-40,-342
3,1,0.148648,-TIA- 7,343,167,-37,-343
3,1,0.148677,-TIA- 7,343,167,-34,-344
3,1,0.148706,-TIA- 7,343,167,-31,-345
3,1,0.148735,-TIA- 7,343,167,-28,-346
3,1,0.148753,-TIA- 7,343,167,-25,-347
2,1,0.148776,-TIA- 7,343,167,-23,-348
3,1,0.148805,-TIA- 7,343,167,-20,-349
3,1,0.148834,-TIA- 7,343,167,-17,-350
3,1,0.148857,-TIA- 7,343,167,-14,-351
2,1,0.148904,-TIA- 7,343,167,-12,-352
3,1,0.148927,-TIA- 7,343,167,-9,-353
3,1,0.148961,-TIA- 7,343,167,-6,-354
3,-1,0.149786,-TIA- 7,343,167,-3,-353
2,-1,0.149821,-TIA- 7,343,167,-1,-352
3,-1,0.149844,-TIA- 7,343,167,2,-351
3,-1,0.149885,-TIA- 7,343,167,5,-350
3,-1,0.149908,-TIA- 7,343,167,8,-349
2,-1,0.149931,-TIA- 7,343,167,10,-348
3,-1,0.14996,-TIA- 7,343,167,13,-347
3,-1,0.149995,-TIA- 7,343,167,16,-346
3,-1,0.150013,-TIA- 7,343,167,19,-345
3,-1,0.15003,-TIA- 7,343,167,22,-344
2,-1,0.150059,-TIA- 7,343,167,24,-343
3,-1,0.150088,-TIA- 7,343,167,27,-342
3,-1,0.150111,-TIA- 7,343,167,30,-341
3,-1,0.150146,-TIA- 7,343,167,33,-340
3,-1,0.150163,-TIA- 7,343,167,36,-339
3,-1,0.150187,-TIA- 7,343,167,39,-338
2,-1,0.15021,-TIA- 7,343,167,41,-337
3,-1,0.150239,-TIA- 7,343,167,44,-336
3,-1,0.15028,-TIA- 7,343,167,47,-335
3,-1,0.150314,-TIA- 7,343,167,50,-334
2,-1,0.150338,-TIA- 7,343,167,52,-333
3,-1,0.150361,-TIA- 7,343,167,55,-332
3,-1,0.150396,-TIA- 7,343,167,58,-331
3,-1,0.150425,-TIA- 7,343,167,61,-330
3,-1,0.150436,-TIA- 7,343,167,64,-329
2,-1,0.150465,-TIA- 7,343,167,66,-328
3,-1,0.150489,-TIA- 7,343,167,69,-327
3,-1,0.150512,-TIA- 7,343,167,72,-326
3,-1,0.150547,-TIA- 7,343,167,75,-325
3,-1,0.150576,-TIA- 7,343,167,78,-324
-1,-1,0.163229,GO 8,333,144,77,-323
-1,-1,0.163248,GO 8,333,144,76,-322
-1,-2,0.163312,GO 8,333,144,75,-320
-1,-2,0.163323,GO 8,333,144,74,-318
-1,-2,0.163358,GO 8,333,144,73,-316
-1,-1,0.16337,GO 8,333,144,72,-315
-1,-2,0.163387,GO 8,333,144,71,-313
-1,-2,0.16341,GO 8,333,144,70,-311
-1,-2,0.163439,GO 8,333,144,69,-309
-1,-2,0.163468,GO 8,333,144,68,-307
-1,-3,0.163498,GO 8,333,144,67,-304
-1,-3,0.163515,GO 8,333,144,66,-301
-1,-2,0.163538,GO 8,333,144,65,-299
-1,-3,0.163573,GO 8,333,144,64,-296
-1,-3,0.16359,GO 8,333,144,63,-293
-1,-3,0.163619,GO 8,333,144,62,-290
-1,-3,0.163648,GO 8,333,144,61,-287
-1,-2,0.163666,GO 8,333,144,60,-285
-1,-3,0.163689,GO 8,333,144,59,-282
-1,-2,0.163724,GO 8,333,144,58,-280
-1,-2,0.163753,GO 8,333,144,57,-278
-1,-2,0.163759,GO 8,333,144,56,-276
-1,-2,0.163794,GO 8,333,144,55,-274
-1,-2,0.163811,GO 8,333,144,54,-272
-1,-1,0.163834,GO 8,333,144,53,-271
-1,-2,0.163857,GO 8,333,144,52,-269
-1,-2,0.163886,GO 8,333,144,51,-267
-1,-2,0.163933,GO 8,333,144,50,-265
-1,-2,0.163944,GO 8,333,144,49,-263
-1,-2,0.163962,GO 8,333,144,48,-261
-1,-2,0.163985,GO 8,333,144,47,-259
-1,-2,0.164008,GO 8,333,144,46,-257
-1,-1,0.164043,GO 8,333,144,45,-256
-1,-1,0.164072,GO 8,333,144,44,-255
-1,-1,0.164095,GO 8,333,144,43,-254
-1,1,0.169204,GO 8,333,144,42,-255
1,1,0.169215,GO 8,333,144,43,-256
2,3,0.169239,GO 8,333,144,45,-259
3,1,0.169262,GO 8,333,144,48,-260
1,1,0.169279,GO 8,333,144,49,-261
2,1,0.169436,GO 8,333,144,51,-262
2,1,0.169465,GO 8,333,144,53,-263
3,2,0.169471,GO 8,333,144,56,-265
1,1,0.169488,GO 8,333,144,57,-266
2,2,0.169494,GO 8,333,144,59,-268
2,3,0.169523,GO 8,333,144,61,-271
2,3,0.169564,GO 8,333,144,63,-274
6,2,0.169593,GO 8,333,144,69,-276
5,2,0.16961,GO 8,333,144,74,-278
2,2,0.169616,GO 8,333,144,76,-280
2,5,0.169651,GO 8,333,144,78,-285
3,2,0.169657,GO 8,333,144,81,-287
3,1,0.169674,GO 8,333,144,84,-288
2,1,0.169686,GO 8,333,144,86,-289
1,1,0.169703,GO 8,333,144,87,-290
2,-1,0.169761,GO 8,333,144,89,-289
-1,1,0.170098,GO 8,333,144,88,-290
1,2,0.170104,GO 8,333,144,89,-292
1,3,0.170115,GO 8,333,144,90,-295
1,2,0.170127,GO 8,333,144,91,-297
2,3,0.170138,GO 8,333,144,93,-300
1,2,0.170162,GO 8,333,144,94,-302
1,1,0.170167,GO 8,333,144,95,-303
2,2,0.170191,GO 8,333,144,97,-305
2,-1,0.170347,GO 8,333,144,99,-304
-1,-1,0.170353,GO 8,333,144,98,-303
-1,4,0.170626,GO 8,333,144,97,-307
2,4,0.170632,GO 8,333,144,99,-311
3,4,0.170649,GO 8,333,144,102,-315
2,5,0.170661,GO 8,333,144,104,-320
2,5,0.170684,GO 8,333,144,106,-325
2,4,0.17069,GO 8,333,144,108,-329
2,4,0.170713,GO 8,333,144,110,-333
1,4,0.170725,GO 8,333,144,111,-337
2,7,0.170748,GO 8,333,144,113,-344
3,3,0.170754,GO 8,333,144,116,-347
1,3,0.170783,GO 8,333,144,117,-350
1,2,0.170794,GO 8,333,144,118,-352
1,1,0.170812,GO 8,333,144,119,-353
-2,5,0.171154,GO 8,333,144,117,-358
2,4,0.17116,GO 8,333,144,119,-362
2,4,0.171178,GO 8,333,144,121,-366
3,10,0.171201,GO 8,333,144,124,-376
6,9,0.171224,GO 8,333,144,130,-385
5,5,0.171247,GO 8,333,144,135,-390
3,4,0.171259,GO 8,333,144,138,-394
2,2,0.17127,GO 8,333,144,140,-396
2,3,0.171282,GO 8,333,144,142,-399
2,2,0.171288,GO 8,333,144,144,-401
2,2,0.171299,GO 8,333,144,146,-403
1,2,0.171323,GO 8,333,144,147,-405
1,4,0.171804,GO 8,333,144,148,-409
1,7,0.171828,GO 8,333,144,149,-416
2,5,0.171833,GO 8,333,144,151,-421
1,13,0.171886,GO 8,333,144,152,-434
3,4,0.171934,GO 8,333,144,155,-438
2,7,0.17195,GO 8,333,144,157,-445
2,2,0.171961,GO 8,333,144,159,-447
1,3,0.171979,GO 8,333,144,160,-450
1,-1,0.172013,GO 8,333,144,161,-449
-1,3,0.172251,GO 8,333,144,160,-452
3,3,0.172257,GO 8,333,144,163,-455
4,4,0.172269,GO 8,333,144,167,-459
5,4,0.172286,GO 8,333,144,172,-463
6,4,0.172304,GO 8,333,144,178,-467
6,5,0.172315,GO 8,333,144,184,-472
6,5,0.172327,GO 8,333,144,190,-477
7,9,0.17235,GO 8,333,144,197,-486
12,8,0.172379,GO 8,333,144,209,-494
12,4,0.172391,GO 8,333,144,221,-498
6,4,0.172402,GO 8,333,144,227,-502
6,2,0.172414,GO 8,333,144,233,-504
4,3,0.172426,GO 8,333,144,237,-507
6,2,0.172443,GO 8,333,144,243,-509
3,4,0.172762,GO 8,333,144,246,-513
4,3,0.172774,GO 8,333,144,250,-516
5,10,0.172797,GO 8,333,144,255,-526
10,4,0.172815,GO 8,333,144,265,-530
6,5,0.172826,GO 8,333,144,271,-535
5,5,0.172844,GO 8,333,144,276,-540
5,5,0.172861,GO 8,333,144,281,-545
4,3,0.172867,GO 8,333,144,285,-548
4,7,0.172902,GO 8,333,144,289,-555
6,5,0.172936,GO 8,333,144,295,-560
1,1,0.172955,GO 8,333,144,296,-561
-1,3,0.173227,GO 8,333,144,295,-564
2,4,0.173238,GO 8,333,144,297,-568
3,5,0.17325,GO 8,333,144,300,-573
2,4,0.173261,GO 8,333,144,302,-577
3,4,0.173279,GO 8,333,144,305,-581
1,4,0.173296,GO 8,333,144,306,-585
2,9,0.173314,GO 8,333,144,308,-594
4,7,0.173343,GO 8,333,144,312,-601
4,4,0.173354,GO 8,333,144,316,-605
2,6,0.173378,GO 8,333,144,318,-611
2,4,0.173412,GO 8,333,144,320,-615
1,1,0.173424,GO 8,333,144,321,-616
1,1,0.173447,GO 8,333,144,322,-617
1,1,0.173598,GO 8,333,144,323,-618
1,1,0.173598,GO 8,333,144,324,-619
1,3,0.173627,GO 8,333,144,325,-622
1,2,0.17365,GO 8,333,144,326,-624
1,1,0.173662,GO 8,333,144,327,-625
1,1,0.174231,GO 8,333,144,328,-626
