deltaX,deltaY,WHEN,SYLLABLE,XofButton,YofButton,XofTrace,YofTrace
-2,-1,0.132609,Yield,0,0,-2,1
-3,-1,0.132615,Yield,0,0,-5,2
-3,-1,0.132638,Yield,0,0,-8,3
-3,-1,0.132673,Yield,0,0,-11,4
-2,-1,0.132737,Yield,0,0,-13,5
-2,-1,0.132748,Yield,0,0,-15,6
-2,-1,0.132766,Yield,0,0,-17,7
-2,-1,0.132807,Yield,0,0,-19,8
-2,-1,0.132853,Yield,0,0,-21,9
-2,-1,0.132888,Yield,0,0,-23,10
-3,1,0.132998,Yield,0,0,-26,9
-4,1,0.133021,Yield,0,0,-30,8
-3,1,0.133056,Yield,0,0,-33,7
-4,1,0.133091,Yield,0,0,-37,6
-4,2,0.13312,Yield,0,0,-41,4
-7,2,0.133143,Yield,0,0,-48,2
-4,2,0.133172,Yield,0,0,-52,0
-4,2,0.133201,Yield,0,0,-56,-2
-4,2,0.13323,Yield,0,0,-60,-4
-3,3,0.133242,Yield,0,0,-63,-7
-4,3,0.133259,Yield,0,0,-67,-10
-4,3,0.133294,Yield,0,0,-71,-13
-3,4,0.133328,Yield,0,0,-74,-17
-4,3,0.133352,Yield,0,0,-78,-20
-4,4,0.133375,Yield,0,0,-82,-24
-4,4,0.133387,Yield,0,0,-86,-28
-3,4,0.133404,Yield,0,0,-89,-32
-4,3,0.133439,Yield,0,0,-93,-35
-4,4,0.133471,Yield,0,0,-97,-39
-4,4,0.133503,Yield,0,0,-101,-43
-3,3,0.133509,Yield,0,0,-104,-46
-4,3,0.133532,Yield,0,0,-108,-49
-3,1,0.133561,Yield,0,0,-111,-50
-3,1,0.13359,Yield,0,0,-114,-51
-2,1,0.133625,Yield,0,0,-116,-52
-2,1,0.13366,Yield,0,0,-118,-53
-1,-1,0.134206,Yield,0,0,-119,-52
-1,-4,0.13424,Yield,0,0,-120,-48
-4,-2,0.134264,Yield,0,0,-124,-46
-2,-3,0.134293,Yield,0,0,-126,-43
-1,-2,0.134327,Yield,0,0,-127,-41
-2,-3,0.134356,Yield,0,0,-129,-38
-2,-3,0.134362,Yield,0,0,-131,-35
-2,-3,0.134385,Yield,0,0,-133,-32
-2,-3,0.134415,Yield,0,0,-135,-29
-2,-3,0.134449,Yield,0,0,-137,-26
-2,-2,0.134478,Yield,0,0,-139,-24
-2,-3,0.13449,Yield,0,0,-141,-21
-1,-3,0.134513,Yield,0,0,-142,-18
-2,-3,0.134536,Yield,0,0,-144,-15
-2,-3,0.134571,Yield,0,0,-146,-12
-3,-2,0.1346,Yield,0,0,-149,-10
-3,-3,0.134635,Yield,0,0,-152,-7
-3,-3,0.134646,Yield,0,0,-155,-4
-2,-2,0.134664,Yield,0,0,-157,-2
-1,-1,0.134699,Yield,0,0,-158,-1
-1,-1,0.134722,Yield,0,0,-159,0
-1,1,0.147917,FRAY 1,87,416,-160,-1
1,2,0.147981,FRAY 1,87,416,-159,-3
1,2,0.147998,FRAY 1,87,416,-158,-5
2,4,0.148033,FRAY 1,87,416,-156,-9
5,3,0.148056,FRAY 1,87,416,-151,-12
3,2,0.148085,FRAY 1,87,416,-148,-14
3,3,0.14812,FRAY 1,87,416,-145,-17
2,3,0.148155,FRAY 1,87,416,-143,-20
3,7,0.148184,FRAY 1,87,416,-140,-27
6,4,0.148207,FRAY 1,87,416,-134,-31
3,4,0.148242,FRAY 1,87,416,-131,-35
3,4,0.148265,FRAY 1,87,416,-128,-39
2,3,0.148306,FRAY 1,87,416,-126,-42
3,4,0.148329,FRAY 1,87,416,-123,-46
3,4,0.148335,FRAY 1,87,416,-120,-50
3,4,0.148358,FRAY 1,87,416,-117,-54
3,3,0.148387,FRAY 1,87,416,-114,-57
2,4,0.148416,FRAY 1,87,416,-112,-61
3,4,0.148451,FRAY 1,87,416,-109,-65
3,4,0.14848,FRAY 1,87,416,-106,-69
3,3,0.148486,FRAY 1,87,416,-103,-72
3,4,0.148509,FRAY 1,87,416,-100,-76
2,4,0.148538,FRAY 1,87,416,-98,-80
3,4,0.148567,FRAY 1,87,416,-95,-84
3,3,0.148602,FRAY 1,87,416,-92,-87
3,4,0.148631,FRAY 1,87,416,-89,-91
3,4,0.148643,FRAY 1,87,416,-86,-95
2,4,0.148666,FRAY 1,87,416,-84,-99
3,3,0.148705,FRAY 1,87,416,-81,-102
3,4,0.148735,FRAY 1,87,416,-78,-106
3,4,0.14877,FRAY 1,87,416,-75,-110
3,4,0.148776,FRAY 1,87,416,-72,-114
3,3,0.148782,FRAY 1,87,416,-69,-117
2,4,0.148805,FRAY 1,87,416,-67,-121
3,4,0.14884,FRAY 1,87,416,-64,-125
3,4,0.148869,FRAY 1,87,416,-61,-129
3,3,0.148898,FRAY 1,87,416,-58,-132
3,4,0.148927,FRAY 1,87,416,-55,-136
2,4,0.148933,FRAY 1,87,416,-53,-140
3,4,0.148962,FRAY 1,87,416,-50,-144
3,3,0.148983,FRAY 1,87,416,-47,-147
3,4,0.149026,FRAY 1,87,416,-44,-151
3,4,0.149031,FRAY 1,87,416,-41,-155
2,7,0.149095,FRAY 1,87,416,-39,-162
6,4,0.14913,FRAY 1,87,416,-33,-166
2,4,0.149142,FRAY 1,87,416,-31,-170
2,4,0.149177,FRAY 1,87,416,-29,-174
1,3,0.149182,FRAY 1,87,416,-28,-177
1,4,0.149211,FRAY 1,87,416,-27,-181
1,4,0.14924,FRAY 1,87,416,-26,-185
1,4,0.149264,FRAY 1,87,416,-25,-189
1,3,0.149293,FRAY 1,87,416,-24,-192
1,4,0.14931,FRAY 1,87,416,-23,-196
2,4,0.149333,FRAY 1,87,416,-21,-200
2,4,0.149365,FRAY 1,87,416,-19,-204
2,3,0.149391,FRAY 1,87,416,-17,-207
2,4,0.14942,FRAY 1,87,416,-15,-211
2,4,0.149455,FRAY 1,87,416,-13,-215
2,4,0.149478,FRAY 1,87,416,-11,-219
2,3,0.149484,FRAY 1,87,416,-9,-222
1,4,0.149507,FRAY 1,87,416,-8,-226
1,4,0.149542,FRAY 1,87,416,-7,-230
1,4,0.149566,FRAY 1,87,416,-6,-234
1,3,0.149612,FRAY 1,87,416,-5,-237
1,8,0.149635,FRAY 1,87,416,-4,-245
2,4,0.149664,FRAY 1,87,416,-2,-249
1,3,0.149693,FRAY 1,87,416,-1,-252
2,4,0.149716,FRAY 1,87,416,1,-256
2,4,0.149757,FRAY 1,87,416,3,-260
2,7,0.149792,FRAY 1,87,416,5,-267
3,4,0.149815,FRAY 1,87,416,8,-271
2,4,0.149844,FRAY 1,87,416,10,-275
3,4,0.149867,FRAY 1,87,416,13,-279
3,3,0.149902,FRAY 1,87,416,16,-282
3,4,0.14992,FRAY 1,87,416,19,-286
3,4,0.149943,FRAY 1,87,416,22,-290
2,4,0.149978,FRAY 1,87,416,24,-294
3,3,0.149989,FRAY 1,87,416,27,-297
3,4,0.150024,FRAY 1,87,416,30,-301
3,4,0.150053,FRAY 1,87,416,33,-305
3,4,0.150071,FRAY 1,87,416,36,-309
2,3,0.150094,FRAY 1,87,416,38,-312
3,4,0.150117,FRAY 1,87,416,41,-316
3,4,0.150152,FRAY 1,87,416,44,-320
3,4,0.150175,FRAY 1,87,416,47,-324
3,3,0.150204,FRAY 1,87,416,50,-327
2,4,0.150239,FRAY 1,87,416,52,-331
2,4,0.150245,FRAY 1,87,416,54,-335
2,4,0.150268,FRAY 1,87,416,56,-339
-2,3,0.150297,FRAY 1,87,416,54,-342
-3,4,0.150326,FRAY 1,87,416,51,-346
-3,4,0.150349,FRAY 1,87,416,48,-350
-4,4,0.150384,FRAY 1,87,416,44,-354
-3,3,0.150396,FRAY 1,87,416,41,-357
-4,4,0.150419,FRAY 1,87,416,37,-361
-4,4,0.150454,FRAY 1,87,416,33,-365
-4,4,0.150471,FRAY 1,87,416,29,-369
-3,3,0.150512,FRAY 1,87,416,26,-372
-1,1,0.150535,FRAY 1,87,416,25,-373
-2,2,0.150547,FRAY 1,87,416,23,-375
-2,2,0.150576,FRAY 1,87,416,21,-377
-1,1,0.150605,FRAY 1,87,416,20,-378
-1,1,0.150639,FRAY 1,87,416,19,-379
-1,1,0.15115,FRAY 1,87,416,18,-380
-1,1,0.151174,FRAY 1,87,416,17,-381
-1,1,0.151208,FRAY 1,87,416,16,-382
-1,2,0.151237,FRAY 1,87,416,15,-384
-1,2,0.151272,FRAY 1,87,416,14,-386
-1,2,0.151284,FRAY 1,87,416,13,-388
-1,3,0.151301,FRAY 1,87,416,12,-391
-1,3,0.151336,FRAY 1,87,416,11,-394
-1,3,0.151359,FRAY 1,87,416,10,-397
-1,2,0.151377,FRAY 1,87,416,9,-399
-1,3,0.151406,FRAY 1,87,416,8,-402
-1,3,0.151429,FRAY 1,87,416,7,-405
-1,2,0.151452,FRAY 1,87,416,6,-407
-1,2,0.151487,FRAY 1,87,416,5,-409
-1,3,0.151528,FRAY 1,87,416,4,-412
-2,2,0.151557,FRAY 1,87,416,2,-414
-2,1,0.15158,FRAY 1,87,416,0,-415
-2,2,0.151603,FRAY 1,87,416,-2,-417
-2,3,0.151638,FRAY 1,87,416,-4,-420
-1,3,0.151673,FRAY 1,87,416,-5,-423
-1,2,0.151679,FRAY 1,87,416,-6,-425
-1,3,0.151713,FRAY 1,87,416,-7,-428
-2,3,0.151725,FRAY 1,87,416,-9,-431
-2,3,0.15176,FRAY 1,87,416,-11,-434
-2,3,0.151783,FRAY 1,87,416,-13,-437
-3,2,0.151812,FRAY 1,87,416,-16,-439
-3,2,0.151824,FRAY 1,87,416,-19,-441
-4,2,0.151847,FRAY 1,87,416,-23,-443
-3,2,0.151888,FRAY 1,87,416,-26,-445
-4,1,0.151917,FRAY 1,87,416,-30,-446
-4,1,0.151934,FRAY 1,87,416,-34,-447
-4,2,0.151963,FRAY 1,87,416,-38,-449
-3,2,0.151975,FRAY 1,87,416,-41,-451
-4,3,0.151998,FRAY 1,87,416,-45,-454
-4,2,0.152027,FRAY 1,87,416,-49,-456
-4,3,0.152056,FRAY 1,87,416,-53,-459
-3,4,0.152079,FRAY 1,87,416,-56,-463
-4,4,0.152108,FRAY 1,87,416,-60,-467
-4,3,0.15212,FRAY 1,87,416,-64,-470
-4,4,0.152137,FRAY 1,87,416,-68,-474
-3,4,0.152172,FRAY 1,87,416,-71,-478
-1,4,0.152201,FRAY 1,87,416,-72,-482
-1,3,0.15223,FRAY 1,87,416,-73,-485
-1,4,0.152242,FRAY 1,87,416,-74,-489
1,4,0.152265,FRAY 1,87,416,-73,-493
1,4,0.152288,FRAY 1,87,416,-72,-497
1,3,0.152311,FRAY 1,87,416,-71,-500
2,4,0.152346,FRAY 1,87,416,-69,-504
2,4,0.152387,FRAY 1,87,416,-67,-508
3,3,0.152393,FRAY 1,87,416,-64,-511
3,3,0.152416,FRAY 1,87,416,-61,-514
2,2,0.152439,FRAY 1,87,416,-59,-516
2,3,0.152474,FRAY 1,87,416,-57,-519
1,3,0.152497,FRAY 1,87,416,-56,-522
2,3,0.152532,FRAY 1,87,416,-54,-525
2,3,0.152538,FRAY 1,87,416,-52,-528
2,2,0.152561,FRAY 1,87,416,-50,-530
2,3,0.15259,FRAY 1,87,416,-48,-533
2,3,0.152619,FRAY 1,87,416,-46,-536
2,3,0.152648,FRAY 1,87,416,-44,-539
2,4,0.152665,FRAY 1,87,416,-42,-543
1,3,0.152677,FRAY 1,87,416,-41,-546
2,4,0.1527,FRAY 1,87,416,-39,-550
2,4,0.152723,FRAY 1,87,416,-37,-554
2,4,0.152772,FRAY 1,87,416,-35,-558
2,3,0.152781,FRAY 1,87,416,-33,-561
2,4,0.152816,FRAY 1,87,416,-31,-565
2,4,0.152834,FRAY 1,87,416,-29,-569
2,4,0.152857,FRAY 1,87,416,-27,-573
1,3,0.152886,FRAY 1,87,416,-26,-576
2,4,0.152909,FRAY 1,87,416,-24,-580
2,4,0.152938,FRAY 1,87,416,-22,-584
1,4,0.152956,FRAY 1,87,416,-21,-588
1,3,0.152985,FRAY 1,87,416,-20,-591
1,4,0.153008,FRAY 1,87,416,-19,-595
1,4,0.153031,FRAY 1,87,416,-18,-599
1,4,0.153061,FRAY 1,87,416,-17,-603
1,3,0.153095,FRAY 1,87,416,-16,-606
1,2,0.153107,FRAY 1,87,416,-15,-608
1,1,0.153136,FRAY 1,87,416,-14,-609
1,1,0.153182,FRAY 1,87,416,-13,-610
1,1,0.153217,FRAY 1,87,416,-12,-611
1,-1,0.162069,SAN- 2,387,311,-11,-610
1,-1,0.162122,SAN- 2,387,311,-10,-609
1,-1,0.162133,SAN- 2,387,311,-9,-608
1,-1,0.162157,SAN- 2,387,311,-8,-607
1,-1,0.162215,SAN- 2,387,311,-7,-606
1,-1,0.162244,SAN- 2,387,311,-6,-605
1,-1,0.162273,SAN- 2,387,311,-5,-604
1,-2,0.162302,SAN- 2,387,311,-4,-602
1,-2,0.162313,SAN- 2,387,311,-3,-600
1,-2,0.162337,SAN- 2,387,311,-2,-598
1,-2,0.162366,SAN- 2,387,311,-1,-596
1,-2,0.1624,SAN- 2,387,311,0,-594
2,-2,0.162429,SAN- 2,387,311,2,-592
2,-2,0.162435,SAN- 2,387,311,4,-590
1,-1,0.162464,SAN- 2,387,311,5,-589
2,-1,0.162487,SAN- 2,387,311,7,-588
2,-1,0.162516,SAN- 2,387,311,9,-587
3,-1,0.162551,SAN- 2,387,311,12,-586
3,-1,0.16258,SAN- 2,387,311,15,-585
3,-1,0.162592,SAN- 2,387,311,18,-584
2,-1,0.162615,SAN- 2,387,311,20,-583
2,-1,0.162714,SAN- 2,387,311,22,-582
2,-1,0.162743,SAN- 2,387,311,24,-581
2,-1,0.162766,SAN- 2,387,311,26,-580
2,-1,0.162807,SAN- 2,387,311,28,-579
1,-1,0.162818,SAN- 2,387,311,29,-578
3,-2,0.162847,SAN- 2,387,311,32,-576
3,-1,0.162853,SAN- 2,387,311,35,-575
3,-2,0.162888,SAN- 2,387,311,38,-573
3,-2,0.162911,SAN- 2,387,311,41,-571
3,-2,0.16294,SAN- 2,387,311,44,-569
2,-3,0.162975,SAN- 2,387,311,46,-566
3,-3,0.162975,SAN- 2,387,311,49,-563
3,-3,0.163004,SAN- 2,387,311,52,-560
3,-1,0.163027,SAN- 2,387,311,55,-559
3,-2,0.163062,SAN- 2,387,311,58,-557
2,-2,0.163097,SAN- 2,387,311,60,-555
3,-1,0.163126,SAN- 2,387,311,63,-554
3,-1,0.163132,SAN- 2,387,311,66,-553
3,-1,0.163155,SAN- 2,387,311,69,-552
2,-1,0.163486,SAN- 2,387,311,71,-551
3,-1,0.163517,SAN- 2,387,311,74,-550
3,-1,0.163544,SAN- 2,387,311,77,-549
2,-1,0.163567,SAN- 2,387,311,79,-548
2,-2,0.163585,SAN- 2,387,311,81,-546
3,-1,0.163608,SAN- 2,387,311,84,-545
2,-2,0.163631,SAN- 2,387,311,86,-543
3,-1,0.16366,SAN- 2,387,311,89,-542
3,-1,0.163695,SAN- 2,387,311,92,-541
3,-2,0.163736,SAN- 2,387,311,95,-539
5,-1,0.163759,SAN- 2,387,311,100,-538
3,-1,0.163782,SAN- 2,387,311,103,-537
3,-1,0.163816,SAN- 2,387,311,106,-536
3,-1,0.163846,SAN- 2,387,311,109,-535
3,1,0.163968,SAN- 2,387,311,112,-536
3,1,0.163997,SAN- 2,387,311,115,-537
3,1,0.164032,SAN- 2,387,311,118,-538
2,2,0.164037,SAN- 2,387,311,120,-540
3,2,0.164061,SAN- 2,387,311,123,-542
3,2,0.164084,SAN- 2,387,311,126,-544
3,1,0.164119,SAN- 2,387,311,129,-545
3,1,0.164152,SAN- 2,387,311,132,-546
2,1,0.164159,SAN- 2,387,311,134,-547
3,1,0.164188,SAN- 2,387,311,137,-548
3,1,0.164212,SAN- 2,387,311,140,-549
3,-1,0.16431,SAN- 2,387,311,143,-548
3,-1,0.164345,SAN- 2,387,311,146,-547
3,-1,0.164368,SAN- 2,387,311,149,-546
3,-1,0.164397,SAN- 2,387,311,152,-545
2,-2,0.16442,SAN- 2,387,311,154,-543
3,-2,0.164438,SAN- 2,387,311,157,-541
3,-2,0.164461,SAN- 2,387,311,160,-539
3,-2,0.164484,SAN- 2,387,311,163,-537
3,-2,0.164519,SAN- 2,387,311,166,-535
3,-2,0.164548,SAN- 2,387,311,169,-533
2,-2,0.164583,SAN- 2,387,311,171,-531
3,-1,0.164589,SAN- 2,387,311,174,-530
3,-2,0.164614,SAN- 2,387,311,177,-528
3,-2,0.164641,SAN- 2,387,311,180,-526
3,-3,0.16467,SAN- 2,387,311,183,-523
2,-3,0.164705,SAN- 2,387,311,185,-520
3,-3,0.164734,SAN- 2,387,311,188,-517
3,-2,0.164744,SAN- 2,387,311,191,-515
3,-3,0.164769,SAN- 2,387,311,194,-512
3,-2,0.164798,SAN- 2,387,311,197,-510
2,-2,0.164821,SAN- 2,387,311,199,-508
3,-2,0.164844,SAN- 2,387,311,202,-506
3,-2,0.164879,SAN- 2,387,311,205,-504
3,-2,0.164897,SAN- 2,387,311,208,-502
3,-1,0.16492,SAN- 2,387,311,211,-501
3,-1,0.164949,SAN- 2,387,311,214,-500
3,-1,0.164995,SAN- 2,387,311,217,-499
3,-1,0.16503,SAN- 2,387,311,220,-498
3,-1,0.165047,SAN- 2,387,311,223,-497
3,-1,0.165071,SAN- 2,387,311,226,-496
2,-1,0.165105,SAN- 2,387,311,228,-495
3,-1,0.165135,SAN- 2,387,311,231,-494
3,-1,0.165158,SAN- 2,387,311,234,-493
3,-1,0.165175,SAN- 2,387,311,237,-492
3,-1,0.165198,SAN- 2,387,311,240,-491
2,-1,0.165222,SAN- 2,387,311,242,-490
3,-1,0.165245,SAN- 2,387,311,245,-489
3,-1,0.16528,SAN- 2,387,311,248,-488
3,-2,0.165303,SAN- 2,387,311,251,-486
3,-1,0.165332,SAN- 2,387,311,254,-485
3,-2,0.165367,SAN- 2,387,311,257,-483
2,-2,0.165373,SAN- 2,387,311,259,-481
3,-2,0.165396,SAN- 2,387,311,262,-479
3,-2,0.165431,SAN- 2,387,311,265,-477
3,-2,0.165454,SAN- 2,387,311,268,-475
3,-2,0.165483,SAN- 2,387,311,271,-473
2,-2,0.165506,SAN- 2,387,311,273,-471
3,-1,0.165523,SAN- 2,387,311,276,-470
3,-2,0.165547,SAN- 2,387,311,279,-468
3,-1,0.165581,SAN- 2,387,311,282,-467
3,-1,0.165605,SAN- 2,387,311,285,-466
2,-1,0.165628,SAN- 2,387,311,287,-465
3,-1,0.165661,SAN- 2,387,311,290,-464
3,-1,0.165674,SAN- 2,387,311,293,-463
3,-1,0.165703,SAN- 2,387,311,296,-462
3,-1,0.165727,SAN- 2,387,311,299,-461
2,-1,0.165767,SAN- 2,387,311,301,-460
3,-2,0.165773,SAN- 2,387,311,304,-458
3,-2,0.165814,SAN- 2,387,311,307,-456
3,-1,0.165831,SAN- 2,387,311,310,-455
3,-2,0.165854,SAN- 2,387,311,313,-453
3,-2,0.165883,SAN- 2,387,311,316,-451
2,-2,0.165918,SAN- 2,387,311,318,-449
3,-4,0.165942,SAN- 2,387,311,321,-445
6,-2,0.16597,SAN- 2,387,311,327,-443
3,-2,0.165994,SAN- 2,387,311,330,-441
2,-1,0.166017,SAN- 2,387,311,332,-440
3,-1,0.166081,SAN- 2,387,311,335,-439
3,-1,0.166092,SAN- 2,387,311,338,-438
3,-1,0.166121,SAN- 2,387,311,341,-437
2,-1,0.166145,SAN- 2,387,311,343,-436
2,-1,0.166168,SAN- 2,387,311,345,-435
2,-1,0.166208,SAN- 2,387,311,347,-434
2,-1,0.166232,SAN- 2,387,311,349,-433
2,-1,0.166243,SAN- 2,387,311,351,-432
2,-2,0.166272,SAN- 2,387,311,353,-430
2,-2,0.166301,SAN- 2,387,311,355,-428
2,-3,0.16633,SAN- 2,387,311,357,-425
2,-2,0.166348,SAN- 2,387,311,359,-423
3,-3,0.166377,SAN- 2,387,311,362,-420
3,-3,0.166388,SAN- 2,387,311,365,-417
3,-3,0.166412,SAN- 2,387,311,368,-414
3,-3,0.166441,SAN- 2,387,311,371,-411
2,-2,0.166475,SAN- 2,387,311,373,-409
3,-3,0.166493,SAN- 2,387,311,376,-406
3,-3,0.166531,SAN- 2,387,311,379,-403
3,-2,0.166539,SAN- 2,387,311,382,-401
3,-2,0.166563,SAN- 2,387,311,385,-399
3,-2,0.166597,SAN- 2,387,311,388,-397
2,-2,0.166621,SAN- 2,387,311,390,-395
3,-1,0.16665,SAN- 2,387,311,393,-394
3,-2,0.166684,SAN- 2,387,311,396,-392
3,-1,0.16669,SAN- 2,387,311,399,-391
3,-1,0.166713,SAN- 2,387,311,402,-390
2,-1,0.166748,SAN- 2,387,311,404,-389
3,-1,0.166783,SAN- 2,387,311,407,-388
2,1,0.166864,SAN- 2,387,311,409,-389
3,1,0.166888,SAN- 2,387,311,412,-390
2,1,0.166922,SAN- 2,387,311,414,-391
2,1,0.166957,SAN- 2,387,311,416,-392
1,1,0.166992,SAN- 2,387,311,417,-393
1,-1,0.177731,-TIA- 3,329,115,418,-392
1,-1,0.177772,-TIA- 3,329,115,419,-391
1,-1,0.177813,-TIA- 3,329,115,420,-390
1,-1,0.177842,-TIA- 3,329,115,421,-389
1,-1,0.177859,-TIA- 3,329,115,422,-388
1,-1,0.177923,-TIA- 3,329,115,423,-387
1,-1,0.177958,-TIA- 3,329,115,424,-386
1,-1,0.177964,-TIA- 3,329,115,425,-385
-1,-1,0.178318,-TIA- 3,329,115,424,-384
-1,-2,0.178341,-TIA- 3,329,115,423,-382
-2,-2,0.178376,-TIA- 3,329,115,421,-380
-2,-2,0.178387,-TIA- 3,329,115,419,-378
-2,-3,0.178411,-TIA- 3,329,115,417,-375
-2,-2,0.178445,-TIA- 3,329,115,415,-373
-1,-3,0.17848,-TIA- 3,329,115,414,-370
-2,-3,0.178503,-TIA- 3,329,115,412,-367
-2,-3,0.178532,-TIA- 3,329,115,410,-364
-2,-3,0.17854,-TIA- 3,329,115,408,-361
-2,-2,0.178567,-TIA- 3,329,115,406,-359
-2,-3,0.17859,-TIA- 3,329,115,404,-356
-2,-3,0.17862,-TIA- 3,329,115,402,-353
-2,-3,0.178639,-TIA- 3,329,115,400,-350
-1,-5,0.178678,-TIA- 3,329,115,399,-345
-4,-3,0.178689,-TIA- 3,329,115,395,-342
-2,-3,0.178718,-TIA- 3,329,115,393,-339
-2,-3,0.178747,-TIA- 3,329,115,391,-336
-2,-3,0.178776,-TIA- 3,329,115,389,-333
-2,-3,0.178811,-TIA- 3,329,115,387,-330
-2,-2,0.178817,-TIA- 3,329,115,385,-328
-1,-3,0.17884,-TIA- 3,329,115,384,-325
-2,-3,0.178863,-TIA- 3,329,115,382,-322
-3,-3,0.178898,-TIA- 3,329,115,379,-319
-3,-3,0.178927,-TIA- 3,329,115,376,-316
-3,-2,0.178962,-TIA- 3,329,115,373,-314
-3,-3,0.178974,-TIA- 3,329,115,370,-311
-4,-3,0.178997,-TIA- 3,329,115,366,-308
-4,-3,0.179008,-TIA- 3,329,115,362,-305
-4,-3,0.179032,-TIA- 3,329,115,358,-302
-3,-2,0.179072,-TIA- 3,329,115,355,-300
-4,-3,0.179107,-TIA- 3,329,115,351,-297
-4,-3,0.179113,-TIA- 3,329,115,347,-294
-4,-3,0.179136,-TIA- 3,329,115,343,-291
-3,-3,0.179171,-TIA- 3,329,115,340,-288
-4,-3,0.179194,-TIA- 3,329,115,336,-285
-4,-2,0.179217,-TIA- 3,329,115,332,-283
-4,-3,0.179251,-TIA- 3,329,115,328,-280
-3,-3,0.179264,-TIA- 3,329,115,325,-277
-4,-3,0.179287,-TIA- 3,329,115,321,-274
-3,-3,0.179322,-TIA- 3,329,115,318,-271
-3,-2,0.179345,-TIA- 3,329,115,315,-269
-2,-3,0.179363,-TIA- 3,329,115,313,-266
-2,-3,0.179403,-TIA- 3,329,115,311,-263
-2,-3,0.179421,-TIA- 3,329,115,309,-260
-1,-3,0.179444,-TIA- 3,329,115,308,-257
-1,-2,0.179473,-TIA- 3,329,115,307,-255
-1,-3,0.179513,-TIA- 3,329,115,306,-252
-1,-3,0.179513,-TIA- 3,329,115,305,-249
-1,-3,0.179542,-TIA- 3,329,115,304,-246
-2,-3,0.179572,-TIA- 3,329,115,302,-243
-2,-3,0.179595,-TIA- 3,329,115,300,-240
-2,-2,0.179618,-TIA- 3,329,115,298,-238
-2,-3,0.179659,-TIA- 3,329,115,296,-235
-2,-3,0.179664,-TIA- 3,329,115,294,-232
-3,-3,0.179688,-TIA- 3,329,115,291,-229
-3,-3,0.179722,-TIA- 3,329,115,288,-226
-4,-2,0.179746,-TIA- 3,329,115,284,-224
-4,-3,0.179769,-TIA- 3,329,115,280,-221
-3,-3,0.179804,-TIA- 3,329,115,277,-218
-4,-3,0.179815,-TIA- 3,329,115,273,-215
-4,-3,0.179844,-TIA- 3,329,115,269,-212
-4,-2,0.179879,-TIA- 3,329,115,265,-210
-2,-3,0.179908,-TIA- 3,329,115,263,-207
-2,-3,0.17992,-TIA- 3,329,115,261,-204
-1,-3,0.179955,-TIA- 3,329,115,260,-201
-1,-3,0.179972,-TIA- 3,329,115,259,-198
1,-3,0.180001,-TIA- 3,329,115,260,-195
1,-2,0.180019,-TIA- 3,329,115,261,-193
2,-3,0.180048,-TIA- 3,329,115,263,-190
1,-3,0.180075,-TIA- 3,329,115,264,-187
1,-3,0.180106,-TIA- 3,329,115,265,-184
1,-3,0.180123,-TIA- 3,329,115,266,-181
1,-2,0.180146,-TIA- 3,329,115,267,-179
1,-3,0.180169,-TIA- 3,329,115,268,-176
1,-3,0.180193,-TIA- 3,329,115,269,-173
1,-3,0.180227,-TIA- 3,329,115,270,-170
1,-5,0.180268,-TIA- 3,329,115,271,-165
1,-3,0.180286,-TIA- 3,329,115,272,-162
1,-3,0.180309,-TIA- 3,329,115,273,-159
1,-3,0.180344,-TIA- 3,329,115,274,-156
1,-3,0.180373,-TIA- 3,329,115,275,-153
1,-3,0.180405,-TIA- 3,329,115,276,-150
1,-2,0.180413,-TIA- 3,329,115,277,-148
1,-3,0.180436,-TIA- 3,329,115,278,-145
2,-3,0.18046,-TIA- 3,329,115,280,-142
2,-3,0.180495,-TIA- 3,329,115,282,-139
3,-3,0.180524,-TIA- 3,329,115,285,-136
2,-2,0.180541,-TIA- 3,329,115,287,-134
3,-3,0.180564,-TIA- 3,329,115,290,-131
3,-3,0.180587,-TIA- 3,329,115,293,-128
3,-3,0.180628,-TIA- 3,329,115,296,-125
3,-3,0.18064,-TIA- 3,329,115,299,-122
3,-2,0.180663,-TIA- 3,329,115,302,-120
2,-3,0.180698,-TIA- 3,329,115,304,-117
3,-3,0.180715,-TIA- 3,329,115,307,-114
3,-3,0.18075,-TIA- 3,329,115,310,-111
3,-3,0.180767,-TIA- 3,329,115,313,-108
3,-3,0.180796,-TIA- 3,329,115,316,-105
1,-2,0.180802,-TIA- 3,329,115,317,-103
1,-3,0.180837,-TIA- 3,329,115,318,-100
1,-3,0.18086,-TIA- 3,329,115,319,-97
1,-3,0.180883,-TIA- 3,329,115,320,-94
-1,-3,0.180918,-TIA- 3,329,115,319,-91
-1,-2,0.180947,-TIA- 3,329,115,318,-89
-1,-2,0.180959,-TIA- 3,329,115,317,-87
-1,-1,0.180988,-TIA- 3,329,115,316,-86
1,1,0.181034,-TIA- 3,329,115,317,-87
1,1,0.181069,-TIA- 3,329,115,318,-88
2,2,0.18111,-TIA- 3,329,115,320,-90
1,2,0.181133,-TIA- 3,329,115,321,-92
2,2,0.181162,-TIA- 3,329,115,323,-94
3,2,0.18119,-TIA- 3,329,115,326,-96
3,2,0.18122,-TIA- 3,329,115,329,-98
3,2,0.181249,-TIA- 3,329,115,332,-100
3,2,0.181261,-TIA- 3,329,115,335,-102
2,1,0.181284,-TIA- 3,329,115,337,-103
2,1,0.181342,-TIA- 3,329,115,339,-104
1,1,0.181354,-TIA- 3,329,115,340,-105
1,1,0.181383,-TIA- 3,329,115,341,-106
-1,-1,0.192656,GO 4,282,431,340,-105
-3,-1,0.192679,GO 4,282,431,337,-104
-3,-1,0.192708,GO 4,282,431,334,-103
-2,-1,0.192731,GO 4,282,431,332,-102
-1,-2,0.192772,GO 4,282,431,331,-100
-1,-2,0.192784,GO 4,282,431,330,-98
-1,-1,0.192807,GO 4,282,431,329,-97
-1,-2,0.192842,GO 4,282,431,328,-95
1,-1,0.192877,GO 4,282,431,329,-94
1,2,0.192935,GO 4,282,431,330,-96
1,2,0.192958,GO 4,282,431,331,-98
1,3,0.192993,GO 4,282,431,332,-101
1,3,0.193022,GO 4,282,431,333,-104
1,3,0.19303,GO 4,282,431,334,-107
1,2,0.193062,GO 4,282,431,335,-109
1,4,0.193087,GO 4,282,431,336,-113
1,4,0.19311,GO 4,282,431,337,-117
1,4,0.193144,GO 4,282,431,338,-121
1,3,0.193167,GO 4,282,431,339,-124
1,4,0.193184,GO 4,282,431,340,-128
-1,3,0.193213,GO 4,282,431,339,-131
-1,3,0.193242,GO 4,282,431,338,-134
-1,3,0.19326,GO 4,282,431,337,-137
-1,2,0.193289,GO 4,282,431,336,-139
-1,3,0.193318,GO 4,282,431,335,-142
-1,3,0.193335,GO 4,282,431,334,-145
-1,3,0.193358,GO 4,282,431,333,-148
-1,3,0.193393,GO 4,282,431,332,-151
-1,2,0.193428,GO 4,282,431,331,-153
-1,3,0.193445,GO 4,282,431,330,-156
-1,3,0.193469,GO 4,282,431,329,-159
-1,4,0.193492,GO 4,282,431,328,-163
-1,4,0.193509,GO 4,282,431,327,-167
-1,3,0.193544,GO 4,282,431,326,-170
-1,4,0.193567,GO 4,282,431,325,-174
-1,4,0.193608,GO 4,282,431,324,-178
-1,4,0.193614,GO 4,282,431,323,-182
-1,3,0.193637,GO 4,282,431,322,-185
-1,4,0.19366,GO 4,282,431,321,-189
1,4,0.193695,GO 4,282,431,322,-193
1,4,0.193718,GO 4,282,431,323,-197
1,3,0.193752,GO 4,282,431,324,-200
1,4,0.193765,GO 4,282,431,325,-204
2,4,0.193788,GO 4,282,431,327,-208
2,4,0.193823,GO 4,282,431,329,-212
2,3,0.193846,GO 4,282,431,331,-215
2,4,0.193869,GO 4,282,431,333,-219
2,4,0.193904,GO 4,282,431,335,-223
2,4,0.193921,GO 4,282,431,337,-227
3,3,0.193945,GO 4,282,431,340,-230
2,4,0.193968,GO 4,282,431,342,-234
3,4,0.193997,GO 4,282,431,345,-238
3,4,0.194032,GO 4,282,431,348,-242
3,3,0.194055,GO 4,282,431,351,-245
3,4,0.194072,GO 4,282,431,354,-249
2,4,0.194096,GO 4,282,431,356,-253
2,4,0.194119,GO 4,282,431,358,-257
2,3,0.194148,GO 4,282,431,360,-260
1,4,0.194165,GO 4,282,431,361,-264
1,8,0.194223,GO 4,282,431,362,-272
-1,3,0.194247,GO 4,282,431,361,-275
-1,4,0.19427,GO 4,282,431,360,-279
-2,4,0.194305,GO 4,282,431,358,-283
-2,4,0.194316,GO 4,282,431,356,-287
-2,3,0.194368,GO 4,282,431,354,-290
-3,4,0.194374,GO 4,282,431,351,-294
-3,4,0.194397,GO 4,282,431,348,-298
-3,4,0.194425,GO 4,282,431,345,-302
-3,3,0.194456,GO 4,282,431,342,-305
-2,4,0.194473,GO 4,282,431,340,-309
-3,4,0.194496,GO 4,282,431,337,-313
-3,4,0.194525,GO 4,282,431,334,-317
-3,3,0.194548,GO 4,282,431,331,-320
-2,4,0.194574,GO 4,282,431,329,-324
-2,4,0.194597,GO 4,282,431,327,-328
-1,4,0.194639,GO 4,282,431,326,-332
-1,3,0.194647,GO 4,282,431,325,-335
-1,4,0.194676,GO 4,282,431,324,-339
-1,4,0.194699,GO 4,282,431,323,-343
-1,4,0.194728,GO 4,282,431,322,-347
-1,3,0.19474,GO 4,282,431,321,-350
-1,4,0.194775,GO 4,282,431,320,-354
-1,4,0.194792,GO 4,282,431,319,-358
-1,4,0.194821,GO 4,282,431,318,-362
-1,3,0.194844,GO 4,282,431,317,-365
-1,4,0.194879,GO 4,282,431,316,-369
-1,4,0.194897,GO 4,282,431,315,-373
-1,4,0.194926,GO 4,282,431,314,-377
-1,3,0.194943,GO 4,282,431,313,-380
-1,4,0.194966,GO 4,282,431,312,-384
-1,4,0.194995,GO 4,282,431,311,-388
-1,4,0.195024,GO 4,282,431,310,-392
-2,3,0.195065,GO 4,282,431,308,-395
-2,4,0.195077,GO 4,282,431,306,-399
-2,4,0.195094,GO 4,282,431,304,-403
-3,4,0.195117,GO 4,282,431,301,-407
-3,3,0.195152,GO 4,282,431,298,-410
-2,4,0.195175,GO 4,282,431,296,-414
-3,4,0.195216,GO 4,282,431,293,-418
-3,4,0.195239,GO 4,282,431,290,-422
-3,3,0.195251,GO 4,282,431,287,-425
-3,4,0.195274,GO 4,282,431,284,-429
-2,4,0.195297,GO 4,282,431,282,-433
-2,4,0.195326,GO 4,282,431,280,-437
-2,3,0.195367,GO 4,282,431,278,-440
-2,8,0.195402,GO 4,282,431,276,-448
-4,4,0.195425,GO 4,282,431,272,-452
-2,3,0.195448,GO 4,282,431,270,-455
-2,4,0.195477,GO 4,282,431,268,-459
-1,4,0.195512,GO 4,282,431,267,-463
-2,4,0.195541,GO 4,282,431,265,-467
-2,3,0.195553,GO 4,282,431,263,-470
-2,4,0.195576,GO 4,282,431,261,-474
-2,4,0.195609,GO 4,282,431,259,-478
-3,4,0.195628,GO 4,282,431,256,-482
-3,3,0.195663,GO 4,282,431,253,-485
-2,4,0.195698,GO 4,282,431,251,-489
-3,4,0.195704,GO 4,282,431,248,-493
-3,4,0.195715,GO 4,282,431,245,-497
-3,3,0.195744,GO 4,282,431,242,-500
-3,4,0.195773,GO 4,282,431,239,-504
-2,4,0.195802,GO 4,282,431,237,-508
-2,4,0.19582,GO 4,282,431,235,-512
-2,3,0.195843,GO 4,282,431,233,-515
-2,4,0.195866,GO 4,282,431,231,-519
1,4,0.1959,GO 4,282,431,232,-523
1,4,0.19593,GO 4,282,431,233,-527
2,3,0.195942,GO 4,282,431,235,-530
1,4,0.195971,GO 4,282,431,236,-534
2,4,0.195997,GO 4,282,431,238,-538
2,4,0.196017,GO 4,282,431,240,-542
2,3,0.196052,GO 4,282,431,242,-545
2,4,0.196081,GO 4,282,431,244,-549
1,2,0.196093,GO 4,282,431,245,-551
1,2,0.196122,GO 4,282,431,246,-553
1,1,0.196156,GO 4,282,431,247,-554
1,1,0.196197,GO 4,282,431,248,-555
1,-1,0.207726,FRAY 5,338,307,249,-554
1,-1,0.207784,FRAY 5,338,307,250,-553
2,-1,0.207807,FRAY 5,338,307,252,-552
1,-1,0.207836,FRAY 5,338,307,253,-551
1,-1,0.207871,FRAY 5,338,307,254,-550
1,1,0.20826,FRAY 5,338,307,255,-551
2,1,0.208289,FRAY 5,338,307,257,-552
2,1,0.208324,FRAY 5,338,307,259,-553
2,1,0.208335,FRAY 5,338,307,261,-554
2,1,0.208358,FRAY 5,338,307,263,-555
3,1,0.208382,FRAY 5,338,307,266,-556
3,-1,0.208457,FRAY 5,338,307,269,-555
3,-3,0.208486,FRAY 5,338,307,272,-552
5,-2,0.208515,FRAY 5,338,307,277,-550
3,-2,0.208544,FRAY 5,338,307,280,-548
2,-3,0.208567,FRAY 5,338,307,282,-545
2,-2,0.208602,FRAY 5,338,307,284,-543
2,-3,0.208608,FRAY 5,338,307,286,-540
2,-3,0.208631,FRAY 5,338,307,288,-537
2,-3,0.208655,FRAY 5,338,307,290,-534
1,-3,0.208678,FRAY 5,338,307,291,-531
2,-2,0.208713,FRAY 5,338,307,293,-529
2,-3,0.208724,FRAY 5,338,307,295,-526
2,-3,0.208759,FRAY 5,338,307,297,-523
2,-3,0.208788,FRAY 5,338,307,299,-520
2,-3,0.208817,FRAY 5,338,307,301,-517
2,-2,0.208834,FRAY 5,338,307,303,-515
2,-3,0.208863,FRAY 5,338,307,305,-512
2,-3,0.208881,FRAY 5,338,307,307,-509
1,-3,0.208904,FRAY 5,338,307,308,-506
1,-3,0.208927,FRAY 5,338,307,309,-503
1,-3,0.208951,FRAY 5,338,307,310,-500
1,-2,0.208991,FRAY 5,338,307,311,-498
-1,-2,0.208997,FRAY 5,338,307,310,-496
-1,-2,0.209014,FRAY 5,338,307,309,-494
-1,-1,0.209043,FRAY 5,338,307,308,-493
-1,-1,0.209072,FRAY 5,338,307,307,-492
2,-1,0.209247,FRAY 5,338,307,309,-491
3,-1,0.209276,FRAY 5,338,307,312,-490
3,-2,0.209305,FRAY 5,338,307,315,-488
3,-2,0.209316,FRAY 5,338,307,318,-486
2,-2,0.20934,FRAY 5,338,307,320,-484
3,-2,0.209373,FRAY 5,338,307,323,-482
3,-2,0.209398,FRAY 5,338,307,326,-480
3,-3,0.209427,FRAY 5,338,307,329,-477
3,-2,0.209461,FRAY 5,338,307,332,-475
2,-3,0.209467,FRAY 5,338,307,334,-472
3,-3,0.20949,FRAY 5,338,307,337,-469
3,-3,0.209519,FRAY 5,338,307,340,-466
3,-3,0.209548,FRAY 5,338,307,343,-463
3,-2,0.209572,FRAY 5,338,307,346,-461
2,-3,0.209607,FRAY 5,338,307,348,-458
1,-3,0.209618,FRAY 5,338,307,349,-455
2,-3,0.209642,FRAY 5,338,307,351,-452
2,-3,0.209676,FRAY 5,338,307,353,-449
2,-2,0.209705,FRAY 5,338,307,355,-447
2,-3,0.209731,FRAY 5,338,307,357,-444
2,-3,0.209746,FRAY 5,338,307,359,-441
2,-3,0.209775,FRAY 5,338,307,361,-438
2,-3,0.209798,FRAY 5,338,307,363,-435
1,-3,0.209827,FRAY 5,338,307,364,-432
3,-2,0.209868,FRAY 5,338,307,367,-430
3,-3,0.209897,FRAY 5,338,307,370,-427
3,-3,0.209903,FRAY 5,338,307,373,-424
3,-3,0.209926,FRAY 5,338,307,376,-421
3,-3,0.209949,FRAY 5,338,307,379,-418
2,-2,0.209978,FRAY 5,338,307,381,-416
3,-3,0.210004,FRAY 5,338,307,384,-413
3,-3,0.210048,FRAY 5,338,307,387,-410
3,-3,0.210059,FRAY 5,338,307,390,-407
3,-3,0.210077,FRAY 5,338,307,393,-404
2,-2,0.2101,FRAY 5,338,307,395,-402
2,-3,0.210123,FRAY 5,338,307,397,-399
1,-3,0.210158,FRAY 5,338,307,398,-396
1,-3,0.210187,FRAY 5,338,307,399,-393
1,-3,0.210216,FRAY 5,338,307,400,-390
-1,-3,0.210228,FRAY 5,338,307,399,-387
-1,-2,0.210251,FRAY 5,338,307,398,-385
-1,-3,0.21028,FRAY 5,338,307,397,-382
-1,-3,0.210309,FRAY 5,338,307,396,-379
-1,-3,0.210326,FRAY 5,338,307,395,-376
-1,-3,0.210373,FRAY 5,338,307,394,-373
-1,-2,0.210382,FRAY 5,338,307,393,-371
1,-3,0.210402,FRAY 5,338,307,394,-368
1,-3,0.210431,FRAY 5,338,307,395,-365
2,-3,0.210442,FRAY 5,338,307,397,-362
2,-3,0.21046,FRAY 5,338,307,399,-359
2,-2,0.210483,FRAY 5,338,307,401,-357
2,-3,0.210512,FRAY 5,338,307,403,-354
3,-3,0.210541,FRAY 5,338,307,406,-351
2,-3,0.210564,FRAY 5,338,307,408,-348
3,-3,0.210593,FRAY 5,338,307,411,-345
3,-2,0.210628,FRAY 5,338,307,414,-343
3,-1,0.210634,FRAY 5,338,307,417,-342
3,-1,0.210669,FRAY 5,338,307,420,-341
3,1,0.210744,FRAY 5,338,307,423,-342
3,1,0.210785,FRAY 5,338,307,426,-343
3,1,0.21082,FRAY 5,338,307,429,-344
2,1,0.210843,FRAY 5,338,307,431,-345
3,1,0.210872,FRAY 5,338,307,434,-346
2,1,0.210907,FRAY 5,338,307,436,-347
2,1,0.210913,FRAY 5,338,307,438,-348
1,-1,0.211017,FRAY 5,338,307,439,-347
-1,-2,0.211069,FRAY 5,338,307,438,-345
-1,-2,0.211093,FRAY 5,338,307,437,-343
-1,-2,0.211122,FRAY 5,338,307,436,-341
-1,-2,0.211145,FRAY 5,338,307,435,-339
-1,-2,0.211156,FRAY 5,338,307,434,-337
-2,-1,0.211191,FRAY 5,338,307,432,-336
-2,-2,0.211209,FRAY 5,338,307,430,-334
-2,-2,0.211232,FRAY 5,338,307,428,-332
-3,-1,0.211255,FRAY 5,338,307,425,-331
-3,-1,0.211278,FRAY 5,338,307,422,-330
-3,1,0.21136,FRAY 5,338,307,419,-331
-2,1,0.211383,FRAY 5,338,307,417,-332
-2,1,0.211406,FRAY 5,338,307,415,-333
-1,1,0.211429,FRAY 5,338,307,414,-334
-1,1,0.211493,FRAY 5,338,307,413,-335
-1,1,0.21158,FRAY 5,338,307,412,-336
-1,1,0.211644,FRAY 5,338,307,411,-337
-1,1,0.211661,FRAY 5,338,307,410,-338
-2,1,0.211685,FRAY 5,338,307,408,-339
-2,1,0.211708,FRAY 5,338,307,406,-340
-3,1,0.211754,FRAY 5,338,307,403,-341
-2,1,0.211772,FRAY 5,338,307,401,-342
-3,1,0.211795,FRAY 5,338,307,398,-343
-3,1,0.211818,FRAY 5,338,307,395,-344
-3,1,0.211838,FRAY 5,338,307,392,-345
-1,1,0.211894,FRAY 5,338,307,391,-346
-1,1,0.211929,FRAY 5,338,307,390,-347
-1,1,0.211934,FRAY 5,338,307,389,-348
-1,1,0.211969,FRAY 5,338,307,388,-349
-2,-1,0.212161,FRAY 5,338,307,386,-348
-3,-1,0.212225,FRAY 5,338,307,383,-347
-3,-1,0.21223,FRAY 5,338,307,380,-346
-3,-1,0.212254,FRAY 5,338,307,377,-345
-3,-1,0.212288,FRAY 5,338,307,374,-344
-3,-1,0.212312,FRAY 5,338,307,371,-343
-2,-1,0.212341,FRAY 5,338,307,369,-342
-3,-1,0.212376,FRAY 5,338,307,366,-341
-4,-1,0.212381,FRAY 5,338,307,362,-340
-4,-1,0.212405,FRAY 5,338,307,358,-339
-3,-1,0.212439,FRAY 5,338,307,355,-338
-4,-1,0.212463,FRAY 5,338,307,351,-337
-3,-1,0.212492,FRAY 5,338,307,348,-336
-3,-1,0.212526,FRAY 5,338,307,345,-335
-1,-1,0.223231,SAN- 6,280,234,344,-334
-1,-2,0.223254,SAN- 6,280,234,343,-332
-2,-2,0.223289,SAN- 6,280,234,341,-330
-1,-3,0.223318,SAN- 6,280,234,340,-327
-3,-2,0.223335,SAN- 6,280,234,337,-325
-3,-3,0.223364,SAN- 6,280,234,334,-322
-3,-3,0.223382,SAN- 6,280,234,331,-319
-3,-3,0.223405,SAN- 6,280,234,328,-316
-2,-3,0.22344,SAN- 6,280,234,326,-313
-3,-2,0.223463,SAN- 6,280,234,323,-311
-3,-3,0.223492,SAN- 6,280,234,320,-308
-3,-3,0.223509,SAN- 6,280,234,317,-305
-2,-3,0.223526,SAN- 6,280,234,315,-302
-2,-3,0.22355,SAN- 6,280,234,313,-299
-1,-3,0.223585,SAN- 6,280,234,312,-296
-2,-2,0.223607,SAN- 6,280,234,310,-294
-2,-3,0.223637,SAN- 6,280,234,308,-291
-2,-3,0.22366,SAN- 6,280,234,306,-288
-3,-3,0.223678,SAN- 6,280,234,303,-285
-3,-3,0.223701,SAN- 6,280,234,300,-282
-3,-2,0.223724,SAN- 6,280,234,297,-280
-2,-3,0.223759,SAN- 6,280,234,295,-277
-3,-3,0.223788,SAN- 6,280,234,292,-274
-4,-3,0.223811,SAN- 6,280,234,288,-271
-4,-3,0.223829,SAN- 6,280,234,284,-268
-3,-2,0.223852,SAN- 6,280,234,281,-266
-3,-3,0.223875,SAN- 6,280,234,278,-263
-3,-3,0.22391,SAN- 6,280,234,275,-260
-3,-3,0.223933,SAN- 6,280,234,272,-257
-3,-3,0.223962,SAN- 6,280,234,269,-254
-2,-3,0.223985,SAN- 6,280,234,267,-251
-1,-2,0.224009,SAN- 6,280,234,266,-249
-2,-3,0.224026,SAN- 6,280,234,264,-246
-1,-3,0.224061,SAN- 6,280,234,263,-243
-1,-3,0.224092,SAN- 6,280,234,262,-240
-1,-3,0.224119,SAN- 6,280,234,261,-237
-1,-2,0.224136,SAN- 6,280,234,260,-235
-1,-3,0.22416,SAN- 6,280,234,259,-232
-1,-3,0.224183,SAN- 6,280,234,258,-229
-1,-3,0.224212,SAN- 6,280,234,257,-226
-1,-3,0.224247,SAN- 6,280,234,256,-223
-2,-2,0.22427,SAN- 6,280,234,254,-221
-2,-3,0.224282,SAN- 6,280,234,252,-218
-1,-3,0.224299,SAN- 6,280,234,251,-215
-2,-3,0.224322,SAN- 6,280,234,249,-212
-2,-2,0.224357,SAN- 6,280,234,247,-210
-2,-1,0.224386,SAN- 6,280,234,245,-209
-1,-1,0.238591,-TIA- 7,121,109,244,-208
-1,-1,0.238614,-TIA- 7,121,109,243,-207
-1,-1,0.23863,-TIA- 7,121,109,242,-206
-1,-2,0.238637,-TIA- 7,121,109,241,-204
-1,-1,0.238672,-TIA- 7,121,109,240,-203
-2,-2,0.238695,-TIA- 7,121,109,238,-201
-1,-2,0.238736,-TIA- 7,121,109,237,-199
-2,-2,0.238742,-TIA- 7,121,109,235,-197
-3,-2,0.238765,-TIA- 7,121,109,232,-195
-3,-2,0.238788,-TIA- 7,121,109,229,-193
-3,-1,0.238823,-TIA- 7,121,109,226,-192
-3,-1,0.238939,-TIA- 7,121,109,223,-191
-3,-1,0.238965,-TIA- 7,121,109,220,-190
-2,-1,0.238997,-TIA- 7,121,109,218,-189
-3,-2,0.239061,-TIA- 7,121,109,215,-187
-3,-2,0.239067,-TIA- 7,121,109,212,-185
-3,-2,0.239096,-TIA- 7,121,109,209,-183
-2,-3,0.239119,-TIA- 7,121,109,207,-180
-3,-3,0.239148,-TIA- 7,121,109,204,-177
-3,-3,0.239183,-TIA- 7,121,109,201,-174
-4,-2,0.239212,-TIA- 7,121,109,197,-172
-4,-3,0.239224,-TIA- 7,121,109,193,-169
-2,-3,0.239247,-TIA- 7,121,109,191,-166
-3,-3,0.23927,-TIA- 7,121,109,188,-163
-3,-3,0.239299,-TIA- 7,121,109,185,-160
-3,-2,0.23934,-TIA- 7,121,109,182,-158
-3,-3,0.239357,-TIA- 7,121,109,179,-155
-2,-3,0.239375,-TIA- 7,121,109,177,-152
-3,-3,0.239398,-TIA- 7,121,109,174,-149
-3,-3,0.239427,-TIA- 7,121,109,171,-146
-3,-2,0.239454,-TIA- 7,121,109,168,-144
-3,-3,0.239479,-TIA- 7,121,109,165,-141
-3,-3,0.239508,-TIA- 7,121,109,162,-138
-4,-3,0.239525,-TIA- 7,121,109,158,-135
-4,-3,0.239549,-TIA- 7,121,109,154,-132
-4,-3,0.239578,-TIA- 7,121,109,150,-129
-3,-1,0.239613,-TIA- 7,121,109,147,-128
-4,-2,0.239636,-TIA- 7,121,109,143,-126
-4,-2,0.239653,-TIA- 7,121,109,139,-124
-4,-2,0.239676,-TIA- 7,121,109,135,-122
-3,-2,0.2397,-TIA- 7,121,109,132,-120
-4,-2,0.239723,-TIA- 7,121,109,128,-118
-4,-2,0.239758,-TIA- 7,121,109,124,-116
-4,-2,0.239775,-TIA- 7,121,109,120,-114
-3,-1,0.239804,-TIA- 7,121,109,117,-113
-4,-3,0.239827,-TIA- 7,121,109,113,-110
-4,-3,0.239851,-TIA- 7,121,109,109,-107
-4,-3,0.239874,-TIA- 7,121,109,105,-104
-3,-3,0.239909,-TIA- 7,121,109,102,-101
-4,-2,0.239926,-TIA- 7,121,109,98,-99
-4,-3,0.239955,-TIA- 7,121,109,94,-96
-4,-3,0.239984,-TIA- 7,121,109,90,-93
-3,-3,0.239996,-TIA- 7,121,109,87,-90
-3,-3,0.24003,-TIA- 7,121,109,84,-87
-3,-3,0.24006,-TIA- 7,121,109,81,-84
-3,-2,0.240077,-TIA- 7,121,109,78,-82
-3,-3,0.2401,-TIA- 7,121,109,75,-79
-2,-3,0.240135,-TIA- 7,121,109,73,-76
-3,-3,0.240157,-TIA- 7,121,109,70,-73
-3,-1,0.24018,-TIA- 7,121,109,67,-72
-3,-3,0.24021,-TIA- 7,121,109,64,-69
-3,-3,0.240228,-TIA- 7,121,109,61,-66
-3,-2,0.240251,-TIA- 7,121,109,58,-64
-2,-3,0.240286,-TIA- 7,121,109,56,-61
-3,-3,0.240309,-TIA- 7,121,109,53,-58
-3,-3,0.240332,-TIA- 7,121,109,50,-55
-3,-3,0.240361,-TIA- 7,121,109,47,-52
-3,-2,0.240379,-TIA- 7,121,109,44,-50
-3,-3,0.240408,-TIA- 7,121,109,41,-47
-2,-3,0.240425,-TIA- 7,121,109,39,-44
-3,-2,0.24046,-TIA- 7,121,109,36,-42
-3,-2,0.240489,-TIA- 7,121,109,33,-40
-2,-2,0.240512,-TIA- 7,121,109,31,-38
-2,-1,0.240536,-TIA- 7,121,109,29,-37
-1,-1,0.240559,-TIA- 7,121,109,28,-36
-1,-1,0.240611,-TIA- 7,121,109,27,-35
-1,-1,0.240646,-TIA- 7,121,109,26,-34
-1,1,0.252575,GO 8,142,496,25,-35
-1,2,0.252639,GO 8,142,496,24,-37
-1,2,0.252656,GO 8,142,496,23,-39
-1,2,0.252668,GO 8,142,496,22,-41
-1,3,0.252709,GO 8,142,496,21,-44
-1,2,0.252726,GO 8,142,496,20,-46
-1,3,0.252755,GO 8,142,496,19,-49
-1,3,0.25279,GO 8,142,496,18,-52
1,4,0.252807,GO 8,142,496,19,-56
1,3,0.25283,GO 8,142,496,20,-59
2,4,0.252854,GO 8,142,496,22,-63
2,4,0.252883,GO 8,142,496,24,-67
1,4,0.2529,GO 8,142,496,25,-71
2,3,0.252923,GO 8,142,496,27,-74
3,4,0.252958,GO 8,142,496,30,-78
3,4,0.252981,GO 8,142,496,33,-82
3,4,0.253005,GO 8,142,496,36,-86
3,3,0.253034,GO 8,142,496,39,-89
2,4,0.253051,GO 8,142,496,41,-93
3,4,0.25308,GO 8,142,496,44,-97
3,4,0.253103,GO 8,142,496,47,-101
3,3,0.253132,GO 8,142,496,50,-104
3,4,0.253156,GO 8,142,496,53,-108
2,4,0.25319,GO 8,142,496,55,-112
3,4,0.253202,GO 8,142,496,58,-116
3,3,0.253225,GO 8,142,496,61,-119
2,4,0.25326,GO 8,142,496,63,-123
1,4,0.253295,GO 8,142,496,64,-127
1,4,0.25333,GO 8,142,496,65,-131
-1,3,0.253341,GO 8,142,496,64,-134
-2,4,0.253359,GO 8,142,496,62,-138
-2,4,0.253382,GO 8,142,496,60,-142
-2,4,0.253405,GO 8,142,496,58,-146
-2,3,0.253434,GO 8,142,496,56,-149
-1,4,0.253463,GO 8,142,496,55,-153
-2,4,0.253492,GO 8,142,496,53,-157
-2,4,0.25351,GO 8,142,496,51,-161
-2,3,0.253533,GO 8,142,496,49,-164
-2,4,0.253556,GO 8,142,496,47,-168
-1,4,0.253591,GO 8,142,496,46,-172
-1,4,0.25362,GO 8,142,496,45,-176
-1,3,0.253643,GO 8,142,496,44,-179
-1,4,0.253678,GO 8,142,496,43,-183
-1,4,0.253684,GO 8,142,496,42,-187
-1,4,0.253707,GO 8,142,496,41,-191
-1,3,0.25373,GO 8,142,496,40,-194
-1,4,0.253777,GO 8,142,496,39,-198
1,4,0.253806,GO 8,142,496,40,-202
1,4,0.253817,GO 8,142,496,41,-206
1,3,0.253835,GO 8,142,496,42,-209
1,4,0.253858,GO 8,142,496,43,-213
1,4,0.253887,GO 8,142,496,44,-217
1,4,0.253928,GO 8,142,496,45,-221
1,3,0.253951,GO 8,142,496,46,-224
1,4,0.253962,GO 8,142,496,47,-228
1,4,0.253991,GO 8,142,496,48,-232
1,4,0.254003,GO 8,142,496,49,-236
1,3,0.254038,GO 8,142,496,50,-239
1,4,0.254067,GO 8,142,496,51,-243
1,4,0.254102,GO 8,142,496,52,-247
-1,4,0.254119,GO 8,142,496,51,-251
-1,3,0.254142,GO 8,142,496,50,-254
-2,4,0.254166,GO 8,142,496,48,-258
-2,4,0.254189,GO 8,142,496,46,-262
-3,4,0.254218,GO 8,142,496,43,-266
-3,3,0.254253,GO 8,142,496,40,-269
-2,8,0.254293,GO 8,142,496,38,-277
-8,4,0.254317,GO 8,142,496,30,-281
-4,3,0.25434,GO 8,142,496,26,-284
-3,4,0.254375,GO 8,142,496,23,-288
-4,4,0.254404,GO 8,142,496,19,-292
-4,4,0.254438,GO 8,142,496,15,-296
-4,3,0.254444,GO 8,142,496,11,-299
-3,4,0.254467,GO 8,142,496,8,-303
-4,4,0.254491,GO 8,142,496,4,-307
-3,4,0.254517,GO 8,142,496,1,-311
-3,3,0.254549,GO 8,142,496,-2,-314
-2,8,0.254589,GO 8,142,496,-4,-322
-2,4,0.254618,GO 8,142,496,-6,-326
-2,3,0.254636,GO 8,142,496,-8,-329
1,4,0.254668,GO 8,142,496,-7,-333
1,4,0.254711,GO 8,142,496,-6,-337
2,4,0.254735,GO 8,142,496,-4,-341
2,3,0.254752,GO 8,142,496,-2,-344
2,4,0.254764,GO 8,142,496,0,-348
3,4,0.254798,GO 8,142,496,3,-352
3,4,0.25481,GO 8,142,496,6,-356
3,3,0.254833,GO 8,142,496,9,-359
2,4,0.254862,GO 8,142,496,11,-363
3,4,0.254891,GO 8,142,496,14,-367
3,4,0.254914,GO 8,142,496,17,-371
3,3,0.254949,GO 8,142,496,20,-374
3,4,0.254978,GO 8,142,496,23,-378
2,4,0.254996,GO 8,142,496,25,-382
3,4,0.255013,GO 8,142,496,28,-386
3,3,0.255042,GO 8,142,496,31,-389
3,4,0.255065,GO 8,142,496,34,-393
3,4,0.255083,GO 8,142,496,37,-397
2,4,0.255112,GO 8,142,496,39,-401
3,3,0.255129,GO 8,142,496,42,-404
2,4,0.255158,GO 8,142,496,44,-408
2,4,0.255181,GO 8,142,496,46,-412
1,4,0.255205,GO 8,142,496,47,-416
1,3,0.255234,GO 8,142,496,48,-419
-1,4,0.255269,GO 8,142,496,47,-423
-2,4,0.25528,GO 8,142,496,45,-427
-3,4,0.255309,GO 8,142,496,42,-431
-2,3,0.255344,GO 8,142,496,40,-434
-3,4,0.255361,GO 8,142,496,37,-438
-3,4,0.255385,GO 8,142,496,34,-442
-3,4,0.25542,GO 8,142,496,31,-446
-4,3,0.255437,GO 8,142,496,27,-449
-2,4,0.25546,GO 8,142,496,25,-453
-3,4,0.255495,GO 8,142,496,22,-457
-3,4,0.255518,GO 8,142,496,19,-461
-3,3,0.255541,GO 8,142,496,16,-464
-2,4,0.25557,GO 8,142,496,14,-468
-1,4,0.255594,GO 8,142,496,13,-472
-1,4,0.255605,GO 8,142,496,12,-476
-1,3,0.255628,GO 8,142,496,11,-479
-1,4,0.255658,GO 8,142,496,10,-483
-1,4,0.255669,GO 8,142,496,9,-487
-1,4,0.255692,GO 8,142,496,8,-491
-1,3,0.255716,GO 8,142,496,7,-494
-1,4,0.255739,GO 8,142,496,6,-498
-1,4,0.255762,GO 8,142,496,5,-502
-1,4,0.255791,GO 8,142,496,4,-506
-1,3,0.255821,GO 8,142,496,3,-509
-1,4,0.255849,GO 8,142,496,2,-513
1,3,0.255861,GO 8,142,496,3,-516
1,3,0.25589,GO 8,142,496,4,-519
1,3,0.255913,GO 8,142,496,5,-522
1,2,0.255942,GO 8,142,496,6,-524
1,1,0.255977,GO 8,142,496,7,-525
1,4,0.256006,GO 8,142,496,8,-529
1,2,0.256041,GO 8,142,496,9,-531
1,3,0.256064,GO 8,142,496,10,-534
1,3,0.256094,GO 8,142,496,11,-537
1,2,0.25611,GO 8,142,496,12,-539
1,3,0.256157,GO 8,142,496,13,-542
1,4,0.256168,GO 8,142,496,14,-546
2,4,0.256192,GO 8,142,496,16,-550
2,3,0.256221,GO 8,142,496,18,-553
2,4,0.256238,GO 8,142,496,20,-557
3,4,0.256267,GO 8,142,496,23,-561
3,4,0.256279,GO 8,142,496,26,-565
2,3,0.256313,GO 8,142,496,28,-568
3,4,0.256337,GO 8,142,496,31,-572
3,4,0.256366,GO 8,142,496,34,-576
3,4,0.256383,GO 8,142,496,37,-580
3,3,0.256406,GO 8,142,496,40,-583
3,4,0.256441,GO 8,142,496,43,-587
2,4,0.256461,GO 8,142,496,45,-591
3,4,0.256479,GO 8,142,496,48,-595
3,3,0.256517,GO 8,142,496,51,-598
2,3,0.25654,GO 8,142,496,53,-601
2,3,0.256546,GO 8,142,496,55,-604
2,3,0.256575,GO 8,142,496,57,-607
2,2,0.256604,GO 8,142,496,59,-609
2,1,0.256621,GO 8,142,496,61,-610
1,-1,0.258003,GO 8,142,496,62,-609
1,-1,0.258061,GO 8,142,496,63,-608
1,-1,0.258072,GO 8,142,496,64,-607
1,-1,0.258096,GO 8,142,496,65,-606
1,-2,0.25813,GO 8,142,496,66,-604
1,-1,0.258136,GO 8,142,496,67,-603
1,-2,0.25816,GO 8,142,496,68,-601
1,-2,0.258194,GO 8,142,496,69,-599
1,-2,0.258227,GO 8,142,496,70,-597
1,-2,0.258258,GO 8,142,496,71,-595
1,-2,0.258276,GO 8,142,496,72,-593
1,-2,0.25829,GO 8,142,496,73,-591
1,-2,0.258322,GO 8,142,496,74,-589
1,-1,0.258345,GO 8,142,496,75,-588
1,-2,0.25838,GO 8,142,496,76,-586
1,-1,0.258409,GO 8,142,496,77,-585
1,-1,0.25845,GO 8,142,496,78,-584
1,-1,0.258473,GO 8,142,496,79,-583
-1,-1,0.258914,GO 8,142,496,78,-582
-1,-1,0.258943,GO 8,142,496,77,-581
-1,-2,0.258978,GO 8,142,496,76,-579
-1,-2,0.259007,GO 8,142,496,75,-577
-1,-2,0.25903,GO 8,142,496,74,-575
-1,-2,0.259065,GO 8,142,496,73,-573
-1,-1,0.259094,GO 8,142,496,72,-572
-1,-1,0.259129,GO 8,142,496,71,-571
