deltaX,deltaY,WHEN,SYLLABLE,XofButton,YofButton,XofTrace,YofTrace
-2,1,0.0200853,Yield,0,0,-2,-1
-1,1,0.0201085,Yield,0,0,-3,-2
-3,2,0.0201375,Yield,0,0,-6,-4
-3,2,0.0201665,Yield,0,0,-9,-6
-4,3,0.0202014,Yield,0,0,-13,-9
-4,8,0.0202362,Yield,0,0,-17,-17
-7,4,0.0202652,Yield,0,0,-24,-21
-4,3,0.0203,Yield,0,0,-28,-24
-4,8,0.0203349,Yield,0,0,-32,-32
-7,4,0.0203697,Yield,0,0,-39,-36
-4,2,0.0203934,Yield,0,0,-43,-38
-4,2,0.020422,Yield,0,0,-47,-40
-4,-1,0.0205264,Yield,0,0,-51,-39
-4,-1,0.0205497,Yield,0,0,-55,-38
-3,1,0.0206193,Yield,0,0,-58,-39
-1,-1,0.0212642,Yield,0,0,-59,-38
-2,-2,0.0212811,Yield,0,0,-61,-36
-2,-2,0.0213043,Yield,0,0,-63,-34
-3,-3,0.0213391,Yield,0,0,-66,-31
-3,-3,0.0213624,Yield,0,0,-69,-28
-2,-2,0.021394,Yield,0,0,-71,-26
-3,-3,0.0214262,Yield,0,0,-74,-23
-3,-3,0.0214378,Yield,0,0,-77,-20
-3,-3,0.021461,Yield,0,0,-80,-17
-3,-3,0.0214843,Yield,0,0,-83,-14
-2,-3,0.0215133,Yield,0,0,-85,-11
-3,-2,0.0215481,Yield,0,0,-88,-9
-3,-3,0.0215713,Yield,0,0,-91,-6
-3,-3,0.0215771,Yield,0,0,-94,-3
-3,-3,0.0216004,Yield,0,0,-97,0
-3,-3,0.0216352,Yield,0,0,-100,3
-2,-2,0.0216694,Yield,0,0,-102,5
-3,-3,0.0216758,Yield,0,0,-105,8
-3,-3,0.0217049,Yield,0,0,-108,11
-3,-3,0.0217285,Yield,0,0,-111,14
-2,-3,0.0217629,Yield,0,0,-113,17
-1,-2,0.0217861,Yield,0,0,-114,19
-2,-3,0.021821,Yield,0,0,-116,22
-2,-3,0.0218268,Yield,0,0,-118,25
-1,-3,0.0218442,Yield,0,0,-119,28
-1,-3,0.0218732,Yield,0,0,-120,31
-1,-2,0.021908,Yield,0,0,-121,33
1,-1,0.0219371,Yield,0,0,-120,34
1,-2,0.0219611,Yield,0,0,-119,36
1,-1,0.0219719,Yield,0,0,-118,37
1,-1,0.0220009,Yield,0,0,-117,38
1,-1,0.0220299,Yield,0,0,-116,39
-1,-1,0.0340869,FRAY 1,353,322,-117,40
-1,-1,0.0341159,FRAY 1,353,322,-118,41
-1,-1,0.0341507,FRAY 1,353,322,-119,42
-1,-1,0.0343481,FRAY 1,353,322,-120,43
1,-1,0.0343829,FRAY 1,353,322,-119,44
1,-1,0.0344004,FRAY 1,353,322,-118,45
1,-2,0.0344526,FRAY 1,353,322,-117,47
1,-2,0.0344758,FRAY 1,353,322,-116,49
1,-2,0.0344874,FRAY 1,353,322,-115,51
1,-2,0.0345107,FRAY 1,353,322,-114,53
1,-2,0.0345513,FRAY 1,353,322,-113,55
-1,-2,0.034621,FRAY 1,353,322,-114,57
-2,-1,0.03465,FRAY 1,353,322,-116,58
-1,1,0.0348067,FRAY 1,353,322,-117,57
2,1,0.0348299,FRAY 1,353,322,-115,56
1,2,0.0348706,FRAY 1,353,322,-114,54
2,2,0.0348996,FRAY 1,353,322,-112,52
3,5,0.0349344,FRAY 1,353,322,-109,47
6,2,0.0349635,FRAY 1,353,322,-103,45
3,3,0.0349983,FRAY 1,353,322,-100,42
2,3,0.0350157,FRAY 1,353,322,-98,39
3,3,0.0350447,FRAY 1,353,322,-95,36
3,7,0.0350795,FRAY 1,353,322,-92,29
6,4,0.0351144,FRAY 1,353,322,-86,25
2,4,0.0351318,FRAY 1,353,322,-84,21
3,3,0.0351492,FRAY 1,353,322,-81,18
3,2,0.0351782,FRAY 1,353,322,-78,16
3,3,0.0352131,FRAY 1,353,322,-75,13
2,3,0.0352421,FRAY 1,353,322,-73,10
2,3,0.0352537,FRAY 1,353,322,-71,7
1,2,0.0352769,FRAY 1,353,322,-70,5
1,2,0.035306,FRAY 1,353,322,-69,3
1,1,0.035335,FRAY 1,353,322,-68,2
1,2,0.035364,FRAY 1,353,322,-67,0
1,1,0.0353988,FRAY 1,353,322,-66,-1
1,1,0.0354046,FRAY 1,353,322,-65,-2
1,1,0.0354278,FRAY 1,353,322,-64,-3
1,1,0.0354627,FRAY 1,353,322,-63,-4
1,2,0.0354917,FRAY 1,353,322,-62,-6
2,2,0.0355323,FRAY 1,353,322,-60,-8
2,6,0.0355556,FRAY 1,353,322,-58,-14
6,3,0.0355788,FRAY 1,353,322,-52,-17
2,2,0.0356136,FRAY 1,353,322,-50,-19
3,3,0.0356426,FRAY 1,353,322,-47,-22
3,3,0.0356775,FRAY 1,353,322,-44,-25
3,4,0.0356833,FRAY 1,353,322,-41,-29
3,4,0.0357181,FRAY 1,353,322,-38,-33
2,3,0.0357413,FRAY 1,353,322,-36,-36
3,4,0.0357645,FRAY 1,353,322,-33,-40
3,4,0.0357977,FRAY 1,353,322,-30,-44
3,4,0.0358052,FRAY 1,353,322,-27,-48
3,3,0.0358374,FRAY 1,353,322,-24,-51
2,4,0.0358632,FRAY 1,353,322,-22,-55
3,4,0.0358922,FRAY 1,353,322,-19,-59
3,4,0.0359155,FRAY 1,353,322,-16,-63
3,3,0.0359503,FRAY 1,353,322,-13,-66
3,4,0.0359561,FRAY 1,353,322,-10,-70
3,4,0.0359851,FRAY 1,353,322,-7,-74
2,4,0.0360065,FRAY 1,353,322,-5,-78
3,3,0.0360374,FRAY 1,353,322,-2,-81
3,4,0.0360664,FRAY 1,353,322,1,-85
3,4,0.036078,FRAY 1,353,322,4,-89
3,4,0.036107,FRAY 1,353,322,7,-93
2,3,0.0361302,FRAY 1,353,322,9,-96
3,4,0.0361593,FRAY 1,353,322,12,-100
3,4,0.0361883,FRAY 1,353,322,15,-104
3,4,0.0362226,FRAY 1,353,322,18,-108
3,3,0.0362289,FRAY 1,353,322,21,-111
2,4,0.0362522,FRAY 1,353,322,23,-115
3,4,0.0362854,FRAY 1,353,322,26,-119
3,4,0.036316,FRAY 1,353,322,29,-123
3,3,0.0363334,FRAY 1,353,322,32,-126
3,4,0.0363741,FRAY 1,353,322,35,-130
2,4,0.0363799,FRAY 1,353,322,37,-134
3,4,0.0364031,FRAY 1,353,322,40,-138
3,3,0.0364379,FRAY 1,353,322,43,-141
3,4,0.0364669,FRAY 1,353,322,46,-145
3,4,0.0365018,FRAY 1,353,322,49,-149
3,7,0.0365366,FRAY 1,353,322,52,-156
5,4,0.036554,FRAY 1,353,322,57,-160
3,4,0.0365888,FRAY 1,353,322,60,-164
3,4,0.0366121,FRAY 1,353,322,63,-168
3,3,0.0366469,FRAY 1,353,322,66,-171
2,4,0.0366701,FRAY 1,353,322,68,-175
3,4,0.0366759,FRAY 1,353,322,71,-179
3,4,0.0366991,FRAY 1,353,322,74,-183
3,3,0.036734,FRAY 1,353,322,77,-186
3,4,0.036763,FRAY 1,353,322,80,-190
2,4,0.0367862,FRAY 1,353,322,82,-194
3,6,0.036821,FRAY 1,353,322,85,-200
6,3,0.0368443,FRAY 1,353,322,91,-203
3,3,0.0368675,FRAY 1,353,322,94,-206
3,3,0.0368907,FRAY 1,353,322,97,-209
2,3,0.0369023,FRAY 1,353,322,99,-212
3,2,0.0369371,FRAY 1,353,322,102,-214
3,3,0.0369604,FRAY 1,353,322,105,-217
3,3,0.0369952,FRAY 1,353,322,108,-220
3,3,0.03703,FRAY 1,353,322,111,-223
2,3,0.0370416,FRAY 1,353,322,113,-226
3,3,0.037059,FRAY 1,353,322,116,-229
3,2,0.0370902,FRAY 1,353,322,119,-231
3,3,0.0371113,FRAY 1,353,322,122,-234
3,3,0.0371461,FRAY 1,353,322,125,-237
2,3,0.0371693,FRAY 1,353,322,127,-240
3,3,0.0371926,FRAY 1,353,322,130,-243
3,2,0.03721,FRAY 1,353,322,133,-245
3,3,0.0372332,FRAY 1,353,322,136,-248
3,3,0.0372662,FRAY 1,353,322,139,-251
2,3,0.0372912,FRAY 1,353,322,141,-254
3,3,0.0373203,FRAY 1,353,322,144,-257
3,2,0.0373551,FRAY 1,353,322,147,-259
3,3,0.0373609,FRAY 1,353,322,150,-262
3,3,0.0373957,FRAY 1,353,322,153,-265
3,3,0.037419,FRAY 1,353,322,156,-268
2,3,0.0374422,FRAY 1,353,322,158,-271
3,3,0.0374712,FRAY 1,353,322,161,-274
3,2,0.037506,FRAY 1,353,322,164,-276
3,3,0.0375118,FRAY 1,353,322,167,-279
3,3,0.0375351,FRAY 1,353,322,170,-282
2,3,0.0375605,FRAY 1,353,322,172,-285
3,2,0.0375931,FRAY 1,353,322,175,-287
3,2,0.0376264,FRAY 1,353,322,178,-289
3,1,0.037657,FRAY 1,353,322,181,-290
3,1,0.0376686,FRAY 1,353,322,184,-291
2,1,0.0376976,FRAY 1,353,322,186,-292
1,-1,0.0378427,FRAY 1,353,322,187,-291
1,-1,0.0378717,FRAY 1,353,322,188,-290
2,-1,0.037895,FRAY 1,353,322,190,-289
2,-1,0.0379182,FRAY 1,353,322,192,-288
2,-1,0.037953,FRAY 1,353,322,194,-287
2,-1,0.0379626,FRAY 1,353,322,196,-286
1,-1,0.037982,FRAY 1,353,322,197,-285
2,-1,0.0380169,FRAY 1,353,322,199,-284
2,-1,0.0380486,FRAY 1,353,322,201,-283
2,-1,0.0380749,FRAY 1,353,322,203,-282
2,-1,0.0380981,FRAY 1,353,322,205,-281
2,1,0.0381678,FRAY 1,353,322,207,-282
3,1,0.0382026,FRAY 1,353,322,210,-283
3,1,0.0382317,FRAY 1,353,322,213,-284
3,2,0.0382433,FRAY 1,353,322,216,-286
3,2,0.0382665,FRAY 1,353,322,219,-288
2,2,0.0382897,FRAY 1,353,322,221,-290
3,2,0.0383187,FRAY 1,353,322,224,-292
3,2,0.0383424,FRAY 1,353,322,227,-294
3,1,0.0383652,FRAY 1,353,322,230,-295
3,2,0.0383942,FRAY 1,353,322,233,-297
2,2,0.0384174,FRAY 1,353,322,235,-299
3,2,0.0384464,FRAY 1,353,322,238,-301
3,2,0.0384755,FRAY 1,353,322,241,-303
3,2,0.0385045,FRAY 1,353,322,244,-305
3,2,0.0385103,FRAY 1,353,322,247,-307
3,2,0.0385451,FRAY 1,353,322,250,-309
2,1,0.0385683,FRAY 1,353,322,252,-310
3,3,0.0386032,FRAY 1,353,322,255,-313
3,3,0.0386322,FRAY 1,353,322,258,-316
3,3,0.0386496,FRAY 1,353,322,261,-319
3,3,0.038667,FRAY 1,353,322,264,-322
2,2,0.0386902,FRAY 1,353,322,266,-324
3,3,0.0387193,FRAY 1,353,322,269,-327
3,3,0.0387541,FRAY 1,353,322,272,-330
3,3,0.0387831,FRAY 1,353,322,275,-333
3,6,0.038818,FRAY 1,353,322,278,-339
5,2,0.0388412,FRAY 1,353,322,283,-341
2,3,0.0388702,FRAY 1,353,322,285,-344
2,3,0.038905,FRAY 1,353,322,287,-347
1,3,0.0389283,FRAY 1,353,322,288,-350
1,5,0.0389689,FRAY 1,353,322,289,-355
-1,2,0.0390037,FRAY 1,353,322,288,-357
-1,2,0.0390269,FRAY 1,353,322,287,-359
-2,2,0.0390502,FRAY 1,353,322,285,-361
-2,2,0.0390734,FRAY 1,353,322,283,-363
-2,5,0.0391082,FRAY 1,353,322,281,-368
-1,2,0.039143,FRAY 1,353,322,280,-370
-1,3,0.0391721,FRAY 1,353,322,279,-373
-1,3,0.0391895,FRAY 1,353,322,278,-376
1,4,0.0392243,FRAY 1,353,322,279,-380
1,4,0.0392533,FRAY 1,353,322,280,-384
2,3,0.0392649,FRAY 1,353,322,282,-387
2,4,0.0392866,FRAY 1,353,322,284,-391
2,1,0.0393172,FRAY 1,353,322,286,-392
3,4,0.0393464,FRAY 1,353,322,289,-396
3,4,0.0393752,FRAY 1,353,322,292,-400
3,3,0.0393868,FRAY 1,353,322,295,-403
2,4,0.0394159,FRAY 1,353,322,297,-407
3,4,0.0394391,FRAY 1,353,322,300,-411
3,4,0.0394681,FRAY 1,353,322,303,-415
3,3,0.0395088,FRAY 1,353,322,306,-418
3,3,0.039532,FRAY 1,353,322,309,-421
2,3,0.0395436,FRAY 1,353,322,311,-424
3,3,0.0395668,FRAY 1,353,322,314,-427
3,3,0.03959,FRAY 1,353,322,317,-430
3,1,0.039619,FRAY 1,353,322,320,-431
3,2,0.0396539,FRAY 1,353,322,323,-433
3,2,0.0396771,FRAY 1,353,322,326,-435
2,1,0.0397119,FRAY 1,353,322,328,-436
3,1,0.0397177,FRAY 1,353,322,331,-437
1,1,0.0400196,FRAY 1,353,322,332,-438
1,1,0.0400718,FRAY 1,353,322,333,-439
2,1,0.0401009,FRAY 1,353,322,335,-440
2,2,0.0401356,FRAY 1,353,322,337,-442
1,2,0.0401415,FRAY 1,353,322,338,-444
3,2,0.0401821,FRAY 1,353,322,341,-446
3,2,0.0401937,FRAY 1,353,322,344,-448
3,1,0.0402054,FRAY 1,353,322,347,-449
3,2,0.0402402,FRAY 1,353,322,350,-451
3,1,0.0402692,FRAY 1,353,322,353,-452
2,1,0.0402808,FRAY 1,353,322,355,-453
3,1,0.040304,FRAY 1,353,322,358,-454
3,-1,0.0403509,FRAY 1,353,322,361,-453
3,-2,0.0403853,FRAY 1,353,322,364,-451
2,-2,0.0404143,FRAY 1,353,322,366,-449
3,-2,0.0404259,FRAY 1,353,322,369,-447
3,-3,0.0404492,FRAY 1,353,322,372,-444
2,-3,0.0404782,FRAY 1,353,322,374,-441
2,-3,0.0405188,FRAY 1,353,322,376,-438
1,-3,0.0405362,FRAY 1,353,322,377,-435
1,-2,0.0405653,FRAY 1,353,322,378,-433
1,-3,0.0405769,FRAY 1,353,322,379,-430
1,-3,0.0405943,FRAY 1,353,322,380,-427
1,-2,0.0406233,FRAY 1,353,322,381,-425
1,-2,0.0406581,FRAY 1,353,322,382,-423
1,-1,0.0406872,FRAY 1,353,322,383,-422
-1,-1,0.0498416,SAN- 2,118,231,382,-421
-1,-2,0.0498474,SAN- 2,118,231,381,-419
-2,-2,0.0498707,SAN- 2,118,231,379,-417
-3,-2,0.0498997,SAN- 2,118,231,376,-415
-3,-2,0.0499229,SAN- 2,118,231,373,-413
-2,-3,0.0499519,SAN- 2,118,231,371,-410
-4,-3,0.049981,SAN- 2,118,231,367,-407
-4,-3,0.0499926,SAN- 2,118,231,363,-404
-4,-3,0.0500158,SAN- 2,118,231,359,-401
-3,-3,0.0500564,SAN- 2,118,231,356,-398
-4,-2,0.0500689,SAN- 2,118,231,352,-396
-4,-3,0.0501029,SAN- 2,118,231,348,-393
-4,-3,0.0501377,SAN- 2,118,231,344,-390
-3,-3,0.0501435,SAN- 2,118,231,341,-387
-4,-3,0.0501551,SAN- 2,118,231,337,-384
-4,-2,0.0501841,SAN- 2,118,231,333,-382
-4,-3,0.050219,SAN- 2,118,231,329,-379
-3,-3,0.0502422,SAN- 2,118,231,326,-376
-4,-3,0.050277,SAN- 2,118,231,322,-373
-4,-3,0.0502828,SAN- 2,118,231,318,-370
-4,-2,0.050306,SAN- 2,118,231,314,-368
-3,-3,0.0503351,SAN- 2,118,231,311,-365
-4,-3,0.0503699,SAN- 2,118,231,307,-362
-4,-3,0.0503931,SAN- 2,118,231,303,-359
-4,-2,0.0504163,SAN- 2,118,231,299,-357
-3,-2,0.0504337,SAN- 2,118,231,296,-355
-4,-2,0.050457,SAN- 2,118,231,292,-353
-4,-1,0.0504802,SAN- 2,118,231,288,-352
-4,-2,0.0505208,SAN- 2,118,231,284,-350
-3,-1,0.050544,SAN- 2,118,231,281,-349
-4,-1,0.0505673,SAN- 2,118,231,277,-348
-4,-1,0.0510723,SAN- 2,118,231,273,-347
-4,-1,0.0510897,SAN- 2,118,231,269,-346
-4,-1,0.0511129,SAN- 2,118,231,265,-345
-3,-1,0.0511478,SAN- 2,118,231,262,-344
-4,-2,0.0511536,SAN- 2,118,231,258,-342
-3,-2,0.0511783,SAN- 2,118,231,255,-340
-3,-2,0.0512058,SAN- 2,118,231,252,-338
-3,-1,0.0512522,SAN- 2,118,231,249,-337
-2,-2,0.0512639,SAN- 2,118,231,247,-335
-3,-2,0.0512987,SAN- 2,118,231,244,-333
-2,-2,0.0513045,SAN- 2,118,231,242,-331
-2,-2,0.0513335,SAN- 2,118,231,240,-329
-2,-2,0.0513625,SAN- 2,118,231,238,-327
-3,-2,0.0513974,SAN- 2,118,231,235,-325
-2,-2,0.0514206,SAN- 2,118,231,233,-323
-3,-1,0.0514496,SAN- 2,118,231,230,-322
-3,-2,0.0514554,SAN- 2,118,231,227,-320
-3,-2,0.0514844,SAN- 2,118,231,224,-318
-3,-3,0.0515077,SAN- 2,118,231,221,-315
-3,-3,0.0515483,SAN- 2,118,231,218,-312
-4,-3,0.0515773,SAN- 2,118,231,214,-309
-4,-2,0.0515889,SAN- 2,118,231,210,-307
-4,-3,0.0516122,SAN- 2,118,231,206,-304
-3,-3,0.0516354,SAN- 2,118,231,203,-301
-4,-2,0.0516644,SAN- 2,118,231,199,-299
-4,-2,0.0516992,SAN- 2,118,231,195,-297
-4,-2,0.0517283,SAN- 2,118,231,191,-295
-3,-3,0.0517631,SAN- 2,118,231,188,-292
-8,-2,0.0517805,SAN- 2,118,231,180,-290
-4,-2,0.0518095,SAN- 2,118,231,176,-288
-3,-2,0.0518327,SAN- 2,118,231,173,-286
-4,-2,0.0518734,SAN- 2,118,231,169,-284
-4,-4,0.0519082,SAN- 2,118,231,165,-280
-7,-2,0.0519314,SAN- 2,118,231,158,-278
-4,-1,0.0519546,SAN- 2,118,231,154,-277
-4,-3,0.0519953,SAN- 2,118,231,150,-274
-4,-2,0.0520243,SAN- 2,118,231,146,-272
-3,-2,0.0520359,SAN- 2,118,231,143,-270
-3,-2,0.0520591,SAN- 2,118,231,140,-268
-3,-2,0.0520882,SAN- 2,118,231,137,-266
-2,-2,0.052123,SAN- 2,118,231,135,-264
-1,-1,0.0521462,SAN- 2,118,231,134,-263
-1,-1,0.064,-TIA- 3,65,360,133,-262
-1,-1,0.064029,-TIA- 3,65,360,132,-261
-1,-2,0.0640464,-TIA- 3,65,360,131,-259
-1,-2,0.0640813,-TIA- 3,65,360,130,-257
-1,-1,0.0641103,-TIA- 3,65,360,129,-256
-1,-3,0.0641451,-TIA- 3,65,360,128,-253
-1,-1,0.0641741,-TIA- 3,65,360,127,-252
-3,1,0.0642728,-TIA- 3,65,360,124,-253
-3,1,0.0642961,-TIA- 3,65,360,121,-254
-2,2,0.0643251,-TIA- 3,65,360,119,-256
-3,2,0.0643599,-TIA- 3,65,360,116,-258
-3,2,0.0643773,-TIA- 3,65,360,113,-260
-2,3,0.0644063,-TIA- 3,65,360,111,-263
-1,2,0.0644238,-TIA- 3,65,360,110,-265
-1,3,0.064447,-TIA- 3,65,360,109,-268
1,4,0.0644702,-TIA- 3,65,360,110,-272
1,4,0.0645108,-TIA- 3,65,360,111,-276
1,3,0.0645457,-TIA- 3,65,360,112,-279
1,4,0.0645615,-TIA- 3,65,360,113,-283
1,4,0.0645747,-TIA- 3,65,360,114,-287
1,4,0.0646077,-TIA- 3,65,360,115,-291
1,3,0.0646269,-TIA- 3,65,360,116,-294
1,4,0.0646618,-TIA- 3,65,360,117,-298
1,4,0.064685,-TIA- 3,65,360,118,-302
-1,4,0.064714,-TIA- 3,65,360,117,-306
-1,3,0.0647256,-TIA- 3,65,360,116,-309
-1,4,0.0647605,-TIA- 3,65,360,115,-313
-1,4,0.0647761,-TIA- 3,65,360,114,-317
-1,4,0.0648069,-TIA- 3,65,360,113,-321
-1,3,0.0648417,-TIA- 3,65,360,112,-324
-1,8,0.0648824,-TIA- 3,65,360,111,-332
-3,4,0.0649114,-TIA- 3,65,360,108,-336
-3,3,0.0649288,-TIA- 3,65,360,105,-339
-3,4,0.0649578,-TIA- 3,65,360,102,-343
-4,4,0.0649927,-TIA- 3,65,360,98,-347
-4,4,0.0650217,-TIA- 3,65,360,94,-351
-3,3,0.0650333,-TIA- 3,65,360,91,-354
-4,4,0.0650565,-TIA- 3,65,360,87,-358
-3,3,0.0650855,-TIA- 3,65,360,84,-361
-2,2,0.0651104,-TIA- 3,65,360,82,-363
-2,1,0.0651436,-TIA- 3,65,360,80,-364
-1,1,0.0651776,-TIA- 3,65,360,79,-365
-1,1,0.0652074,-TIA- 3,65,360,78,-366
-1,1,0.0652655,-TIA- 3,65,360,77,-367
-1,1,0.0653017,-TIA- 3,65,360,76,-368
-1,1,0.0653351,-TIA- 3,65,360,75,-369
-1,2,0.0653932,-TIA- 3,65,360,74,-371
-1,2,0.0654048,-TIA- 3,65,360,73,-373
-1,2,0.0654338,-TIA- 3,65,360,72,-375
-1,1,0.0654571,-TIA- 3,65,360,71,-376
-1,1,0.0655035,-TIA- 3,65,360,70,-377
-1,1,0.0655673,-TIA- 3,65,360,69,-378
-1,1,0.065579,-TIA- 3,65,360,68,-379
-1,1,0.0656312,-TIA- 3,65,360,67,-380
-1,1,0.0656544,-TIA- 3,65,360,66,-381
-1,2,0.0657183,-TIA- 3,65,360,65,-383
-1,2,0.0657299,-TIA- 3,65,360,64,-385
-1,2,0.0657415,-TIA- 3,65,360,63,-387
-1,2,0.0657763,-TIA- 3,65,360,62,-389
-1,2,0.0657995,-TIA- 3,65,360,61,-391
-1,2,0.0658286,-TIA- 3,65,360,60,-393
-2,2,0.0658518,-TIA- 3,65,360,58,-395
-1,1,0.0658692,-TIA- 3,65,360,57,-396
-1,2,0.0658924,-TIA- 3,65,360,56,-398
-1,2,0.0659273,-TIA- 3,65,360,55,-400
1,3,0.0659563,-TIA- 3,65,360,56,-403
1,3,0.0659737,-TIA- 3,65,360,57,-406
2,3,0.0660085,-TIA- 3,65,360,59,-409
2,2,0.0660215,-TIA- 3,65,360,61,-411
2,3,0.0660434,-TIA- 3,65,360,63,-414
3,3,0.0660782,-TIA- 3,65,360,66,-417
3,3,0.066113,-TIA- 3,65,360,69,-420
3,4,0.066142,-TIA- 3,65,360,72,-424
3,7,0.0661769,-TIA- 3,65,360,75,-431
4,4,0.0662001,-TIA- 3,65,360,79,-435
1,4,0.0662291,-TIA- 3,65,360,80,-439
1,3,0.0662639,-TIA- 3,65,360,81,-442
-1,4,0.0662872,-TIA- 3,65,360,80,-446
-2,8,0.0663278,-TIA- 3,65,360,78,-454
-5,3,0.0663568,-TIA- 3,65,360,73,-457
-4,4,0.06638,-TIA- 3,65,360,69,-461
-4,4,0.0664091,-TIA- 3,65,360,65,-465
-3,4,0.0664207,-TIA- 3,65,360,62,-469
-4,3,0.0664555,-TIA- 3,65,360,58,-472
-4,4,0.0664787,-TIA- 3,65,360,54,-476
-4,4,0.0665078,-TIA- 3,65,360,50,-480
-3,4,0.0665484,-TIA- 3,65,360,47,-484
-3,2,0.06656,-TIA- 3,65,360,44,-486
-2,3,0.0665774,-TIA- 3,65,360,42,-489
-1,3,0.0666064,-TIA- 3,65,360,41,-492
-1,3,0.0666297,-TIA- 3,65,360,40,-495
1,3,0.0666529,-TIA- 3,65,360,41,-498
1,2,0.0666877,-TIA- 3,65,360,42,-500
2,6,0.0667283,-TIA- 3,65,360,44,-506
3,3,0.0667574,-TIA- 3,65,360,47,-509
2,3,0.0667806,-TIA- 3,65,360,49,-512
2,2,0.0668038,-TIA- 3,65,360,51,-514
2,1,0.0668444,-TIA- 3,65,360,53,-515
2,2,0.0668723,-TIA- 3,65,360,55,-517
1,1,0.0668793,-TIA- 3,65,360,56,-518
1,1,0.0669083,-TIA- 3,65,360,57,-519
-1,-1,0.067245,-TIA- 3,65,360,56,-518
-1,-1,0.0672566,-TIA- 3,65,360,55,-517
1,-2,0.0673088,-TIA- 3,65,360,56,-515
1,-2,0.0673369,-TIA- 3,65,360,57,-513
1,-2,0.0673611,-TIA- 3,65,360,58,-511
1,-2,0.0674017,-TIA- 3,65,360,59,-509
2,-3,0.0674133,-TIA- 3,65,360,61,-506
1,-3,0.067454,-TIA- 3,65,360,62,-503
1,-2,0.0674656,-TIA- 3,65,360,63,-501
1,-2,0.0674946,-TIA- 3,65,360,64,-499
1,-2,0.0675178,-TIA- 3,65,360,65,-497
1,-1,0.067541,-TIA- 3,65,360,66,-496
1,-1,0.0675585,-TIA- 3,65,360,67,-495
2,1,0.0794297,GO 4,200,490,69,-496
3,1,0.0794413,GO 4,200,490,72,-497
3,1,0.0794587,GO 4,200,490,75,-498
3,1,0.0794935,GO 4,200,490,78,-499
3,2,0.0795283,GO 4,200,490,81,-501
2,4,0.0795632,GO 4,200,490,83,-505
6,2,0.0795922,GO 4,200,490,89,-507
3,2,0.0796212,GO 4,200,490,92,-509
3,3,0.0796444,GO 4,200,490,95,-512
2,3,0.0796677,GO 4,200,490,97,-515
3,6,0.0797083,GO 4,200,490,100,-521
6,3,0.0797431,GO 4,200,490,106,-524
3,2,0.0797722,GO 4,200,490,109,-526
2,2,0.0797896,GO 4,200,490,111,-528
1,2,0.0798225,GO 4,200,490,112,-530
1,2,0.079836,GO 4,200,490,113,-532
1,1,0.0798592,GO 4,200,490,114,-533
1,1,0.0799173,GO 4,200,490,115,-534
1,1,0.0803933,GO 4,200,490,116,-535
1,1,0.0803991,GO 4,200,490,117,-536
2,2,0.0804455,GO 4,200,490,119,-538
2,2,0.0804571,GO 4,200,490,121,-540
2,1,0.0804804,GO 4,200,490,123,-541
2,2,0.0805094,GO 4,200,490,125,-543
3,2,0.0805442,GO 4,200,490,128,-545
3,2,0.0805616,GO 4,200,490,131,-547
3,2,0.0805849,GO 4,200,490,134,-549
2,2,0.0806081,GO 4,200,490,136,-551
2,2,0.0806313,GO 4,200,490,138,-553
1,1,0.0806661,GO 4,200,490,139,-554
2,1,0.0806951,GO 4,200,490,141,-555
2,1,0.08073,GO 4,200,490,143,-556
2,1,0.0807474,GO 4,200,490,145,-557
2,1,0.0807764,GO 4,200,490,147,-558
2,1,0.0808054,GO 4,200,490,149,-559
1,2,0.0808345,GO 4,200,490,150,-561
3,2,0.0808451,GO 4,200,490,153,-563
3,2,0.0808751,GO 4,200,490,156,-565
3,3,0.0808983,GO 4,200,490,159,-568
3,2,0.0809332,GO 4,200,490,162,-570
3,3,0.0809622,GO 4,200,490,165,-573
2,3,0.0809854,GO 4,200,490,167,-576
3,3,0.080997,GO 4,200,490,170,-579
3,1,0.0810202,GO 4,200,490,173,-580
3,3,0.0810493,GO 4,200,490,176,-583
3,3,0.0810841,GO 4,200,490,179,-586
3,3,0.0811131,GO 4,200,490,182,-589
3,5,0.0811479,GO 4,200,490,185,-594
6,3,0.0811712,GO 4,200,490,191,-597
2,4,0.0811944,GO 4,200,490,193,-601
3,3,0.0812292,GO 4,200,490,196,-604
3,4,0.081264,GO 4,200,490,199,-608
3,8,0.0812931,GO 4,200,490,202,-616
5,3,0.0813279,GO 4,200,490,207,-619
3,4,0.0813511,GO 4,200,490,210,-623
3,4,0.0813685,GO 4,200,490,213,-627
3,4,0.0814092,GO 4,200,490,216,-631
3,3,0.0814208,GO 4,200,490,219,-634
2,4,0.081444,GO 4,200,490,221,-638
3,4,0.081473,GO 4,200,490,224,-642
3,4,0.0815078,GO 4,200,490,227,-646
3,3,0.0815195,GO 4,200,490,230,-649
3,4,0.0815543,GO 4,200,490,233,-653
3,4,0.0815659,GO 4,200,490,236,-657
2,4,0.0815891,GO 4,200,490,238,-661
3,3,0.0816181,GO 4,200,490,241,-664
3,4,0.081653,GO 4,200,490,244,-668
3,4,0.0816878,GO 4,200,490,247,-672
3,4,0.0816994,GO 4,200,490,250,-676
2,3,0.0817168,GO 4,200,490,252,-679
3,3,0.08174,GO 4,200,490,255,-682
3,3,0.0817633,GO 4,200,490,258,-685
3,2,0.0817923,GO 4,200,490,261,-687
3,2,0.0818329,GO 4,200,490,264,-689
1,-1,0.0943171,FRAY 5,327,338,265,-688
1,-2,0.0943485,FRAY 5,327,338,266,-686
1,-2,0.0943825,FRAY 5,327,338,267,-684
1,-2,0.0944065,FRAY 5,327,338,268,-682
1,-2,0.0944356,FRAY 5,327,338,269,-680
1,-3,0.0944646,FRAY 5,327,338,270,-677
-1,-3,0.0944704,FRAY 5,327,338,269,-674
-1,-3,0.0944936,FRAY 5,327,338,268,-671
-1,-3,0.0945226,FRAY 5,327,338,267,-668
-1,-2,0.0945575,FRAY 5,327,338,266,-666
-1,-3,0.0945865,FRAY 5,327,338,265,-663
-1,-3,0.0946039,FRAY 5,327,338,264,-660
1,-3,0.0946329,FRAY 5,327,338,265,-657
1,-3,0.0946445,FRAY 5,327,338,266,-654
2,-2,0.0946852,FRAY 5,327,338,268,-652
2,-3,0.0947084,FRAY 5,327,338,270,-649
2,-3,0.0947432,FRAY 5,327,338,272,-646
2,-3,0.0947548,FRAY 5,327,338,274,-643
3,-3,0.0947722,FRAY 5,327,338,277,-640
3,-3,0.0948129,FRAY 5,327,338,280,-637
2,-2,0.0948187,FRAY 5,327,338,282,-635
2,-3,0.0948419,FRAY 5,327,338,284,-632
2,-3,0.0948767,FRAY 5,327,338,286,-629
2,-3,0.0949,FRAY 5,327,338,288,-626
1,-3,0.0949232,FRAY 5,327,338,289,-623
1,-2,0.094958,FRAY 5,327,338,290,-621
1,-3,0.094987,FRAY 5,327,338,291,-618
1,-3,0.0949986,FRAY 5,327,338,292,-615
1,-3,0.0950277,FRAY 5,327,338,293,-612
1,-3,0.0950625,FRAY 5,327,338,294,-609
1,-2,0.0950799,FRAY 5,327,338,295,-607
1,-3,0.0951089,FRAY 5,327,338,296,-604
1,-3,0.0951438,FRAY 5,327,338,297,-601
1,-3,0.0951496,FRAY 5,327,338,298,-598
1,-3,0.0951728,FRAY 5,327,338,299,-595
1,-2,0.0952134,FRAY 5,327,338,300,-593
1,-1,0.0952308,FRAY 5,327,338,301,-592
1,-2,0.0952599,FRAY 5,327,338,302,-590
2,-2,0.0952947,FRAY 5,327,338,304,-588
2,-2,0.0953005,FRAY 5,327,338,306,-586
2,-2,0.0953353,FRAY 5,327,338,308,-584
2,-2,0.0953644,FRAY 5,327,338,310,-582
1,-2,0.0953992,FRAY 5,327,338,311,-580
2,-2,0.0954224,FRAY 5,327,338,313,-578
2,-1,0.0954456,FRAY 5,327,338,315,-577
2,-2,0.0954514,FRAY 5,327,338,317,-575
2,-2,0.095463,FRAY 5,327,338,319,-573
3,-2,0.0954979,FRAY 5,327,338,322,-571
3,-2,0.0955269,FRAY 5,327,338,325,-569
2,-2,0.0955617,FRAY 5,327,338,327,-567
3,-2,0.0955849,FRAY 5,327,338,330,-565
3,-2,0.0955966,FRAY 5,327,338,333,-563
3,-1,0.0956198,FRAY 5,327,338,336,-562
3,-2,0.0956488,FRAY 5,327,338,339,-560
2,-2,0.0956836,FRAY 5,327,338,341,-558
2,-2,0.0957127,FRAY 5,327,338,343,-556
2,-2,0.0957301,FRAY 5,327,338,345,-554
2,-2,0.0957359,FRAY 5,327,338,347,-552
2,-2,0.0957649,FRAY 5,327,338,349,-550
3,-2,0.0957939,FRAY 5,327,338,352,-548
3,-1,0.0958254,FRAY 5,327,338,355,-547
2,-2,0.0958578,FRAY 5,327,338,357,-545
3,-2,0.0958636,FRAY 5,327,338,360,-543
3,-2,0.0958926,FRAY 5,327,338,363,-541
3,-2,0.0959216,FRAY 5,327,338,366,-539
3,-2,0.0959449,FRAY 5,327,338,369,-537
2,-2,0.0959797,FRAY 5,327,338,371,-535
3,-2,0.0960087,FRAY 5,327,338,374,-533
3,-1,0.0960203,FRAY 5,327,338,377,-532
3,-2,0.0960435,FRAY 5,327,338,380,-530
3,-2,0.0960726,FRAY 5,327,338,383,-528
2,-2,0.0960958,FRAY 5,327,338,385,-526
3,-2,0.0961248,FRAY 5,327,338,388,-524
3,-2,0.0961538,FRAY 5,327,338,391,-522
3,-2,0.0961712,FRAY 5,327,338,394,-520
3,-2,0.0961945,FRAY 5,327,338,397,-518
3,-1,0.0962293,FRAY 5,327,338,400,-517
2,-2,0.0962583,FRAY 5,327,338,402,-515
3,-2,0.0962757,FRAY 5,327,338,405,-513
3,-3,0.0962932,FRAY 5,327,338,408,-510
3,-3,0.0963222,FRAY 5,327,338,411,-507
3,-3,0.0963454,FRAY 5,327,338,414,-504
2,-2,0.0963686,FRAY 5,327,338,416,-502
3,-3,0.0964093,FRAY 5,327,338,419,-499
3,-6,0.0964441,FRAY 5,327,338,422,-493
6,-3,0.0964731,FRAY 5,327,338,428,-490
2,-3,0.0964963,FRAY 5,327,338,430,-487
3,-2,0.0965195,FRAY 5,327,338,433,-485
3,-3,0.0965544,FRAY 5,327,338,436,-482
3,-6,0.0965892,FRAY 5,327,338,439,-476
5,-3,0.0966182,FRAY 5,327,338,444,-473
3,-2,0.0966415,FRAY 5,327,338,447,-471
3,-3,0.0966647,FRAY 5,327,338,450,-468
3,-3,0.0966995,FRAY 5,327,338,453,-465
3,-3,0.0967285,FRAY 5,327,338,456,-462
3,-3,0.0967401,FRAY 5,327,338,459,-459
2,-2,0.096775,FRAY 5,327,338,461,-457
3,-3,0.096804,FRAY 5,327,338,464,-454
3,-3,0.0968214,FRAY 5,327,338,467,-451
3,-3,0.0968504,FRAY 5,327,338,470,-448
3,-3,0.0968853,FRAY 5,327,338,473,-445
2,-3,0.0968911,FRAY 5,327,338,475,-442
2,-2,0.0969143,FRAY 5,327,338,477,-440
2,-2,0.0969549,FRAY 5,327,338,479,-438
1,-2,0.0969898,FRAY 5,327,338,480,-436
1,-1,0.0970014,FRAY 5,327,338,481,-435
-1,-1,0.0970362,FRAY 5,327,338,480,-434
-2,1,0.0971,FRAY 5,327,338,478,-435
-2,1,0.0971233,FRAY 5,327,338,476,-436
-1,1,0.0973845,FRAY 5,327,338,475,-437
-1,2,0.09746,FRAY 5,327,338,474,-439
-1,2,0.0974658,FRAY 5,327,338,473,-441
-1,2,0.0974948,FRAY 5,327,338,472,-443
-1,1,0.097518,FRAY 5,327,338,471,-444
-1,2,0.097547,FRAY 5,327,338,470,-446
-1,1,0.0975819,FRAY 5,327,338,469,-447
-1,1,0.0976051,FRAY 5,327,338,468,-448
-3,-1,0.0976747,FRAY 5,327,338,465,-447
-2,-1,0.0976922,FRAY 5,327,338,463,-446
-3,-2,0.0977212,FRAY 5,327,338,460,-444
-3,-2,0.097756,FRAY 5,327,338,457,-442
-3,-1,0.0977618,FRAY 5,327,338,454,-441
-3,-3,0.0977966,FRAY 5,327,338,451,-438
-2,-3,0.0978199,FRAY 5,327,338,449,-435
-2,-3,0.0978315,FRAY 5,327,338,447,-432
-2,-3,0.0978663,FRAY 5,327,338,445,-429
-2,-3,0.0978953,FRAY 5,327,338,443,-426
-1,-2,0.0979069,FRAY 5,327,338,442,-424
-1,-3,0.097936,FRAY 5,327,338,441,-421
-1,-3,0.0979708,FRAY 5,327,338,440,-418
-1,-3,0.0979882,FRAY 5,327,338,439,-415
-1,-3,0.0980172,FRAY 5,327,338,438,-412
-1,-1,0.0980463,FRAY 5,327,338,437,-411
-1,-2,0.0980521,FRAY 5,327,338,436,-409
-1,-2,0.0980753,FRAY 5,327,338,435,-407
-1,-1,0.0981101,FRAY 5,327,338,434,-406
-1,-1,0.0981391,FRAY 5,327,338,433,-405
-1,-1,0.109819,SAN- 6,367,471,432,-404
-1,-1,0.109883,SAN- 6,367,471,431,-403
1,1,0.10997,SAN- 6,367,471,432,-404
3,1,0.109993,SAN- 6,367,471,435,-405
2,1,0.109999,SAN- 6,367,471,437,-406
3,1,0.110028,SAN- 6,367,471,440,-407
3,1,0.110155,SAN- 6,367,471,443,-408
3,1,0.110196,SAN- 6,367,471,446,-409
3,1,0.110219,SAN- 6,367,471,449,-410
5,1,0.11026,SAN- 6,367,471,454,-411
3,2,0.110295,SAN- 6,367,471,457,-413
3,2,0.110307,SAN- 6,367,471,460,-415
3,5,0.110341,SAN- 6,367,471,463,-420
5,3,0.11037,SAN- 6,367,471,468,-423
3,2,0.110405,SAN- 6,367,471,471,-425
3,3,0.110422,SAN- 6,367,471,474,-428
3,4,0.110452,SAN- 6,367,471,477,-432
3,4,0.110469,SAN- 6,367,471,480,-436
2,4,0.110492,SAN- 6,367,471,482,-440
3,3,0.110527,SAN- 6,367,471,485,-443
3,4,0.110556,SAN- 6,367,471,488,-447
3,4,0.110591,SAN- 6,367,471,491,-451
3,4,0.110614,SAN- 6,367,471,494,-455
2,3,0.110626,SAN- 6,367,471,496,-458
2,4,0.110643,SAN- 6,367,471,498,-462
2,4,0.110678,SAN- 6,367,471,500,-466
2,4,0.110701,SAN- 6,367,471,502,-470
2,3,0.110742,SAN- 6,367,471,504,-473
2,8,0.110771,SAN- 6,367,471,506,-481
4,4,0.110806,SAN- 6,367,471,510,-485
1,3,0.110823,SAN- 6,367,471,511,-488
2,4,0.110852,SAN- 6,367,471,513,-492
3,4,0.110875,SAN- 6,367,471,516,-496
3,4,0.110916,SAN- 6,367,471,519,-500
3,3,0.110928,SAN- 6,367,471,522,-503
3,4,0.110951,SAN- 6,367,471,525,-507
2,4,0.110974,SAN- 6,367,471,527,-511
3,4,0.111003,SAN- 6,367,471,530,-515
3,3,0.111038,SAN- 6,367,471,533,-518
3,4,0.111067,SAN- 6,367,471,536,-522
3,4,0.111078,SAN- 6,367,471,539,-526
2,4,0.111107,SAN- 6,367,471,541,-530
3,3,0.111125,SAN- 6,367,471,544,-533
2,4,0.111145,SAN- 6,367,471,546,-537
2,3,0.111177,SAN- 6,367,471,548,-540
1,3,0.111206,SAN- 6,367,471,549,-543
1,2,0.111224,SAN- 6,367,471,550,-545
-1,1,0.111241,SAN- 6,367,471,549,-546
-2,1,0.111264,SAN- 6,367,471,547,-547
-2,-1,0.111363,SAN- 6,367,471,545,-546
-4,-1,0.111369,SAN- 6,367,471,541,-545
-4,-1,0.111433,SAN- 6,367,471,537,-544
-1,1,0.111543,SAN- 6,367,471,536,-545
-1,1,0.111578,SAN- 6,367,471,535,-546
-1,1,0.111729,SAN- 6,367,471,534,-547
-1,1,0.112631,SAN- 6,367,471,533,-548
-2,1,0.112657,SAN- 6,367,471,531,-549
-2,1,0.112663,SAN- 6,367,471,529,-550
-2,1,0.112692,SAN- 6,367,471,527,-551
-2,1,0.112721,SAN- 6,367,471,525,-552
-2,1,0.11275,SAN- 6,367,471,523,-553
-1,2,0.112826,SAN- 6,367,471,522,-555
-2,1,0.112849,SAN- 6,367,471,520,-556
-2,2,0.112878,SAN- 6,367,471,518,-558
-2,5,0.112919,SAN- 6,367,471,516,-563
-4,3,0.112942,SAN- 6,367,471,512,-566
-3,3,0.112977,SAN- 6,367,471,509,-569
-3,2,0.113006,SAN- 6,367,471,506,-571
-3,3,0.113035,SAN- 6,367,471,503,-574
-2,3,0.113064,SAN- 6,367,471,501,-577
-3,2,0.113075,SAN- 6,367,471,498,-579
-2,1,0.113104,SAN- 6,367,471,496,-580
-2,1,0.113139,SAN- 6,367,471,494,-581
-1,1,0.113151,SAN- 6,367,471,493,-582
-1,1,0.113226,SAN- 6,367,471,492,-583
-1,-1,0.124116,-TIA- 7,353,337,491,-582
-1,-2,0.124145,-TIA- 7,353,337,490,-580
-1,-2,0.124175,-TIA- 7,353,337,489,-578
-1,-1,0.124198,-TIA- 7,353,337,488,-577
1,-2,0.124238,-TIA- 7,353,337,489,-575
1,-4,0.124279,-TIA- 7,353,337,490,-571
2,-2,0.124302,-TIA- 7,353,337,492,-569
1,-2,0.12432,-TIA- 7,353,337,493,-567
1,-2,0.12436,-TIA- 7,353,337,494,-565
1,-2,0.124383,-TIA- 7,353,337,495,-563
1,-1,0.124413,-TIA- 7,353,337,496,-562
1,-2,0.124424,-TIA- 7,353,337,497,-560
1,-1,0.124459,-TIA- 7,353,337,498,-559
1,-1,0.124476,-TIA- 7,353,337,499,-558
1,-1,0.124505,-TIA- 7,353,337,500,-557
2,-1,0.124534,-TIA- 7,353,337,502,-556
-1,-1,0.124772,-TIA- 7,353,337,501,-555
-1,-1,0.124813,-TIA- 7,353,337,500,-554
-2,-2,0.12483,-TIA- 7,353,337,498,-552
-3,-3,0.124848,-TIA- 7,353,337,495,-549
-2,-3,0.124871,-TIA- 7,353,337,493,-546
-3,-3,0.124906,-TIA- 7,353,337,490,-543
-3,-3,0.124935,-TIA- 7,353,337,487,-540
-3,-2,0.12497,-TIA- 7,353,337,484,-538
-3,-6,0.124999,-TIA- 7,353,337,481,-532
-5,-3,0.125034,-TIA- 7,353,337,476,-529
-3,-3,0.125057,-TIA- 7,353,337,473,-526
-3,-2,0.125086,-TIA- 7,353,337,470,-524
-2,-3,0.125109,-TIA- 7,353,337,468,-521
-2,-6,0.12515,-TIA- 7,353,337,466,-515
-2,-3,0.125185,-TIA- 7,353,337,464,-512
-2,-3,0.125208,-TIA- 7,353,337,462,-509
-2,-2,0.125231,-TIA- 7,353,337,460,-507
-2,-2,0.125272,-TIA- 7,353,337,458,-505
-2,-2,0.125277,-TIA- 7,353,337,456,-503
-1,-2,0.125306,-TIA- 7,353,337,455,-501
-1,-2,0.125336,-TIA- 7,353,337,454,-499
-2,-3,0.125368,-TIA- 7,353,337,452,-496
-3,-2,0.125394,-TIA- 7,353,337,449,-494
-3,-3,0.125423,-TIA- 7,353,337,446,-491
-3,-3,0.125434,-TIA- 7,353,337,443,-488
-3,-3,0.125446,-TIA- 7,353,337,440,-485
-4,-3,0.125469,-TIA- 7,353,337,436,-482
-4,-3,0.12551,-TIA- 7,353,337,432,-479
-3,-2,0.125539,-TIA- 7,353,337,429,-477
-3,-6,0.125574,-TIA- 7,353,337,426,-471
-5,-3,0.125608,-TIA- 7,353,337,421,-468
-2,-3,0.12562,-TIA- 7,353,337,419,-465
-2,-2,0.125649,-TIA- 7,353,337,417,-463
-2,-3,0.125678,-TIA- 7,353,337,415,-460
-1,-6,0.125719,-TIA- 7,353,337,414,-454
-1,-3,0.125748,-TIA- 7,353,337,413,-451
-1,-2,0.125765,-TIA- 7,353,337,412,-449
-1,-3,0.125794,-TIA- 7,353,337,411,-446
-1,-3,0.125829,-TIA- 7,353,337,410,-443
-1,-3,0.125846,-TIA- 7,353,337,409,-440
-1,-3,0.12587,-TIA- 7,353,337,408,-437
-1,-3,0.125893,-TIA- 7,353,337,407,-434
-1,-2,0.12591,-TIA- 7,353,337,406,-432
-1,-3,0.125939,-TIA- 7,353,337,405,-429
1,-3,0.125968,-TIA- 7,353,337,406,-426
1,-3,0.12598,-TIA- 7,353,337,407,-423
1,-3,0.126009,-TIA- 7,353,337,408,-420
1,-2,0.126037,-TIA- 7,353,337,409,-418
1,-3,0.126079,-TIA- 7,353,337,410,-415
1,-3,0.126096,-TIA- 7,353,337,411,-412
1,-3,0.126125,-TIA- 7,353,337,412,-409
1,-3,0.126131,-TIA- 7,353,337,413,-406
-1,-2,0.126154,-TIA- 7,353,337,412,-404
-1,-3,0.126189,-TIA- 7,353,337,411,-401
-1,-3,0.126218,-TIA- 7,353,337,410,-398
1,-3,0.126259,-TIA- 7,353,337,411,-395
1,-3,0.126276,-TIA- 7,353,337,412,-392
2,-3,0.126282,-TIA- 7,353,337,414,-389
2,-1,0.126305,-TIA- 7,353,337,416,-388
2,-2,0.12634,-TIA- 7,353,337,418,-386
3,-2,0.126369,-TIA- 7,353,337,421,-384
2,-2,0.126404,-TIA- 7,353,337,423,-382
3,-2,0.126427,-TIA- 7,353,337,426,-380
3,-3,0.126433,-TIA- 7,353,337,429,-377
3,-3,0.126456,-TIA- 7,353,337,432,-374
2,-2,0.126491,-TIA- 7,353,337,434,-372
2,-3,0.12652,-TIA- 7,353,337,436,-369
1,-3,0.126555,-TIA- 7,353,337,437,-366
2,-6,0.126584,-TIA- 7,353,337,439,-360
4,-2,0.126613,-TIA- 7,353,337,443,-358
2,-3,0.126642,-TIA- 7,353,337,445,-355
2,-3,0.126665,-TIA- 7,353,337,447,-352
2,-3,0.126705,-TIA- 7,353,337,449,-349
2,-4,0.12674,-TIA- 7,353,337,451,-345
3,-1,0.126769,-TIA- 7,353,337,454,-344
1,-1,0.126793,-TIA- 7,353,337,455,-343
1,-1,0.126816,-TIA- 7,353,337,456,-342
1,-1,0.141073,GO 8,257,158,457,-341
1,-1,0.141137,GO 8,257,158,458,-340
1,-1,0.141177,GO 8,257,158,459,-339
1,-1,0.141212,GO 8,257,158,460,-338
-1,-2,0.141276,GO 8,257,158,459,-336
-1,-3,0.141328,GO 8,257,158,458,-333
-4,-2,0.141363,GO 8,257,158,454,-331
-1,-2,0.141386,GO 8,257,158,453,-329
-1,-1,0.141421,GO 8,257,158,452,-328
-1,-3,0.141427,GO 8,257,158,451,-325
-1,-6,0.141484,GO 8,257,158,450,-319
-1,-3,0.141514,GO 8,257,158,449,-316
-1,-5,0.141549,GO 8,257,158,448,-311
2,-3,0.141578,GO 8,257,158,450,-308
2,-3,0.141613,GO 8,257,158,452,-305
2,-3,0.14163,GO 8,257,158,454,-302
2,-2,0.141659,GO 8,257,158,456,-300
2,-1,0.141682,GO 8,257,158,458,-299
2,-1,0.141706,GO 8,257,158,460,-298
-2,-1,0.141874,GO 8,257,158,458,-297
-2,-1,0.141891,GO 8,257,158,456,-296
-2,-1,0.141926,GO 8,257,158,454,-295
-3,-2,0.141955,GO 8,257,158,451,-293
-3,-2,0.141978,GO 8,257,158,448,-291
-2,-1,0.142013,GO 8,257,158,446,-290
-3,1,0.142065,GO 8,257,158,443,-291
-3,1,0.142095,GO 8,257,158,440,-292
-2,1,0.142129,GO 8,257,158,438,-293
-3,1,0.142153,GO 8,257,158,435,-294
-3,-1,0.142187,GO 8,257,158,432,-293
-4,-1,0.142216,GO 8,257,158,428,-292
-3,-2,0.142251,GO 8,257,158,425,-290
-4,-3,0.14228,GO 8,257,158,421,-287
-4,-5,0.142315,GO 8,257,158,417,-282
-7,-3,0.14235,GO 8,257,158,410,-279
-4,-3,0.142362,GO 8,257,158,406,-276
-4,-3,0.142391,GO 8,257,158,402,-273
-4,-2,0.142425,GO 8,257,158,398,-271
-3,-3,0.142449,GO 8,257,158,395,-268
-4,-3,0.142472,GO 8,257,158,391,-265
-4,-3,0.142489,GO 8,257,158,387,-262
-3,-3,0.142512,GO 8,257,158,384,-259
-2,-3,0.142543,GO 8,257,158,382,-256
-3,-2,0.142576,GO 8,257,158,379,-254
-3,-3,0.142611,GO 8,257,158,376,-251
-3,-3,0.142623,GO 8,257,158,373,-248
-3,-3,0.142646,GO 8,257,158,370,-245
-2,-3,0.142675,GO 8,257,158,368,-242
-2,-2,0.142698,GO 8,257,158,366,-240
-1,-3,0.142721,GO 8,257,158,365,-237
-1,-3,0.142762,GO 8,257,158,364,-234
1,-3,0.142768,GO 8,257,158,365,-231
1,-3,0.142791,GO 8,257,158,366,-228
1,-2,0.142826,GO 8,257,158,367,-226
3,-3,0.142855,GO 8,257,158,370,-223
3,-3,0.142872,GO 8,257,158,373,-220
3,-3,0.142913,GO 8,257,158,376,-217
3,-3,0.142919,GO 8,257,158,379,-214
3,-3,0.142945,GO 8,257,158,382,-211
2,-2,0.142977,GO 8,257,158,384,-209
3,-3,0.143011,GO 8,257,158,387,-206
3,-3,0.143035,GO 8,257,158,390,-203
3,-3,0.143064,GO 8,257,158,393,-200
3,-3,0.14307,GO 8,257,158,396,-197
1,-2,0.143099,GO 8,257,158,397,-195
1,-3,0.143128,GO 8,257,158,398,-192
1,-3,0.143157,GO 8,257,158,399,-189
1,-3,0.143174,GO 8,257,158,400,-186
-1,-3,0.143192,GO 8,257,158,399,-183
-1,-2,0.143226,GO 8,257,158,398,-181
-1,-3,0.14325,GO 8,257,158,397,-178
-2,-3,0.143279,GO 8,257,158,395,-175
-2,-3,0.143314,GO 8,257,158,393,-172
-2,-3,0.143319,GO 8,257,158,391,-169
-2,-3,0.143343,GO 8,257,158,389,-166
-2,-2,0.143377,GO 8,257,158,387,-164
-2,-3,0.143418,GO 8,257,158,385,-161
-2,-3,0.143447,GO 8,257,158,383,-158
-2,-6,0.143482,GO 8,257,158,381,-152
-1,-2,0.143499,GO 8,257,158,380,-150
1,-3,0.143528,GO 8,257,158,381,-147
1,-3,0.143557,GO 8,257,158,382,-144
1,-6,0.143604,GO 8,257,158,383,-138
4,-2,0.143621,GO 8,257,158,387,-136
2,-3,0.14365,GO 8,257,158,389,-133
2,-3,0.143679,GO 8,257,158,391,-130
2,-3,0.143714,GO 8,257,158,393,-127
3,-3,0.143743,GO 8,257,158,396,-124
2,-3,0.143761,GO 8,257,158,398,-121
2,-2,0.143784,GO 8,257,158,400,-119
2,-3,0.143807,GO 8,257,158,402,-116
2,-3,0.143836,GO 8,257,158,404,-113
1,-3,0.143865,GO 8,257,158,405,-110
1,-3,0.143894,GO 8,257,158,406,-107
-1,-2,0.143911,GO 8,257,158,405,-105
-2,-3,0.143929,GO 8,257,158,403,-102
-3,-3,0.143958,GO 8,257,158,400,-99
-2,-3,0.143987,GO 8,257,158,398,-96
-4,-3,0.144016,GO 8,257,158,394,-93
-4,-2,0.14405,GO 8,257,158,390,-91
-4,-3,0.144062,GO 8,257,158,386,-88
-3,-3,0.14408,GO 8,257,158,383,-85
-4,-3,0.144115,GO 8,257,158,379,-82
-4,-2,0.144144,GO 8,257,158,375,-80
-4,-2,0.144179,GO 8,257,158,371,-78
-4,1,0.144231,GO 8,257,158,367,-79
-4,1,0.144266,GO 8,257,158,363,-80
-3,2,0.144295,GO 8,257,158,360,-82
-2,4,0.144329,GO 8,257,158,358,-86
-3,2,0.144358,GO 8,257,158,355,-88
-3,2,0.144387,GO 8,257,158,352,-90
1,1,0.144411,GO 8,257,158,353,-91
1,3,0.144451,GO 8,257,158,354,-94
2,6,0.14448,GO 8,257,158,356,-100
4,3,0.144514,GO 8,257,158,360,-103
3,2,0.144544,GO 8,257,158,363,-105
3,3,0.144567,GO 8,257,158,366,-108
3,3,0.144602,GO 8,257,158,369,-111
3,2,0.144619,GO 8,257,158,372,-113
1,2,0.144631,GO 8,257,158,373,-115
2,1,0.144666,GO 8,257,158,375,-116
1,1,0.144695,GO 8,257,158,376,-117
1,1,0.144747,GO 8,257,158,377,-118
1,1,0.144753,GO 8,257,158,378,-119
