deltaX,deltaY,WHEN,SYLLABLE,XofButton,YofButton,XofTrace,YofTrace
0,-1,0.00878875,Yield,0,0,0,1
0,-2,0.00885261,Yield,0,0,0,3
0,-2,0.00886422,Yield,0,0,0,5
0,-2,0.00889324,Yield,0,0,0,7
-1,-2,0.00892175,Yield,0,0,-1,9
-1,-3,0.00893388,Yield,0,0,-2,12
-2,-3,0.00896871,Yield,0,0,-4,15
-3,-6,0.00900354,Yield,0,0,-7,21
-6,-2,0.00903256,Yield,0,0,-13,23
-3,-3,0.00906739,Yield,0,0,-16,26
-4,-3,0.00909642,Yield,0,0,-20,29
-4,-6,0.00913125,Yield,0,0,-24,35
-7,-2,0.00915447,Yield,0,0,-31,37
-4,-3,0.0091951,Yield,0,0,-35,40
-4,-3,0.00921832,Yield,0,0,-39,43
-4,-3,0.00924154,Yield,0,0,-43,46
-3,-3,0.00925896,Yield,0,0,-46,49
-4,-3,0.00928218,Yield,0,0,-50,52
-4,-2,0.00930721,Yield,0,0,-54,54
-4,-3,0.00933442,Yield,0,0,-58,57
-3,-5,0.00936345,Yield,0,0,-61,62
-8,-2,0.00939247,Yield,0,0,-69,64
-4,-2,0.00941569,Yield,0,0,-73,66
-2,-1,0.00943891,Yield,0,0,-75,67
-3,1,0.00954921,Yield,0,0,-78,66
-3,2,0.00958404,Yield,0,0,-81,64
-3,2,0.00961887,Yield,0,0,-84,62
-3,3,0.0096537,Yield,0,0,-87,59
-3,2,0.00968272,Yield,0,0,-90,57
-1,4,0.00971175,Yield,0,0,-91,53
-3,2,0.00974658,Yield,0,0,-94,51
-2,3,0.0097756,Yield,0,0,-96,48
-1,2,0.00978141,Yield,0,0,-97,46
-3,3,0.00981043,Yield,0,0,-100,43
-3,3,0.00983365,Yield,0,0,-103,40
-3,4,0.00985687,Yield,0,0,-106,36
-3,4,0.0098859,Yield,0,0,-109,32
-3,7,0.00992073,Yield,0,0,-112,25
-8,3,0.00995556,Yield,0,0,-120,22
-3,3,0.00997297,Yield,0,0,-123,19
-3,3,0.0100078,Yield,0,0,-126,16
-2,1,0.0100194,Yield,0,0,-128,15
-2,2,0.0100484,Yield,0,0,-130,13
-1,2,0.0100717,Yield,0,0,-131,11
-1,1,0.0101007,Yield,0,0,-132,10
1,1,0.0101355,Yield,0,0,-131,9
1,2,0.0101645,Yield,0,0,-130,7
3,1,0.0102052,Yield,0,0,-127,6
2,1,0.0102226,Yield,0,0,-125,5
2,1,0.0102516,Yield,0,0,-123,4
2,1,0.010269,Yield,0,0,-121,3
1,1,0.0103213,Yield,0,0,-120,2
1,1,0.0103503,Yield,0,0,-119,1
1,-1,0.0177342,FRAY 1,243,213,-118,2
1,-1,0.0177923,FRAY 1,243,213,-117,3
1,-1,0.0178155,FRAY 1,243,213,-116,4
1,-1,0.0178561,FRAY 1,243,213,-115,5
1,-1,0.0178852,FRAY 1,243,213,-114,6
4,1,0.0180477,FRAY 1,243,213,-110,5
1,1,0.0180709,FRAY 1,243,213,-109,4
1,1,0.0181,FRAY 1,243,213,-108,3
1,2,0.0181174,FRAY 1,243,213,-107,1
1,2,0.0181522,FRAY 1,243,213,-106,-1
1,2,0.0181696,FRAY 1,243,213,-105,-3
1,1,0.0181897,FRAY 1,243,213,-104,-4
1,2,0.0182161,FRAY 1,243,213,-103,-6
1,2,0.0182451,FRAY 1,243,213,-102,-8
2,3,0.0182799,FRAY 1,243,213,-100,-11
3,6,0.0183095,FRAY 1,243,213,-97,-17
5,2,0.0183496,FRAY 1,243,213,-92,-19
3,3,0.0183728,FRAY 1,243,213,-89,-22
3,2,0.0183728,FRAY 1,243,213,-86,-24
3,2,0.018425,FRAY 1,243,213,-83,-26
3,2,0.0184483,FRAY 1,243,213,-80,-28
2,2,0.0184541,FRAY 1,243,213,-78,-30
3,2,0.0184889,FRAY 1,243,213,-75,-32
3,2,0.0185179,FRAY 1,243,213,-72,-34
3,1,0.0185527,FRAY 1,243,213,-69,-35
3,2,0.0185644,FRAY 1,243,213,-66,-37
2,4,0.018605,FRAY 1,243,213,-64,-41
6,2,0.0186398,FRAY 1,243,213,-58,-43
3,2,0.0186805,FRAY 1,243,213,-55,-45
3,4,0.0187037,FRAY 1,243,213,-52,-49
5,1,0.0187385,FRAY 1,243,213,-47,-50
3,3,0.0187675,FRAY 1,243,213,-44,-53
2,3,0.0188024,FRAY 1,243,213,-42,-56
2,3,0.0188256,FRAY 1,243,213,-40,-59
1,3,0.0188314,FRAY 1,243,213,-39,-62
1,2,0.0188546,FRAY 1,243,213,-38,-64
-1,3,0.0188894,FRAY 1,243,213,-39,-67
-2,3,0.0189243,FRAY 1,243,213,-41,-70
-2,3,0.0189533,FRAY 1,243,213,-43,-73
-3,3,0.0189765,FRAY 1,243,213,-46,-76
-2,3,0.0189881,FRAY 1,243,213,-48,-79
-3,2,0.0190055,FRAY 1,243,213,-51,-81
-2,2,0.0190346,FRAY 1,243,213,-53,-83
-1,2,0.0190578,FRAY 1,243,213,-54,-85
-1,1,0.0190984,FRAY 1,243,213,-55,-86
-1,1,0.0191274,FRAY 1,243,213,-56,-87
1,-1,0.0191797,FRAY 1,243,213,-55,-86
2,-1,0.0192145,FRAY 1,243,213,-53,-85
2,-1,0.0192493,FRAY 1,243,213,-51,-84
3,1,0.0193306,FRAY 1,243,213,-48,-85
3,1,0.0193596,FRAY 1,243,213,-45,-86
3,2,0.0193829,FRAY 1,243,213,-42,-88
3,2,0.0194119,FRAY 1,243,213,-39,-90
2,1,0.0194351,FRAY 1,243,213,-37,-91
3,2,0.0194583,FRAY 1,243,213,-34,-93
3,2,0.019499,FRAY 1,243,213,-31,-95
3,2,0.0195222,FRAY 1,243,213,-28,-97
3,2,0.0195454,FRAY 1,243,213,-25,-99
3,2,0.0195628,FRAY 1,243,213,-22,-101
2,2,0.019586,FRAY 1,243,213,-20,-103
3,2,0.0196093,FRAY 1,243,213,-17,-105
3,1,0.0196499,FRAY 1,243,213,-14,-106
3,4,0.0196789,FRAY 1,243,213,-11,-110
5,2,0.0197079,FRAY 1,243,213,-6,-112
3,2,0.019737,FRAY 1,243,213,-3,-114
3,2,0.0197544,FRAY 1,243,213,0,-116
3,2,0.0197834,FRAY 1,243,213,3,-118
3,2,0.0198182,FRAY 1,243,213,6,-120
2,1,0.019824,FRAY 1,243,213,8,-121
3,2,0.0198582,FRAY 1,243,213,11,-123
3,3,0.0198937,FRAY 1,243,213,14,-126
3,3,0.0199169,FRAY 1,243,213,17,-129
3,6,0.0199517,FRAY 1,243,213,20,-135
5,2,0.019975,FRAY 1,243,213,25,-137
3,3,0.0200098,FRAY 1,243,213,28,-140
3,3,0.0200388,FRAY 1,243,213,31,-143
2,2,0.0200795,FRAY 1,243,213,33,-145
2,4,0.0201085,FRAY 1,243,213,35,-149
1,1,0.0201549,FRAY 1,243,213,36,-150
1,1,0.0201898,FRAY 1,243,213,37,-151
1,1,0.0205845,FRAY 1,243,213,38,-152
1,1,0.0206077,FRAY 1,243,213,39,-153
2,1,0.0206425,FRAY 1,243,213,41,-154
3,2,0.0206716,FRAY 1,243,213,44,-156
3,3,0.0207064,FRAY 1,243,213,47,-159
3,3,0.0207122,FRAY 1,243,213,50,-162
2,3,0.0207354,FRAY 1,243,213,52,-165
3,3,0.0207702,FRAY 1,243,213,55,-168
3,2,0.0207819,FRAY 1,243,213,58,-170
3,3,0.0208225,FRAY 1,243,213,61,-173
3,3,0.0208573,FRAY 1,243,213,64,-176
2,4,0.0208631,FRAY 1,243,213,66,-180
3,3,0.0208863,FRAY 1,243,213,69,-183
3,4,0.0209212,FRAY 1,243,213,72,-187
3,4,0.0209502,FRAY 1,243,213,75,-191
3,4,0.0209618,FRAY 1,243,213,78,-195
3,3,0.020985,FRAY 1,243,213,81,-198
2,4,0.0210141,FRAY 1,243,213,83,-202
3,4,0.0210431,FRAY 1,243,213,86,-206
3,4,0.0210721,FRAY 1,243,213,89,-210
3,3,0.0211069,FRAY 1,243,213,92,-213
3,4,0.0211127,FRAY 1,243,213,95,-217
2,4,0.021136,FRAY 1,243,213,97,-221
3,4,0.0211705,FRAY 1,243,213,100,-225
3,3,0.021194,FRAY 1,243,213,103,-228
3,4,0.021223,FRAY 1,243,213,106,-232
3,4,0.0212405,FRAY 1,243,213,109,-236
2,4,0.0212637,FRAY 1,243,213,111,-240
3,3,0.0212869,FRAY 1,243,213,114,-243
3,4,0.0213217,FRAY 1,243,213,117,-247
3,4,0.0213449,FRAY 1,243,213,120,-251
3,4,0.021374,FRAY 1,243,213,123,-255
2,3,0.021403,FRAY 1,243,213,125,-258
3,4,0.0214204,FRAY 1,243,213,128,-262
3,4,0.0214378,FRAY 1,243,213,131,-266
3,4,0.0214648,FRAY 1,243,213,134,-270
3,3,0.021506,FRAY 1,243,213,137,-273
3,4,0.0215307,FRAY 1,243,213,140,-277
2,4,0.0215539,FRAY 1,243,213,142,-281
3,4,0.0215713,FRAY 1,243,213,145,-285
3,3,0.0215946,FRAY 1,243,213,148,-288
3,4,0.0216236,FRAY 1,243,213,151,-292
3,4,0.0216584,FRAY 1,243,213,154,-296
2,4,0.0216874,FRAY 1,243,213,156,-300
3,5,0.0217258,FRAY 1,243,213,159,-305
6,3,0.0217513,FRAY 1,243,213,165,-308
3,3,0.0217745,FRAY 1,243,213,168,-311
2,3,0.0217977,FRAY 1,243,213,170,-314
3,2,0.0218326,FRAY 1,243,213,173,-316
3,2,0.0218616,FRAY 1,243,213,176,-318
3,1,0.0218732,FRAY 1,243,213,179,-319
3,2,0.021908,FRAY 1,243,213,182,-321
3,1,0.0219371,FRAY 1,243,213,185,-322
2,1,0.0219545,FRAY 1,243,213,187,-323
3,1,0.0219835,FRAY 1,243,213,190,-324
3,1,0.0220183,FRAY 1,243,213,193,-325
3,1,0.0220241,FRAY 1,243,213,196,-326
3,1,0.0220473,FRAY 1,243,213,199,-327
2,1,0.0220706,FRAY 1,243,213,201,-328
3,1,0.0221054,FRAY 1,243,213,204,-329
3,1,0.0221344,FRAY 1,243,213,207,-330
3,1,0.0221693,FRAY 1,243,213,210,-331
3,1,0.0221751,FRAY 1,243,213,213,-332
2,1,0.0222041,FRAY 1,243,213,215,-333
3,1,0.0222563,FRAY 1,243,213,218,-334
3,1,0.0222902,FRAY 1,243,213,221,-335
3,1,0.0223202,FRAY 1,243,213,224,-336
3,1,0.0223265,FRAY 1,243,213,227,-337
2,1,0.022355,FRAY 1,243,213,229,-338
3,2,0.0223782,FRAY 1,243,213,232,-340
3,2,0.0224073,FRAY 1,243,213,235,-342
3,2,0.0224421,FRAY 1,243,213,238,-344
3,2,0.0224479,FRAY 1,243,213,241,-346
2,2,0.0224827,FRAY 1,243,213,243,-348
3,1,0.0225059,FRAY 1,243,213,246,-349
3,2,0.022535,FRAY 1,243,213,249,-351
3,2,0.0225582,FRAY 1,243,213,252,-353
3,2,0.0225814,FRAY 1,243,213,255,-355
2,2,0.0226046,FRAY 1,243,213,257,-357
3,1,0.0226337,FRAY 1,243,213,260,-358
3,1,0.0226569,FRAY 1,243,213,263,-359
2,-1,0.0227381,FRAY 1,243,213,265,-358
1,-1,0.0227556,FRAY 1,243,213,266,-357
1,-1,0.0227788,FRAY 1,243,213,267,-356
1,-1,0.0228078,FRAY 1,243,213,268,-355
1,-1,0.0228717,FRAY 1,243,213,269,-354
1,-1,0.0228833,FRAY 1,243,213,270,-353
1,-1,0.0274866,SAN- 2,20,500,271,-352
-2,-2,0.0275215,SAN- 2,20,500,269,-350
-1,-2,0.0275447,SAN- 2,20,500,268,-348
-2,-2,0.0275737,SAN- 2,20,500,266,-346
-3,-2,0.0275911,SAN- 2,20,500,263,-344
-3,-3,0.0276143,SAN- 2,20,500,260,-341
-3,-3,0.0276376,SAN- 2,20,500,257,-338
-3,-3,0.0276724,SAN- 2,20,500,254,-335
-2,-3,0.0277014,SAN- 2,20,500,252,-332
-4,-2,0.0277362,SAN- 2,20,500,248,-330
-4,-3,0.0277595,SAN- 2,20,500,244,-327
-4,-2,0.0277711,SAN- 2,20,500,240,-325
-2,-2,0.0277885,SAN- 2,20,500,238,-323
-3,-1,0.0278233,SAN- 2,20,500,235,-322
-3,-1,0.0278523,SAN- 2,20,500,232,-321
-1,1,0.0279684,SAN- 2,20,500,231,-322
-1,-1,0.0282471,SAN- 2,20,500,230,-321
-1,-1,0.0282703,SAN- 2,20,500,229,-320
-1,-1,0.0283051,SAN- 2,20,500,228,-319
-1,-2,0.0283225,SAN- 2,20,500,227,-317
-1,-1,0.0283458,SAN- 2,20,500,226,-316
-2,-2,0.0283748,SAN- 2,20,500,224,-314
-2,-2,0.0284038,SAN- 2,20,500,222,-312
-2,-2,0.0284236,SAN- 2,20,500,220,-310
-2,-2,0.0284561,SAN- 2,20,500,218,-308
-2,-3,0.0284735,SAN- 2,20,500,216,-305
-2,-3,0.0284967,SAN- 2,20,500,214,-302
-1,-2,0.0285297,SAN- 2,20,500,213,-300
-1,-3,0.0285547,SAN- 2,20,500,212,-297
-1,-3,0.0285838,SAN- 2,20,500,211,-294
-1,-3,0.028607,SAN- 2,20,500,210,-291
-1,-3,0.0286244,SAN- 2,20,500,209,-288
-1,-2,0.0286476,SAN- 2,20,500,208,-286
-1,-3,0.028665,SAN- 2,20,500,207,-283
1,-3,0.0286941,SAN- 2,20,500,208,-280
1,-2,0.0287289,SAN- 2,20,500,209,-278
1,-2,0.0287579,SAN- 2,20,500,210,-276
1,-1,0.0287695,SAN- 2,20,500,211,-275
-1,2,0.0289088,SAN- 2,20,500,210,-277
-1,2,0.0289205,SAN- 2,20,500,209,-279
-1,2,0.0289495,SAN- 2,20,500,208,-281
-2,3,0.0289843,SAN- 2,20,500,206,-284
-2,3,0.028999,SAN- 2,20,500,204,-287
-2,3,0.0290307,SAN- 2,20,500,202,-290
-2,4,0.0290598,SAN- 2,20,500,200,-294
-2,4,0.0290714,SAN- 2,20,500,198,-298
-2,4,0.0290946,SAN- 2,20,500,196,-302
-2,3,0.0291294,SAN- 2,20,500,194,-305
-1,4,0.0291585,SAN- 2,20,500,193,-309
-2,4,0.0291875,SAN- 2,20,500,191,-313
-1,4,0.0292165,SAN- 2,20,500,190,-317
-1,3,0.0292223,SAN- 2,20,500,189,-320
-1,4,0.0292455,SAN- 2,20,500,188,-324
-1,4,0.0292804,SAN- 2,20,500,187,-328
-1,4,0.0293094,SAN- 2,20,500,186,-332
1,3,0.0293442,SAN- 2,20,500,187,-335
1,4,0.0293674,SAN- 2,20,500,188,-339
1,4,0.029379,SAN- 2,20,500,189,-343
1,4,0.0293965,SAN- 2,20,500,190,-347
1,3,0.0294313,SAN- 2,20,500,191,-350
1,4,0.0294545,SAN- 2,20,500,192,-354
-1,4,0.0294719,SAN- 2,20,500,191,-358
-2,4,0.029501,SAN- 2,20,500,189,-362
-2,3,0.0295184,SAN- 2,20,500,187,-365
-3,4,0.0295416,SAN- 2,20,500,184,-369
-3,4,0.0295648,SAN- 2,20,500,181,-373
-3,4,0.029588,SAN- 2,20,500,178,-377
-3,3,0.0296112,SAN- 2,20,500,175,-380
-4,8,0.0296693,SAN- 2,20,500,171,-388
-8,4,0.0296925,SAN- 2,20,500,163,-392
-3,3,0.0297157,SAN- 2,20,500,160,-395
-4,4,0.0297564,SAN- 2,20,500,156,-399
-4,4,0.0297796,SAN- 2,20,500,152,-403
-4,4,0.0297854,SAN- 2,20,500,148,-407
-3,3,0.0298202,SAN- 2,20,500,145,-410
-4,4,0.0298551,SAN- 2,20,500,141,-414
-4,4,0.0298667,SAN- 2,20,500,137,-418
-4,4,0.0299015,SAN- 2,20,500,133,-422
-3,3,0.0299189,SAN- 2,20,500,130,-425
-4,4,0.0299421,SAN- 2,20,500,126,-429
-4,4,0.0299712,SAN- 2,20,500,122,-433
-4,4,0.0299944,SAN- 2,20,500,118,-437
-3,3,0.0300176,SAN- 2,20,500,115,-440
-4,4,0.0300524,SAN- 2,20,500,111,-444
-4,4,0.0300837,SAN- 2,20,500,107,-448
-3,4,0.0300989,SAN- 2,20,500,104,-452
-4,3,0.0301163,SAN- 2,20,500,100,-455
-4,4,0.0301511,SAN- 2,20,500,96,-459
-4,4,0.0301743,SAN- 2,20,500,92,-463
-3,4,0.0302034,SAN- 2,20,500,89,-467
-4,3,0.0302382,SAN- 2,20,500,85,-470
-4,4,0.030244,SAN- 2,20,500,81,-474
-4,4,0.0302672,SAN- 2,20,500,77,-478
-3,4,0.030302,SAN- 2,20,500,74,-482
-4,3,0.0303311,SAN- 2,20,500,70,-485
-4,4,0.0303659,SAN- 2,20,500,66,-489
-4,4,0.0303891,SAN- 2,20,500,62,-493
-3,4,0.0303949,SAN- 2,20,500,59,-497
-2,3,0.0304181,SAN- 2,20,500,57,-500
-3,4,0.030453,SAN- 2,20,500,54,-504
-3,4,0.0304762,SAN- 2,20,500,51,-508
-3,1,0.0305168,SAN- 2,20,500,48,-509
-3,4,0.0305226,SAN- 2,20,500,45,-513
-3,4,0.0305517,SAN- 2,20,500,42,-517
-4,3,0.0305741,SAN- 2,20,500,38,-520
-3,4,0.0306039,SAN- 2,20,500,35,-524
-4,4,0.0306271,SAN- 2,20,500,31,-528
-4,4,0.0306678,SAN- 2,20,500,27,-532
-4,3,0.0306741,SAN- 2,20,500,23,-535
-3,4,0.0307026,SAN- 2,20,500,20,-539
-4,4,0.0307316,SAN- 2,20,500,16,-543
-4,4,0.0307548,SAN- 2,20,500,12,-547
-4,3,0.0307955,SAN- 2,20,500,8,-550
-3,4,0.0308187,SAN- 2,20,500,5,-554
-4,4,0.0308303,SAN- 2,20,500,1,-558
-4,4,0.0308535,SAN- 2,20,500,-3,-562
-4,3,0.0308883,SAN- 2,20,500,-7,-565
-3,4,0.0309174,SAN- 2,20,500,-10,-569
-4,4,0.0309406,SAN- 2,20,500,-14,-573
-4,4,0.0309696,SAN- 2,20,500,-18,-577
-4,3,0.0309812,SAN- 2,20,500,-22,-580
-3,4,0.0310044,SAN- 2,20,500,-25,-584
-4,4,0.0310335,SAN- 2,20,500,-29,-588
-4,4,0.0310741,SAN- 2,20,500,-33,-592
-4,3,0.0310959,SAN- 2,20,500,-37,-595
-3,4,0.0311205,SAN- 2,20,500,-40,-599
-4,4,0.0311322,SAN- 2,20,500,-44,-603
-4,4,0.0311554,SAN- 2,20,500,-48,-607
-4,3,0.0311844,SAN- 2,20,500,-52,-610
-3,4,0.0312134,SAN- 2,20,500,-55,-614
-3,8,0.0312541,SAN- 2,20,500,-58,-622
-6,3,0.0312889,SAN- 2,20,500,-64,-625
-3,4,0.0313121,SAN- 2,20,500,-67,-629
-2,4,0.0313386,SAN- 2,20,500,-69,-633
-3,4,0.0313644,SAN- 2,20,500,-72,-637
-3,3,0.0313992,SAN- 2,20,500,-75,-640
-3,4,0.031405,SAN- 2,20,500,-78,-644
-3,4,0.0314398,SAN- 2,20,500,-81,-648
-2,4,0.031463,SAN- 2,20,500,-83,-652
-3,3,0.0314863,SAN- 2,20,500,-86,-655
-3,4,0.0315197,SAN- 2,20,500,-89,-659
-2,4,0.0315443,SAN- 2,20,500,-91,-663
-2,4,0.0315501,SAN- 2,20,500,-93,-667
-2,3,0.0315849,SAN- 2,20,500,-95,-670
-2,4,0.0316082,SAN- 2,20,500,-97,-674
-1,4,0.0316314,SAN- 2,20,500,-98,-678
-2,4,0.0316604,SAN- 2,20,500,-100,-682
-2,3,0.0316952,SAN- 2,20,500,-102,-685
-1,4,0.031701,SAN- 2,20,500,-103,-689
-1,4,0.0317243,SAN- 2,20,500,-104,-693
1,3,0.0317591,SAN- 2,20,500,-103,-696
2,1,0.0317927,SAN- 2,20,500,-101,-697
2,3,0.0318113,SAN- 2,20,500,-99,-700
2,2,0.0318288,SAN- 2,20,500,-97,-702
3,2,0.031852,SAN- 2,20,500,-94,-704
3,1,0.031876,SAN- 2,20,500,-91,-705
3,1,0.03191,SAN- 2,20,500,-88,-706
2,1,0.0319739,SAN- 2,20,500,-86,-707
2,1,0.0323106,SAN- 2,20,500,-84,-708
2,1,0.0323454,SAN- 2,20,500,-82,-709
1,1,0.0323744,SAN- 2,20,500,-81,-710
3,1,0.0323976,SAN- 2,20,500,-78,-711
3,1,0.0324325,SAN- 2,20,500,-75,-712
3,2,0.0324383,SAN- 2,20,500,-72,-714
3,2,0.0324615,SAN- 2,20,500,-69,-716
3,2,0.0324963,SAN- 2,20,500,-66,-718
2,1,0.0325254,SAN- 2,20,500,-64,-719
3,1,0.032537,SAN- 2,20,500,-61,-720
2,1,0.0326008,SAN- 2,20,500,-59,-721
2,1,0.032624,SAN- 2,20,500,-57,-722
1,1,0.0326473,SAN- 2,20,500,-56,-723
-1,-1,0.0379298,-TIA- 3,332,385,-57,-722
-2,-1,0.0379646,-TIA- 3,332,385,-59,-721
-1,-1,0.0389324,-TIA- 3,332,385,-60,-720
1,-1,0.0389631,-TIA- 3,332,385,-59,-719
1,-1,0.0390211,-TIA- 3,332,385,-58,-718
2,-4,0.0390618,-TIA- 3,332,385,-56,-714
4,-2,0.0390966,-TIA- 3,332,385,-52,-712
2,-2,0.039114,-TIA- 3,332,385,-50,-710
1,-2,0.0391372,-TIA- 3,332,385,-49,-708
2,-1,0.0391663,-TIA- 3,332,385,-47,-707
2,-2,0.0391837,-TIA- 3,332,385,-45,-705
2,-2,0.0392014,-TIA- 3,332,385,-43,-703
2,-2,0.0392359,-TIA- 3,332,385,-41,-701
2,-2,0.0392707,-TIA- 3,332,385,-39,-699
2,-2,0.0392824,-TIA- 3,332,385,-37,-697
2,-2,0.0393172,-TIA- 3,332,385,-35,-695
1,-3,0.0393346,-TIA- 3,332,385,-34,-692
2,-2,0.0393578,-TIA- 3,332,385,-32,-690
2,-3,0.039381,-TIA- 3,332,385,-30,-687
2,-3,0.0394217,-TIA- 3,332,385,-28,-684
2,-3,0.0394565,-TIA- 3,332,385,-26,-681
2,-3,0.0394739,-TIA- 3,332,385,-24,-678
1,-2,0.0394855,-TIA- 3,332,385,-23,-676
1,-3,0.0395088,-TIA- 3,332,385,-22,-673
1,-3,0.039532,-TIA- 3,332,385,-21,-670
1,-3,0.0395668,-TIA- 3,332,385,-20,-667
1,-3,0.0395958,-TIA- 3,332,385,-19,-664
1,-2,0.039619,-TIA- 3,332,385,-18,-662
1,-3,0.0396365,-TIA- 3,332,385,-17,-659
1,-3,0.0396597,-TIA- 3,332,385,-16,-656
1,-3,0.0396876,-TIA- 3,332,385,-15,-653
2,-3,0.0397177,-TIA- 3,332,385,-13,-650
2,-3,0.0397468,-TIA- 3,332,385,-11,-647
3,-2,0.0397816,-TIA- 3,332,385,-8,-645
3,-3,0.0397874,-TIA- 3,332,385,-5,-642
2,-3,0.0398106,-TIA- 3,332,385,-3,-639
3,-3,0.0398454,-TIA- 3,332,385,0,-636
3,-3,0.0398687,-TIA- 3,332,385,3,-633
3,-2,0.0398977,-TIA- 3,332,385,6,-631
3,-3,0.0399093,-TIA- 3,332,385,9,-628
2,-3,0.0399383,-TIA- 3,332,385,11,-625
3,-3,0.0399615,-TIA- 3,332,385,14,-622
3,-3,0.0399848,-TIA- 3,332,385,17,-619
3,-2,0.0400196,-TIA- 3,332,385,20,-617
3,-3,0.040037,-TIA- 3,332,385,23,-614
3,-3,0.0400602,-TIA- 3,332,385,26,-611
1,-2,0.0400951,-TIA- 3,332,385,27,-609
2,-2,0.0401125,-TIA- 3,332,385,29,-607
2,-2,0.0401415,-TIA- 3,332,385,31,-605
2,-2,0.0401647,-TIA- 3,332,385,33,-603
1,-1,0.0401937,-TIA- 3,332,385,34,-602
1,-2,0.0402161,-TIA- 3,332,385,35,-600
1,-1,0.040246,-TIA- 3,332,385,36,-599
1,-1,0.0402692,-TIA- 3,332,385,37,-598
1,-1,0.0402982,-TIA- 3,332,385,38,-597
1,-1,0.0403215,-TIA- 3,332,385,39,-596
1,-1,0.0403679,-TIA- 3,332,385,40,-595
1,-1,0.0403853,-TIA- 3,332,385,41,-594
2,-1,0.0404201,-TIA- 3,332,385,43,-593
2,-2,0.0404492,-TIA- 3,332,385,45,-591
1,-2,0.040484,-TIA- 3,332,385,46,-589
3,-4,0.040513,-TIA- 3,332,385,49,-585
6,-2,0.0405392,-TIA- 3,332,385,55,-583
3,-1,0.0405711,-TIA- 3,332,385,58,-582
2,-2,0.0405943,-TIA- 3,332,385,60,-580
3,-2,0.0406291,-TIA- 3,332,385,63,-578
3,-2,0.0406427,-TIA- 3,332,385,66,-576
3,-1,0.0406756,-TIA- 3,332,385,69,-575
3,-1,0.0406988,-TIA- 3,332,385,72,-574
2,-1,0.0407162,-TIA- 3,332,385,74,-573
3,1,0.0408091,-TIA- 3,332,385,77,-574
3,1,0.0408439,-TIA- 3,332,385,80,-575
2,2,0.0408787,-TIA- 3,332,385,82,-577
3,2,0.0408985,-TIA- 3,332,385,85,-579
3,2,0.040931,-TIA- 3,332,385,88,-581
3,2,0.0409426,-TIA- 3,332,385,91,-583
3,1,0.0409658,-TIA- 3,332,385,94,-584
2,2,0.040989,-TIA- 3,332,385,96,-586
3,1,0.0410297,-TIA- 3,332,385,99,-587
3,-1,0.0410935,-TIA- 3,332,385,102,-586
2,-2,0.0411167,-TIA- 3,332,385,104,-584
3,-1,0.04114,-TIA- 3,332,385,107,-583
3,-2,0.0411806,-TIA- 3,332,385,110,-581
3,-2,0.0411864,-TIA- 3,332,385,113,-579
3,-4,0.0412502,-TIA- 3,332,385,116,-575
5,-2,0.0412677,-TIA- 3,332,385,121,-573
3,-2,0.0412909,-TIA- 3,332,385,124,-571
3,-2,0.0413257,-TIA- 3,332,385,127,-569
3,-1,0.0413373,-TIA- 3,332,385,130,-568
2,-1,0.0413954,-TIA- 3,332,385,132,-567
3,-1,0.0414186,-TIA- 3,332,385,135,-566
3,-1,0.0414418,-TIA- 3,332,385,138,-565
3,-1,0.0414766,-TIA- 3,332,385,141,-564
3,-1,0.0414941,-TIA- 3,332,385,144,-563
2,-2,0.0415173,-TIA- 3,332,385,146,-561
3,-2,0.0415463,-TIA- 3,332,385,149,-559
3,-2,0.0415695,-TIA- 3,332,385,152,-557
3,-1,0.0416044,-TIA- 3,332,385,155,-556
3,-1,0.0416334,-TIA- 3,332,385,158,-555
3,-1,0.041645,-TIA- 3,332,385,161,-554
2,-1,0.0416682,-TIA- 3,332,385,163,-553
3,-1,0.0417263,-TIA- 3,332,385,166,-552
3,-1,0.0417553,-TIA- 3,332,385,169,-551
3,-1,0.0417727,-TIA- 3,332,385,172,-550
2,-1,0.0417901,-TIA- 3,332,385,174,-549
3,-1,0.0418133,-TIA- 3,332,385,177,-548
3,-1,0.0418366,-TIA- 3,332,385,180,-547
3,-1,0.0418656,-TIA- 3,332,385,183,-546
3,-1,0.0419004,-TIA- 3,332,385,186,-545
3,1,0.0419875,-TIA- 3,332,385,189,-546
3,1,0.0420223,-TIA- 3,332,385,192,-547
2,1,0.0420513,-TIA- 3,332,385,194,-548
3,1,0.0420862,-TIA- 3,332,385,197,-549
3,1,0.042092,-TIA- 3,332,385,200,-550
3,1,0.0425332,-TIA- 3,332,385,203,-551
3,1,0.0425506,-TIA- 3,332,385,206,-552
3,1,0.0425738,-TIA- 3,332,385,209,-553
3,1,0.042626,-TIA- 3,332,385,212,-554
3,1,0.0426551,-TIA- 3,332,385,215,-555
3,1,0.0426841,-TIA- 3,332,385,218,-556
3,1,0.0427015,-TIA- 3,332,385,221,-557
2,1,0.0427247,-TIA- 3,332,385,223,-558
3,1,0.0427479,-TIA- 3,332,385,226,-559
3,1,0.042777,-TIA- 3,332,385,229,-560
3,1,0.0428118,-TIA- 3,332,385,232,-561
3,1,0.042835,-TIA- 3,332,385,235,-562
2,1,0.0428524,-TIA- 3,332,385,237,-563
3,1,0.042869,-TIA- 3,332,385,240,-564
3,1,0.0428931,-TIA- 3,332,385,243,-565
3,1,0.0429221,-TIA- 3,332,385,246,-566
3,1,0.0429569,-TIA- 3,332,385,249,-567
2,1,0.0429627,-TIA- 3,332,385,251,-568
3,1,0.0430208,-TIA- 3,332,385,254,-569
3,1,0.043044,-TIA- 3,332,385,257,-570
3,1,0.043073,-TIA- 3,332,385,260,-571
3,1,0.043102,-TIA- 3,332,385,263,-572
2,1,0.0431078,-TIA- 3,332,385,265,-573
3,1,0.0431427,-TIA- 3,332,385,268,-574
2,1,0.0431659,-TIA- 3,332,385,270,-575
3,1,0.0431891,-TIA- 3,332,385,273,-576
3,1,0.0432181,-TIA- 3,332,385,276,-577
3,1,0.043253,-TIA- 3,332,385,279,-578
2,1,0.0432588,-TIA- 3,332,385,281,-579
3,1,0.043282,-TIA- 3,332,385,284,-580
3,1,0.0433168,-TIA- 3,332,385,287,-581
3,1,0.04334,-TIA- 3,332,385,290,-582
3,1,0.0433633,-TIA- 3,332,385,293,-583
2,1,0.0433981,-TIA- 3,332,385,295,-584
3,1,0.0434116,-TIA- 3,332,385,298,-585
3,1,0.0434387,-TIA- 3,332,385,301,-586
3,1,0.0434678,-TIA- 3,332,385,304,-587
3,1,0.0435142,-TIA- 3,332,385,307,-588
2,1,0.0435548,-TIA- 3,332,385,309,-589
3,1,0.0435548,-TIA- 3,332,385,312,-590
3,1,0.0435548,-TIA- 3,332,385,315,-591
3,1,0.0435548,-TIA- 3,332,385,318,-592
3,1,0.0435548,-TIA- 3,332,385,321,-593
2,1,0.0435548,-TIA- 3,332,385,323,-594
3,1,0.0435548,-TIA- 3,332,385,326,-595
3,2,0.0435548,-TIA- 3,332,385,329,-597
3,2,0.0435722,-TIA- 3,332,385,332,-599
3,1,0.0435955,-TIA- 3,332,385,335,-600
2,1,0.0436245,-TIA- 3,332,385,337,-601
3,1,0.0436535,-TIA- 3,332,385,340,-602
3,1,0.0436883,-TIA- 3,332,385,343,-603
3,1,0.0437116,-TIA- 3,332,385,346,-604
3,-1,0.0439438,-TIA- 3,332,385,349,-603
3,-1,0.043967,-TIA- 3,332,385,352,-602
2,-1,0.044025,-TIA- 3,332,385,354,-601
3,-1,0.0440599,-TIA- 3,332,385,357,-600
3,-1,0.0440947,-TIA- 3,332,385,360,-599
3,-2,0.0441237,-TIA- 3,332,385,363,-597
5,-1,0.0441469,-TIA- 3,332,385,368,-596
3,-1,0.0441702,-TIA- 3,332,385,371,-595
3,-1,0.0442108,-TIA- 3,332,385,374,-594
3,-2,0.0442398,-TIA- 3,332,385,377,-592
6,-1,0.0442746,-TIA- 3,332,385,383,-591
2,-1,0.0442979,-TIA- 3,332,385,385,-590
3,-1,0.0443211,-TIA- 3,332,385,388,-589
3,-1,0.0443559,-TIA- 3,332,385,391,-588
3,-1,0.0443907,-TIA- 3,332,385,394,-587
5,-1,0.0444256,-TIA- 3,332,385,399,-586
3,-1,0.0444604,-TIA- 3,332,385,402,-585
3,-1,0.0444894,-TIA- 3,332,385,405,-584
3,-1,0.0445127,-TIA- 3,332,385,408,-583
3,-1,0.0445359,-TIA- 3,332,385,411,-582
2,-1,0.0445475,-TIA- 3,332,385,413,-581
3,-1,0.0445707,-TIA- 3,332,385,416,-580
3,-1,0.0445997,-TIA- 3,332,385,419,-579
3,-1,0.0446288,-TIA- 3,332,385,422,-578
3,-1,0.0446578,-TIA- 3,332,385,425,-577
2,-1,0.0446868,-TIA- 3,332,385,427,-576
3,-1,0.0446984,-TIA- 3,332,385,430,-575
3,-1,0.0447216,-TIA- 3,332,385,433,-574
3,-1,0.0447507,-TIA- 3,332,385,436,-573
3,1,0.0448493,-TIA- 3,332,385,439,-574
3,1,0.0448726,-TIA- 3,332,385,442,-575
2,2,0.0449074,-TIA- 3,332,385,444,-577
3,2,0.0449364,-TIA- 3,332,385,447,-579
2,2,0.0449596,-TIA- 3,332,385,449,-581
2,2,0.0449829,-TIA- 3,332,385,451,-583
2,2,0.0450061,-TIA- 3,332,385,453,-585
2,2,0.0450235,-TIA- 3,332,385,455,-587
1,1,0.0450583,-TIA- 3,332,385,456,-588
1,1,0.0450931,-TIA- 3,332,385,457,-589
1,1,0.0451121,-TIA- 3,332,385,458,-590
1,-1,0.0452093,-TIA- 3,332,385,459,-589
1,-1,0.0452731,-TIA- 3,332,385,460,-588
1,-2,0.0452789,-TIA- 3,332,385,461,-586
1,-1,0.0453079,-TIA- 3,332,385,462,-585
1,-2,0.0453312,GO 4,390,144,463,-583
1,-2,0.0453602,GO 4,390,144,464,-581
1,-1,0.0453892,GO 4,390,144,465,-580
1,-1,0.0454124,GO 4,390,144,466,-579
1,-1,0.045424,GO 4,390,144,467,-578
1,-1,0.0454763,GO 4,390,144,468,-577
-1,-1,0.0456272,GO 4,390,144,467,-576
-1,-1,0.045662,GO 4,390,144,466,-575
-1,-1,0.0456678,GO 4,390,144,465,-574
-1,-1,0.0456911,GO 4,390,144,464,-573
-1,-2,0.0457259,GO 4,390,144,463,-571
-1,-2,0.0457491,GO 4,390,144,462,-569
-1,-2,0.0457723,GO 4,390,144,461,-567
-1,-2,0.0458014,GO 4,390,144,460,-565
-1,-2,0.0458188,GO 4,390,144,459,-563
-1,-2,0.045842,GO 4,390,144,458,-561
-1,-2,0.0458768,GO 4,390,144,457,-559
-1,-1,0.0459,GO 4,390,144,456,-558
-1,-3,0.0459233,GO 4,390,144,455,-555
-2,-3,0.0459465,GO 4,390,144,453,-552
-2,-3,0.0459697,GO 4,390,144,451,-549
-2,-3,0.0459987,GO 4,390,144,449,-546
-3,-2,0.0460278,GO 4,390,144,446,-544
-3,-3,0.0460568,GO 4,390,144,443,-541
-3,-3,0.0460742,GO 4,390,144,440,-538
-3,-3,0.0461148,GO 4,390,144,437,-535
-3,-3,0.0461264,GO 4,390,144,434,-532
-2,-3,0.0461497,GO 4,390,144,432,-529
-2,-2,0.0461729,GO 4,390,144,430,-527
-1,-3,0.0462019,GO 4,390,144,429,-524
-1,-3,0.0462251,GO 4,390,144,428,-521
-1,-3,0.04626,GO 4,390,144,427,-518
-1,-3,0.0462774,GO 4,390,144,426,-515
-1,-2,0.0463064,GO 4,390,144,425,-513
-1,-3,0.0463238,GO 4,390,144,424,-510
-1,-3,0.046347,GO 4,390,144,423,-507
-1,-3,0.0463877,GO 4,390,144,422,-504
-1,-5,0.0464225,GO 4,390,144,421,-499
-1,-3,0.0464399,GO 4,390,144,420,-496
-1,-3,0.0464689,GO 4,390,144,419,-493
-1,-3,0.046498,GO 4,390,144,418,-490
1,-3,0.0465328,GO 4,390,144,419,-487
1,-3,0.0465618,GO 4,390,144,420,-484
1,-2,0.0465734,GO 4,390,144,421,-482
1,-3,0.0466083,GO 4,390,144,422,-479
1,-3,0.0466373,GO 4,390,144,423,-476
1,-3,0.0466605,GO 4,390,144,424,-473
1,-3,0.0466721,GO 4,390,144,425,-470
1,-2,0.0467011,GO 4,390,144,426,-468
1,-3,0.0467244,GO 4,390,144,427,-465
1,-3,0.0467476,GO 4,390,144,428,-462
1,-3,0.0467882,GO 4,390,144,429,-459
1,-5,0.0468172,GO 4,390,144,430,-454
2,-3,0.0468521,GO 4,390,144,432,-451
1,-3,0.0468753,GO 4,390,144,433,-448
1,-3,0.0468985,GO 4,390,144,434,-445
1,-3,0.0469333,GO 4,390,144,435,-442
1,-3,0.0469624,GO 4,390,144,436,-439
1,-2,0.046974,GO 4,390,144,437,-437
1,-3,0.0469972,GO 4,390,144,438,-434
1,-3,0.0470262,GO 4,390,144,439,-431
1,-3,0.0470494,GO 4,390,144,440,-428
1,-3,0.0470843,GO 4,390,144,441,-425
2,-2,0.0471133,GO 4,390,144,443,-423
2,-3,0.0471249,GO 4,390,144,445,-420
2,-3,0.0471481,GO 4,390,144,447,-417
2,-3,0.0471771,GO 4,390,144,449,-414
2,-3,0.0472047,GO 4,390,144,451,-411
2,-2,0.0472352,GO 4,390,144,453,-409
2,-3,0.0472691,GO 4,390,144,455,-406
1,-3,0.0472758,GO 4,390,144,456,-403
2,-3,0.047299,GO 4,390,144,458,-400
2,-3,0.0473397,GO 4,390,144,460,-397
2,-3,0.0473687,GO 4,390,144,462,-394
2,-5,0.0473919,GO 4,390,144,464,-389
3,-3,0.0474151,GO 4,390,144,467,-386
1,-3,0.0474442,GO 4,390,144,468,-383
1,-3,0.0474848,GO 4,390,144,469,-380
1,-2,0.0475032,GO 4,390,144,470,-378
1,-3,0.0475312,GO 4,390,144,471,-375
1,-3,0.0475487,GO 4,390,144,472,-372
1,-3,0.0475719,GO 4,390,144,473,-369
1,-3,0.0475951,GO 4,390,144,474,-366
1,-2,0.0476357,GO 4,390,144,475,-364
1,-3,0.047659,GO 4,390,144,476,-361
1,-3,0.047688,GO 4,390,144,477,-358
1,-3,0.0476996,GO 4,390,144,478,-355
1,-3,0.0477228,GO 4,390,144,479,-352
1,-3,0.047746,GO 4,390,144,480,-349
1,-2,0.0477809,GO 4,390,144,481,-347
1,-3,0.0478041,GO 4,390,144,482,-344
1,-3,0.0478447,GO 4,390,144,483,-341
1,-3,0.0478505,GO 4,390,144,484,-338
1,-3,0.0478737,GO 4,390,144,485,-335
1,-2,0.047897,GO 4,390,144,486,-333
1,-3,0.0479318,GO 4,390,144,487,-330
1,-3,0.0479608,GO 4,390,144,488,-327
1,-3,0.0479956,GO 4,390,144,489,-324
1,-5,0.0480247,GO 4,390,144,490,-319
2,-3,0.0480595,GO 4,390,144,492,-316
1,-3,0.0480769,GO 4,390,144,493,-313
1,-3,0.0481155,GO 4,390,144,494,-310
1,-3,0.0481234,GO 4,390,144,495,-307
1,-3,0.0481524,GO 4,390,144,496,-304
1,-2,0.0481756,GO 4,390,144,497,-302
1,-3,0.0482046,GO 4,390,144,498,-299
1,-3,0.0482337,GO 4,390,144,499,-296
1,-3,0.0482568,GO 4,390,144,500,-293
1,-3,0.0482627,GO 4,390,144,501,-290
1,-2,0.0482975,GO 4,390,144,502,-288
1,-3,0.0483207,GO 4,390,144,503,-285
1,-3,0.0483439,GO 4,390,144,504,-282
1,-3,0.048373,GO 4,390,144,505,-279
1,-3,0.0483974,GO 4,390,144,506,-276
1,-2,0.0484136,GO 4,390,144,507,-274
1,-3,0.0484484,GO 4,390,144,508,-271
1,-3,0.0484717,GO 4,390,144,509,-268
1,-3,0.0484949,GO 4,390,144,510,-265
1,-3,0.0485297,GO 4,390,144,511,-262
1,-3,0.0485587,GO 4,390,144,512,-259
1,-2,0.0485703,GO 4,390,144,513,-257
1,-3,0.0485994,GO 4,390,144,514,-254
1,-3,0.0486226,GO 4,390,144,515,-251
1,-3,0.0486458,GO 4,390,144,516,-248
1,-3,0.0486806,GO 4,390,144,517,-245
1,-2,0.0487097,GO 4,390,144,518,-243
1,-3,0.0487213,GO 4,390,144,519,-240
1,-3,0.0487445,GO 4,390,144,520,-237
1,-3,0.0487735,GO 4,390,144,521,-234
1,-3,0.0488025,GO 4,390,144,522,-231
1,-2,0.0488316,GO 4,390,144,523,-229
1,-3,0.0488664,GO 4,390,144,524,-226
1,-3,0.0488722,GO 4,390,144,525,-223
1,-3,0.0488954,GO 4,390,144,526,-220
1,-3,0.0489186,GO 4,390,144,527,-217
1,-3,0.0489535,GO 4,390,144,528,-214
1,-2,0.0489825,GO 4,390,144,529,-212
1,-3,0.0490173,GO 4,390,144,530,-209
1,-3,0.0490231,GO 4,390,144,531,-206
1,-3,0.0490463,GO 4,390,144,532,-203
1,-3,0.0490812,GO 4,390,144,533,-200
1,-2,0.0491044,GO 4,390,144,534,-198
1,-3,0.0491334,GO 4,390,144,535,-195
1,-3,0.0491683,GO 4,390,144,536,-192
1,-3,0.0491741,GO 4,390,144,537,-189
1,-3,0.0492089,GO 4,390,144,538,-186
1,-2,0.0492321,GO 4,390,144,539,-184
1,-3,0.0492611,GO 4,390,144,540,-181
1,-3,0.049296,GO 4,390,144,541,-178
1,-3,0.0493192,GO 4,390,144,542,-175
1,-3,0.0493308,GO 4,390,144,543,-172
1,-3,0.049354,GO 4,390,144,544,-169
1,-2,0.049383,GO 4,390,144,545,-167
1,-3,0.0494159,GO 4,390,144,546,-164
1,-3,0.0494469,GO 4,390,144,547,-161
1,-2,0.0494585,GO 4,390,144,548,-159
1,-3,0.0494817,GO 4,390,144,549,-156
1,-3,0.0495049,GO 4,390,144,550,-153
1,-3,0.049534,GO 4,390,144,551,-150
1,-3,0.0495688,GO 4,390,144,552,-147
1,-2,0.0495746,GO 4,390,144,553,-145
1,-3,0.0496094,GO 4,390,144,554,-142
1,-3,0.0496327,GO 4,390,144,555,-139
-1,-3,0.0496617,GO 4,390,144,554,-136
-1,-3,0.0496898,GO 4,390,144,553,-133
-1,-3,0.0497197,GO 4,390,144,552,-130
-2,-2,0.0497255,GO 4,390,144,550,-128
-2,-3,0.0497604,GO 4,390,144,548,-125
-2,-3,0.0497836,GO 4,390,144,546,-122
-2,-3,0.0498184,GO 4,390,144,544,-119
-2,-3,0.0498474,GO 4,390,144,542,-116
-2,-2,0.049859,GO 4,390,144,540,-114
-2,-3,0.0498823,GO 4,390,144,538,-111
-1,-3,0.0499113,GO 4,390,144,537,-108
-2,-3,0.0499345,GO 4,390,144,535,-105
-2,-3,0.0499635,GO 4,390,144,533,-102
-2,-2,0.0499984,GO 4,390,144,531,-100
-1,-3,0.0500042,GO 4,390,144,530,-97
-1,-3,0.0500274,GO 4,390,144,529,-94
-1,-3,0.0500564,GO 4,390,144,528,-91
-1,-3,0.0500854,GO 4,390,144,527,-88
-1,-2,0.0501145,GO 4,390,144,526,-86
-1,-1,0.0501435,GO 4,390,144,525,-85
-1,-4,0.0501841,GO 4,390,144,524,-81
-1,-2,0.0502132,GO 4,390,144,523,-79
-1,-2,0.0502364,GO 4,390,144,522,-77
-1,-2,0.0502712,GO 4,390,144,521,-75
-1,-2,0.0502944,GO 4,390,144,520,-73
-1,-2,0.0503118,GO 4,390,144,519,-71
-1,-1,0.0503351,GO 4,390,144,518,-70
-1,-2,0.0503583,GO 4,390,144,517,-68
-1,-1,0.0503989,GO 4,390,144,516,-67
-1,-1,0.0504163,GO 4,390,144,515,-66
-1,-1,0.0575739,FRAY 5,212,488,514,-65
-1,-2,0.0575971,FRAY 5,212,488,513,-63
-3,-2,0.0576319,FRAY 5,212,488,510,-61
-3,-1,0.057661,FRAY 5,212,488,507,-60
-3,1,0.0577074,FRAY 5,212,488,504,-61
-3,2,0.057719,FRAY 5,212,488,501,-63
-3,2,0.0577422,FRAY 5,212,488,498,-65
-3,2,0.0577829,FRAY 5,212,488,495,-67
-3,2,0.0578061,FRAY 5,212,488,492,-69
-2,1,0.0578351,FRAY 5,212,488,490,-70
-3,2,0.0578467,FRAY 5,212,488,487,-72
-3,2,0.0578699,FRAY 5,212,488,484,-74
-3,2,0.0578932,FRAY 5,212,488,481,-76
-3,3,0.0579164,FRAY 5,212,488,478,-79
-2,3,0.057957,FRAY 5,212,488,476,-82
-3,3,0.0579802,FRAY 5,212,488,473,-85
-2,2,0.0579976,FRAY 5,212,488,471,-87
-2,4,0.0580209,FRAY 5,212,488,469,-91
-3,4,0.0580557,FRAY 5,212,488,466,-95
-3,4,0.0580789,FRAY 5,212,488,463,-99
-2,3,0.0581079,FRAY 5,212,488,461,-102
-3,4,0.0581254,FRAY 5,212,488,458,-106
-4,4,0.0581486,FRAY 5,212,488,454,-110
-4,4,0.0581718,FRAY 5,212,488,450,-114
-3,3,0.058195,FRAY 5,212,488,447,-117
-4,4,0.0582298,FRAY 5,212,488,443,-121
-4,4,0.0582531,FRAY 5,212,488,439,-125
-4,4,0.0582937,FRAY 5,212,488,435,-129
-3,3,0.0583053,FRAY 5,212,488,432,-132
-4,4,0.0583227,FRAY 5,212,488,428,-136
-4,4,0.0583576,FRAY 5,212,488,424,-140
-4,4,0.058388,FRAY 5,212,488,420,-144
-3,3,0.0584214,FRAY 5,212,488,417,-147
-4,4,0.0584388,FRAY 5,212,488,413,-151
-4,4,0.0584562,FRAY 5,212,488,409,-155
-4,4,0.0584795,FRAY 5,212,488,405,-159
-3,3,0.0585027,FRAY 5,212,488,402,-162
-4,4,0.0585317,FRAY 5,212,488,398,-166
-4,4,0.0585665,FRAY 5,212,488,394,-170
-4,4,0.0585781,FRAY 5,212,488,390,-174
-3,3,0.0586072,FRAY 5,212,488,387,-177
-4,4,0.0586304,FRAY 5,212,488,383,-181
-4,4,0.0586536,FRAY 5,212,488,379,-185
-4,4,0.0586884,FRAY 5,212,488,375,-189
-3,3,0.0587175,FRAY 5,212,488,372,-192
-4,4,0.0587233,FRAY 5,212,488,368,-196
-4,4,0.0587581,FRAY 5,212,488,364,-200
-4,4,0.0587813,FRAY 5,212,488,360,-204
-3,3,0.0588103,FRAY 5,212,488,357,-207
-4,4,0.0588394,FRAY 5,212,488,353,-211
-4,4,0.0588684,FRAY 5,212,488,349,-215
-4,4,0.05888,FRAY 5,212,488,345,-219
-3,3,0.0589032,FRAY 5,212,488,342,-222
-4,4,0.0589322,FRAY 5,212,488,338,-226
-4,4,0.0589555,FRAY 5,212,488,334,-230
-4,4,0.0589903,FRAY 5,212,488,330,-234
-3,3,0.0590193,FRAY 5,212,488,327,-237
-4,4,0.0590309,FRAY 5,212,488,323,-241
-4,4,0.0590541,FRAY 5,212,488,319,-245
-4,4,0.0590832,FRAY 5,212,488,315,-249
-3,3,0.0591122,FRAY 5,212,488,312,-252
-4,4,0.0591354,FRAY 5,212,488,308,-256
-4,4,0.0591761,FRAY 5,212,488,304,-260
-4,4,0.0591819,FRAY 5,212,488,300,-264
-3,3,0.0591993,FRAY 5,212,488,297,-267
-4,4,0.0592283,FRAY 5,212,488,293,-271
-4,4,0.0592573,FRAY 5,212,488,289,-275
-4,4,0.0592863,FRAY 5,212,488,285,-279
-3,3,0.0593187,FRAY 5,212,488,282,-282
-4,4,0.059327,FRAY 5,212,488,278,-286
-4,4,0.0593502,FRAY 5,212,488,274,-290
-4,4,0.0593734,FRAY 5,212,488,270,-294
-3,3,0.0594141,FRAY 5,212,488,267,-297
-4,4,0.0594489,FRAY 5,212,488,263,-301
-4,4,0.0594721,FRAY 5,212,488,259,-305
-4,4,0.0594779,FRAY 5,212,488,255,-309
-3,3,0.0595011,FRAY 5,212,488,252,-312
-4,4,0.059536,FRAY 5,212,488,248,-316
-4,4,0.059565,FRAY 5,212,488,244,-320
-4,3,0.0595882,FRAY 5,212,488,240,-323
-3,5,0.0596288,FRAY 5,212,488,237,-328
-8,3,0.0596521,FRAY 5,212,488,229,-331
-4,3,0.0596811,FRAY 5,212,488,225,-334
-3,3,0.0597101,FRAY 5,212,488,222,-337
-4,3,0.0597449,FRAY 5,212,488,218,-340
-4,2,0.059774,FRAY 5,212,488,214,-342
-4,3,0.0597799,FRAY 5,212,488,210,-345
-3,3,0.0598146,FRAY 5,212,488,207,-348
-4,3,0.0598378,FRAY 5,212,488,203,-351
-4,3,0.059861,FRAY 5,212,488,199,-354
-4,2,0.0598959,FRAY 5,212,488,195,-356
-3,3,0.0599307,FRAY 5,212,488,192,-359
-4,3,0.0599365,FRAY 5,212,488,188,-362
-4,3,0.0599539,FRAY 5,212,488,184,-365
-4,4,0.0599888,FRAY 5,212,488,180,-369
-3,3,0.0600178,FRAY 5,212,488,177,-372
-4,4,0.0600468,FRAY 5,212,488,173,-376
-3,4,0.0600816,FRAY 5,212,488,170,-380
-3,4,0.0600874,FRAY 5,212,488,167,-384
-2,3,0.0601107,FRAY 5,212,488,165,-387
-1,4,0.0601339,FRAY 5,212,488,164,-391
-1,4,0.0601687,FRAY 5,212,488,163,-395
-1,4,0.0601977,FRAY 5,212,488,162,-399
-1,3,0.0602326,FRAY 5,212,488,161,-402
1,4,0.0602384,FRAY 5,212,488,162,-406
2,3,0.0602616,FRAY 5,212,488,164,-409
2,3,0.0602964,FRAY 5,212,488,166,-412
2,3,0.0603196,FRAY 5,212,488,168,-415
2,2,0.0603487,FRAY 5,212,488,170,-417
2,3,0.0603835,FRAY 5,212,488,172,-420
2,3,0.0603893,FRAY 5,212,488,174,-423
2,3,0.0604067,FRAY 5,212,488,176,-426
1,3,0.0604357,FRAY 5,212,488,177,-429
2,2,0.0604706,FRAY 5,212,488,179,-431
2,2,0.0604764,FRAY 5,212,488,181,-433
2,2,0.0605054,FRAY 5,212,488,183,-435
2,2,0.0605344,FRAY 5,212,488,185,-437
2,2,0.0605576,FRAY 5,212,488,187,-439
2,2,0.0605867,FRAY 5,212,488,189,-441
2,2,0.0606215,FRAY 5,212,488,191,-443
1,1,0.0606273,FRAY 5,212,488,192,-444
2,1,0.0606505,FRAY 5,212,488,194,-445
1,1,0.0607144,FRAY 5,212,488,195,-446
1,1,0.0607376,FRAY 5,212,488,196,-447
1,1,0.0607724,FRAY 5,212,488,197,-448
1,1,0.060784,FRAY 5,212,488,198,-449
1,1,0.0608015,FRAY 5,212,488,199,-450
1,1,0.0608711,FRAY 5,212,488,200,-451
1,1,0.0609001,FRAY 5,212,488,201,-452
1,2,0.0609408,FRAY 5,212,488,202,-454
1,1,0.0609948,FRAY 5,212,488,203,-455
1,1,0.061022,FRAY 5,212,488,204,-456
1,2,0.0610627,FRAY 5,212,488,205,-458
1,1,0.0611149,FRAY 5,212,488,206,-459
1,2,0.0611381,FRAY 5,212,488,207,-461
1,2,0.061173,FRAY 5,212,488,208,-463
1,2,0.061202,FRAY 5,212,488,209,-465
1,2,0.0612136,FRAY 5,212,488,210,-467
1,2,0.0612368,FRAY 5,212,488,211,-469
1,1,0.0612659,FRAY 5,212,488,212,-470
1,2,0.0612949,FRAY 5,212,488,213,-472
1,2,0.0613239,FRAY 5,212,488,214,-474
1,2,0.0613537,FRAY 5,212,488,215,-476
1,2,0.0613645,FRAY 5,212,488,216,-478
1,2,0.0613878,FRAY 5,212,488,217,-480
1,2,0.0614226,FRAY 5,212,488,218,-482
1,2,0.0614516,FRAY 5,212,488,219,-484
1,1,0.0614748,FRAY 5,212,488,220,-485
1,2,0.0614864,FRAY 5,212,488,221,-487
1,2,0.0615155,FRAY 5,212,488,222,-489
1,2,0.0615295,FRAY 5,212,488,223,-491
1,2,0.0615619,FRAY 5,212,488,224,-493
1,2,0.0615967,FRAY 5,212,488,225,-495
1,4,0.0616258,FRAY 5,212,488,226,-499
2,1,0.0616838,FRAY 5,212,488,228,-500
1,1,0.061707,FRAY 5,212,488,229,-501
1,1,0.0617477,FRAY 5,212,488,230,-502
1,2,0.0617709,FRAY 5,212,488,231,-504
3,1,0.0618057,FRAY 5,212,488,234,-505
1,1,0.0618289,FRAY 5,212,488,235,-506
2,1,0.061887,FRAY 5,212,488,237,-507
2,2,0.0619218,FRAY 5,212,488,239,-509
4,1,0.0619508,FRAY 5,212,488,243,-510
2,1,0.0619799,FRAY 5,212,488,245,-511
2,1,0.0620031,FRAY 5,212,488,247,-512
1,1,0.0620379,FRAY 5,212,488,248,-513
2,1,0.0620744,FRAY 5,212,488,250,-514
2,1,0.0620844,FRAY 5,212,488,252,-515
2,1,0.0621018,FRAY 5,212,488,254,-516
2,1,0.0621308,FRAY 5,212,488,256,-517
2,1,0.062154,FRAY 5,212,488,258,-518
2,1,0.0621888,FRAY 5,212,488,260,-519
1,1,0.0622179,FRAY 5,212,488,261,-520
2,1,0.0622295,FRAY 5,212,488,263,-521
2,1,0.0622759,FRAY 5,212,488,265,-522
2,1,0.0623107,FRAY 5,212,488,267,-523
2,1,0.062334,FRAY 5,212,488,269,-524
2,1,0.0623746,FRAY 5,212,488,271,-525
2,1,0.0623804,FRAY 5,212,488,273,-526
1,1,0.0624036,FRAY 5,212,488,274,-527
2,1,0.0624385,FRAY 5,212,488,276,-528
2,1,0.0624617,FRAY 5,212,488,278,-529
2,1,0.0624907,FRAY 5,212,488,280,-530
2,1,0.0625139,FRAY 5,212,488,282,-531
2,2,0.0625313,FRAY 5,212,488,284,-533
2,2,0.0625546,FRAY 5,212,488,286,-535
2,1,0.0625894,FRAY 5,212,488,288,-536
1,2,0.0626184,FRAY 5,212,488,289,-538
2,2,0.0626416,FRAY 5,212,488,291,-540
2,2,0.0626765,FRAY 5,212,488,293,-542
2,2,0.0626829,FRAY 5,212,488,295,-544
2,2,0.0627055,FRAY 5,212,488,297,-546
2,2,0.0627403,FRAY 5,212,488,299,-548
2,2,0.0627751,FRAY 5,212,488,301,-550
2,1,0.0628042,FRAY 5,212,488,303,-551
1,2,0.0628274,FRAY 5,212,488,304,-553
2,2,0.062839,FRAY 5,212,488,306,-555
2,2,0.0628622,FRAY 5,212,488,308,-557
2,2,0.0628854,FRAY 5,212,488,310,-559
2,2,0.0629145,FRAY 5,212,488,312,-561
2,2,0.0629609,FRAY 5,212,488,314,-563
2,3,0.0629899,FRAY 5,212,488,316,-566
3,2,0.0630132,FRAY 5,212,488,319,-568
2,2,0.0630364,FRAY 5,212,488,321,-570
2,2,0.0630654,FRAY 5,212,488,323,-572
2,1,0.0630886,FRAY 5,212,488,325,-573
2,1,0.0631351,FRAY 5,212,488,327,-574
2,1,0.0631409,FRAY 5,212,488,329,-575
2,1,0.0631641,FRAY 5,212,488,331,-576
2,1,0.0631979,FRAY 5,212,488,333,-577
1,1,0.0632221,FRAY 5,212,488,334,-578
2,1,0.0632395,FRAY 5,212,488,336,-579
1,1,0.0632918,FRAY 5,212,488,337,-580
1,1,0.063315,FRAY 5,212,488,338,-581
1,1,0.0633498,FRAY 5,212,488,339,-582
1,1,0.0633847,FRAY 5,212,488,340,-583
-1,-1,0.0673727,SAN- 6,119,452,339,-582
-1,-2,0.0674075,SAN- 6,119,452,338,-580
-1,-2,0.0674366,SAN- 6,119,452,337,-578
-1,-2,0.0674598,SAN- 6,119,452,336,-576
-1,-3,0.0674946,SAN- 6,119,452,335,-573
-2,-3,0.0675236,SAN- 6,119,452,333,-570
-2,-2,0.0675352,SAN- 6,119,452,331,-568
-2,-3,0.0675585,SAN- 6,119,452,329,-565
-3,-3,0.0675875,SAN- 6,119,452,326,-562
-4,-3,0.0676223,SAN- 6,119,452,322,-559
-4,-3,0.0676455,SAN- 6,119,452,318,-556
-4,-3,0.0676746,SAN- 6,119,452,314,-553
-3,-2,0.0676862,SAN- 6,119,452,311,-551
-3,-3,0.0677094,SAN- 6,119,452,308,-548
-3,-3,0.0677442,SAN- 6,119,452,305,-545
-3,-3,0.0677732,SAN- 6,119,452,302,-542
-2,-3,0.0677965,SAN- 6,119,452,300,-539
-3,-2,0.0678313,SAN- 6,119,452,297,-537
-3,-3,0.0678429,SAN- 6,119,452,294,-534
-3,-3,0.0678603,SAN- 6,119,452,291,-531
-3,-3,0.0678951,SAN- 6,119,452,288,-528
-3,-3,0.0679242,SAN- 6,119,452,285,-525
-2,-2,0.067959,SAN- 6,119,452,283,-523
-3,-6,0.0679996,SAN- 6,119,452,280,-517
-5,-3,0.0680133,SAN- 6,119,452,275,-514
-2,-3,0.0680461,SAN- 6,119,452,273,-511
-2,-2,0.0680693,SAN- 6,119,452,271,-509
-1,-1,0.0681041,SAN- 6,119,452,270,-508
-2,-2,0.0681332,SAN- 6,119,452,268,-506
-1,-2,0.0681448,SAN- 6,119,452,267,-504
-1,-2,0.0681738,SAN- 6,119,452,266,-502
-2,-2,0.0681912,SAN- 6,119,452,264,-500
-2,-2,0.0682202,SAN- 6,119,452,262,-498
-2,-2,0.0682551,SAN- 6,119,452,260,-496
-2,-2,0.0682841,SAN- 6,119,452,258,-494
-2,-1,0.0682957,SAN- 6,119,452,256,-493
-1,-2,0.0683189,SAN- 6,119,452,255,-491
-1,-1,0.0683421,SAN- 6,119,452,254,-490
-1,-1,0.0683712,SAN- 6,119,452,253,-489
-1,-1,0.068406,SAN- 6,119,452,252,-488
-1,1,0.0689981,SAN- 6,119,452,251,-489
-1,1,0.0690445,SAN- 6,119,452,250,-490
-1,1,0.0690736,SAN- 6,119,452,249,-491
-1,1,0.0691026,SAN- 6,119,452,248,-492
-1,1,0.0691664,SAN- 6,119,452,247,-493
-1,1,0.069178,SAN- 6,119,452,246,-494
-1,1,0.0692013,SAN- 6,119,452,245,-495
-1,1,0.0692245,SAN- 6,119,452,244,-496
-1,1,0.0692558,SAN- 6,119,452,243,-497
-1,1,0.0693174,SAN- 6,119,452,242,-498
-1,1,0.069329,SAN- 6,119,452,241,-499
-1,1,0.0693522,SAN- 6,119,452,240,-500
-1,1,0.0693754,SAN- 6,119,452,239,-501
-1,1,0.0694451,SAN- 6,119,452,238,-502
-1,1,0.0694683,SAN- 6,119,452,237,-503
-1,1,0.0694799,SAN- 6,119,452,236,-504
-1,1,0.0695031,SAN- 6,119,452,235,-505
-1,1,0.0695608,SAN- 6,119,452,234,-506
-1,1,0.0695728,SAN- 6,119,452,233,-507
-1,1,0.0698688,SAN- 6,119,452,232,-508
-1,1,0.0698805,SAN- 6,119,452,231,-509
-1,1,0.0699037,SAN- 6,119,452,230,-510
-1,1,0.0699617,SAN- 6,119,452,229,-511
-1,1,0.0699907,SAN- 6,119,452,228,-512
-1,1,0.0700207,SAN- 6,119,452,227,-513
-1,1,0.0700314,SAN- 6,119,452,226,-514
-1,1,0.0700778,SAN- 6,119,452,225,-515
-1,1,0.0701127,SAN- 6,119,452,224,-516
-1,1,0.0701417,SAN- 6,119,452,223,-517
-1,1,0.0701765,SAN- 6,119,452,222,-518
-1,1,0.0702055,SAN- 6,119,452,221,-519
-1,1,0.0702404,SAN- 6,119,452,220,-520
-1,1,0.070252,SAN- 6,119,452,219,-521
-1,1,0.0702851,SAN- 6,119,452,218,-522
-1,1,0.0703274,SAN- 6,119,452,217,-523
-1,-1,0.0778855,-TIA- 7,330,443,216,-522
-1,-1,0.0779088,-TIA- 7,330,443,215,-521
1,-1,0.0784486,-TIA- 7,330,443,216,-520
1,-2,0.0784718,-TIA- 7,330,443,217,-518
1,-2,0.0784893,-TIA- 7,330,443,218,-516
1,-2,0.0785125,-TIA- 7,330,443,219,-514
-1,-3,0.0785415,-TIA- 7,330,443,218,-511
-1,-3,0.0785763,-TIA- 7,330,443,217,-508
-1,-2,0.0785995,-TIA- 7,330,443,216,-506
-2,-3,0.0786228,-TIA- 7,330,443,214,-503
-1,-3,0.0786402,-TIA- 7,330,443,213,-500
-1,-3,0.0786634,-TIA- 7,330,443,212,-497
-1,-3,0.0786866,-TIA- 7,330,443,211,-494
1,-2,0.0787178,-TIA- 7,330,443,212,-492
1,-3,0.0787621,-TIA- 7,330,443,213,-489
1,-2,0.0787679,-TIA- 7,330,443,214,-487
1,-2,0.0787911,-TIA- 7,330,443,215,-485
2,-2,0.0788143,-TIA- 7,330,443,217,-483
2,-1,0.0788376,-TIA- 7,330,443,219,-482
3,-1,0.0788724,-TIA- 7,330,443,222,-481
3,1,0.0789653,-TIA- 7,330,443,225,-482
3,1,0.0789885,-TIA- 7,330,443,228,-483
3,1,0.0790233,-TIA- 7,330,443,231,-484
3,1,0.0790523,-TIA- 7,330,443,234,-485
3,1,0.0790872,-TIA- 7,330,443,237,-486
2,1,0.079093,-TIA- 7,330,443,239,-487
3,1,0.0791278,-TIA- 7,330,443,242,-488
3,1,0.0791452,-TIA- 7,330,443,245,-489
3,1,0.0791742,-TIA- 7,330,443,248,-490
3,1,0.0792091,-TIA- 7,330,443,251,-491
2,1,0.0792381,-TIA- 7,330,443,253,-492
3,1,0.0792497,-TIA- 7,330,443,256,-493
3,1,0.0792961,-TIA- 7,330,443,259,-494
3,1,0.0793252,-TIA- 7,330,443,262,-495
2,1,0.07936,-TIA- 7,330,443,264,-496
3,1,0.079389,-TIA- 7,330,443,267,-497
3,1,0.0794006,-TIA- 7,330,443,270,-498
3,1,0.0794239,-TIA- 7,330,443,273,-499
2,-1,0.0794935,-TIA- 7,330,443,275,-498
3,-1,0.07954,-TIA- 7,330,443,278,-497
3,-1,0.0795516,-TIA- 7,330,443,281,-496
3,-2,0.0795748,-TIA- 7,330,443,284,-494
3,-1,0.0796038,-TIA- 7,330,443,287,-493
2,-2,0.0796386,-TIA- 7,330,443,289,-491
3,-2,0.0796444,-TIA- 7,330,443,292,-489
3,-2,0.0796851,-TIA- 7,330,443,295,-487
3,-2,0.0797025,-TIA- 7,330,443,298,-485
3,-2,0.0797257,-TIA- 7,330,443,301,-483
2,-1,0.0797605,-TIA- 7,330,443,303,-482
3,-1,0.0797896,-TIA- 7,330,443,306,-481
3,-1,0.0797954,-TIA- 7,330,443,309,-480
3,-1,0.0798244,-TIA- 7,330,443,312,-479
3,-1,0.0798534,-TIA- 7,330,443,315,-478
3,1,0.0799405,-TIA- 7,330,443,318,-479
3,1,0.0799521,-TIA- 7,330,443,321,-480
3,1,0.0799753,-TIA- 7,330,443,324,-481
3,1,0.0800044,-TIA- 7,330,443,327,-482
2,2,0.0800334,-TIA- 7,330,443,329,-484
3,2,0.0800624,-TIA- 7,330,443,332,-486
3,2,0.0800798,-TIA- 7,330,443,335,-488
3,2,0.080103,-TIA- 7,330,443,338,-490
3,2,0.0801263,-TIA- 7,330,443,341,-492
2,1,0.0801611,-TIA- 7,330,443,343,-493
3,2,0.0801901,-TIA- 7,330,443,346,-495
3,2,0.0802133,-TIA- 7,330,443,349,-497
3,2,0.0802366,-TIA- 7,330,443,352,-499
3,2,0.080254,-TIA- 7,330,443,355,-501
2,2,0.0802772,-TIA- 7,330,443,357,-503
3,2,0.080312,-TIA- 7,330,443,360,-505
3,2,0.0803468,-TIA- 7,330,443,363,-507
3,1,0.0803643,-TIA- 7,330,443,366,-508
3,2,0.0803875,-TIA- 7,330,443,369,-510
3,2,0.0804049,-TIA- 7,330,443,372,-512
2,2,0.0804281,-TIA- 7,330,443,374,-514
3,2,0.0804513,-TIA- 7,330,443,377,-516
3,2,0.0804862,-TIA- 7,330,443,380,-518
3,2,0.0805152,-TIA- 7,330,443,383,-520
3,2,0.08055,-TIA- 7,330,443,386,-522
2,1,0.0805616,-TIA- 7,330,443,388,-523
3,2,0.0805806,-TIA- 7,330,443,391,-525
3,3,0.0806081,-TIA- 7,330,443,394,-528
3,3,0.0806429,-TIA- 7,330,443,397,-531
3,3,0.0806719,-TIA- 7,330,443,400,-534
2,3,0.080701,-TIA- 7,330,443,402,-537
3,1,0.0807112,-TIA- 7,330,443,405,-538
3,2,0.0807416,-TIA- 7,330,443,408,-540
3,2,0.080759,-TIA- 7,330,443,411,-542
3,2,0.080788,-TIA- 7,330,443,414,-544
2,2,0.0808229,-TIA- 7,330,443,416,-546
3,2,0.0808519,-TIA- 7,330,443,419,-548
3,2,0.0808635,-TIA- 7,330,443,422,-550
3,2,0.0808925,-TIA- 7,330,443,425,-552
3,1,0.0809273,-TIA- 7,330,443,428,-553
3,2,0.0809448,-TIA- 7,330,443,431,-555
2,2,0.080968,-TIA- 7,330,443,433,-557
3,2,0.0810028,-TIA- 7,330,443,436,-559
3,2,0.0810144,-TIA- 7,330,443,439,-561
3,2,0.0810376,-TIA- 7,330,443,442,-563
3,2,0.0810667,-TIA- 7,330,443,445,-565
2,2,0.0810899,-TIA- 7,330,443,447,-567
3,1,0.0811247,-TIA- 7,330,443,450,-568
3,2,0.0811479,-TIA- 7,330,443,453,-570
3,2,0.0811654,-TIA- 7,330,443,456,-572
3,2,0.0811886,-TIA- 7,330,443,459,-574
2,2,0.0812176,-TIA- 7,330,443,461,-576
3,2,0.0812466,-TIA- 7,330,443,464,-578
3,2,0.0812756,-TIA- 7,330,443,467,-580
3,2,0.0812873,-TIA- 7,330,443,470,-582
3,1,0.0813163,-TIA- 7,330,443,473,-583
3,2,0.0813395,-TIA- 7,330,443,476,-585
2,1,0.0813743,-TIA- 7,330,443,478,-586
3,1,0.0814034,-TIA- 7,330,443,481,-587
3,1,0.0814266,-TIA- 7,330,443,484,-588
3,1,0.0814382,-TIA- 7,330,443,487,-589
3,1,0.081473,-TIA- 7,330,443,490,-590
2,1,0.0814904,-TIA- 7,330,443,492,-591
3,1,0.0815253,-TIA- 7,330,443,495,-592
3,1,0.0815543,-TIA- 7,330,443,498,-593
3,-1,0.0821638,-TIA- 7,330,443,501,-592
3,-1,0.082187,-TIA- 7,330,443,504,-591
2,-1,0.0822102,-TIA- 7,330,443,506,-590
1,-1,0.0822393,-TIA- 7,330,443,507,-589
-1,-2,0.0822857,-TIA- 7,330,443,506,-587
-2,-2,0.0823031,-TIA- 7,330,443,504,-585
-3,-1,0.0823147,-TIA- 7,330,443,501,-584
-2,-2,0.0823438,-TIA- 7,330,443,499,-582
-3,-2,0.0823612,-TIA- 7,330,443,496,-580
-3,-2,0.082396,-TIA- 7,330,443,493,-578
-3,-2,0.082425,-TIA- 7,330,443,490,-576
-2,-4,0.0824657,-TIA- 7,330,443,488,-572
-2,-2,0.0824889,-TIA- 7,330,443,486,-570
-2,-1,0.0825121,-TIA- 7,330,443,484,-569
-2,-2,0.0825469,-TIA- 7,330,443,482,-567
-2,-2,0.082576,-TIA- 7,330,443,480,-565
-2,-2,0.082605,-TIA- 7,330,443,478,-563
1,-2,0.0826108,-TIA- 7,330,443,479,-561
1,-3,0.082634,-TIA- 7,330,443,480,-558
1,-3,0.0826572,-TIA- 7,330,443,481,-555
1,-2,0.0826863,-TIA- 7,330,443,482,-553
1,-3,0.0827153,-TIA- 7,330,443,483,-550
-1,-3,0.0827269,-TIA- 7,330,443,482,-547
-1,-3,0.0827559,-TIA- 7,330,443,481,-544
-1,-3,0.0827791,-TIA- 7,330,443,480,-541
-1,-2,0.082814,-TIA- 7,330,443,479,-539
-1,-3,0.0828372,-TIA- 7,330,443,478,-536
-1,-3,0.0828662,-TIA- 7,330,443,477,-533
-1,-3,0.0828778,-TIA- 7,330,443,476,-530
-1,-3,0.0829068,-TIA- 7,330,443,475,-527
-1,-2,0.0829301,-TIA- 7,330,443,474,-525
-1,-1,0.0829649,-TIA- 7,330,443,473,-524
-1,-2,0.0829939,-TIA- 7,330,443,472,-522
-1,-2,0.0830171,-TIA- 7,330,443,471,-520
-1,-2,0.0830346,-TIA- 7,330,443,470,-518
-1,-1,0.0830578,-TIA- 7,330,443,469,-517
-1,-1,0.08311,-TIA- 7,330,443,468,-516
-1,-1,0.0831332,-TIA- 7,330,443,467,-515
-1,-1,0.0831797,-TIA- 7,330,443,466,-514
-1,-1,0.0832029,-TIA- 7,330,443,465,-513
-1,-1,0.0832668,-TIA- 7,330,443,464,-512
-1,-1,0.0832958,-TIA- 7,330,443,463,-511
-1,-1,0.0885203,GO 8,254,383,462,-510
-1,-1,0.0885493,GO 8,254,383,461,-509
-3,-1,0.0885725,GO 8,254,383,458,-508
-3,-2,0.0886015,GO 8,254,383,455,-506
-3,-3,0.0886364,GO 8,254,383,452,-503
-3,-6,0.0886654,GO 8,254,383,449,-497
-5,-3,0.0887002,GO 8,254,383,444,-494
-3,-2,0.0887293,GO 8,254,383,441,-492
-3,-3,0.0887525,GO 8,254,383,438,-489
-3,-3,0.0887815,GO 8,254,383,435,-486
-2,-3,0.0887931,GO 8,254,383,433,-483
-3,-3,0.0888163,GO 8,254,383,430,-480
-3,-2,0.0888454,GO 8,254,383,427,-478
-2,-3,0.088886,GO 8,254,383,425,-475
-2,-3,0.088915,GO 8,254,383,423,-472
-2,-3,0.0889382,GO 8,254,383,421,-469
-2,-3,0.0889498,GO 8,254,383,419,-466
-1,-2,0.0889615,GO 8,254,383,418,-464
-2,-1,0.0889905,GO 8,254,383,416,-463
-2,-2,0.0890137,GO 8,254,383,414,-461
-1,-2,0.0890543,GO 8,254,383,413,-459
-1,-4,0.0890834,GO 8,254,383,412,-455
-2,-2,0.089124,GO 8,254,383,410,-453
-1,-1,0.0891298,GO 8,254,383,409,-452
-1,-1,0.0891878,GO 8,254,383,408,-451
-1,-1,0.0892227,GO 8,254,383,407,-450
-1,-1,0.0892566,GO 8,254,383,406,-449
-1,-1,0.0895187,GO 8,254,383,405,-448
-1,-1,0.0895536,GO 8,254,383,404,-447
-1,-1,0.0895826,GO 8,254,383,403,-446
-1,-1,0.0896058,GO 8,254,383,402,-445
-1,-1,0.0896406,GO 8,254,383,401,-444
-1,-1,0.0896697,GO 8,254,383,400,-443
-1,-1,0.0897045,GO 8,254,383,399,-442
-1,-1,0.0899474,GO 8,254,383,398,-441
-1,-1,0.0899541,GO 8,254,383,397,-440
-1,-1,0.0899889,GO 8,254,383,396,-439
-1,-1,0.0900354,GO 8,254,383,395,-438
-1,-1,0.090076,GO 8,254,383,394,-437
-1,-1,0.0900992,GO 8,254,383,393,-436
-1,-1,0.090105,GO 8,254,383,392,-435
-1,-1,0.0901283,GO 8,254,383,391,-434
-1,-1,0.0901863,GO 8,254,383,390,-433
-1,-1,0.0902153,GO 8,254,383,389,-432
-1,-1,0.0902502,GO 8,254,383,388,-431
-1,-1,0.090256,GO 8,254,383,387,-430
-1,-1,0.090314,GO 8,254,383,386,-429
-1,-1,0.0903372,GO 8,254,383,385,-428
-1,-1,0.0904011,GO 8,254,383,384,-427
-1,-1,0.0904127,GO 8,254,383,383,-426
-1,-1,0.0904591,GO 8,254,383,382,-425
-1,-1,0.0904882,GO 8,254,383,381,-424
-1,-1,0.090552,GO 8,254,383,380,-423
-1,-1,0.0905636,GO 8,254,383,379,-422
-1,-1,0.0905868,GO 8,254,383,378,-421
-1,-1,0.0906159,GO 8,254,383,377,-420
-1,-1,0.0906681,GO 8,254,383,376,-419
-1,-1,0.0906971,GO 8,254,383,375,-418
-1,-2,0.0911615,GO 8,254,383,374,-416
-1,1,0.0937134,GO 8,254,383,373,-417
-1,1,0.093768,GO 8,254,383,372,-418
-1,1,0.0938144,GO 8,254,383,371,-419
-1,1,0.094215,GO 8,254,383,370,-420
-1,1,0.0942788,GO 8,254,383,369,-421
-1,1,0.0943369,GO 8,254,383,368,-422
1,1,0.0943485,GO 8,254,383,369,-423
1,1,0.0943717,GO 8,254,383,370,-424
1,1,0.0944239,GO 8,254,383,371,-425
1,1,0.0944646,GO 8,254,383,372,-426
1,1,0.0944878,GO 8,254,383,373,-427
1,1,0.0945226,GO 8,254,383,374,-428
