deltaX,deltaY,WHEN,SYLLABLE,XofButton,YofButton,XofTrace,YofTrace
-1,1,0.0889905,Yield,0,0,-1,-1
-1,1,0.0890137,Yield,0,0,-2,-2
-1,1,0.0890485,Yield,0,0,-3,-3
-2,1,0.0890776,Yield,0,0,-5,-4
-2,2,0.0891124,Yield,0,0,-7,-6
-3,2,0.0891226,Yield,0,0,-10,-8
-3,2,0.089142,Yield,0,0,-13,-10
-2,2,0.0891762,Yield,0,0,-15,-12
-4,2,0.0891937,Yield,0,0,-19,-14
-4,2,0.0892053,Yield,0,0,-23,-16
-4,1,0.0892459,Yield,0,0,-27,-17
-3,1,0.0892517,Yield,0,0,-30,-18
-4,1,0.0892749,Yield,0,0,-34,-19
-4,2,0.0893504,Yield,0,0,-38,-21
-7,1,0.0893811,Yield,0,0,-45,-22
-4,1,0.0894142,Yield,0,0,-49,-23
-1,1,0.10352,FRAY 1,397,420,-50,-24
-1,1,0.103565,FRAY 1,397,420,-51,-25
-1,2,0.103619,FRAY 1,397,420,-52,-27
-1,2,0.103648,FRAY 1,397,420,-53,-29
1,4,0.103683,FRAY 1,397,420,-52,-33
1,1,0.103724,FRAY 1,397,420,-51,-34
1,2,0.103753,FRAY 1,397,420,-50,-36
1,2,0.103787,FRAY 1,397,420,-49,-38
1,2,0.103805,FRAY 1,397,420,-48,-40
2,3,0.103811,FRAY 1,397,420,-46,-43
2,3,0.103834,FRAY 1,397,420,-44,-46
2,3,0.103869,FRAY 1,397,420,-42,-49
2,2,0.103909,FRAY 1,397,420,-40,-51
2,3,0.103941,FRAY 1,397,420,-38,-54
2,6,0.103973,FRAY 1,397,420,-36,-60
3,3,0.103996,FRAY 1,397,420,-33,-63
2,2,0.10402,FRAY 1,397,420,-31,-65
2,3,0.104049,FRAY 1,397,420,-29,-68
2,3,0.104083,FRAY 1,397,420,-27,-71
2,3,0.104092,FRAY 1,397,420,-25,-74
3,3,0.104118,FRAY 1,397,420,-22,-77
2,2,0.104153,FRAY 1,397,420,-20,-79
3,3,0.104176,FRAY 1,397,420,-17,-82
3,3,0.104205,FRAY 1,397,420,-14,-85
3,3,0.104234,FRAY 1,397,420,-11,-88
3,3,0.104246,FRAY 1,397,420,-8,-91
2,3,0.104269,FRAY 1,397,420,-6,-94
3,2,0.104298,FRAY 1,397,420,-3,-96
3,3,0.104333,FRAY 1,397,420,0,-99
3,3,0.104339,FRAY 1,397,420,3,-102
3,3,0.104374,FRAY 1,397,420,6,-105
3,3,0.104403,FRAY 1,397,420,9,-108
2,2,0.10442,FRAY 1,397,420,11,-110
3,3,0.104449,FRAY 1,397,420,14,-113
3,3,0.104484,FRAY 1,397,420,17,-116
3,3,0.10449,FRAY 1,397,420,20,-119
3,3,0.104513,FRAY 1,397,420,23,-122
2,2,0.104548,FRAY 1,397,420,25,-124
3,3,0.104577,FRAY 1,397,420,28,-127
3,6,0.104623,FRAY 1,397,420,31,-133
6,3,0.104652,FRAY 1,397,420,37,-136
2,3,0.104669,FRAY 1,397,420,39,-139
3,2,0.104699,FRAY 1,397,420,42,-141
3,3,0.104734,FRAY 1,397,420,45,-144
3,3,0.104745,FRAY 1,397,420,48,-147
3,3,0.104774,FRAY 1,397,420,51,-150
2,3,0.104803,FRAY 1,397,420,53,-153
3,2,0.104835,FRAY 1,397,420,56,-155
3,3,0.104867,FRAY 1,397,420,59,-158
3,6,0.104902,FRAY 1,397,420,62,-164
6,3,0.104925,FRAY 1,397,420,68,-167
2,2,0.104954,FRAY 1,397,420,70,-169
3,3,0.104989,FRAY 1,397,420,73,-172
3,3,0.105001,FRAY 1,397,420,76,-175
3,3,0.105018,FRAY 1,397,420,79,-178
3,3,0.105053,FRAY 1,397,420,82,-181
2,3,0.105082,FRAY 1,397,420,84,-184
3,2,0.105117,FRAY 1,397,420,87,-186
3,3,0.105123,FRAY 1,397,420,90,-189
3,3,0.105157,FRAY 1,397,420,93,-192
3,3,0.105181,FRAY 1,397,420,96,-195
2,3,0.105204,FRAY 1,397,420,98,-198
3,2,0.105238,FRAY 1,397,420,101,-200
3,3,0.105262,FRAY 1,397,420,104,-203
3,3,0.105268,FRAY 1,397,420,107,-206
3,3,0.105294,FRAY 1,397,420,110,-209
3,3,0.105326,FRAY 1,397,420,113,-212
2,2,0.105361,FRAY 1,397,420,115,-214
3,3,0.105384,FRAY 1,397,420,118,-217
3,3,0.105395,FRAY 1,397,420,121,-220
3,3,0.105424,FRAY 1,397,420,124,-223
3,3,0.105448,FRAY 1,397,420,127,-226
2,3,0.105477,FRAY 1,397,420,129,-229
3,2,0.105511,FRAY 1,397,420,132,-231
3,3,0.10554,FRAY 1,397,420,135,-234
3,3,0.105558,FRAY 1,397,420,138,-237
3,3,0.105575,FRAY 1,397,420,141,-240
2,3,0.105599,FRAY 1,397,420,143,-243
3,2,0.105628,FRAY 1,397,420,146,-245
3,3,0.105662,FRAY 1,397,420,149,-248
3,3,0.105691,FRAY 1,397,420,152,-251
3,3,0.105703,FRAY 1,397,420,155,-254
3,3,0.105726,FRAY 1,397,420,158,-257
2,2,0.105755,FRAY 1,397,420,160,-259
3,6,0.105796,FRAY 1,397,420,163,-265
6,3,0.105831,FRAY 1,397,420,169,-268
3,3,0.105854,FRAY 1,397,420,172,-271
2,3,0.105877,FRAY 1,397,420,174,-274
3,2,0.105912,FRAY 1,397,420,177,-276
3,3,0.105941,FRAY 1,397,420,180,-279
3,3,0.105953,FRAY 1,397,420,183,-282
3,3,0.105976,FRAY 1,397,420,186,-285
2,3,0.106017,FRAY 1,397,420,188,-288
3,2,0.10604,FRAY 1,397,420,191,-290
3,3,0.106063,FRAY 1,397,420,194,-293
3,3,0.10608,FRAY 1,397,420,197,-296
3,3,0.106104,FRAY 1,397,420,200,-299
2,3,0.106127,FRAY 1,397,420,202,-302
3,2,0.106156,FRAY 1,397,420,205,-304
3,3,0.106196,FRAY 1,397,420,208,-307
3,6,0.106231,FRAY 1,397,420,211,-313
6,3,0.10626,FRAY 1,397,420,217,-316
2,3,0.106278,FRAY 1,397,420,219,-319
3,2,0.106313,FRAY 1,397,420,222,-321
3,3,0.106347,FRAY 1,397,420,225,-324
3,3,0.106376,FRAY 1,397,420,228,-327
3,3,0.106382,FRAY 1,397,420,231,-330
2,3,0.106405,FRAY 1,397,420,233,-333
3,2,0.106437,FRAY 1,397,420,236,-335
3,6,0.106481,FRAY 1,397,420,239,-341
6,3,0.10651,FRAY 1,397,420,245,-344
2,3,0.106533,FRAY 1,397,420,247,-347
3,2,0.106566,FRAY 1,397,420,250,-349
3,3,0.106597,FRAY 1,397,420,253,-352
3,3,0.106609,FRAY 1,397,420,256,-355
3,3,0.10662,FRAY 1,397,420,259,-358
3,3,0.106655,FRAY 1,397,420,262,-361
2,3,0.106684,FRAY 1,397,420,264,-364
3,2,0.106701,FRAY 1,397,420,267,-366
3,3,0.106736,FRAY 1,397,420,270,-369
3,3,0.106748,FRAY 1,397,420,273,-372
3,3,0.106765,FRAY 1,397,420,276,-375
2,3,0.1068,FRAY 1,397,420,278,-378
3,2,0.106829,FRAY 1,397,420,281,-380
3,3,0.106864,FRAY 1,397,420,284,-383
3,3,0.106881,FRAY 1,397,420,287,-386
3,3,0.106893,FRAY 1,397,420,290,-389
2,3,0.106922,FRAY 1,397,420,292,-392
3,2,0.106945,FRAY 1,397,420,295,-394
3,3,0.106974,FRAY 1,397,420,298,-397
3,3,0.107009,FRAY 1,397,420,301,-400
3,3,0.107021,FRAY 1,397,420,304,-403
2,3,0.10705,FRAY 1,397,420,306,-406
3,3,0.107073,FRAY 1,397,420,309,-409
3,2,0.107096,FRAY 1,397,420,312,-411
3,3,0.107127,FRAY 1,397,420,315,-414
3,3,0.10716,FRAY 1,397,420,318,-417
3,3,0.107195,FRAY 1,397,420,321,-420
2,3,0.107201,FRAY 1,397,420,323,-423
3,2,0.10723,FRAY 1,397,420,326,-425
3,3,0.107247,FRAY 1,397,420,329,-428
3,3,0.107282,FRAY 1,397,420,332,-431
3,3,0.107311,FRAY 1,397,420,335,-434
2,3,0.107346,FRAY 1,397,420,337,-437
3,2,0.107352,FRAY 1,397,420,340,-439
3,3,0.107375,FRAY 1,397,420,343,-442
3,3,0.107416,FRAY 1,397,420,346,-445
3,3,0.107433,FRAY 1,397,420,349,-448
2,3,0.107462,FRAY 1,397,420,351,-451
3,3,0.107479,FRAY 1,397,420,354,-454
3,2,0.107503,FRAY 1,397,420,357,-456
3,3,0.107526,FRAY 1,397,420,360,-459
3,3,0.107561,FRAY 1,397,420,363,-462
3,3,0.10759,FRAY 1,397,420,366,-465
2,3,0.107601,FRAY 1,397,420,368,-468
3,2,0.10763,FRAY 1,397,420,371,-470
3,3,0.107654,FRAY 1,397,420,374,-473
3,3,0.107677,FRAY 1,397,420,377,-476
3,3,0.107712,FRAY 1,397,420,380,-479
2,3,0.107729,FRAY 1,397,420,382,-482
3,2,0.107752,FRAY 1,397,420,385,-484
3,3,0.107793,FRAY 1,397,420,388,-487
3,3,0.10781,FRAY 1,397,420,391,-490
3,3,0.107833,FRAY 1,397,420,394,-493
2,3,0.107862,FRAY 1,397,420,396,-496
3,3,0.107897,FRAY 1,397,420,399,-499
3,2,0.107903,FRAY 1,397,420,402,-501
3,3,0.107926,FRAY 1,397,420,405,-504
3,3,0.107961,FRAY 1,397,420,408,-507
3,3,0.107984,FRAY 1,397,420,411,-510
2,3,0.108008,FRAY 1,397,420,413,-513
3,2,0.108048,FRAY 1,397,420,416,-515
3,3,0.108054,FRAY 1,397,420,419,-518
3,3,0.108077,FRAY 1,397,420,422,-521
3,3,0.108112,FRAY 1,397,420,425,-524
2,3,0.108135,FRAY 1,397,420,427,-527
3,2,0.108159,FRAY 1,397,420,430,-529
3,3,0.108195,FRAY 1,397,420,433,-532
3,3,0.108211,FRAY 1,397,420,436,-535
3,3,0.108234,FRAY 1,397,420,439,-538
2,3,0.108269,FRAY 1,397,420,441,-541
3,3,0.108292,FRAY 1,397,420,444,-544
3,2,0.108315,FRAY 1,397,420,447,-546
3,3,0.10835,FRAY 1,397,420,450,-549
3,3,0.108362,FRAY 1,397,420,453,-552
2,3,0.108385,FRAY 1,397,420,455,-555
3,3,0.10842,FRAY 1,397,420,458,-558
3,2,0.108443,FRAY 1,397,420,461,-560
3,3,0.108466,FRAY 1,397,420,464,-563
3,3,0.108489,FRAY 1,397,420,467,-566
3,3,0.108507,FRAY 1,397,420,470,-569
2,3,0.10853,FRAY 1,397,420,472,-572
3,2,0.108553,FRAY 1,397,420,475,-574
3,3,0.108588,FRAY 1,397,420,478,-577
3,3,0.108617,FRAY 1,397,420,481,-580
3,3,0.108646,FRAY 1,397,420,484,-583
2,3,0.108658,FRAY 1,397,420,486,-586
3,3,0.108681,FRAY 1,397,420,489,-589
3,2,0.10871,FRAY 1,397,420,492,-591
3,3,0.108739,FRAY 1,397,420,495,-594
3,3,0.108773,FRAY 1,397,420,498,-597
2,3,0.108797,FRAY 1,397,420,500,-600
3,3,0.108815,FRAY 1,397,420,503,-603
3,2,0.108838,FRAY 1,397,420,506,-605
3,3,0.108861,FRAY 1,397,420,509,-608
3,3,0.10889,FRAY 1,397,420,512,-611
3,3,0.108925,FRAY 1,397,420,515,-614
2,3,0.108942,FRAY 1,397,420,517,-617
3,2,0.108971,FRAY 1,397,420,520,-619
3,3,0.108989,FRAY 1,397,420,523,-622
3,3,0.109012,FRAY 1,397,420,526,-625
3,3,0.109035,FRAY 1,397,420,529,-628
2,3,0.109076,FRAY 1,397,420,531,-631
2,2,0.10911,FRAY 1,397,420,533,-633
1,1,0.109122,FRAY 1,397,420,534,-634
1,1,0.10914,FRAY 1,397,420,535,-635
1,1,0.109157,FRAY 1,397,420,536,-636
1,1,0.10918,FRAY 1,397,420,537,-637
-2,-1,0.119371,SAN- 2,5,267,535,-636
-3,-1,0.119397,SAN- 2,5,267,532,-635
-3,-1,0.119449,SAN- 2,5,267,529,-634
-2,-1,0.119472,SAN- 2,5,267,527,-633
-3,-1,0.119507,SAN- 2,5,267,524,-632
-3,-1,0.119536,SAN- 2,5,267,521,-631
-3,-1,0.119548,SAN- 2,5,267,518,-630
-3,-1,0.119577,SAN- 2,5,267,515,-629
-2,-1,0.119606,SAN- 2,5,267,513,-628
-3,-1,0.119629,SAN- 2,5,267,510,-627
-3,-1,0.119658,SAN- 2,5,267,507,-626
-3,-1,0.119676,SAN- 2,5,267,504,-625
-3,-1,0.119699,SAN- 2,5,267,501,-624
-3,-1,0.119722,SAN- 2,5,267,498,-623
-2,-1,0.119757,SAN- 2,5,267,496,-622
-3,-1,0.11978,SAN- 2,5,267,493,-621
-3,-1,0.119809,SAN- 2,5,267,490,-620
-3,-1,0.11985,SAN- 2,5,267,487,-619
-2,-1,0.119873,SAN- 2,5,267,485,-618
-3,-1,0.119908,SAN- 2,5,267,482,-617
-3,-1,0.119937,SAN- 2,5,267,479,-616
-3,-1,0.11996,SAN- 2,5,267,476,-615
-3,-1,0.119978,SAN- 2,5,267,473,-614
-2,-1,0.120001,SAN- 2,5,267,471,-613
-3,-1,0.120027,SAN- 2,5,267,468,-612
-3,-1,0.120059,SAN- 2,5,267,465,-611
-3,-1,0.120088,SAN- 2,5,267,462,-610
-3,-1,0.120123,SAN- 2,5,267,459,-609
-3,-1,0.120128,SAN- 2,5,267,456,-608
-2,-1,0.120152,SAN- 2,5,267,454,-607
-3,-1,0.120175,SAN- 2,5,267,451,-606
-3,-1,0.12021,SAN- 2,5,267,448,-605
-3,-1,0.12025,SAN- 2,5,267,445,-604
-2,-1,0.120279,SAN- 2,5,267,443,-603
-3,-1,0.120303,SAN- 2,5,267,440,-602
-3,-1,0.120332,SAN- 2,5,267,437,-601
-3,-1,0.120355,SAN- 2,5,267,434,-600
-3,-1,0.120384,SAN- 2,5,267,431,-599
-2,-1,0.120401,SAN- 2,5,267,429,-598
-3,-1,0.120436,SAN- 2,5,267,426,-597
-3,-1,0.120459,SAN- 2,5,267,423,-596
-3,-1,0.120483,SAN- 2,5,267,420,-595
-3,-1,0.120506,SAN- 2,5,267,417,-594
-3,-1,0.120541,SAN- 2,5,267,414,-593
-2,-1,0.120552,SAN- 2,5,267,412,-592
-3,-1,0.120575,SAN- 2,5,267,409,-591
-3,-1,0.12061,SAN- 2,5,267,406,-590
-3,-1,0.120657,SAN- 2,5,267,403,-589
-2,-1,0.12068,SAN- 2,5,267,401,-588
-3,-1,0.120703,SAN- 2,5,267,398,-587
-3,-1,0.120732,SAN- 2,5,267,395,-586
-3,-1,0.120761,SAN- 2,5,267,392,-585
-3,-1,0.120784,SAN- 2,5,267,389,-584
-2,-1,0.120808,SAN- 2,5,267,387,-583
-3,-1,0.120842,SAN- 2,5,267,384,-582
-3,-1,0.12086,SAN- 2,5,267,381,-581
-3,-1,0.120883,SAN- 2,5,267,378,-580
-3,-1,0.120912,SAN- 2,5,267,375,-579
-2,-1,0.120935,SAN- 2,5,267,373,-578
-3,-1,0.12097,SAN- 2,5,267,370,-577
-3,-1,0.120999,SAN- 2,5,267,367,-576
-3,-1,0.121011,SAN- 2,5,267,364,-575
-3,-1,0.121057,SAN- 2,5,267,361,-574
-2,-1,0.121086,SAN- 2,5,267,359,-573
-3,-1,0.121121,SAN- 2,5,267,356,-572
-3,-1,0.121156,SAN- 2,5,267,353,-571
-3,-1,0.121162,SAN- 2,5,267,350,-570
-3,-1,0.121185,SAN- 2,5,267,347,-569
-2,-1,0.121202,SAN- 2,5,267,345,-568
-3,-1,0.121237,SAN- 2,5,267,342,-567
-3,-1,0.121266,SAN- 2,5,267,339,-566
-3,-1,0.121301,SAN- 2,5,267,336,-565
-3,-1,0.121307,SAN- 2,5,267,333,-564
-2,-1,0.12133,SAN- 2,5,267,331,-563
-3,-1,0.121353,SAN- 2,5,267,328,-562
-3,-1,0.121388,SAN- 2,5,267,325,-561
-3,-1,0.121411,SAN- 2,5,267,322,-560
-3,-1,0.121458,SAN- 2,5,267,319,-559
-2,-1,0.121481,SAN- 2,5,267,317,-558
-3,-1,0.12151,SAN- 2,5,267,314,-557
-3,-1,0.121533,SAN- 2,5,267,311,-556
-3,-1,0.121562,SAN- 2,5,267,308,-555
-3,-1,0.121597,SAN- 2,5,267,305,-554
-2,-1,0.121609,SAN- 2,5,267,303,-553
-3,-1,0.121638,SAN- 2,5,267,300,-552
-3,-1,0.121667,SAN- 2,5,267,297,-551
-3,-1,0.121684,SAN- 2,5,267,294,-550
-3,-1,0.121713,SAN- 2,5,267,291,-549
-2,-2,0.121748,SAN- 2,5,267,289,-547
-3,-1,0.121765,SAN- 2,5,267,286,-546
-3,-1,0.121789,SAN- 2,5,267,283,-545
-3,-2,0.121812,SAN- 2,5,267,280,-543
-3,-2,0.121841,SAN- 2,5,267,277,-541
-3,-2,0.121858,SAN- 2,5,267,274,-539
-2,-2,0.121899,SAN- 2,5,267,272,-537
-3,-2,0.121916,SAN- 2,5,267,269,-535
-3,-2,0.12194,SAN- 2,5,267,266,-533
-3,-2,0.121963,SAN- 2,5,267,263,-531
-3,-1,0.121992,SAN- 2,5,267,260,-530
-2,-2,0.122009,SAN- 2,5,267,258,-528
-3,-2,0.122032,SAN- 2,5,267,255,-526
-3,-2,0.122067,SAN- 2,5,267,252,-524
-3,-2,0.122091,SAN- 2,5,267,249,-522
-3,-2,0.122114,SAN- 2,5,267,246,-520
-2,-2,0.122149,SAN- 2,5,267,244,-518
-3,-2,0.122178,SAN- 2,5,267,241,-516
-3,-1,0.122189,SAN- 2,5,267,238,-515
-3,-2,0.122218,SAN- 2,5,267,235,-513
-3,-2,0.122241,SAN- 2,5,267,232,-511
-2,-1,0.122265,SAN- 2,5,267,230,-510
-3,-1,0.1223,SAN- 2,5,267,227,-509
-4,-1,0.122317,SAN- 2,5,267,223,-508
-4,-1,0.12234,SAN- 2,5,267,219,-507
-4,-1,0.122369,SAN- 2,5,267,215,-506
-3,-1,0.122392,SAN- 2,5,267,212,-505
-4,-1,0.122421,SAN- 2,5,267,208,-504
-4,-1,0.122445,SAN- 2,5,267,204,-503
-4,-1,0.122468,SAN- 2,5,267,200,-502
-3,-1,0.122491,SAN- 2,5,267,197,-501
-4,-1,0.122514,SAN- 2,5,267,193,-500
-4,-1,0.122578,SAN- 2,5,267,189,-499
-3,-1,0.122596,SAN- 2,5,267,186,-498
-4,-1,0.122636,SAN- 2,5,267,182,-497
-4,-1,0.122642,SAN- 2,5,267,178,-496
-4,-1,0.122665,SAN- 2,5,267,174,-495
-3,-1,0.1227,SAN- 2,5,267,171,-494
-4,-1,0.122729,SAN- 2,5,267,167,-493
-4,-1,0.122758,SAN- 2,5,267,163,-492
-4,-1,0.12277,SAN- 2,5,267,159,-491
-3,-1,0.122793,SAN- 2,5,267,156,-490
-4,-1,0.122817,SAN- 2,5,267,152,-489
-4,-1,0.122851,SAN- 2,5,267,148,-488
-3,-1,0.122884,SAN- 2,5,267,145,-487
-4,-1,0.122897,SAN- 2,5,267,141,-486
-4,-1,0.122932,SAN- 2,5,267,137,-485
-3,-1,0.122973,SAN- 2,5,267,134,-484
-4,-1,0.122996,SAN- 2,5,267,130,-483
-4,-1,0.123037,SAN- 2,5,267,126,-482
-4,-1,0.123048,SAN- 2,5,267,122,-481
-3,-1,0.123077,SAN- 2,5,267,119,-480
-4,-1,0.123101,SAN- 2,5,267,115,-479
-4,-1,0.123124,SAN- 2,5,267,111,-478
-4,-1,0.123153,SAN- 2,5,267,107,-477
-3,-1,0.123179,SAN- 2,5,267,104,-476
-4,-1,0.123211,SAN- 2,5,267,100,-475
-4,-2,0.123252,SAN- 2,5,267,96,-473
-7,-1,0.123275,SAN- 2,5,267,89,-472
-4,-1,0.12331,SAN- 2,5,267,85,-471
-4,-1,0.123333,SAN- 2,5,267,81,-470
-3,-1,0.123373,SAN- 2,5,267,78,-469
-4,-1,0.123397,SAN- 2,5,267,74,-468
-4,-1,0.123431,SAN- 2,5,267,70,-467
-4,-1,0.123449,SAN- 2,5,267,66,-466
-3,-1,0.123478,SAN- 2,5,267,63,-465
-4,-1,0.12349,SAN- 2,5,267,59,-464
-4,-2,0.123542,SAN- 2,5,267,55,-462
-4,-2,0.123548,SAN- 2,5,267,51,-460
-3,-2,0.123571,SAN- 2,5,267,48,-458
-4,-2,0.123606,SAN- 2,5,267,44,-456
-4,-1,0.123629,SAN- 2,5,267,40,-455
-4,-2,0.123646,SAN- 2,5,267,36,-453
-3,-2,0.123693,SAN- 2,5,267,33,-451
-4,-2,0.123699,SAN- 2,5,267,29,-449
-4,-2,0.123722,SAN- 2,5,267,25,-447
-4,-2,0.123757,SAN- 2,5,267,21,-445
-3,-2,0.12378,SAN- 2,5,267,18,-443
-4,-2,0.123803,SAN- 2,5,267,14,-441
-4,-1,0.123844,SAN- 2,5,267,10,-440
-4,-2,0.123849,SAN- 2,5,267,6,-438
-3,-2,0.123873,SAN- 2,5,267,3,-436
-4,-2,0.123907,SAN- 2,5,267,-1,-434
-4,-2,0.123925,SAN- 2,5,267,-5,-432
-4,-2,0.123948,SAN- 2,5,267,-9,-430
-3,-2,0.123971,SAN- 2,5,267,-12,-428
-4,-2,0.124006,SAN- 2,5,267,-16,-426
-4,-1,0.124029,SAN- 2,5,267,-20,-425
-3,-1,0.124093,SAN- 2,5,267,-23,-424
-3,-1,0.124099,SAN- 2,5,267,-26,-423
-3,-1,0.124122,SAN- 2,5,267,-29,-422
-3,-1,0.124157,SAN- 2,5,267,-32,-421
-3,-1,0.12418,SAN- 2,5,267,-35,-420
-2,-1,0.124212,SAN- 2,5,267,-37,-419
-1,1,0.134322,-TIA- 3,274,371,-38,-420
1,1,0.134356,-TIA- 3,274,371,-37,-421
1,1,0.134374,-TIA- 3,274,371,-36,-422
1,1,0.134432,-TIA- 3,274,371,-35,-423
1,1,0.134461,-TIA- 3,274,371,-34,-424
2,1,0.134478,-TIA- 3,274,371,-32,-425
2,1,0.134507,-TIA- 3,274,371,-30,-426
2,1,0.134525,-TIA- 3,274,371,-28,-427
1,1,0.134554,-TIA- 3,274,371,-27,-428
2,1,0.134571,-TIA- 3,274,371,-25,-429
2,1,0.1346,-TIA- 3,274,371,-23,-430
2,1,0.134618,-TIA- 3,274,371,-21,-431
2,1,0.134647,-TIA- 3,274,371,-19,-432
2,1,0.134664,-TIA- 3,274,371,-17,-433
2,1,0.134711,-TIA- 3,274,371,-15,-434
1,1,0.134745,-TIA- 3,274,371,-14,-435
2,1,0.134769,-TIA- 3,274,371,-12,-436
2,1,0.134798,-TIA- 3,274,371,-10,-437
2,2,0.134815,-TIA- 3,274,371,-8,-439
3,2,0.134838,-TIA- 3,274,371,-5,-441
3,2,0.134861,-TIA- 3,274,371,-2,-443
2,2,0.134896,-TIA- 3,274,371,0,-445
3,2,0.134931,-TIA- 3,274,371,3,-447
3,1,0.13496,-TIA- 3,274,371,6,-448
3,2,0.134972,-TIA- 3,274,371,9,-450
3,2,0.134995,-TIA- 3,274,371,12,-452
3,2,0.135018,-TIA- 3,274,371,15,-454
2,2,0.135041,-TIA- 3,274,371,17,-456
3,2,0.135082,-TIA- 3,274,371,20,-458
3,2,0.135111,-TIA- 3,274,371,23,-460
3,2,0.135123,-TIA- 3,274,371,26,-462
3,1,0.135146,-TIA- 3,274,371,29,-463
2,2,0.135169,-TIA- 3,274,371,31,-465
3,2,0.135192,-TIA- 3,274,371,34,-467
3,2,0.135227,-TIA- 3,274,371,37,-469
3,2,0.135256,-TIA- 3,274,371,40,-471
3,2,0.135274,-TIA- 3,274,371,43,-473
2,2,0.135297,-TIA- 3,274,371,45,-475
3,2,0.13532,-TIA- 3,274,371,48,-477
3,1,0.135349,-TIA- 3,274,371,51,-478
3,2,0.135378,-TIA- 3,274,371,54,-480
3,2,0.135407,-TIA- 3,274,371,57,-482
3,2,0.135425,-TIA- 3,274,371,60,-484
2,2,0.135454,-TIA- 3,274,371,62,-486
3,2,0.135475,-TIA- 3,274,371,65,-488
3,2,0.1355,-TIA- 3,274,371,68,-490
3,2,0.135529,-TIA- 3,274,371,71,-492
3,1,0.135564,-TIA- 3,274,371,74,-493
2,2,0.135576,-TIA- 3,274,371,76,-495
3,2,0.135605,-TIA- 3,274,371,79,-497
3,2,0.135628,-TIA- 3,274,371,82,-499
3,2,0.135651,-TIA- 3,274,371,85,-501
3,2,0.13568,-TIA- 3,274,371,88,-503
2,2,0.135697,-TIA- 3,274,371,90,-505
3,2,0.135732,-TIA- 3,274,371,93,-507
3,1,0.135755,-TIA- 3,274,371,96,-508
3,2,0.135779,-TIA- 3,274,371,99,-510
3,2,0.135802,-TIA- 3,274,371,102,-512
2,2,0.135825,-TIA- 3,274,371,104,-514
3,2,0.135848,-TIA- 3,274,371,107,-516
3,2,0.135883,-TIA- 3,274,371,110,-518
3,2,0.135906,-TIA- 3,274,371,113,-520
3,2,0.13593,-TIA- 3,274,371,116,-522
3,1,0.135964,-TIA- 3,274,371,119,-523
2,2,0.135976,-TIA- 3,274,371,121,-525
3,2,0.136005,-TIA- 3,274,371,124,-527
3,2,0.136028,-TIA- 3,274,371,127,-529
3,2,0.136052,-TIA- 3,274,371,130,-531
3,2,0.136075,-TIA- 3,274,371,133,-533
2,2,0.136104,-TIA- 3,274,371,135,-535
3,2,0.136121,-TIA- 3,274,371,138,-537
3,1,0.136144,-TIA- 3,274,371,141,-538
3,2,0.136162,-TIA- 3,274,371,144,-540
3,2,0.136191,-TIA- 3,274,371,147,-542
2,2,0.136231,-TIA- 3,274,371,149,-544
3,2,0.136249,-TIA- 3,274,371,152,-546
3,2,0.136266,-TIA- 3,274,371,155,-548
3,2,0.136295,-TIA- 3,274,371,158,-550
3,2,0.136313,-TIA- 3,274,371,161,-552
3,1,0.13633,-TIA- 3,274,371,164,-553
2,2,0.136365,-TIA- 3,274,371,166,-555
3,2,0.136388,-TIA- 3,274,371,169,-557
3,2,0.136417,-TIA- 3,274,371,172,-559
3,2,0.136452,-TIA- 3,274,371,175,-561
3,2,0.136458,-TIA- 3,274,371,178,-563
2,2,0.136481,-TIA- 3,274,371,180,-565
3,2,0.136516,-TIA- 3,274,371,183,-567
3,1,0.136539,-TIA- 3,274,371,186,-568
3,2,0.136568,-TIA- 3,274,371,189,-570
3,2,0.136603,-TIA- 3,274,371,192,-572
2,2,0.136609,-TIA- 3,274,371,194,-574
3,2,0.136626,-TIA- 3,274,371,197,-576
3,1,0.136659,-TIA- 3,274,371,200,-577
3,1,0.136684,-TIA- 3,274,371,203,-578
3,1,0.136713,-TIA- 3,274,371,206,-579
3,1,0.136731,-TIA- 3,274,371,209,-580
2,1,0.136754,-TIA- 3,274,371,211,-581
3,1,0.136777,-TIA- 3,274,371,214,-582
3,1,0.1368,-TIA- 3,274,371,217,-583
3,1,0.136864,-TIA- 3,274,371,220,-584
2,1,0.136899,-TIA- 3,274,371,222,-585
3,1,0.136908,-TIA- 3,274,371,225,-586
3,1,0.136928,-TIA- 3,274,371,228,-587
3,1,0.136957,-TIA- 3,274,371,231,-588
3,1,0.136986,-TIA- 3,274,371,234,-589
2,1,0.137009,-TIA- 3,274,371,236,-590
3,1,0.13705,-TIA- 3,274,371,239,-591
3,1,0.137056,-TIA- 3,274,371,242,-592
3,1,0.137085,-TIA- 3,274,371,245,-593
3,1,0.137108,-TIA- 3,274,371,248,-594
2,1,0.137131,-TIA- 3,274,371,250,-595
3,1,0.13716,-TIA- 3,274,371,253,-596
3,1,0.137195,-TIA- 3,274,371,256,-597
3,1,0.137207,-TIA- 3,274,371,259,-598
3,1,0.137265,-TIA- 3,274,371,262,-599
2,1,0.137276,-TIA- 3,274,371,264,-600
3,1,0.137305,-TIA- 3,274,371,267,-601
3,1,0.13734,-TIA- 3,274,371,270,-602
3,1,0.137352,-TIA- 3,274,371,273,-603
3,1,0.137381,-TIA- 3,274,371,276,-604
2,1,0.13741,-TIA- 3,274,371,278,-605
3,1,0.137427,-TIA- 3,274,371,281,-606
3,1,0.137456,-TIA- 3,274,371,284,-607
3,1,0.137491,-TIA- 3,274,371,287,-608
3,1,0.137503,-TIA- 3,274,371,290,-609
2,1,0.137532,-TIA- 3,274,371,292,-610
3,1,0.137555,-TIA- 3,274,371,295,-611
3,1,0.137584,-TIA- 3,274,371,298,-612
3,1,0.137601,-TIA- 3,274,371,301,-613
3,1,0.13766,-TIA- 3,274,371,304,-614
2,1,0.137683,-TIA- 3,274,371,306,-615
3,1,0.1377,-TIA- 3,274,371,309,-616
3,1,0.137729,-TIA- 3,274,371,312,-617
3,1,0.137747,-TIA- 3,274,371,315,-618
3,1,0.13777,-TIA- 3,274,371,318,-619
2,1,0.137805,-TIA- 3,274,371,320,-620
3,1,0.137828,-TIA- 3,274,371,323,-621
3,1,0.137851,-TIA- 3,274,371,326,-622
3,1,0.13788,-TIA- 3,274,371,329,-623
3,1,0.137915,-TIA- 3,274,371,332,-624
2,1,0.137927,-TIA- 3,274,371,334,-625
3,1,0.137956,-TIA- 3,274,371,337,-626
3,1,0.137979,-TIA- 3,274,371,340,-627
3,1,0.138002,-TIA- 3,274,371,343,-628
2,1,0.138066,-TIA- 3,274,371,345,-629
3,1,0.138077,-TIA- 3,274,371,348,-630
3,1,0.138106,-TIA- 3,274,371,351,-631
3,1,0.13813,-TIA- 3,274,371,354,-632
3,1,0.138153,-TIA- 3,274,371,357,-633
3,1,0.138188,-TIA- 3,274,371,360,-634
2,1,0.138217,-TIA- 3,274,371,362,-635
3,1,0.138228,-TIA- 3,274,371,365,-636
3,1,0.138252,-TIA- 3,274,371,368,-637
3,1,0.138281,-TIA- 3,274,371,371,-638
3,1,0.138304,-TIA- 3,274,371,374,-639
2,1,0.138328,-TIA- 3,274,371,376,-640
3,1,0.138362,-TIA- 3,274,371,379,-641
3,1,0.138379,-TIA- 3,274,371,382,-642
3,1,0.138403,-TIA- 3,274,371,385,-643
2,1,0.138461,-TIA- 3,274,371,387,-644
2,1,0.138484,-TIA- 3,274,371,389,-645
1,-1,0.149037,GO 4,318,184,390,-644
1,-1,0.149055,GO 4,318,184,391,-643
1,-1,0.149119,GO 4,318,184,392,-642
1,-1,0.149136,GO 4,318,184,393,-641
1,-1,0.149159,GO 4,318,184,394,-640
1,-2,0.149182,GO 4,318,184,395,-638
1,-1,0.149211,GO 4,318,184,396,-637
1,-2,0.14924,GO 4,318,184,397,-635
1,-2,0.14924,GO 4,318,184,398,-633
1,-2,0.149275,GO 4,318,184,399,-631
1,-2,0.149299,GO 4,318,184,400,-629
1,-2,0.149322,GO 4,318,184,401,-627
1,-2,0.149357,GO 4,318,184,402,-625
1,-2,0.149368,GO 4,318,184,403,-623
1,-1,0.149397,GO 4,318,184,404,-622
1,-2,0.149426,GO 4,318,184,405,-620
1,-2,0.149449,GO 4,318,184,406,-618
1,-2,0.149473,GO 4,318,184,407,-616
1,-2,0.149507,GO 4,318,184,408,-614
1,-3,0.149525,GO 4,318,184,409,-611
1,-3,0.149548,GO 4,318,184,410,-608
1,-2,0.149571,GO 4,318,184,411,-606
1,-3,0.1496,GO 4,318,184,412,-603
1,-3,0.149624,GO 4,318,184,413,-600
1,-3,0.149658,GO 4,318,184,414,-597
1,-3,0.149682,GO 4,318,184,415,-594
1,-2,0.149699,GO 4,318,184,416,-592
1,-3,0.149722,GO 4,318,184,417,-589
1,-3,0.149751,GO 4,318,184,418,-586
1,-3,0.149778,GO 4,318,184,419,-583
1,-3,0.149809,GO 4,318,184,420,-580
1,-2,0.149827,GO 4,318,184,421,-578
1,-3,0.14985,GO 4,318,184,422,-575
1,-3,0.149873,GO 4,318,184,423,-572
1,-3,0.149908,GO 4,318,184,424,-569
1,-3,0.149937,GO 4,318,184,425,-566
1,-3,0.149954,GO 4,318,184,426,-563
1,-2,0.149978,GO 4,318,184,427,-561
1,-3,0.150002,GO 4,318,184,428,-558
1,-3,0.150024,GO 4,318,184,429,-555
1,-3,0.150047,GO 4,318,184,430,-552
1,-3,0.150071,GO 4,318,184,431,-549
1,-2,0.150094,GO 4,318,184,432,-547
1,-3,0.150117,GO 4,318,184,433,-544
1,-3,0.150134,GO 4,318,184,434,-541
1,-3,0.150158,GO 4,318,184,435,-538
1,-3,0.150192,GO 4,318,184,436,-535
1,-2,0.150216,GO 4,318,184,437,-533
1,-3,0.150245,GO 4,318,184,438,-530
1,-3,0.150262,GO 4,318,184,439,-527
1,-3,0.15028,GO 4,318,184,440,-524
1,-3,0.150303,GO 4,318,184,441,-521
1,-3,0.150326,GO 4,318,184,442,-518
1,-2,0.150361,GO 4,318,184,443,-516
1,-3,0.15039,GO 4,318,184,444,-513
1,-3,0.150407,GO 4,318,184,445,-510
1,-3,0.15043,GO 4,318,184,446,-507
1,-3,0.150454,GO 4,318,184,447,-504
1,-2,0.150477,GO 4,318,184,448,-502
1,-3,0.150512,GO 4,318,184,449,-499
1,-3,0.150541,GO 4,318,184,450,-496
1,-3,0.150558,GO 4,318,184,451,-493
1,-3,0.150581,GO 4,318,184,452,-490
1,-2,0.150605,GO 4,318,184,453,-488
1,-3,0.150632,GO 4,318,184,454,-485
1,-3,0.150663,GO 4,318,184,455,-482
1,-3,0.15068,GO 4,318,184,456,-479
1,-3,0.150709,GO 4,318,184,457,-476
1,-3,0.150732,GO 4,318,184,458,-473
1,-2,0.150761,GO 4,318,184,459,-471
1,-3,0.150785,GO 4,318,184,460,-468
1,-3,0.150814,GO 4,318,184,461,-465
1,-3,0.150831,GO 4,318,184,462,-462
1,-3,0.15086,GO 4,318,184,463,-459
1,-2,0.150889,GO 4,318,184,464,-457
1,-3,0.150912,GO 4,318,184,465,-454
1,-3,0.150936,GO 4,318,184,466,-451
1,-3,0.150959,GO 4,318,184,467,-448
1,-3,0.150982,GO 4,318,184,468,-445
1,-2,0.151005,GO 4,318,184,469,-443
1,-3,0.15104,GO 4,318,184,470,-440
1,-3,0.151063,GO 4,318,184,471,-437
1,-3,0.151092,GO 4,318,184,472,-434
1,-3,0.151121,GO 4,318,184,473,-431
1,-3,0.151133,GO 4,318,184,474,-428
1,-2,0.151162,GO 4,318,184,475,-426
1,-3,0.151191,GO 4,318,184,476,-423
1,-3,0.151214,GO 4,318,184,477,-420
1,-3,0.151249,GO 4,318,184,478,-417
1,-3,0.151261,GO 4,318,184,479,-414
1,-2,0.15129,GO 4,318,184,480,-412
1,-3,0.151313,GO 4,318,184,481,-409
1,-3,0.151342,GO 4,318,184,482,-406
1,-3,0.151365,GO 4,318,184,483,-403
1,-3,0.1514,GO 4,318,184,484,-400
1,-2,0.151429,GO 4,318,184,485,-398
1,-3,0.151441,GO 4,318,184,486,-395
1,-3,0.151464,GO 4,318,184,487,-392
1,-3,0.151487,GO 4,318,184,488,-389
1,-3,0.151522,GO 4,318,184,489,-386
1,-3,0.151545,GO 4,318,184,490,-383
1,-2,0.151574,GO 4,318,184,491,-381
1,-3,0.151609,GO 4,318,184,492,-378
1,-3,0.151615,GO 4,318,184,493,-375
1,-3,0.151638,GO 4,318,184,494,-372
1,-3,0.151673,GO 4,318,184,495,-369
1,-2,0.151696,GO 4,318,184,496,-367
1,-3,0.151725,GO 4,318,184,497,-364
1,-3,0.151754,GO 4,318,184,498,-361
1,-3,0.151766,GO 4,318,184,499,-358
1,-3,0.151789,GO 4,318,184,500,-355
1,-2,0.151818,GO 4,318,184,501,-353
1,-3,0.151847,GO 4,318,184,502,-350
1,-3,0.151882,GO 4,318,184,503,-347
1,-3,0.151911,GO 4,318,184,504,-344
1,-3,0.151922,GO 4,318,184,505,-341
1,-3,0.151946,GO 4,318,184,506,-338
1,-2,0.151969,GO 4,318,184,507,-336
1,-3,0.151998,GO 4,318,184,508,-333
1,-3,0.152033,GO 4,318,184,509,-330
1,-3,0.152062,GO 4,318,184,510,-327
1,-3,0.152073,GO 4,318,184,511,-324
1,-2,0.152097,GO 4,318,184,512,-322
1,-3,0.15212,GO 4,318,184,513,-319
1,-3,0.152143,GO 4,318,184,514,-316
1,-3,0.152184,GO 4,318,184,515,-313
1,-3,0.152201,GO 4,318,184,516,-310
1,-2,0.15223,GO 4,318,184,517,-308
1,-3,0.152247,GO 4,318,184,518,-305
1,-3,0.152276,GO 4,318,184,519,-302
1,-3,0.152305,GO 4,318,184,520,-299
1,-3,0.152329,GO 4,318,184,521,-296
1,-3,0.152352,GO 4,318,184,522,-293
1,-1,0.152381,GO 4,318,184,523,-292
1,-2,0.152398,GO 4,318,184,524,-290
1,-1,0.152433,GO 4,318,184,525,-289
1,-1,0.152445,GO 4,318,184,526,-288
-2,-1,0.164182,FRAY 5,74,137,524,-287
-2,-1,0.164188,FRAY 5,74,137,522,-286
-2,-1,0.164212,FRAY 5,74,137,520,-285
-2,-1,0.164258,FRAY 5,74,137,518,-284
-2,-1,0.164304,FRAY 5,74,137,516,-283
-2,-1,0.164333,FRAY 5,74,137,514,-282
-2,-1,0.164345,FRAY 5,74,137,512,-281
-3,-1,0.164368,FRAY 5,74,137,509,-280
-3,-1,0.164397,FRAY 5,74,137,506,-279
-3,-1,0.16442,FRAY 5,74,137,503,-278
-2,-1,0.164455,FRAY 5,74,137,501,-277
-3,-1,0.16449,FRAY 5,74,137,498,-276
-3,-1,0.164496,FRAY 5,74,137,495,-275
-3,-1,0.164519,FRAY 5,74,137,492,-274
-3,-1,0.16455,FRAY 5,74,137,489,-273
-2,-1,0.164574,FRAY 5,74,137,487,-272
-3,-1,0.164606,FRAY 5,74,137,484,-271
-3,-1,0.164641,FRAY 5,74,137,481,-270
-3,-1,0.164647,FRAY 5,74,137,478,-269
-2,-1,0.164705,FRAY 5,74,137,476,-268
-3,-1,0.164728,FRAY 5,74,137,473,-267
-3,-1,0.164751,FRAY 5,74,137,470,-266
-3,-1,0.164786,FRAY 5,74,137,467,-265
-3,-1,0.164792,FRAY 5,74,137,464,-264
-3,-1,0.164812,FRAY 5,74,137,461,-263
-2,-1,0.164844,FRAY 5,74,137,459,-262
-3,-1,0.164867,FRAY 5,74,137,456,-261
-3,-1,0.164891,FRAY 5,74,137,453,-260
-3,-1,0.164926,FRAY 5,74,137,450,-259
-3,-1,0.164955,FRAY 5,74,137,447,-258
-2,-1,0.164966,FRAY 5,74,137,445,-257
-3,-1,0.164995,FRAY 5,74,137,442,-256
-3,-1,0.16503,FRAY 5,74,137,439,-255
-3,-1,0.165053,FRAY 5,74,137,436,-254
-2,-1,0.1651,FRAY 5,74,137,434,-253
-3,-1,0.165117,FRAY 5,74,137,431,-252
-3,-1,0.16514,FRAY 5,74,137,428,-251
-3,-1,0.165175,FRAY 5,74,137,425,-250
-3,-1,0.165215,FRAY 5,74,137,422,-249
-2,-1,0.165227,FRAY 5,74,137,420,-248
-3,-1,0.165245,FRAY 5,74,137,417,-247
-3,-1,0.165274,FRAY 5,74,137,414,-246
-3,-1,0.165291,FRAY 5,74,137,411,-245
-3,-1,0.165326,FRAY 5,74,137,408,-244
-3,-1,0.165355,FRAY 5,74,137,405,-243
-2,-1,0.165373,FRAY 5,74,137,403,-242
-3,-1,0.165396,FRAY 5,74,137,400,-241
-3,-1,0.165431,FRAY 5,74,137,397,-240
-3,-1,0.165442,FRAY 5,74,137,394,-239
-2,-1,0.165509,FRAY 5,74,137,392,-238
-3,-1,0.165541,FRAY 5,74,137,389,-237
-3,-1,0.165547,FRAY 5,74,137,386,-236
-3,-1,0.16557,FRAY 5,74,137,383,-235
-3,-1,0.165593,FRAY 5,74,137,380,-234
-2,-1,0.165616,FRAY 5,74,137,378,-233
-3,-1,0.165651,FRAY 5,74,137,375,-232
-3,-1,0.165657,FRAY 5,74,137,372,-231
-3,-1,0.165692,FRAY 5,74,137,369,-230
-3,-1,0.165721,FRAY 5,74,137,366,-229
-3,-1,0.165738,FRAY 5,74,137,363,-228
-2,-1,0.165767,FRAY 5,74,137,361,-227
-3,-1,0.165802,FRAY 5,74,137,358,-226
-3,-1,0.165808,FRAY 5,74,137,355,-225
-3,-1,0.165849,FRAY 5,74,137,352,-224
-2,-1,0.165901,FRAY 5,74,137,350,-223
-3,-1,0.165924,FRAY 5,74,137,347,-222
-3,-1,0.165953,FRAY 5,74,137,344,-221
-3,-1,0.165959,FRAY 5,74,137,341,-220
-3,-1,0.165988,FRAY 5,74,137,338,-219
-2,-1,0.166017,FRAY 5,74,137,336,-218
-3,-1,0.166052,FRAY 5,74,137,333,-217
-3,-1,0.166063,FRAY 5,74,137,330,-216
-3,-1,0.166104,FRAY 5,74,137,327,-215
-3,-1,0.166116,FRAY 5,74,137,324,-214
-2,-1,0.166139,FRAY 5,74,137,322,-213
-3,-1,0.166168,FRAY 5,74,137,319,-212
-3,-1,0.166191,FRAY 5,74,137,316,-211
-3,-1,0.166232,FRAY 5,74,137,313,-210
-3,-1,0.166255,FRAY 5,74,137,310,-209
-2,-1,0.166301,FRAY 5,74,137,308,-208
-3,-1,0.166313,FRAY 5,74,137,305,-207
-3,-1,0.166348,FRAY 5,74,137,302,-206
-3,-1,0.166386,FRAY 5,74,137,299,-205
-3,-1,0.166412,FRAY 5,74,137,296,-204
-2,-1,0.166417,FRAY 5,74,137,294,-203
-3,-1,0.166458,FRAY 5,74,137,291,-202
-3,-1,0.166464,FRAY 5,74,137,288,-201
-4,-1,0.166499,FRAY 5,74,137,284,-200
-4,-1,0.166528,FRAY 5,74,137,280,-199
-3,-1,0.166563,FRAY 5,74,137,277,-198
-4,-1,0.166568,FRAY 5,74,137,273,-197
-4,-1,0.166592,FRAY 5,74,137,269,-196
-4,-1,0.166626,FRAY 5,74,137,265,-195
-3,-1,0.16665,FRAY 5,74,137,262,-194
-4,-1,0.166713,FRAY 5,74,137,258,-193
-4,-1,0.166725,FRAY 5,74,137,254,-192
-3,-1,0.166748,FRAY 5,74,137,251,-191
-4,-1,0.166777,FRAY 5,74,137,247,-190
-4,-1,0.166801,FRAY 5,74,137,243,-189
-4,-1,0.166835,FRAY 5,74,137,239,-188
-3,-1,0.166864,FRAY 5,74,137,236,-187
-4,-1,0.166882,FRAY 5,74,137,232,-186
-4,-1,0.166899,FRAY 5,74,137,228,-185
-4,-1,0.166928,FRAY 5,74,137,224,-184
-3,-1,0.166951,FRAY 5,74,137,221,-183
-4,-1,0.166986,FRAY 5,74,137,217,-182
-4,-1,0.167015,FRAY 5,74,137,213,-181
-4,-1,0.167033,FRAY 5,74,137,209,-180
-3,-1,0.16705,FRAY 5,74,137,206,-179
-4,-1,0.167114,FRAY 5,74,137,202,-178
-3,-1,0.167137,FRAY 5,74,137,199,-177
-4,-1,0.16716,FRAY 5,74,137,195,-176
-4,-1,0.167184,FRAY 5,74,137,191,-175
-4,-1,0.167201,FRAY 5,74,137,187,-174
-3,-1,0.167236,FRAY 5,74,137,184,-173
-4,-1,0.167265,FRAY 5,74,137,180,-172
-4,-1,0.167288,FRAY 5,74,137,176,-171
-4,-1,0.167323,FRAY 5,74,137,172,-170
-3,-1,0.167329,FRAY 5,74,137,169,-169
-4,-1,0.167352,FRAY 5,74,137,165,-168
-4,-1,0.167387,FRAY 5,74,137,161,-167
-4,-1,0.167421,FRAY 5,74,137,157,-166
-1,1,0.178974,SAN- 6,109,274,156,-167
-1,1,0.17902,SAN- 6,109,274,155,-168
-1,1,0.179043,SAN- 6,109,274,154,-169
-1,2,0.179107,SAN- 6,109,274,153,-171
-1,2,0.179125,SAN- 6,109,274,152,-173
-1,2,0.179159,SAN- 6,109,274,151,-175
-1,3,0.179194,SAN- 6,109,274,150,-178
-1,2,0.179229,SAN- 6,109,274,149,-180
-1,2,0.179246,SAN- 6,109,274,148,-182
-1,2,0.17927,SAN- 6,109,274,147,-184
-1,2,0.17931,SAN- 6,109,274,146,-186
-1,2,0.179316,SAN- 6,109,274,145,-188
-1,2,0.179339,SAN- 6,109,274,144,-190
1,1,0.179363,SAN- 6,109,274,145,-191
1,2,0.179403,SAN- 6,109,274,146,-193
1,2,0.179438,SAN- 6,109,274,147,-195
1,2,0.17945,SAN- 6,109,274,148,-197
1,2,0.179484,SAN- 6,109,274,149,-199
1,2,0.17949,SAN- 6,109,274,150,-201
1,2,0.179513,SAN- 6,109,274,151,-203
1,2,0.179548,SAN- 6,109,274,152,-205
1,1,0.179577,SAN- 6,109,274,153,-206
1,2,0.179595,SAN- 6,109,274,154,-208
1,2,0.179635,SAN- 6,109,274,155,-210
1,2,0.179644,SAN- 6,109,274,156,-212
1,2,0.179667,SAN- 6,109,274,157,-214
1,2,0.179699,SAN- 6,109,274,158,-216
1,2,0.179734,SAN- 6,109,274,159,-218
1,2,0.179757,SAN- 6,109,274,160,-220
1,3,0.179786,SAN- 6,109,274,161,-223
1,3,0.179798,SAN- 6,109,274,162,-226
1,3,0.179821,SAN- 6,109,274,163,-229
1,3,0.17985,SAN- 6,109,274,164,-232
1,3,0.179885,SAN- 6,109,274,165,-235
1,2,0.179914,SAN- 6,109,274,166,-237
1,6,0.179955,SAN- 6,109,274,167,-243
2,3,0.179989,SAN- 6,109,274,169,-246
1,3,0.180019,SAN- 6,109,274,170,-249
1,2,0.180029,SAN- 6,109,274,171,-251
1,3,0.180065,SAN- 6,109,274,172,-254
1,3,0.180077,SAN- 6,109,274,173,-257
1,3,0.1801,SAN- 6,109,274,174,-260
1,3,0.180123,SAN- 6,109,274,175,-263
1,2,0.180158,SAN- 6,109,274,176,-265
1,3,0.180187,SAN- 6,109,274,177,-268
1,3,0.180222,SAN- 6,109,274,178,-271
1,3,0.180239,SAN- 6,109,274,179,-274
1,3,0.180251,SAN- 6,109,274,180,-277
1,3,0.180286,SAN- 6,109,274,181,-280
1,2,0.180309,SAN- 6,109,274,182,-282
1,3,0.180338,SAN- 6,109,274,183,-285
1,3,0.180349,SAN- 6,109,274,184,-288
2,3,0.180384,SAN- 6,109,274,186,-291
2,3,0.180402,SAN- 6,109,274,188,-294
1,2,0.180431,SAN- 6,109,274,189,-296
2,3,0.18046,SAN- 6,109,274,191,-299
2,6,0.1805,SAN- 6,109,274,193,-305
4,3,0.180535,SAN- 6,109,274,197,-308
2,2,0.180558,SAN- 6,109,274,199,-310
2,3,0.180582,SAN- 6,109,274,201,-313
2,3,0.180611,SAN- 6,109,274,203,-316
1,3,0.180628,SAN- 6,109,274,204,-319
2,3,0.180651,SAN- 6,109,274,206,-322
2,3,0.18068,SAN- 6,109,274,208,-325
2,2,0.180709,SAN- 6,109,274,210,-327
2,3,0.180733,SAN- 6,109,274,212,-330
2,3,0.180762,SAN- 6,109,274,214,-333
2,3,0.180779,SAN- 6,109,274,216,-336
2,3,0.180802,SAN- 6,109,274,218,-339
1,2,0.180825,SAN- 6,109,274,219,-341
2,3,0.180866,SAN- 6,109,274,221,-344
2,3,0.180883,SAN- 6,109,274,223,-347
2,3,0.180918,SAN- 6,109,274,225,-350
2,3,0.18093,SAN- 6,109,274,227,-353
2,2,0.180959,SAN- 6,109,274,229,-355
2,3,0.180982,SAN- 6,109,274,231,-358
2,3,0.181011,SAN- 6,109,274,233,-361
1,3,0.181034,SAN- 6,109,274,234,-364
2,3,0.181069,SAN- 6,109,274,236,-367
2,3,0.181081,SAN- 6,109,274,238,-370
2,2,0.18111,SAN- 6,109,274,240,-372
1,3,0.181133,SAN- 6,109,274,241,-375
1,3,0.181162,SAN- 6,109,274,242,-378
1,3,0.181185,SAN- 6,109,274,243,-381
1,3,0.18122,SAN- 6,109,274,244,-384
1,2,0.181238,SAN- 6,109,274,245,-386
1,3,0.181261,SAN- 6,109,274,246,-389
1,3,0.181284,SAN- 6,109,274,247,-392
1,3,0.181313,SAN- 6,109,274,248,-395
1,2,0.181348,SAN- 6,109,274,249,-397
1,2,0.181383,SAN- 6,109,274,250,-399
1,1,0.181406,SAN- 6,109,274,251,-400
1,1,0.181418,SAN- 6,109,274,252,-401
1,1,0.181435,SAN- 6,109,274,253,-402
1,1,0.18147,SAN- 6,109,274,254,-403
1,1,0.194148,-TIA- 7,282,426,255,-404
1,1,0.194206,-TIA- 7,282,426,256,-405
1,1,0.194223,-TIA- 7,282,426,257,-406
1,1,0.194247,-TIA- 7,282,426,258,-407
1,1,0.194301,-TIA- 7,282,426,259,-408
1,1,0.194334,-TIA- 7,282,426,260,-409
2,2,0.194357,-TIA- 7,282,426,262,-411
2,2,0.19438,-TIA- 7,282,426,264,-413
2,2,0.194397,-TIA- 7,282,426,266,-415
2,2,0.194421,-TIA- 7,282,426,268,-417
2,1,0.194456,-TIA- 7,282,426,270,-418
2,2,0.194479,-TIA- 7,282,426,272,-420
1,2,0.194502,-TIA- 7,282,426,273,-422
2,2,0.194537,-TIA- 7,282,426,275,-424
2,2,0.194548,-TIA- 7,282,426,277,-426
2,2,0.194572,-TIA- 7,282,426,279,-428
2,2,0.194601,-TIA- 7,282,426,281,-430
2,2,0.19463,-TIA- 7,282,426,283,-432
2,1,0.194653,-TIA- 7,282,426,285,-433
2,2,0.194688,-TIA- 7,282,426,287,-435
1,2,0.194699,-TIA- 7,282,426,288,-437
2,2,0.194728,-TIA- 7,282,426,290,-439
2,2,0.194752,-TIA- 7,282,426,292,-441
2,2,0.194781,-TIA- 7,282,426,294,-443
2,2,0.194815,-TIA- 7,282,426,296,-445
2,2,0.194839,-TIA- 7,282,426,298,-447
2,1,0.194856,-TIA- 7,282,426,300,-448
2,2,0.194879,-TIA- 7,282,426,302,-450
1,2,0.194902,-TIA- 7,282,426,303,-452
2,2,0.194932,-TIA- 7,282,426,305,-454
3,2,0.194966,-TIA- 7,282,426,308,-456
3,2,0.194995,-TIA- 7,282,426,311,-458
3,2,0.195007,-TIA- 7,282,426,314,-460
3,2,0.19503,-TIA- 7,282,426,317,-462
2,4,0.195077,-TIA- 7,282,426,319,-466
6,3,0.195111,-TIA- 7,282,426,325,-469
3,3,0.19514,-TIA- 7,282,426,328,-472
3,3,0.195158,-TIA- 7,282,426,331,-475
2,3,0.195181,-TIA- 7,282,426,333,-478
3,2,0.195204,-TIA- 7,282,426,336,-480
3,3,0.195228,-TIA- 7,282,426,339,-483
3,3,0.195268,-TIA- 7,282,426,342,-486
3,3,0.195291,-TIA- 7,282,426,345,-489
3,3,0.195309,-TIA- 7,282,426,348,-492
2,2,0.195332,-TIA- 7,282,426,350,-494
3,3,0.195349,-TIA- 7,282,426,353,-497
3,3,0.195373,-TIA- 7,282,426,356,-500
3,3,0.195408,-TIA- 7,282,426,359,-503
3,3,0.195437,-TIA- 7,282,426,362,-506
2,2,0.195454,-TIA- 7,282,426,364,-508
3,3,0.195477,-TIA- 7,282,426,367,-511
3,3,0.195512,-TIA- 7,282,426,370,-514
3,3,0.195529,-TIA- 7,282,426,373,-517
3,3,0.195558,-TIA- 7,282,426,376,-520
2,3,0.195593,-TIA- 7,282,426,378,-523
3,2,0.195605,-TIA- 7,282,426,381,-525
3,3,0.195628,-TIA- 7,282,426,384,-528
3,3,0.195663,-TIA- 7,282,426,387,-531
3,3,0.195698,-TIA- 7,282,426,390,-534
2,3,0.195709,-TIA- 7,282,426,392,-537
3,2,0.195727,-TIA- 7,282,426,395,-539
3,3,0.195761,-TIA- 7,282,426,398,-542
3,3,0.195785,-TIA- 7,282,426,401,-545
3,3,0.195808,-TIA- 7,282,426,404,-548
3,3,0.195837,-TIA- 7,282,426,407,-551
2,2,0.195864,-TIA- 7,282,426,409,-553
3,3,0.195884,-TIA- 7,282,426,412,-556
3,3,0.195929,-TIA- 7,282,426,415,-559
3,3,0.195936,-TIA- 7,282,426,418,-562
3,3,0.195959,-TIA- 7,282,426,421,-565
2,3,0.195988,-TIA- 7,282,426,423,-568
3,2,0.196017,-TIA- 7,282,426,426,-570
3,3,0.196029,-TIA- 7,282,426,429,-573
3,3,0.196052,-TIA- 7,282,426,432,-576
3,3,0.196087,-TIA- 7,282,426,435,-579
2,3,0.19611,-TIA- 7,282,426,437,-582
3,2,0.196145,-TIA- 7,282,426,440,-584
3,3,0.196168,-TIA- 7,282,426,443,-587
3,3,0.196191,-TIA- 7,282,426,446,-590
3,3,0.196203,-TIA- 7,282,426,449,-593
3,3,0.196232,-TIA- 7,282,426,452,-596
2,2,0.196255,-TIA- 7,282,426,454,-598
3,3,0.196278,-TIA- 7,282,426,457,-601
3,3,0.196319,-TIA- 7,282,426,460,-604
3,3,0.196331,-TIA- 7,282,426,463,-607
3,3,0.196354,-TIA- 7,282,426,466,-610
2,3,0.196383,-TIA- 7,282,426,468,-613
3,2,0.196406,-TIA- 7,282,426,471,-615
3,3,0.196429,-TIA- 7,282,426,474,-618
3,3,0.19647,-TIA- 7,282,426,477,-621
3,3,0.196481,-TIA- 7,282,426,480,-624
2,3,0.196505,-TIA- 7,282,426,482,-627
3,2,0.196528,-TIA- 7,282,426,485,-629
3,3,0.196551,-TIA- 7,282,426,488,-632
3,3,0.196574,-TIA- 7,282,426,491,-635
3,3,0.196609,-TIA- 7,282,426,494,-638
3,3,0.196624,-TIA- 7,282,426,497,-641
2,2,0.19665,-TIA- 7,282,426,499,-643
3,3,0.196673,-TIA- 7,282,426,502,-646
3,3,0.196702,-TIA- 7,282,426,505,-649
2,3,0.196725,-TIA- 7,282,426,507,-652
2,3,0.19676,-TIA- 7,282,426,509,-655
2,3,0.196778,-TIA- 7,282,426,511,-658
1,2,0.196801,-TIA- 7,282,426,512,-660
2,3,0.196824,-TIA- 7,282,426,514,-663
2,2,0.196841,-TIA- 7,282,426,516,-665
2,2,0.196882,-TIA- 7,282,426,518,-667
2,2,0.196911,-TIA- 7,282,426,520,-669
1,1,0.196946,-TIA- 7,282,426,521,-670
1,1,0.196975,-TIA- 7,282,426,522,-671
1,1,0.196998,-TIA- 7,282,426,523,-672
1,-1,0.208997,GO 8,372,216,524,-671
1,-1,0.209048,GO 8,372,216,525,-670
1,-1,0.209078,GO 8,372,216,526,-669
1,-1,0.209142,GO 8,372,216,527,-668
1,-1,0.20916,GO 8,372,216,528,-667
1,-1,0.209177,GO 8,372,216,529,-666
1,-1,0.2092,GO 8,372,216,530,-665
1,-1,0.209264,GO 8,372,216,531,-664
1,-1,0.209293,GO 8,372,216,532,-663
1,-1,0.209305,GO 8,372,216,533,-662
1,-1,0.209334,GO 8,372,216,534,-661
1,-1,0.209374,GO 8,372,216,535,-660
1,-1,0.209403,GO 8,372,216,536,-659
1,-1,0.20945,GO 8,372,216,537,-658
1,-1,0.209456,GO 8,372,216,538,-657
1,-1,0.209479,GO 8,372,216,539,-656
1,-1,0.209537,GO 8,372,216,540,-655
1,-1,0.20956,GO 8,372,216,541,-654
1,-1,0.209589,GO 8,372,216,542,-653
1,-1,0.209607,GO 8,372,216,543,-652
1,-1,0.209653,GO 8,372,216,544,-651
1,-1,0.209688,GO 8,372,216,545,-650
1,-1,0.209717,GO 8,372,216,546,-649
1,-1,0.209752,GO 8,372,216,547,-648
1,-1,0.209781,GO 8,372,216,548,-647
1,-1,0.20981,GO 8,372,216,549,-646
1,-1,0.209839,GO 8,372,216,550,-645
1,-1,0.209856,GO 8,372,216,551,-644
1,-1,0.209912,GO 8,372,216,552,-643
1,-1,0.209937,GO 8,372,216,553,-642
1,-2,0.209961,GO 8,372,216,554,-640
1,-2,0.20999,GO 8,372,216,555,-638
1,-2,0.210036,GO 8,372,216,556,-636
1,-2,0.210054,GO 8,372,216,557,-634
1,-1,0.210065,GO 8,372,216,558,-633
1,-2,0.210088,GO 8,372,216,559,-631
1,-2,0.210112,GO 8,372,216,560,-629
1,-2,0.210141,GO 8,372,216,561,-627
1,-2,0.210175,GO 8,372,216,562,-625
1,-2,0.210181,GO 8,372,216,563,-623
1,-2,0.210216,GO 8,372,216,564,-621
1,-2,0.210239,GO 8,372,216,565,-619
1,-1,0.210262,GO 8,372,216,566,-618
1,-2,0.210297,GO 8,372,216,567,-616
1,-2,0.210326,GO 8,372,216,568,-614
1,-2,0.210338,GO 8,372,216,569,-612
1,-2,0.210367,GO 8,372,216,570,-610
1,-2,0.21039,GO 8,372,216,571,-608
1,-2,0.210413,GO 8,372,216,572,-606
1,-2,0.210448,GO 8,372,216,573,-604
1,-1,0.210471,GO 8,372,216,574,-603
1,-2,0.210495,GO 8,372,216,575,-601
1,-2,0.210512,GO 8,372,216,576,-599
1,-2,0.210541,GO 8,372,216,577,-597
1,-2,0.21057,GO 8,372,216,578,-595
1,-2,0.210599,GO 8,372,216,579,-593
1,-3,0.210622,GO 8,372,216,580,-590
1,-2,0.21064,GO 8,372,216,581,-588
1,-3,0.210663,GO 8,372,216,582,-585
1,-3,0.210698,GO 8,372,216,583,-582
1,-3,0.210727,GO 8,372,216,584,-579
1,-3,0.210744,GO 8,372,216,585,-576
1,-3,0.210779,GO 8,372,216,586,-573
1,-2,0.210797,GO 8,372,216,587,-571
1,-3,0.210814,GO 8,372,216,588,-568
1,-3,0.210837,GO 8,372,216,589,-565
1,-3,0.210872,GO 8,372,216,590,-562
1,-3,0.210907,GO 8,372,216,591,-559
1,-2,0.21093,GO 8,372,216,592,-557
1,-3,0.210942,GO 8,372,216,593,-554
1,-3,0.210971,GO 8,372,216,594,-551
1,-3,0.210994,GO 8,372,216,595,-548
1,-3,0.211023,GO 8,372,216,596,-545
1,-2,0.211046,GO 8,372,216,597,-543
1,-3,0.211081,GO 8,372,216,598,-540
1,-3,0.211098,GO 8,372,216,599,-537
1,-3,0.211122,GO 8,372,216,600,-534
1,-3,0.211145,GO 8,372,216,601,-531
1,-3,0.211174,GO 8,372,216,602,-528
1,-2,0.211209,GO 8,372,216,603,-526
1,-3,0.211232,GO 8,372,216,604,-523
1,-3,0.211249,GO 8,372,216,605,-520
1,-3,0.211273,GO 8,372,216,606,-517
1,-3,0.211296,GO 8,372,216,607,-514
1,-2,0.211331,GO 8,372,216,608,-512
1,-3,0.21136,GO 8,372,216,609,-509
1,-3,0.211371,GO 8,372,216,610,-506
1,-3,0.211389,GO 8,372,216,611,-503
1,-3,0.211412,GO 8,372,216,612,-500
1,-2,0.211435,GO 8,372,216,613,-498
1,-3,0.21147,GO 8,372,216,614,-495
1,-3,0.211499,GO 8,372,216,615,-492
1,-3,0.211534,GO 8,372,216,616,-489
1,-3,0.211545,GO 8,372,216,617,-486
1,-3,0.211563,GO 8,372,216,618,-483
1,-2,0.211592,GO 8,372,216,619,-481
1,-3,0.211615,GO 8,372,216,620,-478
1,-3,0.211644,GO 8,372,216,621,-475
1,-3,0.211679,GO 8,372,216,622,-472
1,-3,0.211691,GO 8,372,216,623,-469
1,-2,0.211718,GO 8,372,216,624,-467
1,-3,0.211743,GO 8,372,216,625,-464
1,-3,0.211766,GO 8,372,216,626,-461
1,-3,0.211795,GO 8,372,216,627,-458
1,-3,0.21183,GO 8,372,216,628,-455
1,-2,0.211847,GO 8,372,216,629,-453
1,-3,0.21187,GO 8,372,216,630,-450
1,-3,0.211905,GO 8,372,216,631,-447
1,-3,0.211911,GO 8,372,216,632,-444
1,-3,0.21194,GO 8,372,216,633,-441
1,-3,0.211958,GO 8,372,216,634,-438
1,-2,0.211992,GO 8,372,216,635,-436
1,-3,0.212016,GO 8,372,216,636,-433
1,-3,0.212039,GO 8,372,216,637,-430
1,-3,0.212068,GO 8,372,216,638,-427
1,-3,0.212093,GO 8,372,216,639,-424
1,-2,0.212108,GO 8,372,216,640,-422
1,-3,0.212143,GO 8,372,216,641,-419
1,-3,0.212167,GO 8,372,216,642,-416
1,-3,0.21219,GO 8,372,216,643,-413
1,-3,0.212222,GO 8,372,216,644,-410
1,-2,0.212248,GO 8,372,216,645,-408
1,-3,0.212259,GO 8,372,216,646,-405
1,-3,0.212288,GO 8,372,216,647,-402
1,-3,0.212317,GO 8,372,216,648,-399
1,-3,0.212341,GO 8,372,216,649,-396
1,-3,0.212376,GO 8,372,216,650,-393
1,-2,0.212405,GO 8,372,216,651,-391
1,-3,0.212416,GO 8,372,216,652,-388
1,-3,0.212439,GO 8,372,216,653,-385
1,-3,0.212468,GO 8,372,216,654,-382
1,-3,0.212492,GO 8,372,216,655,-379
1,-2,0.212526,GO 8,372,216,656,-377
1,-3,0.212544,GO 8,372,216,657,-374
1,-3,0.212567,GO 8,372,216,658,-371
1,-3,0.21259,GO 8,372,216,659,-368
1,-3,0.212614,GO 8,372,216,660,-365
1,-2,0.212648,GO 8,372,216,661,-363
1,-3,0.212677,GO 8,372,216,662,-360
1,-3,0.212701,GO 8,372,216,663,-357
1,-3,0.212718,GO 8,372,216,664,-354
1,-3,0.212741,GO 8,372,216,665,-351
1,-3,0.212764,GO 8,372,216,666,-348
1,-2,0.212799,GO 8,372,216,667,-346
1,-3,0.212822,GO 8,372,216,668,-343
1,-3,0.212857,GO 8,372,216,669,-340
1,-3,0.212869,GO 8,372,216,670,-337
1,-3,0.212892,GO 8,372,216,671,-334
1,-2,0.212921,GO 8,372,216,672,-332
1,-3,0.21295,GO 8,372,216,673,-329
1,-3,0.212973,GO 8,372,216,674,-326
1,-3,0.213008,GO 8,372,216,675,-323
1,-3,0.213023,GO 8,372,216,676,-320
1,-2,0.213049,GO 8,372,216,677,-318
1,-3,0.213072,GO 8,372,216,678,-315
1,-3,0.213113,GO 8,372,216,679,-312
1,-3,0.213124,GO 8,372,216,680,-309
1,-3,0.213159,GO 8,372,216,681,-306
1,-3,0.213177,GO 8,372,216,682,-303
1,-1,0.2132,GO 8,372,216,683,-302
1,-2,0.213223,GO 8,372,216,684,-300
1,-2,0.213252,GO 8,372,216,685,-298
1,-2,0.213275,GO 8,372,216,686,-296
1,-1,0.21331,GO 8,372,216,687,-295
1,-1,0.213328,GO 8,372,216,688,-294
