deltaX,deltaY,WHEN,SYLLABLE,XofButton,YofButton,XofTrace,YofTrace
-2,-1,0.0248047,Yield,0,0,-2,1
-2,-1,0.0248337,Yield,0,0,-4,2
-1,1,0.0250427,Yield,0,0,-5,1
-2,1,0.0250821,Yield,0,0,-7,0
-1,1,0.0251124,Yield,0,0,-8,-1
-1,1,0.0251414,Yield,0,0,-9,-2
-2,1,0.0251762,Yield,0,0,-11,-3
-2,1,0.0258032,Yield,0,0,-13,-4
-1,1,0.0258264,Yield,0,0,-14,-5
-2,1,0.0258554,Yield,0,0,-16,-6
-2,-1,0.0262618,Yield,0,0,-18,-5
-2,-1,0.0262966,Yield,0,0,-20,-4
-2,-1,0.0263024,Yield,0,0,-22,-3
-3,-1,0.0263314,Yield,0,0,-25,-2
-3,-1,0.0263605,Yield,0,0,-28,-1
-2,-1,0.0263895,Yield,0,0,-30,0
-3,-1,0.0264475,Yield,0,0,-33,1
-3,-1,0.0264533,Yield,0,0,-36,2
-3,-1,0.0264824,Yield,0,0,-39,3
-2,-1,0.0265114,Yield,0,0,-41,4
-3,-1,0.0265462,Yield,0,0,-44,5
-3,-1,0.0265694,Yield,0,0,-47,6
-3,-1,0.0265927,Yield,0,0,-50,7
-3,-1,0.0266101,Yield,0,0,-53,8
-2,-1,0.0266333,Yield,0,0,-55,9
-3,-1,0.0266623,Yield,0,0,-58,10
-3,-1,0.0266855,Yield,0,0,-61,11
-3,-1,0.026732,Yield,0,0,-64,12
-2,-1,0.026999,Yield,0,0,-66,13
-2,-1,0.0270106,Yield,0,0,-68,14
-1,-1,0.0270454,Yield,0,0,-69,15
-1,-1,0.0270687,Yield,0,0,-70,16
-1,-1,0.0271151,Yield,0,0,-71,17
-1,-2,0.0271441,Yield,0,0,-72,19
-4,-1,0.0271673,Yield,0,0,-76,20
-1,-1,0.0272248,Yield,0,0,-77,21
-2,-1,0.027266,Yield,0,0,-79,22
-2,-1,0.0272893,Yield,0,0,-81,23
-2,-1,0.0272951,Yield,0,0,-83,24
-2,-1,0.0273183,Yield,0,0,-85,25
-1,-1,0.0329317,Yield,0,0,-86,26
-1,-1,0.0329549,Yield,0,0,-87,27
-1,-1,0.0329956,Yield,0,0,-88,28
-1,-4,0.0330594,Yield,0,0,-89,32
-2,-1,0.0330826,Yield,0,0,-91,33
-1,-1,0.0331117,Yield,0,0,-92,34
-1,-1,0.0331349,Yield,0,0,-93,35
-1,1,0.0343771,Yield,0,0,-94,34
-1,1,0.0344294,Yield,0,0,-95,33
-1,1,0.0344584,Yield,0,0,-96,32
-1,2,0.0344932,Yield,0,0,-97,30
1,2,0.0345049,Yield,0,0,-96,28
1,2,0.0345339,Yield,0,0,-95,26
1,2,0.0345629,Yield,0,0,-94,24
1,2,0.0345861,Yield,0,0,-93,22
1,2,0.0346151,Yield,0,0,-92,20
1,2,0.03465,Yield,0,0,-91,18
1,1,0.0346558,Yield,0,0,-90,17
1,2,0.034679,Yield,0,0,-89,15
-1,2,0.0347138,Yield,0,0,-90,13
-1,1,0.0347371,Yield,0,0,-91,12
-1,1,0.0347661,Yield,0,0,-92,11
-1,1,0.0347893,Yield,0,0,-93,10
-1,1,0.0348299,Yield,0,0,-94,9
-1,1,0.0348532,Yield,0,0,-95,8
-1,1,0.0348938,Yield,0,0,-96,7
-1,1,0.0349197,Yield,0,0,-97,6
-1,1,0.0378137,FRAY 1,123,443,-98,5
-1,1,0.0378427,FRAY 1,123,443,-99,4
-1,2,0.037895,FRAY 1,123,443,-100,2
-1,2,0.0379124,FRAY 1,123,443,-101,0
-1,4,0.0379704,FRAY 1,123,443,-102,-4
-1,3,0.0379995,FRAY 1,123,443,-103,-7
-1,3,0.0380343,FRAY 1,123,443,-104,-10
-1,8,0.0380633,FRAY 1,123,443,-105,-18
-1,3,0.0380981,FRAY 1,123,443,-106,-21
-1,4,0.0381272,FRAY 1,123,443,-107,-25
-1,4,0.038162,FRAY 1,123,443,-108,-29
-1,7,0.0382026,FRAY 1,123,443,-109,-36
-1,4,0.03822,FRAY 1,123,443,-110,-40
-1,4,0.0382375,FRAY 1,123,443,-111,-44
-1,4,0.0382607,FRAY 1,123,443,-112,-48
-1,3,0.0382839,FRAY 1,123,443,-113,-51
-1,4,0.0383187,FRAY 1,123,443,-114,-55
-1,4,0.0383478,FRAY 1,123,443,-115,-59
-1,4,0.0383652,FRAY 1,123,443,-116,-63
-1,3,0.0383826,FRAY 1,123,443,-117,-66
-1,4,0.0384116,FRAY 1,123,443,-118,-70
-2,4,0.0384406,FRAY 1,123,443,-120,-74
-2,4,0.0384697,FRAY 1,123,443,-122,-78
-2,3,0.0385045,FRAY 1,123,443,-124,-81
-2,4,0.0385103,FRAY 1,123,443,-126,-85
-2,4,0.0385335,FRAY 1,123,443,-128,-89
-2,4,0.0385683,FRAY 1,123,443,-130,-93
-2,3,0.0386032,FRAY 1,123,443,-132,-96
-1,4,0.0386206,FRAY 1,123,443,-133,-100
-2,4,0.038638,FRAY 1,123,443,-135,-104
-2,4,0.0386612,FRAY 1,123,443,-137,-108
-2,3,0.0386844,FRAY 1,123,443,-139,-111
-2,4,0.0387193,FRAY 1,123,443,-141,-115
-2,4,0.0387483,FRAY 1,123,443,-143,-119
-1,4,0.0387831,FRAY 1,123,443,-144,-123
-1,3,0.0387947,FRAY 1,123,443,-145,-126
-1,4,0.0388122,FRAY 1,123,443,-146,-130
-1,4,0.0388354,FRAY 1,123,443,-147,-134
-1,4,0.0388702,FRAY 1,123,443,-148,-138
-1,3,0.0388876,FRAY 1,123,443,-149,-141
-1,4,0.0389341,FRAY 1,123,443,-150,-145
-1,4,0.0389457,FRAY 1,123,443,-151,-149
-1,4,0.0389631,FRAY 1,123,443,-152,-153
-1,3,0.0389921,FRAY 1,123,443,-153,-156
-1,4,0.0390211,FRAY 1,123,443,-154,-160
-1,4,0.0390385,FRAY 1,123,443,-155,-164
-1,4,0.039085,FRAY 1,123,443,-156,-168
-1,3,0.0390908,FRAY 1,123,443,-157,-171
-1,4,0.0391198,FRAY 1,123,443,-158,-175
-1,4,0.0391488,FRAY 1,123,443,-159,-179
-1,4,0.0391837,FRAY 1,123,443,-160,-183
-1,3,0.0391895,FRAY 1,123,443,-161,-186
-1,4,0.0392185,FRAY 1,123,443,-162,-190
-1,4,0.0392475,FRAY 1,123,443,-163,-194
-1,4,0.0392707,FRAY 1,123,443,-164,-198
-1,3,0.0392998,FRAY 1,123,443,-165,-201
-1,4,0.0393346,FRAY 1,123,443,-166,-205
-1,4,0.0393404,FRAY 1,123,443,-167,-209
-1,4,0.0393694,FRAY 1,123,443,-168,-213
-1,3,0.0393985,FRAY 1,123,443,-169,-216
-1,4,0.0394217,FRAY 1,123,443,-170,-220
-1,4,0.0394449,FRAY 1,123,443,-171,-224
-1,4,0.0394855,FRAY 1,123,443,-172,-228
-1,3,0.0394971,FRAY 1,123,443,-173,-231
-1,4,0.0395204,FRAY 1,123,443,-174,-235
-1,4,0.0395494,FRAY 1,123,443,-175,-239
-1,4,0.0395726,FRAY 1,123,443,-176,-243
-1,3,0.0396074,FRAY 1,123,443,-177,-246
-1,4,0.0396307,FRAY 1,123,443,-178,-250
-1,4,0.0396477,FRAY 1,123,443,-179,-254
-1,4,0.0396713,FRAY 1,123,443,-180,-258
-1,3,0.0397003,FRAY 1,123,443,-181,-261
-1,4,0.0397235,FRAY 1,123,443,-182,-265
1,4,0.0397584,FRAY 1,123,443,-181,-269
1,4,0.0397816,FRAY 1,123,443,-180,-273
1,3,0.039799,FRAY 1,123,443,-179,-276
1,4,0.0398222,FRAY 1,123,443,-178,-280
1,4,0.0398454,FRAY 1,123,443,-177,-284
2,4,0.0398687,FRAY 1,123,443,-175,-288
2,3,0.0399011,FRAY 1,123,443,-173,-291
2,4,0.0399325,FRAY 1,123,443,-171,-295
2,4,0.0399499,FRAY 1,123,443,-169,-299
2,4,0.0399732,FRAY 1,123,443,-167,-303
2,3,0.0399964,FRAY 1,123,443,-165,-306
2,4,0.0400312,FRAY 1,123,443,-163,-310
1,4,0.0400602,FRAY 1,123,443,-162,-314
2,4,0.0400834,FRAY 1,123,443,-160,-318
2,3,0.0401009,FRAY 1,123,443,-158,-321
2,4,0.0401241,FRAY 1,123,443,-156,-325
2,4,0.0401473,FRAY 1,123,443,-154,-329
2,4,0.0401821,FRAY 1,123,443,-152,-333
2,3,0.0402228,FRAY 1,123,443,-150,-336
1,4,0.0402344,FRAY 1,123,443,-149,-340
1,4,0.0402576,FRAY 1,123,443,-148,-344
1,4,0.040275,FRAY 1,123,443,-147,-348
1,3,0.0402982,FRAY 1,123,443,-146,-351
1,4,0.0403331,FRAY 1,123,443,-145,-355
1,4,0.0403672,FRAY 1,123,443,-144,-359
1,4,0.0403969,FRAY 1,123,443,-143,-363
1,3,0.0404041,FRAY 1,123,443,-142,-366
2,4,0.0404317,FRAY 1,123,443,-140,-370
2,4,0.0404434,FRAY 1,123,443,-138,-374
2,4,0.0404724,FRAY 1,123,443,-136,-378
2,3,0.0405014,FRAY 1,123,443,-134,-381
2,4,0.0405304,FRAY 1,123,443,-132,-385
1,4,0.040542,FRAY 1,123,443,-131,-389
2,4,0.0405653,FRAY 1,123,443,-129,-393
2,3,0.0405885,FRAY 1,123,443,-127,-396
2,4,0.0406117,FRAY 1,123,443,-125,-400
2,4,0.0406523,FRAY 1,123,443,-123,-404
2,4,0.0406631,FRAY 1,123,443,-121,-408
3,3,0.040693,FRAY 1,123,443,-118,-411
2,4,0.0407104,FRAY 1,123,443,-116,-415
3,4,0.0407336,FRAY 1,123,443,-113,-419
3,4,0.0407568,FRAY 1,123,443,-110,-423
3,3,0.0407859,FRAY 1,123,443,-107,-426
3,4,0.0408033,FRAY 1,123,443,-104,-430
2,4,0.0408381,FRAY 1,123,443,-102,-434
1,4,0.0408613,FRAY 1,123,443,-101,-438
2,3,0.0408845,FRAY 1,123,443,-99,-441
2,4,0.0409078,FRAY 1,123,443,-97,-445
2,4,0.040931,FRAY 1,123,443,-95,-449
2,4,0.0409484,FRAY 1,123,443,-93,-453
1,3,0.0409716,FRAY 1,123,443,-92,-456
1,4,0.0410064,FRAY 1,123,443,-91,-460
1,4,0.0410355,FRAY 1,123,443,-90,-464
1,4,0.0410536,FRAY 1,123,443,-89,-468
1,3,0.0410869,FRAY 1,123,443,-88,-471
1,4,0.0410993,FRAY 1,123,443,-87,-475
1,4,0.0411283,FRAY 1,123,443,-86,-479
1,4,0.0411574,FRAY 1,123,443,-85,-483
1,3,0.0411806,FRAY 1,123,443,-84,-486
1,4,0.0412038,FRAY 1,123,443,-83,-490
1,4,0.0412386,FRAY 1,123,443,-82,-494
1,4,0.0412561,FRAY 1,123,443,-81,-498
2,3,0.0412793,FRAY 1,123,443,-79,-501
2,4,0.0413025,FRAY 1,123,443,-77,-505
2,4,0.0413315,FRAY 1,123,443,-75,-509
2,4,0.0413663,FRAY 1,123,443,-73,-513
1,3,0.0414012,FRAY 1,123,443,-72,-516
2,4,0.041407,FRAY 1,123,443,-70,-520
2,4,0.0414302,FRAY 1,123,443,-68,-524
2,4,0.0414534,FRAY 1,123,443,-66,-528
2,3,0.0414883,FRAY 1,123,443,-64,-531
2,4,0.0415173,FRAY 1,123,443,-62,-535
2,4,0.0415347,FRAY 1,123,443,-60,-539
2,4,0.0415579,FRAY 1,123,443,-58,-543
1,3,0.0415811,FRAY 1,123,443,-57,-546
1,4,0.0416044,FRAY 1,123,443,-56,-550
1,4,0.0416392,FRAY 1,123,443,-55,-554
1,4,0.041674,FRAY 1,123,443,-54,-558
1,3,0.041703,FRAY 1,123,443,-53,-561
1,4,0.0417146,FRAY 1,123,443,-52,-565
1,4,0.0417334,FRAY 1,123,443,-51,-569
1,4,0.0417669,FRAY 1,123,443,-50,-573
1,3,0.0418006,FRAY 1,123,443,-49,-576
1,4,0.0418133,FRAY 1,123,443,-48,-580
1,4,0.041854,FRAY 1,123,443,-47,-584
1,4,0.0418598,FRAY 1,123,443,-46,-588
1,3,0.0418862,FRAY 1,123,443,-45,-591
1,4,0.0419178,FRAY 1,123,443,-44,-595
1,4,0.0419527,FRAY 1,123,443,-43,-599
1,4,0.0419585,FRAY 1,123,443,-42,-603
1,5,0.0420165,FRAY 1,123,443,-41,-608
2,4,0.0420397,FRAY 1,123,443,-39,-612
1,3,0.0420688,FRAY 1,123,443,-38,-615
1,4,0.0421036,FRAY 1,123,443,-37,-619
1,4,0.0421268,FRAY 1,123,443,-36,-623
1,4,0.0421603,FRAY 1,123,443,-35,-627
1,3,0.0421674,FRAY 1,123,443,-34,-630
1,4,0.0421907,FRAY 1,123,443,-33,-634
1,4,0.0422197,FRAY 1,123,443,-32,-638
1,4,0.0422545,FRAY 1,123,443,-31,-642
1,2,0.0422719,FRAY 1,123,443,-30,-644
1,3,0.0422893,FRAY 1,123,443,-29,-647
1,3,0.0423184,FRAY 1,123,443,-28,-650
1,3,0.0423416,FRAY 1,123,443,-27,-653
1,3,0.0423648,FRAY 1,123,443,-26,-656
1,2,0.0424054,FRAY 1,123,443,-25,-658
1,6,0.0424287,FRAY 1,123,443,-24,-664
2,2,0.0424635,FRAY 1,123,443,-22,-666
1,2,0.0424867,FRAY 1,123,443,-21,-668
1,2,0.0425099,FRAY 1,123,443,-20,-670
1,2,0.0425448,FRAY 1,123,443,-19,-672
1,1,0.0425796,FRAY 1,123,443,-18,-673
2,1,0.0426144,FRAY 1,123,443,-16,-674
2,1,0.0426493,FRAY 1,123,443,-14,-675
1,-1,0.0445301,FRAY 1,123,443,-13,-674
2,-1,0.0445707,FRAY 1,123,443,-11,-673
1,-1,0.0445765,FRAY 1,123,443,-10,-672
2,-1,0.0445997,FRAY 1,123,443,-8,-671
2,-1,0.0446346,FRAY 1,123,443,-6,-670
2,-1,0.0446578,FRAY 1,123,443,-4,-669
2,-1,0.044681,FRAY 1,123,443,-2,-668
2,-1,0.04471,FRAY 1,123,443,0,-667
2,-1,0.0447507,FRAY 1,123,443,2,-666
1,-1,0.0447739,FRAY 1,123,443,3,-665
2,-1,0.044816,FRAY 1,123,443,5,-664
2,-1,0.0448493,FRAY 1,123,443,7,-663
2,-2,0.0448784,FRAY 1,123,443,9,-661
4,-1,0.0449016,FRAY 1,123,443,13,-660
2,-1,0.0449306,FRAY 1,123,443,15,-659
2,-1,0.0449596,FRAY 1,123,443,17,-658
1,-1,0.0449829,FRAY 1,123,443,18,-657
1,-1,0.0450177,FRAY 1,123,443,19,-656
1,-1,0.0450467,FRAY 1,123,443,20,-655
1,-1,0.0450699,FRAY 1,123,443,21,-654
1,-1,0.0451048,FRAY 1,123,443,22,-653
1,-1,0.0560404,SAN- 2,185,275,23,-652
1,-1,0.0560936,SAN- 2,185,275,24,-651
1,-1,0.0561168,SAN- 2,185,275,25,-650
1,-1,0.0561749,SAN- 2,185,275,26,-649
1,-1,0.0562155,SAN- 2,185,275,27,-648
1,-1,0.0562387,SAN- 2,185,275,28,-647
1,-1,0.0562678,SAN- 2,185,275,29,-646
1,-1,0.0564767,SAN- 2,185,275,30,-645
1,-1,0.0565174,SAN- 2,185,275,31,-644
1,-1,0.0565406,SAN- 2,185,275,32,-643
1,-1,0.0565638,SAN- 2,185,275,33,-642
1,-1,0.0565986,SAN- 2,185,275,34,-641
1,-1,0.0566625,SAN- 2,185,275,35,-640
1,-1,0.0566683,SAN- 2,185,275,36,-639
1,-1,0.0566915,SAN- 2,185,275,37,-638
1,-1,0.0567205,SAN- 2,185,275,38,-637
1,-1,0.0567728,SAN- 2,185,275,39,-636
1,-1,0.0568134,SAN- 2,185,275,40,-635
1,-1,0.0568192,SAN- 2,185,275,41,-634
1,-1,0.0568466,SAN- 2,185,275,42,-633
1,-1,0.0568947,SAN- 2,185,275,43,-632
1,-1,0.0569237,SAN- 2,185,275,44,-631
1,-1,0.0569751,SAN- 2,185,275,45,-630
1,-2,0.0569992,SAN- 2,185,275,46,-628
1,-1,0.0570282,SAN- 2,185,275,47,-627
1,-2,0.0570456,SAN- 2,185,275,48,-625
1,-2,0.0570805,SAN- 2,185,275,49,-623
1,-2,0.0571095,SAN- 2,185,275,50,-621
1,-1,0.0571443,SAN- 2,185,275,51,-620
1,-1,0.0571501,SAN- 2,185,275,52,-619
1,-1,0.0571849,SAN- 2,185,275,53,-618
1,-1,0.0572314,SAN- 2,185,275,54,-617
1,-1,0.0572604,SAN- 2,185,275,55,-616
1,-1,0.0572778,SAN- 2,185,275,56,-615
1,-1,0.0572894,SAN- 2,185,275,57,-614
1,-1,0.0573127,SAN- 2,185,275,58,-613
1,-1,0.0573707,SAN- 2,185,275,59,-612
1,-1,0.0573997,SAN- 2,185,275,60,-611
1,-1,0.0574171,SAN- 2,185,275,61,-610
1,-1,0.0574404,SAN- 2,185,275,62,-609
1,-1,0.0574984,SAN- 2,185,275,63,-608
1,-1,0.057539,SAN- 2,185,275,64,-607
1,-1,0.0575449,SAN- 2,185,275,65,-606
1,-1,0.0575681,SAN- 2,185,275,66,-605
1,-1,0.0575913,SAN- 2,185,275,67,-604
1,-2,0.0576145,SAN- 2,185,275,68,-602
1,-2,0.0576435,SAN- 2,185,275,69,-600
1,-2,0.0576784,SAN- 2,185,275,70,-598
1,-2,0.05769,SAN- 2,185,275,71,-596
1,-2,0.057719,SAN- 2,185,275,72,-594
1,-2,0.0577422,SAN- 2,185,275,73,-592
1,-2,0.0577654,SAN- 2,185,275,74,-590
1,-1,0.0578003,SAN- 2,185,275,75,-589
1,-2,0.0578293,SAN- 2,185,275,76,-587
1,-2,0.0578409,SAN- 2,185,275,77,-585
1,-2,0.0578641,SAN- 2,185,275,78,-583
1,-2,0.0578932,SAN- 2,185,275,79,-581
1,-2,0.0579164,SAN- 2,185,275,80,-579
1,-2,0.0579512,SAN- 2,185,275,81,-577
1,-2,0.0579744,SAN- 2,185,275,82,-575
1,-1,0.0579918,SAN- 2,185,275,83,-574
1,-2,0.0580151,SAN- 2,185,275,84,-572
1,-2,0.0580499,SAN- 2,185,275,85,-570
1,-2,0.0580789,SAN- 2,185,275,86,-568
1,-2,0.0581021,SAN- 2,185,275,87,-566
1,-2,0.0581254,SAN- 2,185,275,88,-564
1,-2,0.0581428,SAN- 2,185,275,89,-562
1,-2,0.058166,SAN- 2,185,275,90,-560
1,-1,0.0581892,SAN- 2,185,275,91,-559
1,-2,0.0582298,SAN- 2,185,275,92,-557
1,-1,0.0582473,SAN- 2,185,275,93,-556
1,-1,0.0582705,SAN- 2,185,275,94,-555
1,-1,0.0582937,SAN- 2,185,275,95,-554
1,-1,0.0583169,SAN- 2,185,275,96,-553
1,-2,0.0583401,SAN- 2,185,275,97,-551
1,-1,0.058375,SAN- 2,185,275,98,-550
1,-2,0.0584156,SAN- 2,185,275,99,-548
1,-4,0.0584446,SAN- 2,185,275,100,-544
1,-2,0.0584678,SAN- 2,185,275,101,-542
1,-2,0.0584943,SAN- 2,185,275,102,-540
1,-2,0.0585259,SAN- 2,185,275,103,-538
1,-2,0.0585665,SAN- 2,185,275,104,-536
1,-1,0.0585723,SAN- 2,185,275,105,-535
1,-2,0.0586008,SAN- 2,185,275,106,-533
1,-2,0.0586304,SAN- 2,185,275,107,-531
1,-2,0.0586478,SAN- 2,185,275,108,-529
1,-2,0.0586768,SAN- 2,185,275,109,-527
1,-2,0.0587117,SAN- 2,185,275,110,-525
1,-2,0.0587238,SAN- 2,185,275,111,-523
1,-1,0.0587523,SAN- 2,185,275,112,-522
1,-2,0.0587755,SAN- 2,185,275,113,-520
1,-2,0.0587987,SAN- 2,185,275,114,-518
1,-2,0.0588278,SAN- 2,185,275,115,-516
1,-2,0.0588626,SAN- 2,185,275,116,-514
1,-2,0.05888,SAN- 2,185,275,117,-512
1,-2,0.0589032,SAN- 2,185,275,118,-510
1,-2,0.0589264,SAN- 2,185,275,119,-508
1,-1,0.0589555,SAN- 2,185,275,120,-507
1,-2,0.0589845,SAN- 2,185,275,121,-505
1,-2,0.0590019,SAN- 2,185,275,122,-503
1,-2,0.0590309,SAN- 2,185,275,123,-501
1,-2,0.0590483,SAN- 2,185,275,124,-499
1,-2,0.0590716,SAN- 2,185,275,125,-497
1,-2,0.0591064,SAN- 2,185,275,126,-495
1,-1,0.0591296,SAN- 2,185,275,127,-494
1,-2,0.0591412,SAN- 2,185,275,128,-492
1,-2,0.0591935,SAN- 2,185,275,129,-490
1,-2,0.0591993,SAN- 2,185,275,130,-488
1,-2,0.0592225,SAN- 2,185,275,131,-486
1,-2,0.0592573,SAN- 2,185,275,132,-484
1,-2,0.0592863,SAN- 2,185,275,133,-482
1,-2,0.059298,SAN- 2,185,275,134,-480
1,-1,0.0593212,SAN- 2,185,275,135,-479
1,-2,0.0593502,SAN- 2,185,275,136,-477
1,-2,0.0593792,SAN- 2,185,275,137,-475
1,-2,0.0594083,SAN- 2,185,275,138,-473
1,-2,0.0594373,SAN- 2,185,275,139,-471
1,-2,0.0594489,SAN- 2,185,275,140,-469
1,-2,0.0594721,SAN- 2,185,275,141,-467
1,-1,0.0595069,SAN- 2,185,275,142,-466
1,-2,0.0595302,SAN- 2,185,275,143,-464
1,-2,0.0595592,SAN- 2,185,275,144,-462
1,-2,0.0595824,SAN- 2,185,275,145,-460
1,-2,0.0595998,SAN- 2,185,275,146,-458
1,-2,0.059623,SAN- 2,185,275,147,-456
1,-2,0.0596463,SAN- 2,185,275,148,-454
1,-2,0.0596811,SAN- 2,185,275,149,-452
1,-1,0.0597043,SAN- 2,185,275,150,-451
1,-2,0.0597333,SAN- 2,185,275,151,-449
1,-2,0.0597682,SAN- 2,185,275,152,-447
1,-2,0.0597798,SAN- 2,185,275,153,-445
1,-2,0.059803,SAN- 2,185,275,154,-443
1,-2,0.059832,SAN- 2,185,275,155,-441
1,-2,0.0598552,SAN- 2,185,275,156,-439
1,-2,0.0598901,SAN- 2,185,275,157,-437
1,-1,0.0599191,SAN- 2,185,275,158,-436
1,-2,0.0599307,SAN- 2,185,275,159,-434
1,-2,0.0599597,SAN- 2,185,275,160,-432
1,-2,0.0599829,SAN- 2,185,275,161,-430
1,-2,0.0600004,SAN- 2,185,275,162,-428
1,-2,0.0600352,SAN- 2,185,275,163,-426
1,-2,0.0600642,SAN- 2,185,275,164,-424
1,-1,0.0600758,SAN- 2,185,275,165,-423
1,-2,0.060099,SAN- 2,185,275,166,-421
1,-2,0.0601165,SAN- 2,185,275,167,-419
1,-2,0.0601513,SAN- 2,185,275,168,-417
1,-2,0.0601861,SAN- 2,185,275,169,-415
1,-2,0.0602151,SAN- 2,185,275,170,-413
1,-2,0.0602268,SAN- 2,185,275,171,-411
1,-1,0.06025,SAN- 2,185,275,172,-410
1,-1,0.060308,SAN- 2,185,275,173,-409
1,-1,0.0603603,SAN- 2,185,275,174,-408
1,-1,0.0603777,SAN- 2,185,275,175,-407
1,-1,0.0604009,SAN- 2,185,275,176,-406
1,-1,0.060459,SAN- 2,185,275,177,-405
1,-1,0.060488,SAN- 2,185,275,178,-404
1,-1,0.0605112,SAN- 2,185,275,179,-403
1,-1,0.0605286,SAN- 2,185,275,180,-402
1,-1,0.0605867,SAN- 2,185,275,181,-401
1,-1,0.0606041,SAN- 2,185,275,182,-400
1,-1,0.0606331,SAN- 2,185,275,183,-399
1,-1,0.0606563,SAN- 2,185,275,184,-398
1,-1,0.0607028,SAN- 2,185,275,185,-397
1,-1,0.0607318,SAN- 2,185,275,186,-396
1,-1,0.0607666,SAN- 2,185,275,187,-395
1,-1,0.0607956,SAN- 2,185,275,188,-394
1,-1,0.0608189,SAN- 2,185,275,189,-393
1,-1,0.0608595,SAN- 2,185,275,190,-392
1,-1,0.0608827,SAN- 2,185,275,191,-391
1,-1,0.0609117,SAN- 2,185,275,192,-390
1,-1,0.0609524,SAN- 2,185,275,193,-389
2,-1,0.0609872,SAN- 2,185,275,195,-388
1,-1,0.0610104,SAN- 2,185,275,196,-387
1,-1,0.0610337,SAN- 2,185,275,197,-386
1,-1,0.0610975,SAN- 2,185,275,198,-385
1,-1,0.0611033,SAN- 2,185,275,199,-384
1,-1,0.0611614,SAN- 2,185,275,200,-383
1,-1,0.0611846,SAN- 2,185,275,201,-382
1,-1,0.0612484,SAN- 2,185,275,202,-381
1,-1,0.06126,SAN- 2,185,275,203,-380
1,-1,0.0613123,SAN- 2,185,275,204,-379
1,-1,0.0613355,SAN- 2,185,275,205,-378
1,-1,0.0613994,SAN- 2,185,275,206,-377
1,-1,0.061411,SAN- 2,185,275,207,-376
1,-1,0.0614342,SAN- 2,185,275,208,-375
1,-1,0.0614632,SAN- 2,185,275,209,-374
1,-1,0.0615122,SAN- 2,185,275,210,-373
1,-1,0.0615445,SAN- 2,185,275,211,-372
1,-1,0.0615619,SAN- 2,185,275,212,-371
1,-1,0.0615851,SAN- 2,185,275,213,-370
1,-2,0.06162,SAN- 2,185,275,214,-368
1,-1,0.0616432,SAN- 2,185,275,215,-367
1,-2,0.0616664,SAN- 2,185,275,216,-365
1,-2,0.0616954,SAN- 2,185,275,217,-363
1,-2,0.0617302,SAN- 2,185,275,218,-361
1,-2,0.0617361,SAN- 2,185,275,219,-359
1,-2,0.0617593,SAN- 2,185,275,220,-357
1,-2,0.0617941,SAN- 2,185,275,221,-355
1,-2,0.0618173,SAN- 2,185,275,222,-353
1,-1,0.0618463,SAN- 2,185,275,223,-352
1,-2,0.0618812,SAN- 2,185,275,224,-350
1,-2,0.061887,SAN- 2,185,275,225,-348
1,-2,0.0619102,SAN- 2,185,275,226,-346
1,-2,0.061945,SAN- 2,185,275,227,-344
1,-2,0.0619683,SAN- 2,185,275,228,-342
1,-2,0.0620022,SAN- 2,185,275,229,-340
2,-2,0.0620321,SAN- 2,185,275,231,-338
2,-1,0.0620379,SAN- 2,185,275,233,-337
2,-2,0.0620669,SAN- 2,185,275,235,-335
2,-1,0.0620902,SAN- 2,185,275,237,-334
2,-1,0.0621192,SAN- 2,185,275,239,-333
2,-1,0.062154,SAN- 2,185,275,241,-332
2,-1,0.062183,SAN- 2,185,275,243,-331
1,-1,0.0621946,SAN- 2,185,275,244,-330
2,-1,0.0622179,SAN- 2,185,275,246,-329
2,-1,0.0622469,SAN- 2,185,275,248,-328
2,-1,0.0622759,SAN- 2,185,275,250,-327
1,-1,0.0623282,SAN- 2,185,275,251,-326
1,-1,0.0623456,SAN- 2,185,275,252,-325
1,-1,0.0623688,SAN- 2,185,275,253,-324
1,-2,0.0623978,SAN- 2,185,275,254,-322
1,-2,0.0624152,SAN- 2,185,275,255,-320
1,-2,0.0624501,SAN- 2,185,275,256,-318
1,-1,0.0624791,SAN- 2,185,275,257,-317
1,-2,0.0624965,SAN- 2,185,275,258,-315
1,-2,0.0625197,SAN- 2,185,275,259,-313
1,-2,0.0625429,SAN- 2,185,275,260,-311
1,-2,0.0625546,SAN- 2,185,275,261,-309
1,-2,0.0625778,SAN- 2,185,275,262,-307
1,-2,0.0626068,SAN- 2,185,275,263,-305
1,-2,0.0626416,SAN- 2,185,275,264,-303
1,-1,0.0626532,SAN- 2,185,275,265,-302
1,-2,0.0626707,SAN- 2,185,275,266,-300
1,-2,0.0627113,SAN- 2,185,275,267,-298
1,-2,0.0627287,SAN- 2,185,275,268,-296
1,-2,0.0627577,SAN- 2,185,275,269,-294
1,-1,0.0627926,SAN- 2,185,275,270,-293
1,-1,0.0628158,SAN- 2,185,275,271,-292
1,-1,0.0628499,SAN- 2,185,275,272,-291
1,-1,0.0629029,SAN- 2,185,275,273,-290
1,-1,0.0629203,SAN- 2,185,275,274,-289
1,-1,0.0629667,SAN- 2,185,275,275,-288
1,-1,0.0629899,SAN- 2,185,275,276,-287
1,-1,0.0630422,SAN- 2,185,275,277,-286
1,-1,0.0630777,SAN- 2,185,275,278,-285
1,-1,0.0631176,SAN- 2,185,275,279,-284
1,-1,0.0631467,SAN- 2,185,275,280,-283
1,-1,0.0631931,SAN- 2,185,275,281,-282
1,-1,0.0632395,SAN- 2,185,275,282,-281
1,-1,0.0632729,SAN- 2,185,275,283,-280
1,-1,0.0633266,SAN- 2,185,275,284,-279
1,-1,0.0633615,SAN- 2,185,275,285,-278
1,-1,0.0633673,SAN- 2,185,275,286,-277
1,-1,0.0634253,SAN- 2,185,275,287,-276
1,-1,0.0634776,SAN- 2,185,275,288,-275
1,-1,0.063495,SAN- 2,185,275,289,-274
1,-1,0.063553,SAN- 2,185,275,290,-273
1,-1,0.0635762,SAN- 2,185,275,291,-272
1,-1,0.0636343,SAN- 2,185,275,292,-271
1,-1,0.0636459,SAN- 2,185,275,293,-270
1,-1,0.0637039,SAN- 2,185,275,294,-269
1,-1,0.0637272,SAN- 2,185,275,295,-268
1,-1,0.0637766,SAN- 2,185,275,296,-267
1,-1,0.0638084,SAN- 2,185,275,297,-266
1,-1,0.0638433,SAN- 2,185,275,298,-265
1,-1,0.0638723,SAN- 2,185,275,299,-264
1,-1,0.0639303,SAN- 2,185,275,300,-263
1,-1,0.0700372,-TIA- 3,214,238,301,-262
1,-1,0.0700546,-TIA- 3,214,238,302,-261
1,-1,0.0700778,-TIA- 3,214,238,303,-260
1,-1,0.0701417,-TIA- 3,214,238,304,-259
1,-1,0.0701649,-TIA- 3,214,238,305,-258
1,-1,0.0701881,-TIA- 3,214,238,306,-257
1,-1,0.0702229,-TIA- 3,214,238,307,-256
1,-1,0.0702636,-TIA- 3,214,238,308,-255
1,-1,0.0702984,-TIA- 3,214,238,309,-254
1,-1,0.0703158,-TIA- 3,214,238,310,-253
1,-1,0.0703449,-TIA- 3,214,238,311,-252
1,-1,0.0703739,-TIA- 3,214,238,312,-251
1,-1,0.0704087,-TIA- 3,214,238,313,-250
1,-1,0.0704377,-TIA- 3,214,238,314,-249
1,-1,0.070461,-TIA- 3,214,238,315,-248
1,-1,0.0704958,-TIA- 3,214,238,316,-247
1,-1,0.0705364,-TIA- 3,214,238,317,-246
1,-1,0.0705596,-TIA- 3,214,238,318,-245
1,-1,0.0710066,-TIA- 3,214,238,319,-244
1,-1,0.0710298,-TIA- 3,214,238,320,-243
1,-1,0.0711053,-TIA- 3,214,238,321,-242
1,-1,0.0711111,-TIA- 3,214,238,322,-241
1,-1,0.0711395,-TIA- 3,214,238,323,-240
1,-1,0.0711692,-TIA- 3,214,238,324,-239
1,-1,0.0712156,-TIA- 3,214,238,325,-238
1,-1,0.0712504,-TIA- 3,214,238,326,-237
1,-1,0.0712795,-TIA- 3,214,238,327,-236
1,-1,0.0712911,-TIA- 3,214,238,328,-235
1,-1,0.0713201,-TIA- 3,214,238,329,-234
1,-1,0.0713665,-TIA- 3,214,238,330,-233
1,-1,0.0713839,-TIA- 3,214,238,331,-232
1,-1,0.0714304,-TIA- 3,214,238,332,-231
1,-1,0.071442,-TIA- 3,214,238,333,-230
1,-1,0.0714884,-TIA- 3,214,238,334,-229
1,-1,0.0715175,-TIA- 3,214,238,335,-228
1,-1,0.0715523,-TIA- 3,214,238,336,-227
1,-1,0.0715839,-TIA- 3,214,238,337,-226
1,-1,0.0717131,-TIA- 3,214,238,338,-225
1,-1,0.0717671,-TIA- 3,214,238,339,-224
1,-1,0.0717903,-TIA- 3,214,238,340,-223
1,-1,0.0718399,-TIA- 3,214,238,341,-222
1,-1,0.0718658,-TIA- 3,214,238,342,-221
1,-1,0.071918,-TIA- 3,214,238,343,-220
1,-1,0.071947,-TIA- 3,214,238,344,-219
1,-1,0.0719935,-TIA- 3,214,238,345,-218
1,-1,0.0720167,-TIA- 3,214,238,346,-217
1,-1,0.0720747,-TIA- 3,214,238,347,-216
1,-1,0.0721386,-TIA- 3,214,238,348,-215
1,-1,0.0721444,-TIA- 3,214,238,349,-214
1,-1,0.0721908,-TIA- 3,214,238,350,-213
1,-1,0.0722257,-TIA- 3,214,238,351,-212
1,-1,0.0722779,-TIA- 3,214,238,352,-211
1,-1,0.0723185,-TIA- 3,214,238,353,-210
1,-1,0.0723534,-TIA- 3,214,238,354,-209
1,-1,0.0723766,-TIA- 3,214,238,355,-208
1,-1,0.0724346,-TIA- 3,214,238,356,-207
1,-1,0.0724637,-TIA- 3,214,238,357,-206
1,-1,0.0724985,-TIA- 3,214,238,358,-205
1,-1,0.0725217,-TIA- 3,214,238,359,-204
1,-1,0.0725507,-TIA- 3,214,238,360,-203
1,-1,0.0726146,-TIA- 3,214,238,361,-202
1,-1,0.0726262,-TIA- 3,214,238,362,-201
1,-1,0.0726494,-TIA- 3,214,238,363,-200
1,-1,0.0726727,-TIA- 3,214,238,364,-199
1,-1,0.0727365,-TIA- 3,214,238,365,-198
1,-1,0.0727655,-TIA- 3,214,238,366,-197
1,-1,0.0727771,-TIA- 3,214,238,367,-196
1,-1,0.0728004,-TIA- 3,214,238,368,-195
1,-1,0.072841,-TIA- 3,214,238,369,-194
1,-1,0.0728874,-TIA- 3,214,238,370,-193
1,-1,0.0729223,-TIA- 3,214,238,371,-192
1,-1,0.0729281,-TIA- 3,214,238,372,-191
1,-1,0.0729513,-TIA- 3,214,238,373,-190
1,-1,0.0729977,-TIA- 3,214,238,374,-189
1,-1,0.0730384,-TIA- 3,214,238,375,-188
1,-1,0.0730732,-TIA- 3,214,238,376,-187
1,-1,0.073079,-TIA- 3,214,238,377,-186
1,-1,0.0731371,-TIA- 3,214,238,378,-185
1,-1,0.0731603,-TIA- 3,214,238,379,-184
1,-1,0.0731835,-TIA- 3,214,238,380,-183
1,-1,0.0732241,-TIA- 3,214,238,381,-182
1,-1,0.073259,-TIA- 3,214,238,382,-181
1,-1,0.0732822,-TIA- 3,214,238,383,-180
1,-1,0.0733228,-TIA- 3,214,238,384,-179
1,-1,0.0733518,-TIA- 3,214,238,385,-178
1,-1,0.0733751,-TIA- 3,214,238,386,-177
1,-1,0.0733983,-TIA- 3,214,238,387,-176
1,-1,0.0734215,-TIA- 3,214,238,388,-175
1,-1,0.0734563,-TIA- 3,214,238,389,-174
1,-1,0.0734854,-TIA- 3,214,238,390,-173
1,-1,0.073526,-TIA- 3,214,238,391,-172
1,1,0.0741587,-TIA- 3,214,238,392,-173
1,1,0.0741703,-TIA- 3,214,238,393,-174
1,1,0.07424,-TIA- 3,214,238,394,-175
1,1,0.0742516,-TIA- 3,214,238,395,-176
1,1,0.0855476,GO 4,126,463,396,-177
1,1,0.0855713,GO 4,126,463,397,-178
1,1,0.0856004,GO 4,126,463,398,-179
1,1,0.0856236,GO 4,126,463,399,-180
1,2,0.0856468,GO 4,126,463,400,-182
1,2,0.0856642,GO 4,126,463,401,-184
1,2,0.0856932,GO 4,126,463,402,-186
1,2,0.0857281,GO 4,126,463,403,-188
1,2,0.0857571,GO 4,126,463,404,-190
1,2,0.0857861,GO 4,126,463,405,-192
1,2,0.0857919,GO 4,126,463,406,-194
1,1,0.0858151,GO 4,126,463,407,-195
1,2,0.0858384,GO 4,126,463,408,-197
1,2,0.085879,GO 4,126,463,409,-199
1,2,0.0859138,GO 4,126,463,410,-201
1,2,0.0859254,GO 4,126,463,411,-203
1,2,0.0859429,GO 4,126,463,412,-205
1,2,0.0859661,GO 4,126,463,413,-207
1,2,0.0859893,GO 4,126,463,414,-209
1,1,0.0860299,GO 4,126,463,415,-210
1,2,0.0860648,GO 4,126,463,416,-212
1,4,0.0860938,GO 4,126,463,417,-216
2,2,0.0861286,GO 4,126,463,419,-218
2,2,0.086146,GO 4,126,463,421,-220
2,2,0.0861751,GO 4,126,463,423,-222
2,2,0.0862099,GO 4,126,463,425,-224
2,3,0.0862473,GO 4,126,463,427,-227
2,2,0.0862795,GO 4,126,463,429,-229
2,2,0.086297,GO 4,126,463,431,-231
2,2,0.086326,GO 4,126,463,433,-233
2,3,0.0863608,GO 4,126,463,435,-236
2,5,0.0864015,GO 4,126,463,437,-241
2,3,0.0864247,GO 4,126,463,439,-244
2,3,0.0864479,GO 4,126,463,441,-247
2,3,0.0864769,GO 4,126,463,443,-250
2,3,0.0865117,GO 4,126,463,445,-253
2,2,0.0865466,GO 4,126,463,447,-255
2,3,0.0865582,GO 4,126,463,449,-258
2,3,0.0865756,GO 4,126,463,451,-261
2,3,0.0866081,GO 4,126,463,453,-264
2,3,0.0866337,GO 4,126,463,455,-267
2,3,0.0866627,GO 4,126,463,457,-270
2,2,0.0866743,GO 4,126,463,459,-272
2,3,0.0867033,GO 4,126,463,461,-275
2,3,0.0867265,GO 4,126,463,463,-278
2,3,0.0867614,GO 4,126,463,465,-281
2,3,0.0867904,GO 4,126,463,467,-284
2,2,0.086802,GO 4,126,463,469,-286
2,3,0.086831,GO 4,126,463,471,-289
2,3,0.0868542,GO 4,126,463,473,-292
2,3,0.0868775,GO 4,126,463,475,-295
2,3,0.0869123,GO 4,126,463,477,-298
2,2,0.0869413,GO 4,126,463,479,-300
2,3,0.0869587,GO 4,126,463,481,-303
2,3,0.0869761,GO 4,126,463,483,-306
2,3,0.0870052,GO 4,126,463,485,-309
2,3,0.0870342,GO 4,126,463,487,-312
2,3,0.0870632,GO 4,126,463,489,-315
2,2,0.0870922,GO 4,126,463,491,-317
2,3,0.087098,GO 4,126,463,493,-320
2,3,0.0871295,GO 4,126,463,495,-323
2,3,0.0871561,GO 4,126,463,497,-326
2,3,0.0871851,GO 4,126,463,499,-329
2,2,0.0872025,GO 4,126,463,501,-331
2,3,0.0872316,GO 4,126,463,503,-334
-1,6,0.0872722,GO 4,126,463,502,-340
-2,3,0.0872954,GO 4,126,463,500,-343
-1,2,0.0873244,GO 4,126,463,499,-345
-1,3,0.0873535,GO 4,126,463,498,-348
-1,3,0.0873883,GO 4,126,463,497,-351
-1,3,0.0874173,GO 4,126,463,496,-354
-1,3,0.0874347,GO 4,126,463,495,-357
-1,3,0.087458,GO 4,126,463,494,-360
-1,2,0.0874754,GO 4,126,463,493,-362
-1,3,0.0875044,GO 4,126,463,492,-365
-1,3,0.0875392,GO 4,126,463,491,-368
-1,3,0.0875683,GO 4,126,463,490,-371
-1,3,0.0875799,GO 4,126,463,489,-374
-1,2,0.0876031,GO 4,126,463,488,-376
-1,3,0.0876263,GO 4,126,463,487,-379
-1,3,0.0876495,GO 4,126,463,486,-382
-1,3,0.0876844,GO 4,126,463,485,-385
-1,3,0.0877134,GO 4,126,463,484,-388
-1,2,0.0877308,GO 4,126,463,483,-390
-1,3,0.087754,GO 4,126,463,482,-393
-1,3,0.0877772,GO 4,126,463,481,-396
-1,3,0.0878063,GO 4,126,463,480,-399
-1,3,0.0878353,GO 4,126,463,479,-402
-1,3,0.0878701,GO 4,126,463,478,-405
-1,2,0.0878759,GO 4,126,463,477,-407
-1,3,0.0878991,GO 4,126,463,476,-410
-1,3,0.087934,GO 4,126,463,475,-413
-1,3,0.087963,GO 4,126,463,474,-416
-1,3,0.0879804,GO 4,126,463,473,-419
-1,2,0.0880094,GO 4,126,463,472,-421
-1,3,0.088021,GO 4,126,463,471,-424
-1,3,0.0880443,GO 4,126,463,470,-427
-1,3,0.0880733,GO 4,126,463,469,-430
-1,3,0.0881139,GO 4,126,463,468,-433
-1,2,0.0881313,GO 4,126,463,467,-435
-1,3,0.0881546,GO 4,126,463,466,-438
-1,3,0.088172,GO 4,126,463,465,-441
-1,3,0.0881952,GO 4,126,463,464,-444
-1,3,0.0882184,GO 4,126,463,463,-447
-1,3,0.0882532,GO 4,126,463,462,-450
-1,2,0.0882649,GO 4,126,463,461,-452
-1,3,0.0882997,GO 4,126,463,460,-455
-1,3,0.0883229,GO 4,126,463,459,-458
-1,3,0.0883403,GO 4,126,463,458,-461
-1,3,0.0883635,GO 4,126,463,457,-464
-1,2,0.0883926,GO 4,126,463,456,-466
-1,3,0.0884216,GO 4,126,463,455,-469
-1,3,0.0884274,GO 4,126,463,454,-472
-1,3,0.0884564,GO 4,126,463,453,-475
-1,3,0.0884971,GO 4,126,463,452,-478
-1,2,0.0885087,GO 4,126,463,451,-480
-1,3,0.0885377,GO 4,126,463,450,-483
-1,3,0.0885725,GO 4,126,463,449,-486
-1,3,0.0885841,GO 4,126,463,448,-489
-1,3,0.088619,GO 4,126,463,447,-492
-1,3,0.0886364,GO 4,126,463,446,-495
-1,2,0.0886596,GO 4,126,463,445,-497
-1,3,0.0886891,GO 4,126,463,444,-500
-1,3,0.0887234,GO 4,126,463,443,-503
-1,3,0.0887293,GO 4,126,463,442,-506
-1,3,0.0887525,GO 4,126,463,441,-509
-1,2,0.0887873,GO 4,126,463,440,-511
-1,3,0.0888105,GO 4,126,463,439,-514
-1,3,0.0888454,GO 4,126,463,438,-517
-1,3,0.0888744,GO 4,126,463,437,-520
-1,3,0.0888806,GO 4,126,463,436,-523
-1,2,0.0889083,GO 4,126,463,435,-525
-1,3,0.0889382,GO 4,126,463,434,-528
-1,3,0.0889731,GO 4,126,463,433,-531
-1,3,0.0889847,GO 4,126,463,432,-534
-1,3,0.0890253,GO 4,126,463,431,-537
-1,3,0.0890427,GO 4,126,463,430,-540
-1,2,0.0890717,GO 4,126,463,429,-542
-1,3,0.0890892,GO 4,126,463,428,-545
-1,3,0.089124,GO 4,126,463,427,-548
-1,3,0.089153,GO 4,126,463,426,-551
-1,3,0.0891762,GO 4,126,463,425,-554
-1,2,0.0891878,GO 4,126,463,424,-556
-1,3,0.0892227,GO 4,126,463,423,-559
-1,3,0.0892401,GO 4,126,463,422,-562
-1,3,0.0892749,GO 4,126,463,421,-565
-1,3,0.0893068,GO 4,126,463,420,-568
-1,2,0.089333,GO 4,126,463,419,-570
-1,1,0.0893388,GO 4,126,463,418,-571
-1,2,0.089362,GO 4,126,463,417,-573
-1,2,0.0893968,GO 4,126,463,416,-575
-1,2,0.08942,GO 4,126,463,415,-577
-1,2,0.0894607,GO 4,126,463,414,-579
-1,2,0.0894781,GO 4,126,463,413,-581
-1,2,0.0895013,GO 4,126,463,412,-583
-1,2,0.0895245,GO 4,126,463,411,-585
-1,1,0.0895478,GO 4,126,463,410,-586
-1,2,0.0895768,GO 4,126,463,409,-588
-1,2,0.0896116,GO 4,126,463,408,-590
-1,2,0.089629,GO 4,126,463,407,-592
-1,2,0.0896522,GO 4,126,463,406,-594
-1,2,0.0896755,GO 4,126,463,405,-596
-1,2,0.0897103,GO 4,126,463,404,-598
-1,1,0.0897335,GO 4,126,463,403,-599
-1,2,0.0897393,GO 4,126,463,402,-601
-1,2,0.0897741,GO 4,126,463,401,-603
-1,2,0.0898032,GO 4,126,463,400,-605
-1,2,0.0898206,GO 4,126,463,399,-607
-1,2,0.0898612,GO 4,126,463,398,-609
-1,2,0.0898728,GO 4,126,463,397,-611
-1,1,0.0899019,GO 4,126,463,396,-612
-1,1,0.0899541,GO 4,126,463,395,-613
-1,1,0.0899715,GO 4,126,463,394,-614
-1,1,0.090018,GO 4,126,463,393,-615
-1,1,0.0900296,GO 4,126,463,392,-616
-1,1,0.0900528,GO 4,126,463,391,-617
-2,2,0.0901399,GO 4,126,463,389,-619
-4,1,0.0901457,GO 4,126,463,385,-620
-2,1,0.0901805,GO 4,126,463,383,-621
-2,1,0.0902095,GO 4,126,463,381,-622
-1,1,0.0902211,GO 4,126,463,380,-623
-1,1,0.0902618,GO 4,126,463,379,-624
-1,1,0.0902734,GO 4,126,463,378,-625
-1,1,0.0903488,GO 4,126,463,377,-626
-1,1,0.0903546,GO 4,126,463,376,-627
-1,1,0.0903779,GO 4,126,463,375,-628
-1,1,0.0904069,GO 4,126,463,374,-629
-1,-1,0.0916956,GO 4,126,463,373,-628
-1,-1,0.091713,GO 4,126,463,372,-627
-1,-1,0.091742,GO 4,126,463,371,-626
-1,-1,0.0917653,GO 4,126,463,370,-625
-1,-1,0.0917943,GO 4,126,463,369,-624
-1,-1,0.0918117,GO 4,126,463,368,-623
-1,-1,0.0928798,GO 4,126,463,367,-622
-2,-1,0.0929088,GO 4,126,463,365,-621
-2,-1,0.0929379,GO 4,126,463,363,-620
-2,-1,0.0929727,GO 4,126,463,361,-619
-1,-1,0.0930017,GO 4,126,463,360,-618
-2,-1,0.0930133,GO 4,126,463,358,-617
-1,-1,0.0930598,GO 4,126,463,357,-616
-1,-1,0.0930888,GO 4,126,463,356,-615
-1,-1,0.0931236,GO 4,126,463,355,-614
-1,-1,0.0931527,GO 4,126,463,354,-613
-2,-1,0.0931875,GO 4,126,463,352,-612
-1,-1,0.0932107,GO 4,126,463,351,-611
-1,-1,0.0932339,GO 4,126,463,350,-610
-1,-1,0.0932688,GO 4,126,463,349,-609
-1,-1,0.0933094,GO 4,126,463,348,-608
-2,-1,0.0933384,GO 4,126,463,346,-607
-1,-1,0.0933732,GO 4,126,463,345,-606
-1,-1,0.0934023,GO 4,126,463,344,-605
-1,-1,0.0934255,GO 4,126,463,343,-604
-1,-1,0.0934661,GO 4,126,463,342,-603
-1,-1,0.0934893,GO 4,126,463,341,-602
-1,-1,0.0935242,GO 4,126,463,340,-601
-1,-1,0.0935358,GO 4,126,463,339,-600
-1,-1,0.093588,GO 4,126,463,338,-599
-2,-1,0.0936112,GO 4,126,463,336,-598
-1,-1,0.0936403,GO 4,126,463,335,-597
-1,-1,0.0936751,GO 4,126,463,334,-596
-1,-1,0.0936925,GO 4,126,463,333,-595
-1,-1,0.0937506,GO 4,126,463,332,-594
-1,-1,0.093768,GO 4,126,463,331,-593
-1,-1,0.0938028,GO 4,126,463,330,-592
-1,-1,0.093826,GO 4,126,463,329,-591
-1,-1,0.0938667,GO 4,126,463,328,-590
-1,-1,0.0938957,GO 4,126,463,327,-589
-1,-1,0.0939537,GO 4,126,463,326,-588
-1,-1,0.0939712,GO 4,126,463,325,-587
-1,-1,0.0940176,GO 4,126,463,324,-586
-1,-1,0.0940524,GO 4,126,463,323,-585
-1,-1,0.0941047,GO 4,126,463,322,-584
-1,-1,0.0941221,GO 4,126,463,321,-583
-1,-1,0.0941685,GO 4,126,463,320,-582
-1,-1,0.0941917,GO 4,126,463,319,-581
-1,-1,0.0942498,GO 4,126,463,318,-580
-1,-1,0.094273,GO 4,126,463,317,-579
1,1,0.0996194,FRAY 5,294,403,318,-580
2,1,0.0996368,FRAY 5,294,403,320,-581
2,1,0.0996659,FRAY 5,294,403,322,-582
2,-1,0.099898,FRAY 5,294,403,324,-581
2,-1,0.0999329,FRAY 5,294,403,326,-580
2,-1,0.0999387,FRAY 5,294,403,328,-579
1,-1,0.0999503,FRAY 5,294,403,329,-578
2,-1,0.0999851,FRAY 5,294,403,331,-577
2,-1,0.100008,FRAY 5,294,403,333,-576
2,-1,0.100037,FRAY 5,294,403,335,-575
2,-1,0.100078,FRAY 5,294,403,337,-574
2,-1,0.100101,FRAY 5,294,403,339,-573
2,-1,0.100136,FRAY 5,294,403,341,-572
1,-1,0.100159,FRAY 5,294,403,342,-571
2,-1,0.100188,FRAY 5,294,403,344,-570
2,-1,0.100206,FRAY 5,294,403,346,-569
2,-1,0.100235,FRAY 5,294,403,348,-568
2,-1,0.100252,FRAY 5,294,403,350,-567
2,-1,0.100287,FRAY 5,294,403,352,-566
2,-1,0.100316,FRAY 5,294,403,354,-565
2,-1,0.100351,FRAY 5,294,403,356,-564
1,-1,0.100357,FRAY 5,294,403,357,-563
2,-1,0.10038,FRAY 5,294,403,359,-562
2,-1,0.100403,FRAY 5,294,403,361,-561
2,-1,0.100432,FRAY 5,294,403,363,-560
2,-1,0.100502,FRAY 5,294,403,365,-559
2,-1,0.100513,FRAY 5,294,403,367,-558
2,-1,0.100531,FRAY 5,294,403,369,-557
1,-1,0.10056,FRAY 5,294,403,370,-556
3,-1,0.100583,FRAY 5,294,403,373,-555
3,-1,0.100612,FRAY 5,294,403,376,-554
3,-1,0.100641,FRAY 5,294,403,379,-553
3,-1,0.100662,FRAY 5,294,403,382,-552
2,-1,0.100688,FRAY 5,294,403,384,-551
3,-1,0.100711,FRAY 5,294,403,387,-550
3,-1,0.100734,FRAY 5,294,403,390,-549
3,-1,0.100763,FRAY 5,294,403,393,-548
3,-1,0.100798,FRAY 5,294,403,396,-547
2,-1,0.100815,FRAY 5,294,403,398,-546
3,-1,0.100844,FRAY 5,294,403,401,-545
3,-1,0.100885,FRAY 5,294,403,404,-544
3,-1,0.10092,FRAY 5,294,403,407,-543
2,-1,0.100949,FRAY 5,294,403,409,-542
1,-1,0.100984,FRAY 5,294,403,410,-541
2,-1,0.100989,FRAY 5,294,403,412,-540
2,-1,0.101013,FRAY 5,294,403,414,-539
2,-1,0.101036,FRAY 5,294,403,416,-538
2,-1,0.101518,FRAY 5,294,403,418,-537
1,-1,0.101549,FRAY 5,294,403,419,-536
2,-1,0.101564,FRAY 5,294,403,421,-535
2,-1,0.101599,FRAY 5,294,403,423,-534
2,-1,0.101622,FRAY 5,294,403,425,-533
1,-2,0.102864,FRAY 5,294,403,426,-531
2,-3,0.10287,FRAY 5,294,403,428,-528
1,5,0.103364,FRAY 5,294,403,429,-533
5,3,0.103369,FRAY 5,294,403,434,-536
1,8,0.103416,FRAY 5,294,403,435,-544
1,-4,0.103544,FRAY 5,294,403,436,-540
1,-3,0.103555,FRAY 5,294,403,437,-537
-2,-2,0.103578,FRAY 5,294,403,435,-535
-1,-1,0.103578,FRAY 5,294,403,434,-534
-2,-3,0.103596,FRAY 5,294,403,432,-531
-1,1,0.103607,FRAY 5,294,403,431,-532
1,-2,0.103625,FRAY 5,294,403,432,-530
1,1,0.103636,FRAY 5,294,403,433,-531
1,1,0.10366,FRAY 5,294,403,434,-532
1,1,0.103718,FRAY 5,294,403,435,-533
1,1,0.103735,FRAY 5,294,403,436,-534
1,1,0.103753,FRAY 5,294,403,437,-535
1,1,0.103776,FRAY 5,294,403,438,-536
1,1,0.103834,FRAY 5,294,403,439,-537
1,-16,0.103866,FRAY 5,294,403,440,-521
4,-10,0.103874,FRAY 5,294,403,444,-511
3,-10,0.103892,FRAY 5,294,403,447,-501
2,-10,0.103898,FRAY 5,294,403,449,-491
2,-19,0.103921,FRAY 5,294,403,451,-472
6,-8,0.103956,FRAY 5,294,403,457,-464
5,-8,0.104147,FRAY 5,294,403,462,-456
1,-22,0.10416,FRAY 5,294,403,463,-434
3,-23,0.104194,FRAY 5,294,403,466,-411
4,-19,0.104229,FRAY 5,294,403,470,-392
3,-7,0.104234,FRAY 5,294,403,473,-385
2,-11,0.104258,FRAY 5,294,403,475,-374
3,-3,0.104281,FRAY 5,294,403,478,-371
3,7,0.104559,FRAY 5,294,403,481,-378
14,3,0.104577,FRAY 5,294,403,495,-381
6,3,0.104594,FRAY 5,294,403,501,-384
6,4,0.104612,FRAY 5,294,403,507,-388
4,4,0.104618,FRAY 5,294,403,511,-392
4,5,0.104641,FRAY 5,294,403,515,-397
6,3,0.104658,FRAY 5,294,403,521,-400
2,1,0.104931,FRAY 5,294,403,523,-401
2,1,0.104943,FRAY 5,294,403,525,-402
2,2,0.104954,FRAY 5,294,403,527,-404
1,2,0.104977,FRAY 5,294,403,528,-406
2,1,0.104983,FRAY 5,294,403,530,-407
1,1,0.105012,FRAY 5,294,403,531,-408
2,-1,0.10507,FRAY 5,294,403,533,-407
3,-1,0.105088,FRAY 5,294,403,536,-406
2,-1,0.105105,FRAY 5,294,403,538,-405
2,-1,0.105123,FRAY 5,294,403,540,-404
1,-1,0.10514,FRAY 5,294,403,541,-403
1,-1,0.105273,FRAY 5,294,403,542,-402
2,-1,0.105279,FRAY 5,294,403,544,-401
3,-2,0.105297,FRAY 5,294,403,547,-399
7,-1,0.105308,FRAY 5,294,403,554,-398
1,-1,0.105558,FRAY 5,294,403,555,-397
1,1,0.105703,FRAY 5,294,403,556,-398
2,1,0.105767,FRAY 5,294,403,558,-399
2,1,0.105784,FRAY 5,294,403,560,-400
2,1,0.105802,FRAY 5,294,403,562,-401
2,1,0.105813,FRAY 5,294,403,564,-402
2,1,0.105848,FRAY 5,294,403,566,-403
2,-1,0.107648,FRAY 5,294,403,568,-402
-5,-3,0.107671,FRAY 5,294,403,563,-399
-9,-6,0.107688,FRAY 5,294,403,554,-393
-22,-4,0.107706,FRAY 5,294,403,532,-389
-12,-5,0.107712,FRAY 5,294,403,520,-384
-13,-5,0.107735,FRAY 5,294,403,507,-379
-13,-4,0.107746,FRAY 5,294,403,494,-375
-13,-9,0.10777,FRAY 5,294,403,481,-366
-23,-3,0.107775,FRAY 5,294,403,458,-363
-10,-1,0.107804,FRAY 5,294,403,448,-362
-9,-5,0.108106,FRAY 5,294,403,439,-357
-9,-4,0.108118,FRAY 5,294,403,430,-353
-11,-6,0.108135,FRAY 5,294,403,419,-347
-10,-5,0.108143,FRAY 5,294,403,409,-342
-11,-5,0.108159,FRAY 5,294,403,398,-337
-9,-2,0.108176,FRAY 5,294,403,389,-335
-7,-3,0.108182,FRAY 5,294,403,382,-332
-6,-1,0.108211,FRAY 5,294,403,376,-331
-4,-4,0.108478,FRAY 5,294,403,372,-327
-7,-5,0.108495,FRAY 5,294,403,365,-322
-8,-6,0.108513,FRAY 5,294,403,357,-316
-10,-5,0.108518,FRAY 5,294,403,347,-311
-10,-11,0.108547,FRAY 5,294,403,337,-300
-19,-4,0.108559,FRAY 5,294,403,318,-296
-8,-3,0.108577,FRAY 5,294,403,310,-293
-7,-1,0.108582,FRAY 5,294,403,303,-292
-3,-3,0.10889,FRAY 5,294,403,300,-289
-5,-2,0.108907,FRAY 5,294,403,295,-287
-6,-2,0.108913,FRAY 5,294,403,289,-285
-5,-3,0.108942,FRAY 5,294,403,284,-282
-8,-1,0.108954,FRAY 5,294,403,276,-281
-2,-1,0.108971,FRAY 5,294,403,274,-280
-2,-1,0.108977,FRAY 5,294,403,272,-279
-1,-2,0.109006,FRAY 5,294,403,271,-277
-4,-4,0.109034,FRAY 5,294,403,267,-273
-5,-2,0.109041,FRAY 5,294,403,262,-271
-2,-3,0.109076,FRAY 5,294,403,260,-268
-3,-2,0.109105,FRAY 5,294,403,257,-266
-3,-1,0.109134,FRAY 5,294,403,254,-265
-1,-2,0.109447,FRAY 5,294,403,253,-263
-2,-3,0.109465,FRAY 5,294,403,251,-260
-3,-2,0.109482,FRAY 5,294,403,248,-258
-2,-2,0.109488,FRAY 5,294,403,246,-256
-2,-1,0.109511,FRAY 5,294,403,244,-255
-1,-2,0.109523,FRAY 5,294,403,243,-253
-2,-1,0.109529,FRAY 5,294,403,241,-252
-1,-1,0.109546,FRAY 5,294,403,240,-251
-2,-1,0.109558,FRAY 5,294,403,238,-250
-1,-3,0.109587,FRAY 5,294,403,237,-247
-3,-2,0.109621,FRAY 5,294,403,234,-245
-1,-1,0.109627,FRAY 5,294,403,233,-244
-1,-1,0.10965,FRAY 5,294,403,232,-243
-1,-1,0.109697,FRAY 5,294,403,231,-242
-1,-1,0.109703,FRAY 5,294,403,230,-241
-1,-2,0.109871,FRAY 5,294,403,229,-239
-1,-1,0.109888,FRAY 5,294,403,228,-238
-1,-1,0.110097,FRAY 5,294,403,227,-237
-1,-1,0.110109,FRAY 5,294,403,226,-236
-1,-1,0.110121,FRAY 5,294,403,225,-235
-1,-5,0.110161,FRAY 5,294,403,224,-230
-2,-2,0.110173,FRAY 5,294,403,222,-228
-2,-1,0.110196,FRAY 5,294,403,220,-227
-1,-1,0.11033,FRAY 5,294,403,219,-226
-1,-1,0.110359,FRAY 5,294,403,218,-225
1,1,0.110684,FRAY 5,294,403,219,-226
1,2,0.113993,SAN- 6,86,289,220,-228
1,2,0.114004,SAN- 6,86,289,221,-230
1,1,0.114022,SAN- 6,86,289,222,-231
1,1,0.114039,SAN- 6,86,289,223,-232
1,1,0.114056,SAN- 6,86,289,224,-233
1,1,0.114068,SAN- 6,86,289,225,-234
1,1,0.114085,SAN- 6,86,289,226,-235
1,2,0.114143,SAN- 6,86,289,227,-237
1,1,0.114149,SAN- 6,86,289,228,-238
1,1,0.114167,SAN- 6,86,289,229,-239
1,1,0.114178,SAN- 6,86,289,230,-240
1,5,0.114207,SAN- 6,86,289,231,-245
1,3,0.11466,SAN- 6,86,289,232,-248
-2,4,0.114672,SAN- 6,86,289,230,-252
-1,3,0.114683,SAN- 6,86,289,229,-255
-2,2,0.114701,SAN- 6,86,289,227,-257
-2,3,0.114718,SAN- 6,86,289,225,-260
-2,2,0.11473,SAN- 6,86,289,223,-262
-1,1,0.114736,SAN- 6,86,289,222,-263
-1,1,0.114747,SAN- 6,86,289,221,-264
-1,1,0.11491,SAN- 6,86,289,220,-265
3,-1,0.114927,SAN- 6,86,289,223,-264
6,-1,0.114945,SAN- 6,86,289,229,-263
7,-1,0.114956,SAN- 6,86,289,236,-262
8,-2,0.114968,SAN- 6,86,289,244,-260
10,-1,0.114991,SAN- 6,86,289,254,-259
17,-2,0.11502,SAN- 6,86,289,271,-257
13,-1,0.115032,SAN- 6,86,289,284,-256
6,1,0.115287,SAN- 6,86,289,290,-257
-6,2,0.115293,SAN- 6,86,289,284,-259
-7,5,0.115328,SAN- 6,86,289,277,-264
-18,4,0.115334,SAN- 6,86,289,259,-268
-8,7,0.115357,SAN- 6,86,289,251,-275
-17,5,0.115392,SAN- 6,86,289,234,-280
-14,7,0.115432,SAN- 6,86,289,220,-287
-8,2,0.115699,SAN- 6,86,289,212,-289
-6,1,0.115717,SAN- 6,86,289,206,-290
-9,2,0.115728,SAN- 6,86,289,197,-292
-10,1,0.115751,SAN- 6,86,289,187,-293
-11,1,0.115763,SAN- 6,86,289,176,-294
-10,2,0.115775,SAN- 6,86,289,166,-296
-10,1,0.11578,SAN- 6,86,289,156,-297
-7,2,0.115821,SAN- 6,86,289,149,-299
-7,-2,0.1161,SAN- 6,86,289,142,-297
-6,-2,0.116111,SAN- 6,86,289,136,-295
-8,-2,0.11614,SAN- 6,86,289,128,-293
-8,-7,0.116152,SAN- 6,86,289,120,-286
-13,-3,0.116164,SAN- 6,86,289,107,-283
-6,-2,0.116181,SAN- 6,86,289,101,-281
-4,-3,0.116204,SAN- 6,86,289,97,-278
-7,-1,0.116222,SAN- 6,86,289,90,-277
-2,-1,0.116239,SAN- 6,86,289,88,-276
-3,-1,0.116268,SAN- 6,86,289,85,-275
-1,-3,0.116529,SAN- 6,86,289,84,-272
7,-4,0.116547,SAN- 6,86,289,91,-268
9,-4,0.116553,SAN- 6,86,289,100,-264
11,-4,0.11657,SAN- 6,86,289,111,-260
11,-5,0.116593,SAN- 6,86,289,122,-255
23,-2,0.116611,SAN- 6,86,289,145,-253
7,1,0.116663,SAN- 6,86,289,152,-254
6,2,0.116669,SAN- 6,86,289,158,-256
4,-1,0.116866,SAN- 6,86,289,162,-255
7,-1,0.116895,SAN- 6,86,289,169,-254
15,1,0.116912,SAN- 6,86,289,184,-255
15,1,0.116924,SAN- 6,86,289,199,-256
14,2,0.116936,SAN- 6,86,289,213,-258
13,2,0.116947,SAN- 6,86,289,226,-260
12,2,0.116976,SAN- 6,86,289,238,-262
11,1,0.117185,SAN- 6,86,289,249,-263
7,1,0.117193,SAN- 6,86,289,256,-264
11,1,0.117203,SAN- 6,86,289,267,-265
13,1,0.11722,SAN- 6,86,289,280,-266
16,1,0.117226,SAN- 6,86,289,296,-267
17,3,0.117249,SAN- 6,86,289,313,-270
17,3,0.117261,SAN- 6,86,289,330,-273
15,3,0.117272,SAN- 6,86,289,345,-276
13,2,0.117284,SAN- 6,86,289,358,-278
10,3,0.117557,SAN- 6,86,289,368,-281
24,1,0.117568,SAN- 6,86,289,392,-282
16,-1,0.117952,SAN- 6,86,289,408,-281
8,-2,0.117963,SAN- 6,86,289,416,-279
11,-2,0.117975,SAN- 6,86,289,427,-277
11,-1,0.117986,SAN- 6,86,289,438,-276
11,-2,0.118004,SAN- 6,86,289,449,-274
11,-1,0.118015,SAN- 6,86,289,460,-273
10,-1,0.118039,SAN- 6,86,289,470,-272
8,-5,0.118294,SAN- 6,86,289,478,-267
21,-3,0.118323,SAN- 6,86,289,499,-264
14,-1,0.11834,SAN- 6,86,289,513,-263
8,-1,0.118346,SAN- 6,86,289,521,-262
7,-3,0.11837,SAN- 6,86,289,528,-259
14,-2,0.118637,SAN- 6,86,289,542,-257
5,-2,0.118654,SAN- 6,86,289,547,-255
5,-2,0.118671,SAN- 6,86,289,552,-253
5,-1,0.118677,SAN- 6,86,289,557,-252
5,-4,0.118706,SAN- 6,86,289,562,-248
9,-1,0.118718,SAN- 6,86,289,571,-247
4,-1,0.118735,SAN- 6,86,289,575,-246
3,-1,0.11913,SAN- 6,86,289,578,-245
2,-1,0.119147,SAN- 6,86,289,580,-244
2,-2,0.119159,SAN- 6,86,289,582,-242
1,-1,0.119182,SAN- 6,86,289,583,-241
2,-1,0.119188,SAN- 6,86,289,585,-240
3,-1,0.119194,SAN- 6,86,289,588,-239
2,-1,0.119223,SAN- 6,86,289,590,-238
3,-1,0.119229,SAN- 6,86,289,593,-237
1,1,0.119356,SAN- 6,86,289,594,-238
1,1,0.119368,SAN- 6,86,289,595,-239
1,4,0.119414,SAN- 6,86,289,596,-243
-1,5,0.119443,SAN- 6,86,289,595,-248
-1,6,0.119478,SAN- 6,86,289,594,-254
-3,6,0.119496,SAN- 6,86,289,591,-260
-4,2,0.119507,SAN- 6,86,289,587,-262
-2,2,0.119525,SAN- 6,86,289,585,-264
-1,1,0.119531,SAN- 6,86,289,584,-265
-1,1,0.119554,SAN- 6,86,289,583,-266
-1,6,0.123594,SAN- 6,86,289,582,-272
-5,6,0.1236,SAN- 6,86,289,577,-278
-7,7,0.123617,SAN- 6,86,289,570,-285
-9,7,0.123629,SAN- 6,86,289,561,-292
-9,8,0.123635,SAN- 6,86,289,552,-300
-9,18,0.123669,SAN- 6,86,289,543,-318
-23,6,0.123693,SAN- 6,86,289,520,-324
-10,2,0.123728,SAN- 6,86,289,510,-326
-4,2,0.123751,SAN- 6,86,289,506,-328
-2,6,0.123983,SAN- 6,86,289,504,-334
-18,6,0.124,SAN- 6,86,289,486,-340
-12,5,0.124006,SAN- 6,86,289,474,-345
-13,6,0.124024,SAN- 6,86,289,461,-351
-14,11,0.124053,SAN- 6,86,289,447,-362
-25,7,0.124082,SAN- 6,86,289,422,-369
-17,3,0.124093,SAN- 6,86,289,405,-372
-6,-2,0.12436,SAN- 6,86,289,399,-370
-7,-2,0.124366,SAN- 6,86,289,392,-368
-8,-3,0.124383,SAN- 6,86,289,384,-365
-8,-4,0.124389,SAN- 6,86,289,376,-361
-8,-4,0.124418,SAN- 6,86,289,368,-357
-7,-3,0.124424,SAN- 6,86,289,361,-354
-7,-5,0.12443,SAN- 6,86,289,354,-349
-4,-4,0.124447,SAN- 6,86,289,350,-345
-4,-4,0.124465,SAN- 6,86,289,346,-341
-2,-4,0.124481,SAN- 6,86,289,344,-337
-1,-7,0.12472,SAN- 6,86,289,343,-330
-1,-6,0.124726,SAN- 6,86,289,342,-324
-2,-8,0.124738,SAN- 6,86,289,340,-316
-1,-7,0.124749,SAN- 6,86,289,339,-309
-2,-7,0.124778,SAN- 6,86,289,337,-302
-2,-7,0.124784,SAN- 6,86,289,335,-295
-1,-5,0.124795,SAN- 6,86,289,334,-290
-2,-4,0.124801,SAN- 6,86,289,332,-286
-2,-3,0.124819,SAN- 6,86,289,330,-283
-2,-4,0.12483,SAN- 6,86,289,328,-279
-1,-2,0.124842,SAN- 6,86,289,327,-277
-1,-5,0.125086,SAN- 6,86,289,326,-272
-2,-3,0.125103,SAN- 6,86,289,324,-269
-3,-5,0.125109,SAN- 6,86,289,321,-264
-2,-3,0.125127,SAN- 6,86,289,319,-261
-1,-3,0.125134,SAN- 6,86,289,318,-258
-2,-5,0.125167,SAN- 6,86,289,316,-253
-2,-2,0.125179,SAN- 6,86,289,314,-251
-1,-2,0.125196,SAN- 6,86,289,313,-249
-1,-2,0.125202,SAN- 6,86,289,312,-247
-1,-2,0.125225,SAN- 6,86,289,311,-245
-2,-1,0.125289,SAN- 6,86,289,309,-244
-2,-1,0.125306,SAN- 6,86,289,307,-243
-1,-3,0.125312,SAN- 6,86,289,306,-240
-2,-2,0.12533,SAN- 6,86,289,304,-238
-1,-3,0.125347,SAN- 6,86,289,303,-235
-1,-3,0.125353,SAN- 6,86,289,302,-232
-1,-7,0.125376,SAN- 6,86,289,301,-225
-2,-8,0.125417,SAN- 6,86,289,299,-217
-2,-2,0.12544,SAN- 6,86,289,297,-215
-2,-2,0.125452,SAN- 6,86,289,295,-213
-2,-1,0.125466,SAN- 6,86,289,293,-212
-2,-1,0.125475,SAN- 6,86,289,291,-211
-2,-4,0.125498,SAN- 6,86,289,289,-207
-2,-2,0.125515,SAN- 6,86,289,287,-205
-2,-1,0.125527,SAN- 6,86,289,285,-204
1,-1,0.125539,SAN- 6,86,289,286,-203
1,-3,0.125568,SAN- 6,86,289,287,-200
1,-2,0.125591,SAN- 6,86,289,288,-198
2,-1,0.125637,SAN- 6,86,289,290,-197
2,2,0.130183,-TIA- 7,98,157,292,-199
-6,2,0.130194,-TIA- 7,98,157,286,-201
-9,7,0.130227,-TIA- 7,98,157,277,-208
-19,4,0.130235,-TIA- 7,98,157,258,-212
-9,9,0.130258,-TIA- 7,98,157,249,-221
-17,4,0.130276,-TIA- 7,98,157,232,-225
-7,3,0.130281,-TIA- 7,98,157,225,-228
-6,4,0.13031,-TIA- 7,98,157,219,-232
-8,1,0.130642,-TIA- 7,98,157,211,-233
-8,1,0.130659,-TIA- 7,98,157,203,-234
-8,2,0.13067,-TIA- 7,98,157,195,-236
-9,4,0.130699,-TIA- 7,98,157,186,-240
-16,3,0.130711,-TIA- 7,98,157,170,-243
-8,2,0.130734,-TIA- 7,98,157,162,-245
-6,3,0.130746,-TIA- 7,98,157,156,-248
-4,-1,0.130972,-TIA- 7,98,157,152,-247
-6,-2,0.13099,-TIA- 7,98,157,146,-245
-8,-2,0.131007,-TIA- 7,98,157,138,-243
-9,-1,0.131013,-TIA- 7,98,157,129,-242
-11,-1,0.13103,-TIA- 7,98,157,118,-241
-11,-1,0.131048,-TIA- 7,98,157,107,-240
-3,1,0.131535,-TIA- 7,98,157,104,-241
-6,1,0.131558,-TIA- 7,98,157,98,-242
-5,-1,0.131605,-TIA- 7,98,157,93,-241
-4,-2,0.13164,-TIA- 7,98,157,89,-239
-8,-1,0.13168,-TIA- 7,98,157,81,-238
-4,-1,0.131715,-TIA- 7,98,157,77,-237
-4,1,0.131785,-TIA- 7,98,157,73,-238
1,-1,0.132058,-TIA- 7,98,157,74,-237
-6,-2,0.132075,-TIA- 7,98,157,68,-235
-9,-2,0.132093,-TIA- 7,98,157,59,-233
-11,-1,0.132104,-TIA- 7,98,157,48,-232
-10,-1,0.132127,-TIA- 7,98,157,38,-231
-9,1,0.132168,-TIA- 7,98,157,29,-232
-14,2,0.132174,-TIA- 7,98,157,15,-234
-3,-3,0.132493,-TIA- 7,98,157,12,-231
-9,-4,0.13251,-TIA- 7,98,157,3,-227
-9,-3,0.132522,-TIA- 7,98,157,-6,-224
-9,-3,0.132534,-TIA- 7,98,157,-15,-221
-8,-3,0.132557,-TIA- 7,98,157,-23,-218
-8,-2,0.132563,-TIA- 7,98,157,-31,-216
-5,-3,0.132587,-TIA- 7,98,157,-36,-213
-2,-3,0.133114,-TIA- 7,98,157,-38,-210
-5,-2,0.133126,-TIA- 7,98,157,-43,-208
-5,-3,0.133137,-TIA- 7,98,157,-48,-205
-6,-4,0.133155,-TIA- 7,98,157,-54,-201
-6,-3,0.133161,-TIA- 7,98,157,-60,-198
-6,-6,0.133184,-TIA- 7,98,157,-66,-192
-11,-3,0.133201,-TIA- 7,98,157,-77,-189
-4,-2,0.133219,-TIA- 7,98,157,-81,-187
-3,-1,0.133224,-TIA- 7,98,157,-84,-186
-2,-3,0.133259,-TIA- 7,98,157,-86,-183
-2,-2,0.1333,-TIA- 7,98,157,-88,-181
-2,-3,0.133654,-TIA- 7,98,157,-90,-178
-3,-11,0.133677,-TIA- 7,98,157,-93,-167
-7,-12,0.133695,-TIA- 7,98,157,-100,-155
-7,-5,0.1337,-TIA- 7,98,157,-107,-150
-3,-5,0.133724,-TIA- 7,98,157,-110,-145
-2,-3,0.133735,-TIA- 7,98,157,-112,-142
-2,-5,0.133759,-TIA- 7,98,157,-114,-137
-2,-2,0.133793,-TIA- 7,98,157,-116,-135
-1,-2,0.133817,-TIA- 7,98,157,-117,-133
1,-3,0.134304,-TIA- 7,98,157,-116,-130
1,-8,0.134322,-TIA- 7,98,157,-115,-122
1,-6,0.134351,-TIA- 7,98,157,-114,-116
1,-2,0.134362,-TIA- 7,98,157,-113,-114
1,-3,0.134385,-TIA- 7,98,157,-112,-111
1,-2,0.134856,-TIA- 7,98,157,-111,-109
1,-3,0.134873,-TIA- 7,98,157,-110,-106
2,-3,0.134879,-TIA- 7,98,157,-108,-103
2,-3,0.134896,-TIA- 7,98,157,-106,-100
2,-2,0.134914,-TIA- 7,98,157,-104,-98
2,-4,0.134943,-TIA- 7,98,157,-102,-94
2,-1,0.134954,-TIA- 7,98,157,-100,-93
1,1,0.135401,-TIA- 7,98,157,-99,-94
1,1,0.135448,-TIA- 7,98,157,-98,-95
1,2,0.135483,-TIA- 7,98,157,-97,-97
1,1,0.1355,-TIA- 7,98,157,-96,-98
-1,1,0.135523,-TIA- 7,98,157,-97,-99
-1,1,0.135796,-TIA- 7,98,157,-98,-100
-2,-3,0.13585,-TIA- 7,98,157,-100,-97
-3,-3,0.13586,-TIA- 7,98,157,-103,-94
-3,-4,0.135889,-TIA- 7,98,157,-106,-90
-5,-2,0.135924,-TIA- 7,98,157,-111,-88
-3,-1,0.13593,-TIA- 7,98,157,-114,-87
-1,-2,0.135947,-TIA- 7,98,157,-115,-85
-1,-3,0.135959,-TIA- 7,98,157,-116,-82
1,-2,0.135976,-TIA- 7,98,157,-115,-80
3,-3,0.136324,-TIA- 7,98,157,-112,-77
-1,-2,0.136342,-TIA- 7,98,157,-113,-75
-2,-2,0.136353,-TIA- 7,98,157,-115,-73
-2,-2,0.136365,-TIA- 7,98,157,-117,-71
-2,-1,0.136382,-TIA- 7,98,157,-119,-70
1,-2,0.136632,-TIA- 7,98,157,-118,-68
-3,-4,0.136649,-TIA- 7,98,157,-121,-64
-3,-8,0.136673,-TIA- 7,98,157,-124,-56
-4,-4,0.136696,-TIA- 7,98,157,-128,-52
-2,-2,0.136713,-TIA- 7,98,157,-130,-50
-1,-2,0.136737,-TIA- 7,98,157,-131,-48
-1,-4,0.136777,-TIA- 7,98,157,-132,-44
-2,-6,0.136818,-TIA- 7,98,157,-134,-38
-3,-5,0.136841,-TIA- 7,98,157,-137,-33
-2,-5,0.136876,-TIA- 7,98,157,-139,-28
-3,-1,0.136911,-TIA- 7,98,157,-142,-27
-1,-1,0.136945,-TIA- 7,98,157,-143,-26
-1,-3,0.136969,-TIA- 7,98,157,-144,-23
-1,-3,0.13698,-TIA- 7,98,157,-145,-20
-1,-5,0.137009,-TIA- 7,98,157,-146,-15
-2,-4,0.137038,-TIA- 7,98,157,-148,-11
-2,-3,0.13705,-TIA- 7,98,157,-150,-8
-2,-1,0.137067,-TIA- 7,98,157,-152,-7
-1,-1,0.137079,-TIA- 7,98,157,-153,-6
-1,-1,0.137096,-TIA- 7,98,157,-154,-5
-1,1,0.137363,-TIA- 7,98,157,-155,-6
-1,1,0.137381,-TIA- 7,98,157,-156,-7
-1,1,0.137392,-TIA- 7,98,157,-157,-8
1,1,0.137404,-TIA- 7,98,157,-156,-9
1,1,0.137427,-TIA- 7,98,157,-155,-10
1,1,0.137485,-TIA- 7,98,157,-154,-11
1,1,0.137509,-TIA- 7,98,157,-153,-12
1,1,0.13759,-TIA- 7,98,157,-152,-13
1,4,0.138408,-TIA- 7,98,157,-151,-17
3,5,0.138414,-TIA- 7,98,157,-148,-22
4,7,0.138437,-TIA- 7,98,157,-144,-29
3,8,0.138443,-TIA- 7,98,157,-141,-37
5,8,0.138461,-TIA- 7,98,157,-136,-45
4,10,0.138472,-TIA- 7,98,157,-132,-55
4,9,0.138484,-TIA- 7,98,157,-128,-64
3,9,0.138501,-TIA- 7,98,157,-125,-73
3,7,0.138507,-TIA- 7,98,157,-122,-80
3,6,0.138519,-TIA- 7,98,157,-119,-86
2,5,0.138524,-TIA- 7,98,157,-117,-91
2,7,0.138559,-TIA- 7,98,157,-115,-98
2,2,0.138565,-TIA- 7,98,157,-113,-100
-1,5,0.138797,-TIA- 7,98,157,-114,-105
2,5,0.13882,-TIA- 7,98,157,-112,-110
2,7,0.138832,-TIA- 7,98,157,-110,-117
1,7,0.138838,-TIA- 7,98,157,-109,-124
3,8,0.13885,-TIA- 7,98,157,-106,-132
2,7,0.138855,-TIA- 7,98,157,-104,-139
1,7,0.138879,-TIA- 7,98,157,-103,-146
1,7,0.13889,-TIA- 7,98,157,-102,-153
1,8,0.138913,-TIA- 7,98,157,-101,-161
1,3,0.138925,-TIA- 7,98,157,-100,-164
-1,3,0.139175,-TIA- 7,98,157,-101,-167
1,3,0.139186,-TIA- 7,98,157,-100,-170
1,5,0.139215,-TIA- 7,98,157,-99,-175
1,3,0.139221,-TIA- 7,98,157,-98,-178
1,4,0.139238,-TIA- 7,98,157,-97,-182
1,3,0.13925,-TIA- 7,98,157,-96,-185
-1,4,0.139279,-TIA- 7,98,157,-97,-189
-1,2,0.139314,-TIA- 7,98,157,-98,-191
-1,1,0.139343,-TIA- 7,98,157,-99,-192
-1,1,0.139366,-TIA- 7,98,157,-100,-193
-1,4,0.139401,-TIA- 7,98,157,-101,-197
-2,7,0.13943,-TIA- 7,98,157,-103,-204
-2,2,0.139465,-TIA- 7,98,157,-105,-206
-1,1,0.139517,-TIA- 7,98,157,-106,-207
-1,4,0.139552,-TIA- 7,98,157,-107,-211
-2,3,0.139587,-TIA- 7,98,157,-109,-214
-1,3,0.139616,-TIA- 7,98,157,-110,-217
-3,2,0.139651,-TIA- 7,98,157,-113,-219
-1,-1,0.139883,-TIA- 7,98,157,-114,-218
-1,-1,0.139889,-TIA- 7,98,157,-115,-217
-1,-1,0.139894,-TIA- 7,98,157,-116,-216
-1,-1,0.139912,-TIA- 7,98,157,-117,-215
1,-2,0.143761,GO 8,144,319,-116,-213
8,-3,0.143772,GO 8,144,319,-108,-210
12,-3,0.143795,GO 8,144,319,-96,-207
12,-3,0.143801,GO 8,144,319,-84,-204
13,-4,0.143819,GO 8,144,319,-71,-200
12,-2,0.143834,GO 8,144,319,-59,-198
12,-4,0.144138,GO 8,144,319,-47,-194
7,-4,0.144144,GO 8,144,319,-40,-190
9,-4,0.144155,GO 8,144,319,-31,-186
10,-5,0.144173,GO 8,144,319,-21,-181
12,-5,0.144179,GO 8,144,319,-9,-176
11,-4,0.144196,GO 8,144,319,2,-172
10,-4,0.144208,GO 8,144,319,12,-168
9,-4,0.144448,GO 8,144,319,21,-164
7,-5,0.144457,GO 8,144,319,28,-159
9,-6,0.144475,GO 8,144,319,37,-153
10,-5,0.14448,GO 8,144,319,47,-148
10,-5,0.144498,GO 8,144,319,57,-143
11,-5,0.144515,GO 8,144,319,68,-138
11,-4,0.144531,GO 8,144,319,79,-134
9,-3,0.144544,GO 8,144,319,88,-131
9,-2,0.144556,GO 8,144,319,97,-129
7,-1,0.144776,GO 8,144,319,104,-128
6,-3,0.144811,GO 8,144,319,110,-125
16,-3,0.144834,GO 8,144,319,126,-122
16,-2,0.144852,GO 8,144,319,142,-120
8,-1,0.144875,GO 8,144,319,150,-119
4,1,0.14491,GO 8,144,319,154,-120
2,1,0.145212,GO 8,144,319,156,-121
2,1,0.145218,GO 8,144,319,158,-122
2,1,0.145235,GO 8,144,319,160,-123
-1,2,0.145258,GO 8,144,319,159,-125
-3,2,0.145287,GO 8,144,319,156,-127
-4,2,0.145299,GO 8,144,319,152,-129
-3,1,0.145322,GO 8,144,319,149,-130
-1,-1,0.145548,GO 8,144,319,148,-129
-1,1,0.145752,GO 8,144,319,147,-130
1,1,0.146994,GO 8,144,319,148,-131
1,2,0.148101,GO 8,144,319,149,-133
-6,4,0.148114,GO 8,144,319,143,-137
-6,5,0.148132,GO 8,144,319,137,-142
-7,9,0.148149,GO 8,144,319,130,-151
-16,5,0.148167,GO 8,144,319,114,-156
-8,4,0.148178,GO 8,144,319,106,-160
-6,6,0.148201,GO 8,144,319,100,-166
-9,3,0.148236,GO 8,144,319,91,-169
-5,1,0.148242,GO 8,144,319,86,-170
-1,1,0.148259,GO 8,144,319,85,-171
-1,1,0.148271,GO 8,144,319,84,-172
-3,1,0.148579,GO 8,144,319,81,-173
-3,1,0.148948,GO 8,144,319,78,-174
-9,-2,0.148985,GO 8,144,319,69,-172
-11,-1,0.148991,GO 8,144,319,58,-171
-9,-4,0.149014,GO 8,144,319,49,-167
-15,-1,0.149031,GO 8,144,319,34,-166
-6,-1,0.149049,GO 8,144,319,28,-165
-3,-3,0.149345,GO 8,144,319,25,-162
-6,-5,0.149362,GO 8,144,319,19,-157
-7,-10,0.149386,GO 8,144,319,12,-147
-15,-5,0.149403,GO 8,144,319,-3,-142
-6,-5,0.149409,GO 8,144,319,-9,-137
-5,-3,0.149426,GO 8,144,319,-14,-134
-5,-4,0.149449,GO 8,144,319,-19,-130
-5,-2,0.149478,GO 8,144,319,-24,-128
-2,-2,0.14949,GO 8,144,319,-26,-126
-2,-3,0.149786,GO 8,144,319,-28,-123
-5,-8,0.149809,GO 8,144,319,-33,-115
-10,-3,0.149833,GO 8,144,319,-43,-112
-5,-4,0.149842,GO 8,144,319,-48,-108
-5,-4,0.14985,GO 8,144,319,-53,-104
-4,-3,0.149867,GO 8,144,319,-57,-101
-3,-2,0.149885,GO 8,144,319,-60,-99
-3,-1,0.149896,GO 8,144,319,-63,-98
-1,-1,0.149908,GO 8,144,319,-64,-97
-1,-2,0.150309,GO 8,144,319,-65,-95
3,-2,0.15032,GO 8,144,319,-62,-93
4,-2,0.150332,GO 8,144,319,-58,-91
3,-2,0.150347,GO 8,144,319,-55,-89
4,-2,0.150367,GO 8,144,319,-51,-87
5,-3,0.150378,GO 8,144,319,-46,-84
4,-3,0.15039,GO 8,144,319,-42,-81
3,-2,0.150396,GO 8,144,319,-39,-79
4,-1,0.150419,GO 8,144,319,-35,-78
4,-2,0.15043,GO 8,144,319,-31,-76
4,-2,0.150448,GO 8,144,319,-27,-74
1,-1,0.150692,GO 8,144,319,-26,-73
4,-1,0.150698,GO 8,144,319,-22,-72
3,-1,0.150715,GO 8,144,319,-19,-71
4,-1,0.150732,GO 8,144,319,-15,-70
4,-1,0.150756,GO 8,144,319,-11,-69
3,-1,0.150785,GO 8,144,319,-8,-68
1,-1,0.150894,GO 8,144,319,-7,-67
7,-1,0.150924,GO 8,144,319,0,-66
3,-2,0.151063,GO 8,144,319,3,-64
7,-1,0.151092,GO 8,144,319,10,-63
1,-2,0.151156,GO 8,144,319,11,-61
2,1,0.151359,GO 8,144,319,13,-62
1,1,0.151522,GO 8,144,319,14,-63
1,2,0.151533,GO 8,144,319,15,-65
-2,1,0.153159,GO 8,144,319,13,-66
-3,1,0.15317,GO 8,144,319,10,-67
-5,2,0.153199,GO 8,144,319,5,-69
-7,1,0.153205,GO 8,144,319,-2,-70
-5,1,0.153228,GO 8,144,319,-7,-71
-6,1,0.153281,GO 8,144,319,-13,-72
-4,1,0.153331,GO 8,144,319,-17,-73
-6,1,0.153397,GO 8,144,319,-23,-74
-5,1,0.15387,GO 8,144,319,-28,-75
-5,2,0.153879,GO 8,144,319,-33,-77
-7,2,0.153896,GO 8,144,319,-40,-79
-7,2,0.153902,GO 8,144,319,-47,-81
-7,2,0.153925,GO 8,144,319,-54,-83
-8,1,0.153937,GO 8,144,319,-62,-84
-7,2,0.15396,GO 8,144,319,-69,-86
-9,1,0.153972,GO 8,144,319,-78,-87
-3,1,0.153995,GO 8,144,319,-81,-88
-5,1,0.154024,GO 8,144,319,-86,-89
-2,2,0.154053,GO 8,144,319,-88,-91
-2,-1,0.154366,GO 8,144,319,-90,-90
-3,-1,0.154389,GO 8,144,319,-93,-89
-4,-1,0.154419,GO 8,144,319,-97,-88
-4,-1,0.154424,GO 8,144,319,-101,-87
-3,-1,0.154442,GO 8,144,319,-104,-86
-3,-1,0.1545,GO 8,144,319,-107,-85
-4,-1,0.154535,GO 8,144,319,-111,-84
-2,1,0.154796,GO 8,144,319,-113,-85
-2,3,0.154813,GO 8,144,319,-115,-88
-1,3,0.154819,GO 8,144,319,-116,-91
-1,4,0.154836,GO 8,144,319,-117,-95
-1,8,0.154865,GO 8,144,319,-118,-103
-1,5,0.154877,GO 8,144,319,-119,-108
-1,1,0.154895,GO 8,144,319,-120,-109
-1,2,0.154906,GO 8,144,319,-121,-111
-1,1,0.154912,GO 8,144,319,-122,-112
-1,1,0.154947,GO 8,144,319,-123,-113
-2,2,0.15497,GO 8,144,319,-125,-115
3,-1,0.155115,GO 8,144,319,-122,-114
2,-1,0.155156,GO 8,144,319,-120,-113
3,1,0.155253,GO 8,144,319,-117,-114
1,2,0.15533,GO 8,144,319,-116,-116
2,1,0.155365,GO 8,144,319,-114,-117
6,1,0.155388,GO 8,144,319,-108,-118
2,-1,0.155417,GO 8,144,319,-106,-117
2,-1,0.155429,GO 8,144,319,-104,-116
3,-5,0.155452,GO 8,144,319,-101,-111
13,-3,0.155481,GO 8,144,319,-88,-108
7,1,0.155754,GO 8,144,319,-81,-109
8,3,0.155777,GO 8,144,319,-73,-112
20,7,0.155812,GO 8,144,319,-53,-119
22,4,0.155829,GO 8,144,319,-31,-123
9,7,0.155852,GO 8,144,319,-22,-130
15,1,0.155887,GO 8,144,319,-7,-131
5,-1,0.1561,GO 8,144,319,-2,-130
6,-1,0.156125,GO 8,144,319,4,-129
9,-1,0.156166,GO 8,144,319,13,-128
2,-2,0.156218,GO 8,144,319,15,-126
3,-7,0.156253,GO 8,144,319,18,-119
6,-4,0.156288,GO 8,144,319,24,-115
4,-3,0.156317,GO 8,144,319,28,-112
4,-3,0.156334,GO 8,144,319,32,-109
3,-1,0.156346,GO 8,144,319,35,-108
1,-1,0.156357,GO 8,144,319,36,-107
2,-1,0.156363,GO 8,144,319,38,-106
2,-2,0.156386,GO 8,144,319,40,-104
5,-2,0.156427,GO 8,144,319,45,-102
