deltaX,deltaY,WHEN,SYLLABLE,XofButton,YofButton,XofTrace,YofTrace
1,1,0.0260296,Yield,0,0,1,-1
2,1,0.0260354,Yield,0,0,3,-2
2,1,0.0260586,Yield,0,0,5,-3
2,1,0.0260934,Yield,0,0,7,-4
2,1,0.0261283,Yield,0,0,9,-5
1,1,0.0261341,Yield,0,0,10,-6
2,2,0.0261921,Yield,0,0,12,-8
-2,-1,0.026343,Yield,0,0,10,-7
-3,-2,0.0263779,Yield,0,0,7,-5
-3,-2,0.0263895,Yield,0,0,4,-3
-3,-2,0.0264301,Yield,0,0,1,-1
-4,-2,0.0264359,Yield,0,0,-3,1
-4,-3,0.0264591,Yield,0,0,-7,4
-4,-3,0.026494,Yield,0,0,-11,7
-3,-2,0.026523,Yield,0,0,-14,9
-4,-3,0.0265578,Yield,0,0,-18,12
-4,-3,0.0265636,Yield,0,0,-22,15
-4,-3,0.0265868,Yield,0,0,-26,18
-3,-3,0.0266217,Yield,0,0,-29,21
-4,-1,0.0266507,Yield,0,0,-33,22
-4,-2,0.0266739,Yield,0,0,-37,24
-4,-2,0.0267003,Yield,0,0,-41,26
-3,-2,0.0267204,Yield,0,0,-44,28
-4,-2,0.0267378,Yield,0,0,-48,30
-4,-2,0.0267726,Yield,0,0,-52,32
-4,-2,0.0268016,Yield,0,0,-56,34
-2,-1,0.0268365,Yield,0,0,-58,35
-2,-1,0.0268481,Yield,0,0,-60,36
-2,-1,0.0268771,Yield,0,0,-62,37
1,1,0.0270222,Yield,0,0,-61,36
1,2,0.0270629,Yield,0,0,-60,34
-1,2,0.0270687,Yield,0,0,-61,32
-1,2,0.0270919,Yield,0,0,-62,30
-2,3,0.0271267,Yield,0,0,-64,27
-2,3,0.0271499,Yield,0,0,-66,24
-2,4,0.0271732,Yield,0,0,-68,20
-2,4,0.0272022,Yield,0,0,-70,16
-2,3,0.027237,Yield,0,0,-72,13
-1,4,0.0272428,Yield,0,0,-73,9
-1,4,0.027266,Yield,0,0,-74,5
-1,3,0.0273009,Yield,0,0,-75,2
-1,2,0.0273241,Yield,0,0,-76,0
-1,3,0.0273588,Yield,0,0,-77,-3
-1,2,0.0273879,Yield,0,0,-78,-5
-1,2,0.0273995,Yield,0,0,-79,-7
-1,1,0.027417,Yield,0,0,-80,-8
-1,1,0.027446,Yield,0,0,-81,-9
-2,-1,0.0275331,Yield,0,0,-83,-8
-1,-1,0.0275389,Yield,0,0,-84,-7
-2,-1,0.0275621,Yield,0,0,-86,-6
-1,-1,0.0275969,Yield,0,0,-87,-5
-1,-1,0.0276317,Yield,0,0,-88,-4
-1,-1,0.0276666,Yield,0,0,-89,-3
-3,-1,0.0276956,Yield,0,0,-92,-2
-2,-1,0.0277304,Yield,0,0,-94,-1
-2,-1,0.0277653,Yield,0,0,-96,0
-2,-2,0.0277943,Yield,0,0,-98,2
-6,-1,0.0278349,Yield,0,0,-104,3
-2,-1,0.0278698,Yield,0,0,-106,4
-3,1,0.0279975,Yield,0,0,-109,3
-4,1,0.0280265,Yield,0,0,-113,2
-4,1,0.0280439,Yield,0,0,-117,1
-4,1,0.0280729,Yield,0,0,-121,0
-3,1,0.0280961,Yield,0,0,-124,-1
-4,1,0.028131,Yield,0,0,-128,-2
-4,1,0.0281542,Yield,0,0,-132,-3
-4,1,0.0281774,Yield,0,0,-136,-4
-3,2,0.0281948,Yield,0,0,-139,-6
-4,2,0.0282239,Yield,0,0,-143,-8
-4,2,0.0282529,Yield,0,0,-147,-10
-4,2,0.0282761,Yield,0,0,-151,-12
-3,1,0.0283086,Yield,0,0,-154,-13
-3,1,0.0283341,Yield,0,0,-157,-14
-2,1,0.0283458,Yield,0,0,-159,-15
-1,1,0.0283748,Yield,0,0,-160,-16
2,1,0.0399673,FRAY 1,87,416,-158,-17
3,1,0.0399906,FRAY 1,87,416,-155,-18
1,1,0.0400196,FRAY 1,87,416,-154,-19
2,2,0.0400544,FRAY 1,87,416,-152,-21
2,2,0.0400776,FRAY 1,87,416,-150,-23
1,2,0.0401067,FRAY 1,87,416,-149,-25
1,2,0.0401183,FRAY 1,87,416,-148,-27
1,2,0.0401415,FRAY 1,87,416,-147,-29
1,2,0.0401763,FRAY 1,87,416,-146,-31
-1,3,0.0402054,FRAY 1,87,416,-147,-34
-1,3,0.0402228,FRAY 1,87,416,-148,-37
-1,3,0.040246,FRAY 1,87,416,-149,-40
-1,3,0.0402692,FRAY 1,87,416,-150,-43
-1,3,0.0403098,FRAY 1,87,416,-151,-46
-1,2,0.0403273,FRAY 1,87,416,-152,-48
1,3,0.0403563,FRAY 1,87,416,-151,-51
2,3,0.0403795,FRAY 1,87,416,-149,-54
2,3,0.0404027,FRAY 1,87,416,-147,-57
2,3,0.0404317,FRAY 1,87,416,-145,-60
3,3,0.0404608,FRAY 1,87,416,-142,-63
3,4,0.0405014,FRAY 1,87,416,-139,-67
2,4,0.040513,FRAY 1,87,416,-137,-71
3,4,0.0405246,FRAY 1,87,416,-134,-75
3,3,0.0405478,FRAY 1,87,416,-131,-78
3,4,0.0405769,FRAY 1,87,416,-128,-82
3,4,0.0406117,FRAY 1,87,416,-125,-86
1,4,0.0406407,FRAY 1,87,416,-124,-90
2,3,0.0406465,FRAY 1,87,416,-122,-93
2,4,0.0406756,FRAY 1,87,416,-120,-97
2,4,0.0407104,FRAY 1,87,416,-118,-101
1,4,0.0407394,FRAY 1,87,416,-117,-105
1,3,0.040751,FRAY 1,87,416,-116,-108
1,4,0.04078,FRAY 1,87,416,-115,-112
1,4,0.0407917,FRAY 1,87,416,-114,-116
1,4,0.0408265,FRAY 1,87,416,-113,-120
2,3,0.0408439,FRAY 1,87,416,-111,-123
2,4,0.0408802,FRAY 1,87,416,-109,-127
1,4,0.040902,FRAY 1,87,416,-108,-131
2,3,0.0409368,FRAY 1,87,416,-106,-134
2,2,0.0409426,FRAY 1,87,416,-104,-136
2,3,0.0409658,FRAY 1,87,416,-102,-139
2,3,0.0410006,FRAY 1,87,416,-100,-142
3,3,0.0410297,FRAY 1,87,416,-97,-145
3,3,0.0410529,FRAY 1,87,416,-94,-148
2,3,0.0410587,FRAY 1,87,416,-92,-151
3,3,0.0410877,FRAY 1,87,416,-89,-154
2,4,0.0411051,FRAY 1,87,416,-87,-158
2,4,0.04114,FRAY 1,87,416,-85,-162
1,4,0.041169,FRAY 1,87,416,-84,-166
1,3,0.0412038,FRAY 1,87,416,-83,-169
-1,4,0.0412154,FRAY 1,87,416,-84,-173
-2,4,0.0412444,FRAY 1,87,416,-86,-177
-3,4,0.0412735,FRAY 1,87,416,-89,-181
-3,3,0.0412909,FRAY 1,87,416,-92,-184
-2,4,0.0413199,FRAY 1,87,416,-94,-188
-3,4,0.0413489,FRAY 1,87,416,-97,-192
-3,4,0.0413605,FRAY 1,87,416,-100,-196
-3,3,0.0413954,FRAY 1,87,416,-103,-199
-3,4,0.0414186,FRAY 1,87,416,-106,-203
-2,4,0.0414418,FRAY 1,87,416,-108,-207
-3,4,0.0414708,FRAY 1,87,416,-111,-211
-3,3,0.0415057,FRAY 1,87,416,-114,-214
-3,4,0.0415115,FRAY 1,87,416,-117,-218
-2,4,0.0415289,FRAY 1,87,416,-119,-222
-2,4,0.0415579,FRAY 1,87,416,-121,-226
-2,3,0.0415927,FRAY 1,87,416,-123,-229
-1,4,0.0416044,FRAY 1,87,416,-124,-233
-2,4,0.0416218,FRAY 1,87,416,-126,-237
-2,4,0.041645,FRAY 1,87,416,-128,-241
-2,3,0.0416682,FRAY 1,87,416,-130,-244
-2,4,0.0416914,FRAY 1,87,416,-132,-248
-2,4,0.0417263,FRAY 1,87,416,-134,-252
-2,4,0.0417437,FRAY 1,87,416,-136,-256
-1,3,0.0417727,FRAY 1,87,416,-137,-259
-1,4,0.0417959,FRAY 1,87,416,-138,-263
-1,4,0.0418191,FRAY 1,87,416,-139,-267
1,4,0.0418424,FRAY 1,87,416,-138,-271
1,3,0.0418772,FRAY 1,87,416,-137,-274
1,4,0.0418946,FRAY 1,87,416,-136,-278
2,4,0.0419178,FRAY 1,87,416,-134,-282
1,4,0.041941,FRAY 1,87,416,-133,-286
1,3,0.0419643,FRAY 1,87,416,-132,-289
1,4,0.0419933,FRAY 1,87,416,-131,-293
1,4,0.0420165,FRAY 1,87,416,-130,-297
-1,4,0.0420339,FRAY 1,87,416,-131,-301
-2,3,0.0420571,FRAY 1,87,416,-133,-304
-2,4,0.042092,FRAY 1,87,416,-135,-308
-3,4,0.0421268,FRAY 1,87,416,-138,-312
-2,4,0.0421384,FRAY 1,87,416,-140,-316
-3,3,0.0421674,FRAY 1,87,416,-143,-319
-4,4,0.0421907,FRAY 1,87,416,-147,-323
-4,4,0.0422139,FRAY 1,87,416,-151,-327
-3,4,0.0422429,FRAY 1,87,416,-154,-331
-4,3,0.0422719,FRAY 1,87,416,-158,-334
-4,4,0.042301,FRAY 1,87,416,-162,-338
-4,4,0.0423119,FRAY 1,87,416,-166,-342
-2,4,0.0423242,FRAY 1,87,416,-168,-346
-3,3,0.0423474,FRAY 1,87,416,-171,-349
-2,4,0.0423706,FRAY 1,87,416,-173,-353
-2,4,0.0424054,FRAY 1,87,416,-175,-357
-1,4,0.0424345,FRAY 1,87,416,-176,-361
-1,3,0.0424519,FRAY 1,87,416,-177,-364
-1,4,0.0424751,FRAY 1,87,416,-178,-368
-1,4,0.0425041,FRAY 1,87,416,-179,-372
1,4,0.0425157,FRAY 1,87,416,-178,-376
1,3,0.0425448,FRAY 1,87,416,-177,-379
2,4,0.0425796,FRAY 1,87,416,-175,-383
2,4,0.0425912,FRAY 1,87,416,-173,-387
3,4,0.0426202,FRAY 1,87,416,-170,-391
2,3,0.0426493,FRAY 1,87,416,-168,-394
3,4,0.0426667,FRAY 1,87,416,-165,-398
3,4,0.0426957,FRAY 1,87,416,-162,-402
3,4,0.0427305,FRAY 1,87,416,-159,-406
3,3,0.0427479,FRAY 1,87,416,-156,-409
2,4,0.0427654,FRAY 1,87,416,-154,-413
3,4,0.0427886,FRAY 1,87,416,-151,-417
3,4,0.0428118,FRAY 1,87,416,-148,-421
2,3,0.0428408,FRAY 1,87,416,-146,-424
2,4,0.0428756,FRAY 1,87,416,-144,-428
1,4,0.0429105,FRAY 1,87,416,-143,-432
1,4,0.0429218,FRAY 1,87,416,-142,-436
1,3,0.0429395,FRAY 1,87,416,-141,-439
-1,4,0.0429685,FRAY 1,87,416,-142,-443
-1,4,0.0429976,FRAY 1,87,416,-143,-447
-2,4,0.0430266,FRAY 1,87,416,-145,-451
-2,3,0.043044,FRAY 1,87,416,-147,-454
-2,4,0.0430672,FRAY 1,87,416,-149,-458
-2,4,0.0430904,FRAY 1,87,416,-151,-462
-2,4,0.0431253,FRAY 1,87,416,-153,-466
-1,3,0.0431543,FRAY 1,87,416,-154,-469
-2,4,0.0431659,FRAY 1,87,416,-156,-473
-2,4,0.0431949,FRAY 1,87,416,-158,-477
-1,4,0.0432181,FRAY 1,87,416,-159,-481
-1,3,0.0432414,FRAY 1,87,416,-160,-484
1,4,0.0432762,FRAY 1,87,416,-159,-488
1,4,0.0433052,FRAY 1,87,416,-158,-492
2,4,0.0433168,FRAY 1,87,416,-156,-496
1,3,0.0433517,FRAY 1,87,416,-155,-499
2,4,0.0433691,FRAY 1,87,416,-153,-503
3,4,0.0433981,FRAY 1,87,416,-150,-507
3,3,0.0434271,FRAY 1,87,416,-147,-510
3,2,0.0434445,FRAY 1,87,416,-144,-512
3,3,0.0434678,FRAY 1,87,416,-141,-515
2,3,0.0434852,FRAY 1,87,416,-139,-518
3,3,0.0435142,FRAY 1,87,416,-136,-521
2,2,0.043549,FRAY 1,87,416,-134,-523
2,1,0.0435722,FRAY 1,87,416,-132,-524
2,2,0.0435897,FRAY 1,87,416,-130,-526
2,2,0.0436129,FRAY 1,87,416,-128,-528
2,2,0.0436361,FRAY 1,87,416,-126,-530
1,2,0.0436651,FRAY 1,87,416,-125,-532
2,2,0.0437,FRAY 1,87,416,-123,-534
2,2,0.0437348,FRAY 1,87,416,-121,-536
2,3,0.043758,FRAY 1,87,416,-119,-539
2,2,0.0437638,FRAY 1,87,416,-117,-541
2,3,0.043787,FRAY 1,87,416,-115,-544
2,3,0.0438219,FRAY 1,87,416,-113,-547
3,3,0.0438509,FRAY 1,87,416,-110,-550
2,4,0.0438857,FRAY 1,87,416,-108,-554
3,3,0.0438915,FRAY 1,87,416,-105,-557
3,4,0.0439205,FRAY 1,87,416,-102,-561
3,4,0.043938,FRAY 1,87,416,-99,-565
3,4,0.043967,FRAY 1,87,416,-96,-569
2,2,0.043996,FRAY 1,87,416,-94,-571
3,3,0.0440366,FRAY 1,87,416,-91,-574
3,3,0.0440424,FRAY 1,87,416,-88,-577
3,3,0.0440715,FRAY 1,87,416,-85,-580
3,3,0.0440889,FRAY 1,87,416,-82,-583
2,1,0.0441179,FRAY 1,87,416,-80,-584
3,2,0.0441469,FRAY 1,87,416,-77,-586
3,2,0.0441818,FRAY 1,87,416,-74,-588
3,2,0.0441992,FRAY 1,87,416,-71,-590
3,2,0.0442166,FRAY 1,87,416,-68,-592
2,2,0.0442514,FRAY 1,87,416,-66,-594
3,3,0.0442863,FRAY 1,87,416,-63,-597
3,2,0.0442979,FRAY 1,87,416,-60,-599
3,2,0.0443327,FRAY 1,87,416,-57,-601
2,2,0.0443501,FRAY 1,87,416,-55,-603
2,2,0.0443733,FRAY 1,87,416,-53,-605
2,2,0.0444024,FRAY 1,87,416,-51,-607
2,2,0.044443,FRAY 1,87,416,-49,-609
1,1,0.0444546,FRAY 1,87,416,-48,-610
2,1,0.0447507,FRAY 1,87,416,-46,-611
3,1,0.0447739,FRAY 1,87,416,-43,-612
3,1,0.0448087,FRAY 1,87,416,-40,-613
3,1,0.0448377,FRAY 1,87,416,-37,-614
3,1,0.0448493,FRAY 1,87,416,-34,-615
3,1,0.0448842,FRAY 1,87,416,-31,-616
2,1,0.0449016,FRAY 1,87,416,-29,-617
3,1,0.044919,FRAY 1,87,416,-26,-618
3,1,0.0449364,FRAY 1,87,416,-23,-619
3,1,0.0449712,FRAY 1,87,416,-20,-620
3,1,0.0450003,FRAY 1,87,416,-17,-621
2,1,0.0450235,FRAY 1,87,416,-15,-622
3,1,0.0450409,FRAY 1,87,416,-12,-623
3,1,0.0450873,FRAY 1,87,416,-9,-624
2,1,0.0451222,FRAY 1,87,416,-7,-625
2,1,0.0451568,FRAY 1,87,416,-5,-626
2,-1,0.0546888,SAN- 2,387,311,-3,-625
2,-1,0.054712,SAN- 2,387,311,-1,-624
2,1,0.0548403,SAN- 2,387,311,1,-625
4,1,0.0548746,SAN- 2,387,311,5,-626
2,1,0.0549094,SAN- 2,387,311,7,-627
2,1,0.054921,SAN- 2,387,311,9,-628
1,1,0.0549384,SAN- 2,387,311,10,-629
1,1,0.0549965,SAN- 2,387,311,11,-630
1,-1,0.0551938,SAN- 2,387,311,12,-629
1,-1,0.0552345,SAN- 2,387,311,13,-628
1,-1,0.0552461,SAN- 2,387,311,14,-627
2,-2,0.0552659,SAN- 2,387,311,16,-625
2,-2,0.0552925,SAN- 2,387,311,18,-623
2,-1,0.0553215,SAN- 2,387,311,20,-622
2,-2,0.0553564,SAN- 2,387,311,22,-620
1,-3,0.0553854,SAN- 2,387,311,23,-617
2,-3,0.055397,SAN- 2,387,311,25,-614
3,-3,0.0554202,SAN- 2,387,311,28,-611
3,-3,0.0554434,SAN- 2,387,311,31,-608
3,-2,0.0554725,SAN- 2,387,311,34,-606
3,-3,0.0555073,SAN- 2,387,311,37,-603
2,-3,0.0555421,SAN- 2,387,311,39,-600
3,-3,0.0555479,SAN- 2,387,311,42,-597
3,-2,0.0555712,SAN- 2,387,311,45,-595
3,-2,0.0555944,SAN- 2,387,311,48,-593
3,-1,0.0556292,SAN- 2,387,311,51,-592
1,-1,0.0556582,SAN- 2,387,311,52,-591
2,-1,0.0556989,SAN- 2,387,311,54,-590
3,1,0.0557801,SAN- 2,387,311,57,-591
3,1,0.0558034,SAN- 2,387,311,60,-592
2,1,0.055844,SAN- 2,387,311,62,-593
3,-1,0.0559833,SAN- 2,387,311,65,-592
3,-2,0.0560007,SAN- 2,387,311,68,-590
3,-2,0.0560239,SAN- 2,387,311,71,-588
3,-2,0.0560646,SAN- 2,387,311,74,-586
2,-2,0.056082,SAN- 2,387,311,76,-584
3,-2,0.0561052,SAN- 2,387,311,79,-582
3,-2,0.05614,SAN- 2,387,311,82,-580
3,-1,0.0561517,SAN- 2,387,311,85,-579
3,-1,0.0561807,SAN- 2,387,311,88,-578
2,-1,0.056239,SAN- 2,387,311,90,-577
3,-1,0.0562503,SAN- 2,387,311,93,-576
3,-1,0.0562736,SAN- 2,387,311,96,-575
3,-1,0.0563084,SAN- 2,387,311,99,-574
3,-1,0.0563316,SAN- 2,387,311,102,-573
2,-1,0.0563548,SAN- 2,387,311,104,-572
3,-1,0.0563955,SAN- 2,387,311,107,-571
3,-1,0.0564013,SAN- 2,387,311,110,-570
3,-2,0.0564245,SAN- 2,387,311,113,-568
3,-2,0.0564593,SAN- 2,387,311,116,-566
2,-2,0.0564825,SAN- 2,387,311,118,-564
3,-1,0.0565058,SAN- 2,387,311,121,-563
3,-2,0.0565406,SAN- 2,387,311,124,-561
3,-2,0.0565522,SAN- 2,387,311,127,-559
3,-3,0.0565763,SAN- 2,387,311,130,-556
3,-3,0.0566102,SAN- 2,387,311,133,-553
2,-3,0.0566335,SAN- 2,387,311,135,-550
3,-2,0.0566567,SAN- 2,387,311,138,-548
3,-2,0.0566915,SAN- 2,387,311,141,-546
3,-2,0.0567052,SAN- 2,387,311,144,-544
3,-2,0.0567322,SAN- 2,387,311,147,-542
1,-2,0.0567554,SAN- 2,387,311,148,-540
3,-1,0.056796,SAN- 2,387,311,151,-539
3,-2,0.056825,SAN- 2,387,311,154,-537
3,-2,0.0568424,SAN- 2,387,311,157,-535
2,-2,0.0568599,SAN- 2,387,311,159,-533
3,-2,0.0568831,SAN- 2,387,311,162,-531
3,-2,0.0569063,SAN- 2,387,311,165,-529
3,-2,0.0569411,SAN- 2,387,311,168,-527
3,-2,0.0569702,SAN- 2,387,311,171,-525
2,-1,0.0569992,SAN- 2,387,311,173,-524
3,-2,0.0570108,SAN- 2,387,311,176,-522
3,-2,0.057034,SAN- 2,387,311,179,-520
3,-2,0.0570572,SAN- 2,387,311,182,-518
3,-2,0.0570921,SAN- 2,387,311,185,-516
3,-2,0.0571211,SAN- 2,387,311,188,-514
2,-2,0.0571559,SAN- 2,387,311,190,-512
3,-2,0.0571675,SAN- 2,387,311,193,-510
3,-1,0.0571849,SAN- 2,387,311,196,-509
3,-2,0.0572082,SAN- 2,387,311,199,-507
3,-2,0.057243,SAN- 2,387,311,202,-505
2,-2,0.057272,SAN- 2,387,311,204,-503
3,-2,0.0573068,SAN- 2,387,311,207,-501
3,-2,0.0573127,SAN- 2,387,311,210,-499
3,-2,0.0573359,SAN- 2,387,311,213,-497
3,-2,0.0573618,SAN- 2,387,311,216,-495
2,-1,0.0573939,SAN- 2,387,311,218,-494
3,-2,0.0574113,SAN- 2,387,311,221,-492
3,-2,0.057452,SAN- 2,387,311,224,-490
3,-2,0.0574636,SAN- 2,387,311,227,-488
3,-2,0.0574868,SAN- 2,387,311,230,-486
2,-2,0.0575216,SAN- 2,387,311,232,-484
3,-2,0.0575449,SAN- 2,387,311,235,-482
3,-2,0.0575623,SAN- 2,387,311,238,-480
3,-1,0.0576145,SAN- 2,387,311,241,-479
3,-1,0.0576319,SAN- 2,387,311,244,-478
3,-1,0.0578815,SAN- 2,387,311,247,-477
2,-1,0.0579106,SAN- 2,387,311,249,-476
3,-1,0.0579338,SAN- 2,387,311,252,-475
3,-1,0.0579619,SAN- 2,387,311,255,-474
3,-1,0.0579918,SAN- 2,387,311,258,-473
3,-1,0.0580093,SAN- 2,387,311,261,-472
3,-1,0.0580325,SAN- 2,387,311,264,-471
2,-1,0.0580615,SAN- 2,387,311,266,-470
3,-1,0.0580873,SAN- 2,387,311,269,-469
3,-1,0.0581137,SAN- 2,387,311,272,-468
3,-1,0.0581428,SAN- 2,387,311,275,-467
2,-1,0.0584446,SAN- 2,387,311,277,-466
3,-1,0.058462,SAN- 2,387,311,280,-465
3,-1,0.0585143,SAN- 2,387,311,283,-464
2,-1,0.0585433,SAN- 2,387,311,285,-463
3,-1,0.0585754,SAN- 2,387,311,288,-462
3,-1,0.0585898,SAN- 2,387,311,291,-461
3,-1,0.0586188,SAN- 2,387,311,294,-460
3,-1,0.0586478,SAN- 2,387,311,297,-459
2,-1,0.058671,SAN- 2,387,311,299,-458
3,-1,0.0587054,SAN- 2,387,311,302,-457
3,-1,0.0587291,SAN- 2,387,311,305,-456
3,-1,0.0587429,SAN- 2,387,311,308,-455
3,-1,0.0587697,SAN- 2,387,311,311,-454
3,1,0.0589206,SAN- 2,387,311,314,-455
2,1,0.0589439,SAN- 2,387,311,316,-456
3,1,0.0589736,SAN- 2,387,311,319,-457
3,1,0.0589961,SAN- 2,387,311,322,-458
3,1,0.0590019,SAN- 2,387,311,325,-459
3,1,0.0590367,SAN- 2,387,311,328,-460
2,1,0.05906,SAN- 2,387,311,330,-461
3,1,0.0590832,SAN- 2,387,311,333,-462
3,1,0.0591176,SAN- 2,387,311,336,-463
3,1,0.059147,SAN- 2,387,311,339,-464
3,1,0.0591586,SAN- 2,387,311,342,-465
3,1,0.0592109,SAN- 2,387,311,345,-466
3,1,0.0592225,SAN- 2,387,311,348,-467
3,1,0.0592515,SAN- 2,387,311,351,-468
3,1,0.0592863,SAN- 2,387,311,354,-469
3,2,0.059298,SAN- 2,387,311,357,-471
2,2,0.0593212,SAN- 2,387,311,359,-473
3,2,0.0593502,SAN- 2,387,311,362,-475
3,2,0.0593734,SAN- 2,387,311,365,-477
3,2,0.0594083,SAN- 2,387,311,368,-479
3,1,0.0594373,SAN- 2,387,311,371,-480
2,2,0.0594489,SAN- 2,387,311,373,-482
3,2,0.0594721,SAN- 2,387,311,376,-484
3,2,0.0595011,SAN- 2,387,311,379,-486
3,1,0.0595244,SAN- 2,387,311,382,-487
3,1,0.0595592,SAN- 2,387,311,385,-488
3,-1,0.0595998,SAN- 2,387,311,388,-487
2,-1,0.059623,SAN- 2,387,311,390,-486
2,-1,0.0596463,SAN- 2,387,311,392,-485
2,-2,0.0596753,SAN- 2,387,311,394,-483
2,-2,0.0596927,SAN- 2,387,311,396,-481
1,-1,0.0597333,SAN- 2,387,311,397,-480
2,-2,0.0597362,SAN- 2,387,311,399,-478
1,-2,0.0597624,SAN- 2,387,311,400,-476
2,-2,0.0597856,SAN- 2,387,311,402,-474
2,-2,0.0598262,SAN- 2,387,311,404,-472
3,-2,0.0598494,SAN- 2,387,311,407,-470
3,-1,0.0598727,SAN- 2,387,311,410,-469
3,-1,0.0598901,SAN- 2,387,311,413,-468
2,-1,0.0599133,SAN- 2,387,311,415,-467
3,-1,0.0599365,SAN- 2,387,311,418,-466
2,-1,0.0599713,SAN- 2,387,311,420,-465
1,-1,0.0601687,SAN- 2,387,311,421,-464
1,-1,0.0601977,SAN- 2,387,311,422,-463
1,-1,0.060221,SAN- 2,387,311,423,-462
1,-1,0.0602442,SAN- 2,387,311,424,-461
1,-1,0.0602732,SAN- 2,387,311,425,-460
1,-1,0.0603246,SAN- 2,387,311,426,-459
1,-1,0.0603487,SAN- 2,387,311,427,-458
1,-1,0.0603719,SAN- 2,387,311,428,-457
1,1,0.0704958,-TIA- 3,329,115,429,-458
1,1,0.070548,-TIA- 3,329,115,430,-459
1,-1,0.0706235,-TIA- 3,329,115,431,-458
-2,-2,0.0706757,-TIA- 3,329,115,429,-456
-3,-2,0.0707036,-TIA- 3,329,115,426,-454
-2,-2,0.0707338,-TIA- 3,329,115,424,-452
-3,-3,0.0707512,-TIA- 3,329,115,421,-449
-3,-3,0.0707744,-TIA- 3,329,115,418,-446
-3,-3,0.0707976,-TIA- 3,329,115,415,-443
-3,-2,0.0708209,-TIA- 3,329,115,412,-441
-2,-3,0.0708557,-TIA- 3,329,115,410,-438
-3,-3,0.0708847,-TIA- 3,329,115,407,-435
-2,-3,0.0709021,-TIA- 3,329,115,405,-432
-2,-3,0.0709254,-TIA- 3,329,115,403,-429
-2,-2,0.0709602,-TIA- 3,329,115,401,-427
-2,-6,0.0709892,-TIA- 3,329,115,399,-421
-5,-3,0.071024,-TIA- 3,329,115,394,-418
-3,-3,0.0710473,-TIA- 3,329,115,391,-415
-3,-2,0.0710705,-TIA- 3,329,115,388,-413
-3,-3,0.0710937,-TIA- 3,329,115,385,-410
-3,-3,0.0711285,-TIA- 3,329,115,382,-407
-2,-3,0.0711401,-TIA- 3,329,115,380,-404
-3,-3,0.0711576,-TIA- 3,329,115,377,-401
-3,-3,0.0711924,-TIA- 3,329,115,374,-398
-3,-2,0.0712156,-TIA- 3,329,115,371,-396
-3,-3,0.0712388,-TIA- 3,329,115,368,-393
-3,-3,0.0712678,-TIA- 3,329,115,365,-390
-2,-3,0.0712853,-TIA- 3,329,115,363,-387
-3,-3,0.0713085,-TIA- 3,329,115,360,-384
-3,-2,0.0713433,-TIA- 3,329,115,357,-382
-3,-3,0.071375,-TIA- 3,329,115,354,-379
-2,-3,0.0713898,-TIA- 3,329,115,352,-376
-2,-3,0.0714246,-TIA- 3,329,115,350,-373
-2,-3,0.0714362,-TIA- 3,329,115,348,-370
-1,-2,0.0714652,-TIA- 3,329,115,347,-368
-1,-3,0.0714884,-TIA- 3,329,115,346,-365
-1,-3,0.0715175,-TIA- 3,329,115,345,-362
1,-3,0.0715407,-TIA- 3,329,115,346,-359
1,-3,0.0715755,-TIA- 3,329,115,347,-356
1,-3,0.0716045,-TIA- 3,329,115,348,-353
2,-2,0.0716161,-TIA- 3,329,115,350,-351
2,-3,0.0716394,-TIA- 3,329,115,352,-348
2,-3,0.0716684,-TIA- 3,329,115,354,-345
2,-3,0.0717032,-TIA- 3,329,115,356,-342
1,-3,0.0717264,-TIA- 3,329,115,357,-339
1,-2,0.0717439,-TIA- 3,329,115,358,-337
1,-3,0.0717671,-TIA- 3,329,115,359,-334
1,-3,0.0717903,-TIA- 3,329,115,360,-331
1,-3,0.071822,-TIA- 3,329,115,361,-328
1,-3,0.0718541,-TIA- 3,329,115,362,-325
1,-2,0.0718841,-TIA- 3,329,115,363,-323
1,-3,0.0718948,-TIA- 3,329,115,364,-320
1,-3,0.071918,-TIA- 3,329,115,365,-317
1,-3,0.0719412,-TIA- 3,329,115,366,-314
1,-3,0.0719644,-TIA- 3,329,115,367,-311
1,-3,0.0719993,-TIA- 3,329,115,368,-308
1,-2,0.0720337,-TIA- 3,329,115,369,-306
1,-3,0.0720399,-TIA- 3,329,115,370,-303
1,-3,0.0720631,-TIA- 3,329,115,371,-300
1,-3,0.0720863,-TIA- 3,329,115,372,-297
1,-3,0.0721212,-TIA- 3,329,115,373,-294
1,-2,0.0721502,-TIA- 3,329,115,374,-292
1,-3,0.072185,-TIA- 3,329,115,375,-289
1,-3,0.0721908,-TIA- 3,329,115,376,-286
1,-3,0.0722141,-TIA- 3,329,115,377,-283
1,-3,0.0722373,-TIA- 3,329,115,378,-280
1,-2,0.0722721,-TIA- 3,329,115,379,-278
2,-3,0.0722953,-TIA- 3,329,115,381,-275
2,-2,0.072336,-TIA- 3,329,115,383,-273
2,-2,0.0723418,-TIA- 3,329,115,385,-271
2,-2,0.072365,-TIA- 3,329,115,387,-269
2,-2,0.0723882,-TIA- 3,329,115,389,-267
2,-2,0.0724172,-TIA- 3,329,115,391,-265
1,-2,0.0724525,-TIA- 3,329,115,392,-263
2,-1,0.0724753,-TIA- 3,329,115,394,-262
2,-2,0.0724927,-TIA- 3,329,115,396,-260
2,-3,0.0725165,-TIA- 3,329,115,398,-257
1,-3,0.0725507,-TIA- 3,329,115,399,-254
1,-3,0.0725856,-TIA- 3,329,115,400,-251
1,-3,0.0726088,-TIA- 3,329,115,401,-248
1,-2,0.0726146,-TIA- 3,329,115,402,-246
-1,-3,0.0726494,-TIA- 3,329,115,401,-243
-1,-3,0.0726727,-TIA- 3,329,115,400,-240
-1,-3,0.0726959,-TIA- 3,329,115,399,-237
-1,-3,0.0727249,-TIA- 3,329,115,398,-234
-1,-5,0.0727655,-TIA- 3,329,115,397,-229
-1,-3,0.0728004,-TIA- 3,329,115,396,-226
-1,-3,0.0728236,-TIA- 3,329,115,395,-223
-1,-3,0.0728468,-TIA- 3,329,115,394,-220
-1,-2,0.0728791,-TIA- 3,329,115,393,-218
1,-3,0.0728932,-TIA- 3,329,115,394,-215
1,-3,0.0729223,-TIA- 3,329,115,395,-212
1,-3,0.0729513,-TIA- 3,329,115,396,-209
1,-3,0.0729803,-TIA- 3,329,115,397,-206
1,-3,0.0729977,-TIA- 3,329,115,398,-203
1,-2,0.0730326,-TIA- 3,329,115,399,-201
1,-3,0.0730442,-TIA- 3,329,115,400,-198
1,-3,0.0730732,-TIA- 3,329,115,401,-195
1,-3,0.0730964,-TIA- 3,329,115,402,-192
1,-3,0.0731371,-TIA- 3,329,115,403,-189
1,-2,0.0731487,-TIA- 3,329,115,404,-187
-1,-3,0.0731835,-TIA- 3,329,115,403,-184
-1,-3,0.0731951,-TIA- 3,329,115,402,-181
-1,-3,0.0732241,-TIA- 3,329,115,401,-178
-2,-3,0.0732473,-TIA- 3,329,115,399,-175
-2,-2,0.0732764,-TIA- 3,329,115,397,-173
-2,-2,0.0733112,-TIA- 3,329,115,395,-171
-2,-2,0.0733344,-TIA- 3,329,115,393,-169
-1,-2,0.0733518,-TIA- 3,329,115,392,-167
-1,-2,0.0733751,-TIA- 3,329,115,391,-165
-1,-2,0.0733983,-TIA- 3,329,115,390,-163
-1,-2,0.0734273,-TIA- 3,329,115,389,-161
-1,-1,0.0734679,-TIA- 3,329,115,388,-160
-1,-1,0.0735028,-TIA- 3,329,115,387,-159
-1,-1,0.073526,-TIA- 3,329,115,386,-158
-1,-1,0.073584,-TIA- 3,329,115,385,-157
-1,-1,0.0736131,-TIA- 3,329,115,384,-156
-1,-1,0.0736595,-TIA- 3,329,115,383,-155
-1,-1,0.0736769,-TIA- 3,329,115,382,-154
-1,-1,0.073735,-TIA- 3,329,115,381,-153
-1,-1,0.0737524,-TIA- 3,329,115,380,-152
-1,-1,0.0738104,-TIA- 3,329,115,379,-151
-1,-1,0.0738313,-TIA- 3,329,115,378,-150
-1,-1,0.0738627,-TIA- 3,329,115,377,-149
-2,-1,0.0738975,-TIA- 3,329,115,375,-148
-2,-1,0.0739033,-TIA- 3,329,115,373,-147
-2,-1,0.0739381,-TIA- 3,329,115,371,-146
-2,-1,0.0739614,-TIA- 3,329,115,369,-145
-2,-1,0.0739846,-TIA- 3,329,115,367,-144
-1,-1,0.0742748,-TIA- 3,329,115,366,-143
-1,-1,0.074298,-TIA- 3,329,115,365,-142
-1,-2,0.0743213,-TIA- 3,329,115,364,-140
-1,-2,0.0743503,-TIA- 3,329,115,363,-138
-1,-1,0.0743619,-TIA- 3,329,115,362,-137
-1,-2,0.0743851,-TIA- 3,329,115,361,-135
-1,-3,0.0744141,-TIA- 3,329,115,360,-132
-1,-3,0.0744382,-TIA- 3,329,115,359,-129
-1,-3,0.0744722,-TIA- 3,329,115,358,-126
-1,-3,0.0745012,-TIA- 3,329,115,357,-123
-1,-2,0.0745128,-TIA- 3,329,115,356,-121
-1,-2,0.0745361,-TIA- 3,329,115,355,-119
-1,-2,0.0745693,-TIA- 3,329,115,354,-117
-1,-2,0.0745999,-TIA- 3,329,115,353,-115
1,-2,0.0746231,-TIA- 3,329,115,354,-113
1,-1,0.074658,-TIA- 3,329,115,355,-112
1,-1,0.0746638,-TIA- 3,329,115,356,-111
1,1,0.0852346,GO 4,282,431,357,-112
1,1,0.0852637,GO 4,282,431,358,-113
1,2,0.0852985,GO 4,282,431,359,-115
1,3,0.0853275,GO 4,282,431,360,-118
1,3,0.0853391,GO 4,282,431,361,-121
1,2,0.0853624,GO 4,282,431,362,-123
1,4,0.0853914,GO 4,282,431,363,-127
1,4,0.0854262,GO 4,282,431,364,-131
1,4,0.0854494,GO 4,282,431,365,-135
1,3,0.0854668,GO 4,282,431,366,-138
1,4,0.0854959,GO 4,282,431,367,-142
1,4,0.0855307,GO 4,282,431,368,-146
1,4,0.0855423,GO 4,282,431,369,-150
1,3,0.0855771,GO 4,282,431,370,-153
1,4,0.085612,GO 4,282,431,371,-157
1,4,0.0856178,GO 4,282,431,372,-161
1,4,0.085641,GO 4,282,431,373,-165
1,3,0.0856874,GO 4,282,431,374,-168
1,8,0.0857165,GO 4,282,431,375,-176
4,4,0.0857455,GO 4,282,431,379,-180
1,3,0.0857687,GO 4,282,431,380,-183
3,4,0.0857919,GO 4,282,431,383,-187
3,4,0.0858268,GO 4,282,431,386,-191
3,4,0.08585,GO 4,282,431,389,-195
3,3,0.0858674,GO 4,282,431,392,-198
2,4,0.0858964,GO 4,282,431,394,-202
1,4,0.0859236,GO 4,282,431,395,-206
1,4,0.0859487,GO 4,282,431,396,-210
1,3,0.0859777,GO 4,282,431,397,-213
1,4,0.0860125,GO 4,282,431,398,-217
1,4,0.0860183,GO 4,282,431,399,-221
-1,4,0.0860415,GO 4,282,431,398,-225
-1,3,0.0860764,GO 4,282,431,397,-228
-1,4,0.0860996,GO 4,282,431,396,-232
-2,4,0.0861286,GO 4,282,431,394,-236
-2,3,0.0861554,GO 4,282,431,392,-239
-2,3,0.0861751,GO 4,282,431,390,-242
-2,2,0.0861867,GO 4,282,431,388,-244
-2,3,0.0862215,GO 4,282,431,386,-247
-2,3,0.0862447,GO 4,282,431,384,-250
-1,3,0.0862737,GO 4,282,431,383,-253
-1,3,0.0862984,GO 4,282,431,382,-256
-1,2,0.0863144,GO 4,282,431,381,-258
1,3,0.0863376,GO 4,282,431,382,-261
2,3,0.0863724,GO 4,282,431,384,-264
2,3,0.0864015,GO 4,282,431,386,-267
2,3,0.0864363,GO 4,282,431,388,-270
3,2,0.0864537,GO 4,282,431,391,-272
3,3,0.0864711,GO 4,282,431,394,-275
2,3,0.0864889,GO 4,282,431,396,-278
3,3,0.0865234,GO 4,282,431,399,-281
2,3,0.0865524,GO 4,282,431,401,-284
1,3,0.0865814,GO 4,282,431,402,-287
1,2,0.0866104,GO 4,282,431,403,-289
-1,4,0.0866162,GO 4,282,431,402,-293
-2,4,0.0866337,GO 4,282,431,400,-297
-3,4,0.0866685,GO 4,282,431,397,-301
-3,3,0.0866975,GO 4,282,431,394,-304
-4,4,0.0867207,GO 4,282,431,390,-308
-4,4,0.0867498,GO 4,282,431,386,-312
-4,4,0.0867672,GO 4,282,431,382,-316
-3,3,0.0867904,GO 4,282,431,379,-319
-4,4,0.0868136,GO 4,282,431,375,-323
-4,4,0.0868426,GO 4,282,431,371,-327
-4,4,0.0868833,GO 4,282,431,367,-331
-3,3,0.0868926,GO 4,282,431,364,-334
-4,4,0.0869181,GO 4,282,431,360,-338
-4,3,0.0869471,GO 4,282,431,356,-341
-4,3,0.0869645,GO 4,282,431,352,-344
-3,3,0.0869936,GO 4,282,431,349,-347
-3,2,0.0870284,GO 4,282,431,346,-349
-3,3,0.0870632,GO 4,282,431,343,-352
-3,2,0.087069,GO 4,282,431,340,-354
-2,2,0.0870922,GO 4,282,431,338,-356
-1,2,0.0871155,GO 4,282,431,337,-358
-1,1,0.0871497,GO 4,282,431,336,-359
-1,1,0.0871677,GO 4,282,431,335,-360
-1,1,0.0872141,GO 4,282,431,334,-361
-1,1,0.0872374,GO 4,282,431,333,-362
-1,1,0.0872838,GO 4,282,431,332,-363
-1,1,0.0873012,GO 4,282,431,331,-364
-1,2,0.0873593,GO 4,282,431,330,-366
-1,2,0.0873825,GO 4,282,431,329,-368
-1,2,0.0874115,GO 4,282,431,328,-370
-1,1,0.0874463,GO 4,282,431,327,-371
-1,3,0.0874522,GO 4,282,431,326,-374
-1,3,0.0874812,GO 4,282,431,325,-377
-1,3,0.0875102,GO 4,282,431,324,-380
-1,3,0.0875276,GO 4,282,431,323,-383
-1,2,0.0875566,GO 4,282,431,322,-385
-1,3,0.0875857,GO 4,282,431,321,-388
-1,3,0.0875927,GO 4,282,431,320,-391
-2,3,0.0876205,GO 4,282,431,318,-394
-2,3,0.0876379,GO 4,282,431,316,-397
-3,3,0.0876611,GO 4,282,431,313,-400
-2,2,0.087696,GO 4,282,431,311,-402
-3,3,0.087725,GO 4,282,431,308,-405
-3,3,0.0877308,GO 4,282,431,305,-408
-3,3,0.087754,GO 4,282,431,302,-411
-3,4,0.0877888,GO 4,282,431,299,-415
-2,3,0.0878121,GO 4,282,431,297,-418
-2,4,0.0878469,GO 4,282,431,295,-422
-1,4,0.0878759,GO 4,282,431,294,-426
-1,4,0.0878875,GO 4,282,431,293,-430
-1,3,0.0879107,GO 4,282,431,292,-433
-1,4,0.0879398,GO 4,282,431,291,-437
1,4,0.0879746,GO 4,282,431,292,-441
1,4,0.0879978,GO 4,282,431,293,-445
1,3,0.0880268,GO 4,282,431,294,-448
1,4,0.0880385,GO 4,282,431,295,-452
-1,4,0.0880617,GO 4,282,431,294,-456
-1,4,0.0880907,GO 4,282,431,293,-460
-2,3,0.0881255,GO 4,282,431,291,-463
-3,4,0.0881429,GO 4,282,431,288,-467
-3,4,0.088172,GO 4,282,431,285,-471
-3,4,0.0881894,GO 4,282,431,282,-475
-3,3,0.0882126,GO 4,282,431,279,-478
-4,4,0.0882474,GO 4,282,431,275,-482
-4,4,0.0882823,GO 4,282,431,271,-486
-4,4,0.0882939,GO 4,282,431,267,-490
-3,3,0.0883345,GO 4,282,431,264,-493
-4,4,0.0883403,GO 4,282,431,260,-497
-4,4,0.0883635,GO 4,282,431,256,-501
-3,4,0.0883868,GO 4,282,431,253,-505
-2,3,0.0884216,GO 4,282,431,251,-508
-2,4,0.0884448,GO 4,282,431,249,-512
-1,4,0.0884796,GO 4,282,431,248,-516
-1,4,0.0884912,GO 4,282,431,247,-520
-1,3,0.0885145,GO 4,282,431,246,-523
-1,4,0.0885414,GO 4,282,431,245,-527
1,4,0.0885725,GO 4,282,431,246,-531
1,4,0.0885899,GO 4,282,431,247,-535
1,6,0.088648,GO 4,282,431,248,-541
2,3,0.0886712,GO 4,282,431,250,-544
2,3,0.0886944,GO 4,282,431,252,-547
2,3,0.0887234,GO 4,282,431,254,-550
1,2,0.0887409,GO 4,282,431,255,-552
1,3,0.0887699,GO 4,282,431,256,-555
1,3,0.0887989,GO 4,282,431,257,-558
1,2,0.0888279,GO 4,282,431,258,-560
1,1,0.0888628,GO 4,282,431,259,-561
1,1,0.0888918,GO 4,282,431,260,-562
1,-1,0.0995672,FRAY 5,338,307,261,-561
1,-1,0.0995904,FRAY 5,338,307,262,-560
-1,-1,0.0999436,FRAY 5,338,307,261,-559
1,-1,0.0999735,FRAY 5,338,307,262,-558
1,-2,0.100014,FRAY 5,338,307,263,-556
2,-3,0.100037,FRAY 5,338,307,265,-553
3,-3,0.100043,FRAY 5,338,307,268,-550
3,-3,0.100072,FRAY 5,338,307,271,-547
3,-2,0.100095,FRAY 5,338,307,274,-545
3,-3,0.100124,FRAY 5,338,307,277,-542
2,-3,0.100159,FRAY 5,338,307,279,-539
3,-3,0.100188,FRAY 5,338,307,282,-536
3,-3,0.1002,FRAY 5,338,307,285,-533
3,-2,0.100229,FRAY 5,338,307,288,-531
3,-3,0.100246,FRAY 5,338,307,291,-528
2,-3,0.100275,FRAY 5,338,307,293,-525
3,-3,0.10031,FRAY 5,338,307,296,-522
3,-3,0.100345,FRAY 5,338,307,299,-519
3,-2,0.100351,FRAY 5,338,307,302,-517
2,-3,0.100374,FRAY 5,338,307,304,-514
2,-3,0.100397,FRAY 5,338,307,306,-511
2,-3,0.100432,FRAY 5,338,307,308,-508
2,-3,0.100461,FRAY 5,338,307,310,-505
2,-3,0.100496,FRAY 5,338,307,312,-502
2,-2,0.100502,FRAY 5,338,307,314,-500
2,-3,0.100531,FRAY 5,338,307,316,-497
2,-3,0.100558,FRAY 5,338,307,318,-494
2,-3,0.100583,FRAY 5,338,307,320,-491
-1,-3,0.100606,FRAY 5,338,307,319,-488
-1,-2,0.100647,FRAY 5,338,307,318,-486
-1,-3,0.100653,FRAY 5,338,307,317,-483
-1,-3,0.100676,FRAY 5,338,307,316,-480
-1,-3,0.100711,FRAY 5,338,307,315,-477
1,-3,0.10074,FRAY 5,338,307,316,-474
1,-2,0.100763,FRAY 5,338,307,317,-472
1,-1,0.100775,FRAY 5,338,307,318,-471
1,-2,0.100804,FRAY 5,338,307,319,-469
1,-2,0.100827,FRAY 5,338,307,320,-467
1,-2,0.100844,FRAY 5,338,307,321,-465
1,-4,0.100867,FRAY 5,338,307,322,-461
2,-2,0.100891,FRAY 5,338,307,324,-459
1,-2,0.100926,FRAY 5,338,307,325,-457
1,-1,0.100949,FRAY 5,338,307,326,-456
1,-2,0.100972,FRAY 5,338,307,327,-454
1,-2,0.101006,FRAY 5,338,307,328,-452
1,-4,0.101047,FRAY 5,338,307,329,-448
3,-2,0.101065,FRAY 5,338,307,332,-446
1,-2,0.1011,FRAY 5,338,307,333,-444
2,-2,0.101123,FRAY 5,338,307,335,-442
2,-3,0.101158,FRAY 5,338,307,337,-439
2,-3,0.101169,FRAY 5,338,307,339,-436
2,-3,0.101198,FRAY 5,338,307,341,-433
2,-3,0.101227,FRAY 5,338,307,343,-430
2,-3,0.101251,FRAY 5,338,307,345,-427
2,-2,0.101274,FRAY 5,338,307,347,-425
1,-3,0.101309,FRAY 5,338,307,348,-422
2,-3,0.101338,FRAY 5,338,307,350,-419
2,-3,0.101349,FRAY 5,338,307,352,-416
2,-3,0.101378,FRAY 5,338,307,354,-413
2,-2,0.101413,FRAY 5,338,307,356,-411
2,-3,0.101431,FRAY 5,338,307,358,-408
2,-3,0.10146,FRAY 5,338,307,360,-405
2,-3,0.101491,FRAY 5,338,307,362,-402
1,-3,0.1015,FRAY 5,338,307,363,-399
1,-2,0.101523,FRAY 5,338,307,364,-397
1,-2,0.101558,FRAY 5,338,307,365,-395
1,-2,0.101581,FRAY 5,338,307,366,-393
1,-2,0.101611,FRAY 5,338,307,367,-391
1,-2,0.101645,FRAY 5,338,307,368,-389
1,-2,0.101651,FRAY 5,338,307,369,-387
1,-2,0.101674,FRAY 5,338,307,370,-385
1,-2,0.101709,FRAY 5,338,307,371,-383
1,-1,0.101744,FRAY 5,338,307,372,-382
1,-2,0.10175,FRAY 5,338,307,373,-380
1,-2,0.101773,FRAY 5,338,307,374,-378
1,-1,0.101796,FRAY 5,338,307,375,-377
1,-1,0.101814,FRAY 5,338,307,376,-376
1,-1,0.116059,SAN- 6,280,234,377,-375
1,-1,0.116106,SAN- 6,280,234,378,-374
1,-2,0.116146,SAN- 6,280,234,379,-372
1,-2,0.116181,SAN- 6,280,234,380,-370
1,-3,0.11621,SAN- 6,280,234,381,-367
-1,-2,0.116233,SAN- 6,280,234,380,-365
-2,-3,0.116262,SAN- 6,280,234,378,-362
-2,-3,0.116291,SAN- 6,280,234,376,-359
-3,-3,0.116309,SAN- 6,280,234,373,-356
-2,-2,0.116355,SAN- 6,280,234,371,-354
-4,-3,0.116361,SAN- 6,280,234,367,-351
-4,-3,0.11639,SAN- 6,280,234,363,-348
-4,-3,0.116413,SAN- 6,280,234,359,-345
-3,-3,0.116442,SAN- 6,280,234,356,-342
-4,-3,0.11646,SAN- 6,280,234,352,-339
-4,-2,0.116506,SAN- 6,280,234,348,-337
-4,-3,0.116518,SAN- 6,280,234,344,-334
-3,-3,0.116541,SAN- 6,280,234,341,-331
-4,-3,0.116564,SAN- 6,280,234,337,-328
-4,-3,0.116593,SAN- 6,280,234,333,-325
-4,-2,0.116611,SAN- 6,280,234,329,-323
-3,-3,0.116634,SAN- 6,280,234,326,-320
-4,-3,0.116674,SAN- 6,280,234,322,-317
-4,-3,0.116692,SAN- 6,280,234,318,-314
-4,-3,0.116727,SAN- 6,280,234,314,-311
-3,-2,0.11675,SAN- 6,280,234,311,-309
-4,-3,0.116762,SAN- 6,280,234,307,-306
-3,-3,0.116791,SAN- 6,280,234,304,-303
-3,-3,0.11682,SAN- 6,280,234,301,-300
-3,-3,0.116843,SAN- 6,280,234,298,-297
-2,-3,0.116872,SAN- 6,280,234,296,-294
-3,-2,0.116907,SAN- 6,280,234,293,-292
-3,-3,0.116912,SAN- 6,280,234,290,-289
-3,-3,0.116936,SAN- 6,280,234,287,-286
-3,-3,0.116963,SAN- 6,280,234,284,-283
-2,-3,0.116994,SAN- 6,280,234,282,-280
-4,-2,0.117023,SAN- 6,280,234,278,-278
-4,-3,0.117046,SAN- 6,280,234,274,-275
-4,-3,0.117058,SAN- 6,280,234,270,-272
-3,-3,0.117081,SAN- 6,280,234,267,-269
-4,-3,0.11711,SAN- 6,280,234,263,-266
-4,-2,0.117133,SAN- 6,280,234,259,-264
-4,-3,0.117168,SAN- 6,280,234,255,-261
-3,-2,0.117197,SAN- 6,280,234,252,-259
-1,-2,0.117214,SAN- 6,280,234,251,-257
-1,-1,0.117232,SAN- 6,280,234,250,-256
-1,-1,0.117261,SAN- 6,280,234,249,-255
1,-1,0.117313,SAN- 6,280,234,250,-254
2,-1,0.117342,SAN- 6,280,234,252,-253
2,-1,0.117354,SAN- 6,280,234,254,-252
2,-1,0.117377,SAN- 6,280,234,256,-251
3,-1,0.117406,SAN- 6,280,234,259,-250
2,-1,0.117441,SAN- 6,280,234,261,-249
3,-1,0.11747,SAN- 6,280,234,264,-248
3,-1,0.117481,SAN- 6,280,234,267,-247
3,-1,0.117505,SAN- 6,280,234,270,-246
3,-1,0.117534,SAN- 6,280,234,273,-245
2,-1,0.117558,SAN- 6,280,234,275,-244
3,-1,0.117592,SAN- 6,280,234,278,-243
3,-1,0.117622,SAN- 6,280,234,281,-242
3,-1,0.117656,SAN- 6,280,234,284,-241
1,-1,0.117679,SAN- 6,280,234,285,-240
1,1,0.117894,SAN- 6,280,234,286,-241
1,1,0.117905,SAN- 6,280,234,287,-242
1,2,0.117923,SAN- 6,280,234,288,-244
1,3,0.117946,SAN- 6,280,234,289,-247
1,3,0.117981,SAN- 6,280,234,290,-250
2,3,0.11801,SAN- 6,280,234,292,-253
2,3,0.118021,SAN- 6,280,234,294,-256
2,2,0.118044,SAN- 6,280,234,296,-258
2,3,0.118068,SAN- 6,280,234,298,-261
2,2,0.118102,SAN- 6,280,234,300,-263
2,1,0.118126,SAN- 6,280,234,302,-264
1,1,0.118155,SAN- 6,280,234,303,-265
-1,-1,0.130717,-TIA- 7,121,109,302,-264
-1,-1,0.130763,-TIA- 7,121,109,301,-263
-2,-2,0.130781,-TIA- 7,121,109,299,-261
-2,-2,0.130792,-TIA- 7,121,109,297,-259
-3,-2,0.130815,-TIA- 7,121,109,294,-257
-3,-3,0.130839,-TIA- 7,121,109,291,-254
-3,-3,0.130856,-TIA- 7,121,109,288,-251
-2,-3,0.130897,-TIA- 7,121,109,286,-248
-3,-6,0.130932,-TIA- 7,121,109,283,-242
-6,-2,0.130961,-TIA- 7,121,109,277,-240
-3,-3,0.130984,-TIA- 7,121,109,274,-237
-2,-3,0.131007,-TIA- 7,121,109,272,-234
-2,-2,0.131042,-TIA- 7,121,109,270,-232
-2,-2,0.131077,-TIA- 7,121,109,268,-230
-1,-2,0.131082,-TIA- 7,121,109,267,-228
-1,-1,0.131113,-TIA- 7,121,109,266,-227
-1,-2,0.13114,-TIA- 7,121,109,265,-225
-2,-2,0.131152,-TIA- 7,121,109,263,-223
-2,-2,0.131181,-TIA- 7,121,109,261,-221
-2,-2,0.13121,-TIA- 7,121,109,259,-219
-2,-2,0.131216,-TIA- 7,121,109,257,-217
-3,-2,0.131239,-TIA- 7,121,109,254,-215
-4,-2,0.131274,-TIA- 7,121,109,250,-213
-4,-1,0.131297,-TIA- 7,121,109,246,-212
-3,-2,0.131326,-TIA- 7,121,109,243,-210
-4,-2,0.131352,-TIA- 7,121,109,239,-208
-4,-2,0.131367,-TIA- 7,121,109,235,-206
-4,-2,0.13139,-TIA- 7,121,109,231,-204
-3,-2,0.131425,-TIA- 7,121,109,228,-202
-4,-2,0.131448,-TIA- 7,121,109,224,-200
-4,-2,0.131477,-TIA- 7,121,109,220,-198
-4,-1,0.131512,-TIA- 7,121,109,216,-197
-3,-2,0.131518,-TIA- 7,121,109,213,-195
-4,-2,0.131541,-TIA- 7,121,109,209,-193
-4,-2,0.131576,-TIA- 7,121,109,205,-191
-4,-2,0.131605,-TIA- 7,121,109,201,-189
-3,-2,0.131634,-TIA- 7,121,109,198,-187
-4,-2,0.131657,-TIA- 7,121,109,194,-185
-4,-2,0.131675,-TIA- 7,121,109,190,-183
-4,-1,0.131698,-TIA- 7,121,109,186,-182
-3,-3,0.131733,-TIA- 7,121,109,183,-179
-4,-3,0.131762,-TIA- 7,121,109,179,-176
-4,-3,0.131779,-TIA- 7,121,109,175,-173
-4,-3,0.13182,-TIA- 7,121,109,171,-170
-3,-3,0.131825,-TIA- 7,121,109,168,-167
-4,-2,0.131849,-TIA- 7,121,109,164,-165
-4,-3,0.131872,-TIA- 7,121,109,160,-162
-4,-3,0.131913,-TIA- 7,121,109,156,-159
-3,-3,0.131947,-TIA- 7,121,109,153,-156
-4,-3,0.131964,-TIA- 7,121,109,149,-153
-4,-2,0.131982,-TIA- 7,121,109,145,-151
-4,-3,0.132005,-TIA- 7,121,109,141,-148
-3,-3,0.132025,-TIA- 7,121,109,138,-145
-4,-3,0.132052,-TIA- 7,121,109,134,-142
-4,-3,0.132093,-TIA- 7,121,109,130,-139
-3,-2,0.132116,-TIA- 7,121,109,127,-137
-2,-3,0.132122,-TIA- 7,121,109,125,-134
-3,-3,0.132139,-TIA- 7,121,109,122,-131
-3,-3,0.132151,-TIA- 7,121,109,119,-128
-3,-2,0.132185,-TIA- 7,121,109,116,-126
-2,-2,0.132214,-TIA- 7,121,109,114,-124
-2,-2,0.132232,-TIA- 7,121,109,112,-122
-2,-1,0.132255,-TIA- 7,121,109,110,-121
-1,-2,0.13229,-TIA- 7,121,109,109,-119
-2,-2,0.132301,-TIA- 7,121,109,107,-117
-1,-2,0.132336,-TIA- 7,121,109,106,-115
-1,-2,0.13236,-TIA- 7,121,109,105,-113
-1,-1,0.132389,-TIA- 7,121,109,104,-112
-1,-1,0.1324,-TIA- 7,121,109,103,-111
-1,-1,0.132574,-TIA- 7,121,109,102,-110
-1,-1,0.132608,-TIA- 7,121,109,101,-109
-2,-1,0.132621,-TIA- 7,121,109,99,-108
-1,-1,0.13265,-TIA- 7,121,109,98,-107
-2,-1,0.132679,-TIA- 7,121,109,96,-106
-2,-1,0.132702,-TIA- 7,121,109,94,-105
-2,-1,0.132725,-TIA- 7,121,109,92,-104
-2,-1,0.13276,-TIA- 7,121,109,90,-103
-2,-1,0.132774,-TIA- 7,121,109,88,-102
-1,-1,0.132824,-TIA- 7,121,109,87,-101
-1,-2,0.132853,-TIA- 7,121,109,86,-99
-1,-2,0.132876,-TIA- 7,121,109,85,-97
-1,-2,0.132911,-TIA- 7,121,109,84,-95
-1,-2,0.132928,-TIA- 7,121,109,83,-93
-1,-2,0.132957,-TIA- 7,121,109,82,-91
-1,-1,0.132975,-TIA- 7,121,109,81,-90
-1,-1,0.133007,-TIA- 7,121,109,80,-89
-1,-1,0.133039,-TIA- 7,121,109,79,-88
-1,-1,0.133062,-TIA- 7,121,109,78,-87
-1,-1,0.133103,-TIA- 7,121,109,77,-86
-1,-1,0.133126,-TIA- 7,121,109,76,-85
-1,-1,0.133178,-TIA- 7,121,109,75,-84
-1,-1,0.133219,-TIA- 7,121,109,74,-83
1,-2,0.13323,-TIA- 7,121,109,75,-81
1,-2,0.133259,-TIA- 7,121,109,76,-79
1,-2,0.133277,-TIA- 7,121,109,77,-77
1,-2,0.133306,-TIA- 7,121,109,78,-75
1,-2,0.133341,-TIA- 7,121,109,79,-73
1,-2,0.13337,-TIA- 7,121,109,80,-71
1,-2,0.133381,-TIA- 7,121,109,81,-69
1,-1,0.133416,-TIA- 7,121,109,82,-68
1,-2,0.133445,-TIA- 7,121,109,83,-66
1,-1,0.133468,-TIA- 7,121,109,84,-65
1,-1,0.13348,-TIA- 7,121,109,85,-64
1,-1,0.133526,-TIA- 7,121,109,86,-63
1,-1,0.133555,-TIA- 7,121,109,87,-62
1,-1,0.13359,-TIA- 7,121,109,88,-61
1,-1,0.13363,-TIA- 7,121,109,89,-60
1,-1,0.13366,-TIA- 7,121,109,90,-59
-1,-1,0.133683,-TIA- 7,121,109,89,-58
-1,-1,0.133741,-TIA- 7,121,109,88,-57
-1,-1,0.13377,-TIA- 7,121,109,87,-56
-1,-1,0.133782,-TIA- 7,121,109,86,-55
-1,-1,0.133805,-TIA- 7,121,109,85,-54
-1,1,0.145334,GO 8,142,496,84,-55
-1,1,0.14538,GO 8,142,496,83,-56
-1,1,0.145403,GO 8,142,496,82,-57
-1,1,0.145438,GO 8,142,496,81,-58
-1,2,0.145479,GO 8,142,496,80,-60
-1,5,0.145508,GO 8,142,496,79,-65
-3,3,0.145531,GO 8,142,496,76,-68
-2,3,0.14556,GO 8,142,496,74,-71
-2,2,0.145589,GO 8,142,496,72,-73
-2,3,0.145622,GO 8,142,496,70,-76
-2,3,0.145641,GO 8,142,496,68,-79
-1,3,0.145659,GO 8,142,496,67,-82
-1,4,0.145688,GO 8,142,496,66,-86
1,3,0.145717,GO 8,142,496,67,-89
1,4,0.145752,GO 8,142,496,68,-93
2,4,0.145757,GO 8,142,496,70,-97
2,4,0.145786,GO 8,142,496,72,-101
2,3,0.145816,GO 8,142,496,74,-104
2,4,0.145839,GO 8,142,496,76,-108
2,4,0.145868,GO 8,142,496,78,-112
2,4,0.145885,GO 8,142,496,80,-116
1,3,0.145903,GO 8,142,496,81,-119
2,4,0.145932,GO 8,142,496,83,-123
2,4,0.145955,GO 8,142,496,85,-127
3,4,0.145984,GO 8,142,496,88,-131
3,3,0.146013,GO 8,142,496,91,-134
3,4,0.146048,GO 8,142,496,94,-138
2,4,0.146054,GO 8,142,496,96,-142
3,4,0.146088,GO 8,142,496,99,-146
3,3,0.146114,GO 8,142,496,102,-149
3,4,0.146135,GO 8,142,496,105,-153
3,4,0.146175,GO 8,142,496,108,-157
2,4,0.146199,GO 8,142,496,110,-161
3,3,0.146204,GO 8,142,496,113,-164
2,4,0.146228,GO 8,142,496,115,-168
2,4,0.146262,GO 8,142,496,117,-172
1,4,0.146286,GO 8,142,496,118,-176
1,3,0.146321,GO 8,142,496,119,-179
-1,4,0.14635,GO 8,142,496,118,-183
-1,4,0.146355,GO 8,142,496,117,-187
-2,4,0.146383,GO 8,142,496,115,-191
-2,3,0.146413,GO 8,142,496,113,-194
-2,4,0.146448,GO 8,142,496,111,-198
-3,4,0.146477,GO 8,142,496,108,-202
-3,4,0.1465,GO 8,142,496,105,-206
-3,3,0.146512,GO 8,142,496,102,-209
-3,4,0.146535,GO 8,142,496,99,-213
-2,4,0.146564,GO 8,142,496,97,-217
-1,4,0.146605,GO 8,142,496,96,-221
-1,3,0.146622,GO 8,142,496,95,-224
-1,3,0.146651,GO 8,142,496,94,-227
1,3,0.146663,GO 8,142,496,95,-230
1,3,0.146686,GO 8,142,496,96,-233
1,3,0.146715,GO 8,142,496,97,-236
1,2,0.14675,GO 8,142,496,98,-238
1,3,0.146785,GO 8,142,496,99,-241
1,3,0.146791,GO 8,142,496,100,-244
1,3,0.146814,GO 8,142,496,101,-247
1,3,0.146837,GO 8,142,496,102,-250
1,3,0.146866,GO 8,142,496,103,-253
1,4,0.146901,GO 8,142,496,104,-257
1,4,0.146936,GO 8,142,496,105,-261
1,4,0.146942,GO 8,142,496,106,-265
1,3,0.146965,GO 8,142,496,107,-268
1,4,0.147,GO 8,142,496,108,-272
1,4,0.147023,GO 8,142,496,109,-276
1,4,0.147052,GO 8,142,496,110,-280
1,3,0.147087,GO 8,142,496,111,-283
1,4,0.147098,GO 8,142,496,112,-287
1,4,0.147116,GO 8,142,496,113,-291
2,4,0.147151,GO 8,142,496,115,-295
2,3,0.14718,GO 8,142,496,117,-298
2,4,0.147191,GO 8,142,496,119,-302
1,4,0.147215,GO 8,142,496,120,-306
2,4,0.147244,GO 8,142,496,122,-310
2,3,0.147267,GO 8,142,496,124,-313
2,4,0.147296,GO 8,142,496,126,-317
2,4,0.147331,GO 8,142,496,128,-321
2,4,0.147342,GO 8,142,496,130,-325
2,3,0.147365,GO 8,142,496,132,-328
1,3,0.147394,GO 8,142,496,133,-331
1,3,0.147423,GO 8,142,496,134,-334
1,3,0.147447,GO 8,142,496,135,-337
1,3,0.147487,GO 8,142,496,136,-340
1,3,0.147493,GO 8,142,496,137,-343
1,3,0.147516,GO 8,142,496,138,-346
2,4,0.147551,GO 8,142,496,140,-350
2,4,0.147563,GO 8,142,496,142,-354
2,4,0.147586,GO 8,142,496,144,-358
2,3,0.147621,GO 8,142,496,146,-361
2,4,0.147638,GO 8,142,496,148,-365
1,4,0.147661,GO 8,142,496,149,-369
1,4,0.147691,GO 8,142,496,150,-373
1,3,0.147725,GO 8,142,496,151,-376
1,4,0.147749,GO 8,142,496,152,-380
1,4,0.147772,GO 8,142,496,153,-384
1,4,0.147789,GO 8,142,496,154,-388
1,3,0.147812,GO 8,142,496,155,-391
1,4,0.147836,GO 8,142,496,156,-395
1,4,0.14787,GO 8,142,496,157,-399
1,4,0.147905,GO 8,142,496,158,-403
2,7,0.14794,GO 8,142,496,160,-410
4,4,0.147975,GO 8,142,496,164,-414
1,4,0.147987,GO 8,142,496,165,-418
1,3,0.148019,GO 8,142,496,166,-421
1,4,0.14805,GO 8,142,496,167,-425
1,4,0.14808,GO 8,142,496,168,-429
-1,4,0.148091,GO 8,142,496,167,-433
-1,3,0.148126,GO 8,142,496,166,-436
-2,4,0.148138,GO 8,142,496,164,-440
-3,4,0.148167,GO 8,142,496,161,-444
-3,4,0.148201,GO 8,142,496,158,-448
-2,3,0.148213,GO 8,142,496,156,-451
-4,4,0.148236,GO 8,142,496,152,-455
-4,4,0.148271,GO 8,142,496,148,-459
-4,4,0.148283,GO 8,142,496,144,-463
-3,3,0.148317,GO 8,142,496,141,-466
-4,4,0.148329,GO 8,142,496,137,-470
-3,4,0.148364,GO 8,142,496,134,-474
-3,4,0.148387,GO 8,142,496,131,-478
-2,3,0.148422,GO 8,142,496,129,-481
-2,3,0.148445,GO 8,142,496,127,-484
-1,3,0.148468,GO 8,142,496,126,-487
-1,3,0.148486,GO 8,142,496,125,-490
-1,3,0.148532,GO 8,142,496,124,-493
-1,2,0.148543,GO 8,142,496,123,-495
-1,2,0.148561,GO 8,142,496,122,-497
-1,2,0.148596,GO 8,142,496,121,-499
-1,2,0.148625,GO 8,142,496,120,-501
-1,1,0.148637,GO 8,142,496,119,-502
-1,1,0.148666,GO 8,142,496,118,-503
-1,1,0.148886,GO 8,142,496,117,-504
-1,2,0.148939,GO 8,142,496,116,-506
-1,2,0.148962,GO 8,142,496,115,-508
-2,2,0.148979,GO 8,142,496,113,-510
-3,3,0.149002,GO 8,142,496,110,-513
-3,2,0.149031,GO 8,142,496,107,-515
-4,4,0.149066,GO 8,142,496,103,-519
-3,4,0.149084,GO 8,142,496,100,-523
-4,4,0.149104,GO 8,142,496,96,-527
-4,3,0.149136,GO 8,142,496,92,-530
-4,4,0.149159,GO 8,142,496,88,-534
-2,4,0.149188,GO 8,142,496,86,-538
-3,4,0.149211,GO 8,142,496,83,-542
-2,3,0.149229,GO 8,142,496,81,-545
-2,4,0.149252,GO 8,142,496,79,-549
-1,4,0.149275,GO 8,142,496,78,-553
-1,4,0.149316,GO 8,142,496,77,-557
-1,3,0.149339,GO 8,142,496,76,-560
-1,4,0.149362,GO 8,142,496,75,-564
-1,4,0.14938,GO 8,142,496,74,-568
-1,4,0.149403,GO 8,142,496,73,-572
1,3,0.149438,GO 8,142,496,74,-575
1,3,0.149467,GO 8,142,496,75,-578
2,3,0.149478,GO 8,142,496,77,-581
2,3,0.149525,GO 8,142,496,79,-584
2,2,0.149531,GO 8,142,496,81,-586
2,2,0.149554,GO 8,142,496,83,-588
2,1,0.149589,GO 8,142,496,85,-589
1,1,0.149618,GO 8,142,496,86,-590
1,1,0.149629,GO 8,142,496,87,-591
1,2,0.149687,GO 8,142,496,88,-593
1,1,0.149734,GO 8,142,496,89,-594
1,1,0.149757,GO 8,142,496,90,-595
1,1,0.149775,GO 8,142,496,91,-596
1,2,0.149798,GO 8,142,496,92,-598
1,2,0.149833,GO 8,142,496,93,-600
2,3,0.149867,GO 8,142,496,95,-603
2,3,0.149885,GO 8,142,496,97,-606
2,3,0.149908,GO 8,142,496,99,-609
2,2,0.149925,GO 8,142,496,101,-611
3,3,0.149949,GO 8,142,496,104,-614
3,3,0.149983,GO 8,142,496,107,-617
3,3,0.150018,GO 8,142,496,110,-620
3,3,0.150047,GO 8,142,496,113,-623
2,2,0.150059,GO 8,142,496,115,-625
2,3,0.150076,GO 8,142,496,117,-628
2,2,0.150105,GO 8,142,496,119,-630
1,2,0.150123,GO 8,142,496,120,-632
1,1,0.150158,GO 8,142,496,121,-633
1,1,0.150227,GO 8,142,496,122,-634
1,-11,0.155405,GO 8,142,496,123,-623
4,-6,0.155411,GO 8,142,496,127,-617
2,-7,0.155429,GO 8,142,496,129,-610
1,-13,0.155452,GO 8,142,496,130,-597
1,-6,0.155469,GO 8,142,496,131,-591
-1,-8,0.155481,GO 8,142,496,130,-583
-1,-6,0.155492,GO 8,142,496,129,-577
-3,-14,0.155521,GO 8,142,496,126,-563
-4,-9,0.15555,GO 8,142,496,122,-554
-5,-8,0.155852,GO 8,142,496,117,-546
-3,-8,0.155858,GO 8,142,496,114,-538
-3,-11,0.155876,GO 8,142,496,111,-527
-3,-10,0.155889,GO 8,142,496,108,-517
-4,-18,0.155916,GO 8,142,496,104,-499
-7,-14,0.155939,GO 8,142,496,97,-485
-6,-8,0.156264,GO 8,142,496,91,-477
-1,-12,0.156282,GO 8,142,496,90,-465
-4,-23,0.156305,GO 8,142,496,86,-442
-7,-21,0.156328,GO 8,142,496,79,-421
-8,-16,0.156363,GO 8,142,496,71,-405
-4,-10,0.156682,GO 8,142,496,67,-395
-4,-6,0.1567,GO 8,142,496,63,-389
-1,-6,0.156706,GO 8,142,496,62,-383
-3,-14,0.15674,GO 8,142,496,59,-369
-6,-5,0.156746,GO 8,142,496,53,-364
-4,-9,0.15677,GO 8,142,496,49,-355
-6,-4,0.156799,GO 8,142,496,43,-351
-4,-1,0.156833,GO 8,142,496,39,-350
-3,-3,0.1571,GO 8,142,496,36,-347
-2,-4,0.157106,GO 8,142,496,34,-343
-2,-4,0.157124,GO 8,142,496,32,-339
-2,-3,0.157141,GO 8,142,496,30,-336
-3,-4,0.157153,GO 8,142,496,27,-332
-1,-4,0.157164,GO 8,142,496,26,-328
-1,-4,0.157187,GO 8,142,496,25,-324
-2,-4,0.157193,GO 8,142,496,23,-320
-2,-4,0.157217,GO 8,142,496,21,-316
-2,-2,0.157246,GO 8,142,496,19,-314
-1,-3,0.157513,GO 8,142,496,18,-311
-3,-4,0.157524,GO 8,142,496,15,-307
-3,-3,0.157547,GO 8,142,496,12,-304
-2,-4,0.157553,GO 8,142,496,10,-300
-1,-8,0.157576,GO 8,142,496,9,-292
-3,-2,0.157594,GO 8,142,496,6,-290
-3,-3,0.157611,GO 8,142,496,3,-287
-1,-1,0.157617,GO 8,142,496,2,-286
-1,-3,0.15764,GO 8,142,496,1,-283
-1,-4,0.157675,GO 8,142,496,0,-279
-1,-2,0.157687,GO 8,142,496,-1,-277
-1,-5,0.157704,GO 8,142,496,-2,-272
-1,-3,0.157733,GO 8,142,496,-3,-269
-2,-6,0.157762,GO 8,142,496,-5,-263
-2,-1,0.157785,GO 8,142,496,-7,-262
-2,-1,0.157797,GO 8,142,496,-9,-261
-2,-2,0.157826,GO 8,142,496,-11,-259
-2,-1,0.157838,GO 8,142,496,-13,-258
-1,-1,0.157948,GO 8,142,496,-14,-257
-1,-1,0.157989,GO 8,142,496,-15,-256
