deltaX,deltaY,WHEN,SYLLABLE,XofButton,YofButton,XofTrace,YofTrace
-1,-1,0.0401183,Yield,0,0,-1,1
-1,-1,0.0401473,Yield,0,0,-2,2
-1,-2,0.0401647,Yield,0,0,-3,4
-1,-2,0.0401937,Yield,0,0,-4,6
-1,-1,0.0402286,Yield,0,0,-5,7
-1,-1,0.0402634,Yield,0,0,-6,8
-2,-2,0.0405188,Yield,0,0,-8,10
-4,-1,0.0405478,Yield,0,0,-12,11
-3,-1,0.0405885,Yield,0,0,-15,12
-2,-1,0.0406233,Yield,0,0,-17,13
-3,1,0.0407742,Yield,0,0,-20,12
-2,1,0.0407917,Yield,0,0,-22,11
-2,1,0.0408497,Yield,0,0,-24,10
-2,1,0.0408845,Yield,0,0,-26,9
-2,2,0.0409136,Yield,0,0,-28,7
-1,2,0.0409368,Yield,0,0,-29,5
-3,2,0.0409426,Yield,0,0,-32,3
-3,2,0.0409658,Yield,0,0,-35,1
-3,2,0.0409832,Yield,0,0,-38,-1
-4,3,0.0410122,Yield,0,0,-42,-4
-3,2,0.0410529,Yield,0,0,-45,-6
-4,3,0.0410587,Yield,0,0,-49,-9
-4,3,0.0410877,Yield,0,0,-53,-12
-4,3,0.0411167,Yield,0,0,-57,-15
-3,3,0.0411516,Yield,0,0,-60,-18
-4,2,0.0411748,Yield,0,0,-64,-20
-4,3,0.0411864,Yield,0,0,-68,-23
-4,3,0.041198,Yield,0,0,-72,-26
-3,3,0.0412212,Yield,0,0,-75,-29
-4,2,0.0412502,Yield,0,0,-79,-31
-4,2,0.0412793,Yield,0,0,-83,-33
-4,1,0.0413257,Yield,0,0,-87,-34
-2,3,0.0413527,Yield,0,0,-89,-37
-6,1,0.0413766,Yield,0,0,-95,-38
-3,1,0.0414012,Yield,0,0,-98,-39
-4,1,0.0414302,Yield,0,0,-102,-40
-4,-1,0.0416218,Yield,0,0,-106,-39
-3,-1,0.0416566,Yield,0,0,-109,-38
-4,-1,0.0416856,Yield,0,0,-113,-37
-4,-1,0.0417205,Yield,0,0,-117,-36
-4,-3,0.0417495,Yield,0,0,-121,-33
-7,-2,0.0417727,Yield,0,0,-128,-31
-4,-3,0.0418075,Yield,0,0,-132,-28
-3,-3,0.0418307,Yield,0,0,-135,-25
-2,-3,0.0418656,Yield,0,0,-137,-22
-2,-3,0.0418946,Yield,0,0,-139,-19
1,-2,0.0419062,Yield,0,0,-138,-17
1,-2,0.041941,Yield,0,0,-137,-15
-1,1,0.0424054,Yield,0,0,-138,-16
1,1,0.0424287,Yield,0,0,-137,-17
3,-1,0.0425332,Yield,0,0,-134,-16
3,-1,0.0425738,Yield,0,0,-131,-15
3,-1,0.0425796,Yield,0,0,-128,-14
3,-1,0.0426028,Yield,0,0,-125,-13
2,-1,0.042626,Yield,0,0,-123,-12
3,-1,0.0426667,Yield,0,0,-120,-11
3,-1,0.0427015,Yield,0,0,-117,-10
3,-1,0.0427362,Yield,0,0,-114,-9
3,1,0.0428524,Yield,0,0,-111,-10
3,1,0.0428582,Yield,0,0,-108,-11
3,1,0.0428873,Yield,0,0,-105,-12
1,1,0.0429163,Yield,0,0,-104,-13
2,1,0.0429511,Yield,0,0,-102,-14
1,1,0.0429511,Yield,0,0,-101,-15
1,1,0.0429801,Yield,0,0,-100,-16
1,-1,0.049383,FRAY 1,176,405,-99,-15
1,-1,0.0494527,FRAY 1,176,405,-98,-14
2,1,0.049563,FRAY 1,176,405,-96,-15
2,2,0.0496327,FRAY 1,176,405,-94,-17
2,2,0.0496385,FRAY 1,176,405,-92,-19
3,2,0.0496617,FRAY 1,176,405,-89,-21
3,3,0.0496849,FRAY 1,176,405,-86,-24
3,3,0.0497197,FRAY 1,176,405,-83,-27
3,3,0.0497488,FRAY 1,176,405,-80,-30
3,4,0.0497662,FRAY 1,176,405,-77,-34
2,4,0.0497894,FRAY 1,176,405,-75,-38
3,4,0.0498242,FRAY 1,176,405,-72,-42
3,3,0.0498532,FRAY 1,176,405,-69,-45
3,4,0.0498707,FRAY 1,176,405,-66,-49
3,4,0.0499101,FRAY 1,176,405,-63,-53
2,4,0.0499171,FRAY 1,176,405,-61,-57
3,3,0.0499403,FRAY 1,176,405,-58,-60
3,4,0.0499751,FRAY 1,176,405,-55,-64
3,4,0.0499984,FRAY 1,176,405,-52,-68
3,4,0.050039,FRAY 1,176,405,-49,-72
2,3,0.0500622,FRAY 1,176,405,-47,-75
3,4,0.050068,FRAY 1,176,405,-44,-79
3,4,0.0500912,FRAY 1,176,405,-41,-83
3,4,0.0501203,FRAY 1,176,405,-38,-87
3,3,0.0501493,FRAY 1,176,405,-35,-90
3,4,0.0501783,FRAY 1,176,405,-32,-94
1,4,0.0501899,FRAY 1,176,405,-31,-98
2,4,0.050219,FRAY 1,176,405,-29,-102
2,3,0.0502422,FRAY 1,176,405,-27,-105
2,4,0.0502708,FRAY 1,176,405,-25,-109
2,4,0.0503002,FRAY 1,176,405,-23,-113
2,4,0.0503176,FRAY 1,176,405,-21,-117
2,3,0.0503409,FRAY 1,176,405,-19,-120
2,4,0.0503757,FRAY 1,176,405,-17,-124
1,4,0.0503989,FRAY 1,176,405,-16,-128
2,4,0.0504279,FRAY 1,176,405,-14,-132
3,3,0.0504512,FRAY 1,176,405,-11,-135
3,4,0.0504744,FRAY 1,176,405,-8,-139
3,4,0.0504918,FRAY 1,176,405,-5,-143
3,4,0.0505208,FRAY 1,176,405,-2,-147
2,3,0.0505498,FRAY 1,176,405,0,-150
2,4,0.0505789,FRAY 1,176,405,2,-154
2,3,0.0506137,FRAY 1,176,405,4,-157
2,3,0.0506195,FRAY 1,176,405,6,-160
2,3,0.0506543,FRAY 1,176,405,8,-163
2,2,0.0506776,FRAY 1,176,405,10,-165
2,3,0.0507008,FRAY 1,176,405,12,-168
2,3,0.0507316,FRAY 1,176,405,14,-171
3,3,0.0507472,FRAY 1,176,405,17,-174
3,3,0.0507704,FRAY 1,176,405,20,-177
3,2,0.0507995,FRAY 1,176,405,23,-179
3,1,0.0508401,FRAY 1,176,405,26,-180
2,2,0.0508691,FRAY 1,176,405,28,-182
3,5,0.0509039,FRAY 1,176,405,31,-187
5,3,0.0509272,FRAY 1,176,405,36,-190
2,3,0.0509504,FRAY 1,176,405,38,-193
2,2,0.0509794,FRAY 1,176,405,40,-195
1,4,0.05102,FRAY 1,176,405,41,-199
1,4,0.0510433,FRAY 1,176,405,42,-203
-1,4,0.0510549,FRAY 1,176,405,41,-207
-1,3,0.0510781,FRAY 1,176,405,40,-210
-2,4,0.0511013,FRAY 1,176,405,38,-214
-3,4,0.051136,FRAY 1,176,405,35,-218
-3,4,0.0511652,FRAY 1,176,405,32,-222
-3,3,0.0511942,FRAY 1,176,405,29,-225
-2,4,0.0512058,FRAY 1,176,405,27,-229
-3,4,0.051229,FRAY 1,176,405,24,-233
-3,4,0.0512522,FRAY 1,176,405,21,-237
-2,3,0.0512813,FRAY 1,176,405,19,-240
-1,4,0.0512987,FRAY 1,176,405,18,-244
-1,4,0.0513277,FRAY 1,176,405,17,-248
1,4,0.0513567,FRAY 1,176,405,18,-252
1,3,0.0513858,FRAY 1,176,405,19,-255
2,4,0.0514148,FRAY 1,176,405,21,-259
2,4,0.0514322,FRAY 1,176,405,23,-263
2,4,0.0514554,FRAY 1,176,405,25,-267
2,3,0.0514786,FRAY 1,176,405,27,-270
1,4,0.0515077,FRAY 1,176,405,28,-274
2,4,0.0515309,FRAY 1,176,405,30,-278
2,4,0.0515657,FRAY 1,176,405,32,-282
2,3,0.0515831,FRAY 1,176,405,34,-285
3,4,0.0516063,FRAY 1,176,405,37,-289
3,4,0.0516296,FRAY 1,176,405,40,-293
2,4,0.0516586,FRAY 1,176,405,42,-297
1,3,0.0516818,FRAY 1,176,405,43,-300
2,4,0.0517166,FRAY 1,176,405,45,-304
3,3,0.0517341,FRAY 1,176,405,48,-307
3,3,0.0517573,FRAY 1,176,405,51,-310
3,2,0.0517805,FRAY 1,176,405,54,-312
3,1,0.0518153,FRAY 1,176,405,57,-313
2,1,0.0518444,FRAY 1,176,405,59,-314
3,1,0.0518676,FRAY 1,176,405,62,-315
3,1,0.0519024,FRAY 1,176,405,65,-316
3,1,0.0519256,FRAY 1,176,405,68,-317
2,2,0.0519605,FRAY 1,176,405,70,-319
3,2,0.0519895,FRAY 1,176,405,73,-321
3,3,0.0520069,FRAY 1,176,405,76,-324
3,3,0.0520243,FRAY 1,176,405,79,-327
3,3,0.0520475,FRAY 1,176,405,82,-330
2,3,0.0520707,FRAY 1,176,405,84,-333
3,4,0.0520998,FRAY 1,176,405,87,-337
3,4,0.0521346,FRAY 1,176,405,90,-341
3,4,0.0521636,FRAY 1,176,405,93,-345
3,3,0.0521752,FRAY 1,176,405,96,-348
3,4,0.0521985,FRAY 1,176,405,99,-352
2,4,0.0522217,FRAY 1,176,405,101,-356
3,4,0.0522507,FRAY 1,176,405,104,-360
3,3,0.0522681,FRAY 1,176,405,107,-363
3,4,0.0522913,FRAY 1,176,405,110,-367
3,4,0.0523262,FRAY 1,176,405,113,-371
2,4,0.0523494,FRAY 1,176,405,115,-375
3,3,0.0523784,FRAY 1,176,405,118,-378
3,4,0.0524045,FRAY 1,176,405,121,-382
3,4,0.052419,FRAY 1,176,405,124,-386
3,4,0.0524363,FRAY 1,176,405,127,-390
2,3,0.0524655,FRAY 1,176,405,129,-393
3,4,0.0524887,FRAY 1,176,405,132,-397
3,3,0.0525235,FRAY 1,176,405,135,-400
3,4,0.0525468,FRAY 1,176,405,138,-404
3,4,0.0525758,FRAY 1,176,405,141,-408
3,3,0.0525874,FRAY 1,176,405,144,-411
2,4,0.0526164,FRAY 1,176,405,146,-415
3,4,0.0526396,FRAY 1,176,405,149,-419
3,4,0.0526633,FRAY 1,176,405,152,-423
3,3,0.0526919,FRAY 1,176,405,155,-426
2,4,0.0527209,FRAY 1,176,405,157,-430
2,4,0.0527383,FRAY 1,176,405,159,-434
1,4,0.0527615,FRAY 1,176,405,160,-438
1,3,0.0527964,FRAY 1,176,405,161,-441
1,4,0.0528196,FRAY 1,176,405,162,-445
1,4,0.0528541,FRAY 1,176,405,163,-449
-1,4,0.0528602,FRAY 1,176,405,162,-453
-1,3,0.0528893,FRAY 1,176,405,161,-456
-1,4,0.0529067,FRAY 1,176,405,160,-460
-1,4,0.0529415,FRAY 1,176,405,159,-464
-1,4,0.0529647,FRAY 1,176,405,158,-468
-1,3,0.0529995,FRAY 1,176,405,157,-471
-1,4,0.0530112,FRAY 1,176,405,156,-475
-1,4,0.0530402,FRAY 1,176,405,155,-479
-1,4,0.0530692,FRAY 1,176,405,154,-483
-1,3,0.0530808,FRAY 1,176,405,153,-486
-1,3,0.0531156,FRAY 1,176,405,152,-489
1,3,0.0531389,FRAY 1,176,405,153,-492
1,3,0.0531621,FRAY 1,176,405,154,-495
2,3,0.0531853,FRAY 1,176,405,156,-498
2,2,0.0532135,FRAY 1,176,405,158,-500
2,3,0.053255,FRAY 1,176,405,160,-503
2,4,0.0532782,FRAY 1,176,405,162,-507
3,4,0.0533014,FRAY 1,176,405,165,-511
3,3,0.053313,FRAY 1,176,405,168,-514
3,4,0.053342,FRAY 1,176,405,171,-518
3,4,0.0533653,FRAY 1,176,405,174,-522
1,4,0.0533943,FRAY 1,176,405,175,-526
1,3,0.0534117,FRAY 1,176,405,176,-529
1,8,0.0534698,FRAY 1,176,405,177,-537
-2,4,0.053493,FRAY 1,176,405,175,-541
-2,3,0.053522,FRAY 1,176,405,173,-544
-2,4,0.0535452,FRAY 1,176,405,171,-548
-3,4,0.0535626,FRAY 1,176,405,168,-552
-3,4,0.0536033,FRAY 1,176,405,165,-556
-3,3,0.0536105,FRAY 1,176,405,162,-559
-2,4,0.0536381,FRAY 1,176,405,160,-563
-2,4,0.0536613,FRAY 1,176,405,158,-567
-2,4,0.0536903,FRAY 1,176,405,156,-571
-1,2,0.0537252,FRAY 1,176,405,155,-573
-1,1,0.0537542,FRAY 1,176,405,154,-574
-1,1,0.0537658,FRAY 1,176,405,153,-575
-1,1,0.053789,FRAY 1,176,405,152,-576
-1,1,0.0538122,FRAY 1,176,405,151,-577
-1,-1,0.0595244,SAN- 2,169,119,150,-576
-1,-2,0.0595766,SAN- 2,169,119,149,-574
-1,-2,0.0595998,SAN- 2,169,119,148,-572
-1,-1,0.0596637,SAN- 2,169,119,147,-571
-1,-1,0.0596927,SAN- 2,169,119,146,-570
-1,-1,0.0597043,SAN- 2,169,119,145,-569
-1,-1,0.0597275,SAN- 2,169,119,144,-568
-2,-2,0.0597624,SAN- 2,169,119,142,-566
-2,-2,0.059774,SAN- 2,169,119,140,-564
-2,-2,0.0598088,SAN- 2,169,119,138,-562
-1,-3,0.0598436,SAN- 2,169,119,137,-559
-2,-3,0.0598552,SAN- 2,169,119,135,-556
-2,-3,0.0598785,SAN- 2,169,119,133,-553
-3,-2,0.0599133,SAN- 2,169,119,130,-551
-3,-3,0.0599249,SAN- 2,169,119,127,-548
-3,-3,0.0599597,SAN- 2,169,119,124,-545
-2,-3,0.0599829,SAN- 2,169,119,122,-542
-3,-3,0.0600062,SAN- 2,169,119,119,-539
-3,-2,0.0600294,SAN- 2,169,119,116,-537
-3,-3,0.0600642,SAN- 2,169,119,113,-534
-2,-3,0.0600816,SAN- 2,169,119,111,-531
-2,-3,0.0601107,SAN- 2,169,119,109,-528
-2,-3,0.0601339,SAN- 2,169,119,107,-525
-2,-2,0.0601571,SAN- 2,169,119,105,-523
-1,-3,0.0601803,SAN- 2,169,119,104,-520
-1,-3,0.0602151,SAN- 2,169,119,103,-517
-1,-3,0.0602442,SAN- 2,169,119,102,-514
-1,-3,0.0602616,SAN- 2,169,119,101,-511
-1,-3,0.0602964,SAN- 2,169,119,100,-508
-1,-2,0.0603138,SAN- 2,169,119,99,-506
-1,-3,0.0603371,SAN- 2,169,119,98,-503
-1,-3,0.0603603,SAN- 2,169,119,97,-500
-1,-3,0.0603893,SAN- 2,169,119,96,-497
-1,-3,0.0604125,SAN- 2,169,119,95,-494
-1,-2,0.0604299,SAN- 2,169,119,94,-492
-1,-3,0.0604648,SAN- 2,169,119,93,-489
-2,-3,0.060488,SAN- 2,169,119,91,-486
-3,-3,0.0605112,SAN- 2,169,119,88,-483
-3,-3,0.0605402,SAN- 2,169,119,85,-480
-3,-2,0.0605646,SAN- 2,169,119,82,-478
-4,-3,0.0605809,SAN- 2,169,119,78,-475
-4,-3,0.0606215,SAN- 2,169,119,74,-472
-4,-3,0.0606389,SAN- 2,169,119,70,-469
-3,-3,0.0606621,SAN- 2,169,119,67,-466
-4,-3,0.060697,SAN- 2,169,119,63,-463
-4,-2,0.060726,SAN- 2,169,119,59,-461
-4,-3,0.0607318,SAN- 2,169,119,55,-458
-2,-3,0.0607608,SAN- 2,169,119,53,-455
-3,-3,0.0607956,SAN- 2,169,119,50,-452
-3,-3,0.0608131,SAN- 2,169,119,47,-449
-2,-2,0.0608421,SAN- 2,169,119,45,-447
-2,-3,0.0608769,SAN- 2,169,119,43,-444
-2,-3,0.0608885,SAN- 2,169,119,41,-441
-1,-3,0.0609117,SAN- 2,169,119,40,-438
-1,-3,0.0609466,SAN- 2,169,119,39,-435
-1,-2,0.060964,SAN- 2,169,119,38,-433
-1,-3,0.060993,SAN- 2,169,119,37,-430
-1,-3,0.0610337,SAN- 2,169,119,36,-427
-1,-3,0.0610395,SAN- 2,169,119,35,-424
-1,-3,0.0610627,SAN- 2,169,119,34,-421
-1,-3,0.0610975,SAN- 2,169,119,33,-418
-1,-2,0.0611265,SAN- 2,169,119,32,-416
-1,-3,0.0611498,SAN- 2,169,119,31,-413
-1,-3,0.061173,SAN- 2,169,119,30,-410
1,-3,0.0611904,SAN- 2,169,119,31,-407
1,-3,0.0612136,SAN- 2,169,119,32,-404
1,-2,0.0612368,SAN- 2,169,119,33,-402
2,-3,0.0612717,SAN- 2,169,119,35,-399
2,-3,0.0612949,SAN- 2,169,119,37,-396
2,-3,0.0613355,SAN- 2,169,119,39,-393
2,-3,0.0613413,SAN- 2,169,119,41,-390
2,-2,0.0613696,SAN- 2,169,119,43,-388
1,-3,0.0613936,SAN- 2,169,119,44,-385
2,-3,0.0614226,SAN- 2,169,119,46,-382
1,-3,0.0614458,SAN- 2,169,119,47,-379
1,-3,0.0614806,SAN- 2,169,119,48,-376
1,-3,0.061498,SAN- 2,169,119,49,-373
-1,-2,0.0615097,SAN- 2,169,119,48,-371
-2,-3,0.0615329,SAN- 2,169,119,46,-368
-1,-3,0.0615619,SAN- 2,169,119,45,-365
-2,-3,0.0615967,SAN- 2,169,119,43,-362
-2,-3,0.0616141,SAN- 2,169,119,41,-359
-2,-1,0.0616374,SAN- 2,169,119,39,-358
-2,-2,0.0616664,SAN- 2,169,119,37,-356
-2,-2,0.0616838,SAN- 2,169,119,35,-354
-1,-1,0.0617186,SAN- 2,169,119,34,-353
-1,-1,0.0617477,SAN- 2,169,119,33,-352
-1,-1,0.0617883,SAN- 2,169,119,32,-351
-1,-1,0.0618113,SAN- 2,169,119,31,-350
-1,-1,0.0618347,SAN- 2,169,119,30,-349
1,-1,0.0618638,SAN- 2,169,119,31,-348
1,-2,0.0618812,SAN- 2,169,119,32,-346
1,-2,0.0619102,SAN- 2,169,119,33,-344
1,-3,0.0619392,SAN- 2,169,119,34,-341
2,-3,0.0619624,SAN- 2,169,119,36,-338
2,-3,0.0619915,SAN- 2,169,119,38,-335
2,-2,0.0620147,SAN- 2,169,119,40,-333
1,-3,0.0620321,SAN- 2,169,119,41,-330
2,-3,0.0620669,SAN- 2,169,119,43,-327
2,-3,0.0620902,SAN- 2,169,119,45,-324
2,-3,0.0621134,SAN- 2,169,119,47,-321
2,-2,0.0621442,SAN- 2,169,119,49,-319
2,-3,0.0621772,SAN- 2,169,119,51,-316
2,-3,0.062183,SAN- 2,169,119,53,-313
1,-3,0.0622121,SAN- 2,169,119,54,-310
2,-3,0.0622411,SAN- 2,169,119,56,-307
2,-3,0.0622643,SAN- 2,169,119,58,-304
2,-2,0.0622991,SAN- 2,169,119,60,-302
2,-3,0.0623282,SAN- 2,169,119,62,-299
2,-3,0.0623398,SAN- 2,169,119,64,-296
2,-3,0.062363,SAN- 2,169,119,66,-293
2,-3,0.062392,SAN- 2,169,119,68,-290
1,-2,0.0624152,SAN- 2,169,119,69,-288
2,-3,0.0624501,SAN- 2,169,119,71,-285
2,-3,0.0624733,SAN- 2,169,119,73,-282
2,-3,0.0624907,SAN- 2,169,119,75,-279
3,-3,0.0625139,SAN- 2,169,119,78,-276
3,-2,0.0625429,SAN- 2,169,119,81,-274
3,-3,0.0625712,SAN- 2,169,119,84,-271
2,-3,0.0625952,SAN- 2,169,119,86,-268
3,-3,0.0626184,SAN- 2,169,119,89,-265
3,-3,0.0626416,SAN- 2,169,119,92,-262
3,-3,0.0626649,SAN- 2,169,119,95,-259
3,-2,0.0626881,SAN- 2,169,119,98,-257
2,-3,0.0627229,SAN- 2,169,119,100,-254
2,-3,0.0627461,SAN- 2,169,119,102,-251
2,-3,0.0627751,SAN- 2,169,119,104,-248
2,-3,0.0627926,SAN- 2,169,119,106,-245
2,-2,0.0628158,SAN- 2,169,119,108,-243
2,-3,0.062839,SAN- 2,169,119,110,-240
2,-3,0.0628738,SAN- 2,169,119,112,-237
1,-3,0.0628971,SAN- 2,169,119,113,-234
1,-3,0.0629261,SAN- 2,169,119,114,-231
1,-2,0.0629435,SAN- 2,169,119,115,-229
1,-3,0.0629667,SAN- 2,169,119,116,-226
1,-3,0.0629899,SAN- 2,169,119,117,-223
1,-3,0.0630248,SAN- 2,169,119,118,-220
1,-3,0.063048,SAN- 2,169,119,119,-217
1,-3,0.0630828,SAN- 2,169,119,120,-214
1,-2,0.0630944,SAN- 2,169,119,121,-212
1,-3,0.0631118,SAN- 2,169,119,122,-209
1,-3,0.0631351,SAN- 2,169,119,123,-206
1,-3,0.0631699,SAN- 2,169,119,124,-203
1,-3,0.0631989,SAN- 2,169,119,125,-200
1,-2,0.0632163,SAN- 2,169,119,126,-198
2,-3,0.0632337,SAN- 2,169,119,128,-195
2,-3,0.063257,SAN- 2,169,119,130,-192
1,-3,0.0632802,SAN- 2,169,119,131,-189
2,-3,0.063315,SAN- 2,169,119,133,-186
3,-2,0.063344,SAN- 2,169,119,136,-184
3,-6,0.0633847,SAN- 2,169,119,139,-178
6,-3,0.0634079,SAN- 2,169,119,145,-175
2,-3,0.0634311,SAN- 2,169,119,147,-172
3,-3,0.0634659,SAN- 2,169,119,150,-169
3,-2,0.063495,SAN- 2,169,119,153,-167
3,-3,0.0635298,SAN- 2,169,119,156,-164
3,-3,0.0635356,SAN- 2,169,119,159,-161
2,-3,0.0635646,SAN- 2,169,119,161,-158
2,-3,0.0635878,SAN- 2,169,119,163,-155
2,-2,0.0636169,SAN- 2,169,119,165,-153
2,-3,0.0636343,SAN- 2,169,119,167,-150
1,-3,0.0636807,SAN- 2,169,119,168,-147
1,-3,0.0636923,SAN- 2,169,119,169,-144
1,-3,0.0637156,SAN- 2,169,119,170,-141
-1,-2,0.0637388,SAN- 2,169,119,169,-139
-1,-3,0.0637678,SAN- 2,169,119,168,-136
-1,-3,0.0637852,SAN- 2,169,119,167,-133
-2,-3,0.0638142,SAN- 2,169,119,165,-130
-2,-2,0.0638433,SAN- 2,169,119,163,-128
-2,-2,0.0638665,SAN- 2,169,119,161,-126
-1,-1,0.0638955,SAN- 2,169,119,160,-125
-1,-1,0.0644644,SAN- 2,169,119,159,-124
-1,-1,0.0644992,SAN- 2,169,119,158,-123
-1,-1,0.0645399,SAN- 2,169,119,157,-122
-2,-1,0.0645457,SAN- 2,169,119,155,-121
-2,-2,0.0645689,SAN- 2,169,119,153,-119
-2,-2,0.0646037,SAN- 2,169,119,151,-117
-1,-1,0.0646327,SAN- 2,169,119,150,-116
-2,-2,0.064656,SAN- 2,169,119,148,-114
-2,-3,0.0646792,SAN- 2,169,119,146,-111
-2,-3,0.0647024,SAN- 2,169,119,144,-108
-2,-3,0.0647198,SAN- 2,169,119,142,-105
-2,-2,0.0647488,SAN- 2,169,119,140,-103
-2,-2,0.0647779,SAN- 2,169,119,138,-101
-1,-1,0.0648185,SAN- 2,169,119,137,-100
-1,-1,0.0696599,-TIA- 3,325,126,136,-99
1,-2,0.0697063,-TIA- 3,325,126,137,-97
2,-2,0.0697295,-TIA- 3,325,126,139,-95
2,-2,0.0697644,-TIA- 3,325,126,141,-93
3,-3,0.0697876,-TIA- 3,325,126,144,-90
2,-3,0.0698191,-TIA- 3,325,126,146,-87
3,-2,0.069834,-TIA- 3,325,126,149,-85
3,-3,0.069863,-TIA- 3,325,126,152,-82
3,-3,0.0698805,-TIA- 3,325,126,155,-79
3,-2,0.0699153,-TIA- 3,325,126,158,-77
2,-2,0.0699385,-TIA- 3,325,126,160,-75
3,-2,0.0699733,-TIA- 3,325,126,163,-73
3,-2,0.0699907,-TIA- 3,325,126,166,-71
2,-1,0.0700372,-TIA- 3,325,126,168,-70
2,-1,0.0700662,-TIA- 3,325,126,170,-69
1,-1,0.0702926,-TIA- 3,325,126,171,-68
1,-1,0.070339,-TIA- 3,325,126,172,-67
1,-1,0.0703623,-TIA- 3,325,126,173,-66
1,-1,0.0703913,-TIA- 3,325,126,174,-65
1,-1,0.0704029,-TIA- 3,325,126,175,-64
1,-1,0.0704493,-TIA- 3,325,126,176,-63
1,-1,0.0704842,-TIA- 3,325,126,177,-62
1,-1,0.0705074,-TIA- 3,325,126,178,-61
1,-1,0.070548,-TIA- 3,325,126,179,-60
1,1,0.0706409,-TIA- 3,325,126,180,-61
1,1,0.0706757,-TIA- 3,325,126,181,-62
1,1,0.070699,-TIA- 3,325,126,182,-63
1,1,0.0707106,-TIA- 3,325,126,183,-64
1,1,0.0707396,-TIA- 3,325,126,184,-65
2,1,0.0707628,-TIA- 3,325,126,186,-66
2,-1,0.0708615,-TIA- 3,325,126,188,-65
2,-1,0.0708847,-TIA- 3,325,126,190,-64
3,-1,0.0709137,-TIA- 3,325,126,193,-63
3,-1,0.0709428,-TIA- 3,325,126,196,-62
3,-1,0.0709718,-TIA- 3,325,126,199,-61
3,-1,0.0709892,-TIA- 3,325,126,202,-60
2,-1,0.0710124,-TIA- 3,325,126,204,-59
3,-1,0.0710356,-TIA- 3,325,126,207,-58
3,-1,0.0710763,-TIA- 3,325,126,210,-57
3,-1,0.0711053,-TIA- 3,325,126,213,-56
3,-1,0.0711227,-TIA- 3,325,126,216,-55
3,1,0.0712446,-TIA- 3,325,126,219,-56
2,1,0.0712737,-TIA- 3,325,126,221,-57
3,1,0.0712911,-TIA- 3,325,126,224,-58
3,2,0.0713085,-TIA- 3,325,126,227,-60
2,2,0.0713259,-TIA- 3,325,126,229,-62
2,2,0.0713549,-TIA- 3,325,126,231,-64
2,2,0.0713898,-TIA- 3,325,126,233,-66
2,1,0.0714072,-TIA- 3,325,126,235,-67
1,2,0.0714188,-TIA- 3,325,126,236,-69
2,2,0.0714536,-TIA- 3,325,126,238,-71
2,2,0.0714768,-TIA- 3,325,126,240,-73
1,1,0.0715059,-TIA- 3,325,126,241,-74
1,1,0.0715233,-TIA- 3,325,126,242,-75
1,-1,0.0715813,-TIA- 3,325,126,243,-74
1,-1,0.0716045,-TIA- 3,325,126,244,-73
2,-2,0.0716278,-TIA- 3,325,126,246,-71
2,-1,0.0716626,-TIA- 3,325,126,248,-70
3,-1,0.0716684,-TIA- 3,325,126,251,-69
3,1,0.0717961,-TIA- 3,325,126,254,-70
3,1,0.0718309,-TIA- 3,325,126,257,-71
3,1,0.0718541,-TIA- 3,325,126,260,-72
2,1,0.0718774,-TIA- 3,325,126,262,-73
3,2,0.0719064,-TIA- 3,325,126,265,-75
3,2,0.0719412,-TIA- 3,325,126,268,-77
3,2,0.0719586,-TIA- 3,325,126,271,-79
3,2,0.0719761,-TIA- 3,325,126,274,-81
2,2,0.0720051,-TIA- 3,325,126,276,-83
3,1,0.0720631,-TIA- 3,325,126,279,-84
3,1,0.0720922,-TIA- 3,325,126,282,-85
2,-1,0.0721328,-TIA- 3,325,126,284,-84
3,-1,0.072156,-TIA- 3,325,126,287,-83
3,-1,0.0722139,-TIA- 3,325,126,290,-82
3,-1,0.0722431,-TIA- 3,325,126,293,-81
2,-1,0.0722605,-TIA- 3,325,126,295,-80
2,-1,0.0729571,-TIA- 3,325,126,297,-79
3,-1,0.0729629,-TIA- 3,325,126,300,-78
3,-1,0.0729861,-TIA- 3,325,126,303,-77
2,-1,0.073021,-TIA- 3,325,126,305,-76
2,1,0.0731371,-TIA- 3,325,126,307,-77
2,1,0.0731719,-TIA- 3,325,126,309,-78
2,2,0.0732183,-TIA- 3,325,126,311,-80
1,2,0.0732415,-TIA- 3,325,126,312,-82
1,2,0.0732532,-TIA- 3,325,126,313,-84
1,2,0.0732822,-TIA- 3,325,126,314,-86
1,2,0.0733054,-TIA- 3,325,126,315,-88
1,1,0.0733402,-TIA- 3,325,126,316,-89
1,1,0.0733867,-TIA- 3,325,126,317,-90
-1,-1,0.0805907,GO 4,132,220,316,-89
-1,-1,0.0806313,GO 4,132,220,315,-88
-2,-1,0.0806429,GO 4,132,220,313,-87
-2,-1,0.0806661,GO 4,132,220,311,-86
-2,-1,0.0806951,GO 4,132,220,309,-85
-2,-1,0.0807242,GO 4,132,220,307,-84
-3,-1,0.080759,GO 4,132,220,304,-83
-4,1,0.0809099,GO 4,132,220,300,-84
-4,2,0.080939,GO 4,132,220,296,-86
-4,2,0.0809796,GO 4,132,220,292,-88
-2,2,0.0810144,GO 4,132,220,290,-90
-1,2,0.0810376,GO 4,132,220,289,-92
-1,1,0.0810609,GO 4,132,220,288,-93
-1,2,0.0810725,GO 4,132,220,287,-95
-1,3,0.0810899,GO 4,132,220,286,-98
-1,3,0.0811305,GO 4,132,220,285,-101
-2,3,0.0811595,GO 4,132,220,283,-104
-2,3,0.0811963,GO 4,132,220,281,-107
-2,7,0.0812234,GO 4,132,220,279,-114
-7,4,0.0812466,GO 4,132,220,272,-118
-4,4,0.0812756,GO 4,132,220,268,-122
-4,3,0.0813163,GO 4,132,220,264,-125
-3,4,0.0813395,GO 4,132,220,261,-129
-4,4,0.0813453,GO 4,132,220,257,-133
-4,4,0.0813801,GO 4,132,220,253,-137
-4,3,0.0813976,GO 4,132,220,249,-140
-3,4,0.0814266,GO 4,132,220,246,-144
-4,4,0.0814553,GO 4,132,220,242,-148
-4,7,0.0814904,GO 4,132,220,238,-155
-7,4,0.0815253,GO 4,132,220,231,-159
-4,4,0.0815601,GO 4,132,220,227,-163
-4,4,0.0815833,GO 4,132,220,223,-167
-3,3,0.0816065,GO 4,132,220,220,-170
-4,8,0.0816472,GO 4,132,220,216,-178
-8,4,0.0816762,GO 4,132,220,208,-182
-3,3,0.081711,GO 4,132,220,205,-185
-4,4,0.0817342,GO 4,132,220,201,-189
-4,3,0.0817575,GO 4,132,220,197,-192
-4,3,0.0817807,GO 4,132,220,193,-195
-3,2,0.0818039,GO 4,132,220,190,-197
-4,2,0.0818271,GO 4,132,220,186,-199
-4,2,0.081862,GO 4,132,220,182,-201
-4,2,0.081891,GO 4,132,220,178,-203
-3,1,0.0819084,GO 4,132,220,175,-204
-4,1,0.0819316,GO 4,132,220,171,-205
-4,2,0.0819606,GO 4,132,220,167,-207
-4,2,0.0819722,GO 4,132,220,163,-209
-3,2,0.0820071,GO 4,132,220,160,-211
-4,1,0.0820477,GO 4,132,220,156,-212
-4,2,0.0820535,GO 4,132,220,152,-214
-3,2,0.0820825,GO 4,132,220,149,-216
-3,2,0.0821,GO 4,132,220,146,-218
-2,2,0.0821348,GO 4,132,220,144,-220
-3,1,0.082158,GO 4,132,220,141,-221
-2,1,0.0821928,GO 4,132,220,139,-222
-2,1,0.0822219,GO 4,132,220,137,-223
-2,1,0.0822277,GO 4,132,220,135,-224
-2,-1,0.082338,GO 4,132,220,133,-223
-2,-1,0.0823728,GO 4,132,220,131,-222
-3,-1,0.0823786,GO 4,132,220,128,-221
-2,-1,0.0824018,GO 4,132,220,126,-220
-3,-2,0.0824366,GO 4,132,220,123,-218
-4,-2,0.0824599,GO 4,132,220,119,-216
-4,-2,0.0824947,GO 4,132,220,115,-214
-3,-1,0.0825237,GO 4,132,220,112,-213
-4,-1,0.0825353,GO 4,132,220,108,-212
-3,-1,0.0825992,GO 4,132,220,105,-211
-3,-1,0.0826224,GO 4,132,220,102,-210
-2,-1,0.0826282,GO 4,132,220,100,-209
-3,-1,0.0826783,GO 4,132,220,97,-208
-3,-1,0.0826863,GO 4,132,220,94,-207
-3,-2,0.0827153,GO 4,132,220,91,-205
-3,-2,0.0827443,GO 4,132,220,88,-203
-2,-2,0.0827733,GO 4,132,220,86,-201
-4,-3,0.0827907,GO 4,132,220,82,-198
-4,-2,0.0828082,GO 4,132,220,78,-196
-4,-3,0.0828372,GO 4,132,220,74,-193
-2,-3,0.0828604,GO 4,132,220,72,-190
-3,-3,0.0828952,GO 4,132,220,69,-187
-3,-3,0.0829243,GO 4,132,220,66,-184
-3,-2,0.0829359,GO 4,132,220,63,-182
-3,-3,0.0829591,GO 4,132,220,60,-179
-3,-2,0.0829881,GO 4,132,220,57,-177
-2,-2,0.0830113,GO 4,132,220,55,-175
-2,-1,0.0830462,GO 4,132,220,53,-174
-2,-1,0.0830784,GO 4,132,220,51,-173
-1,1,0.0900063,FRAY 5,190,300,50,-174
-1,1,0.090047,FRAY 5,190,300,49,-175
-1,5,0.090076,FRAY 5,190,300,48,-180
2,2,0.0901108,FRAY 5,190,300,50,-182
1,3,0.0901457,FRAY 5,190,300,51,-185
2,3,0.0901689,FRAY 5,190,300,53,-188
2,4,0.0901979,FRAY 5,190,300,55,-192
2,7,0.0902327,FRAY 5,190,300,57,-199
3,3,0.0902618,FRAY 5,190,300,60,-202
3,3,0.0902966,FRAY 5,190,300,63,-205
1,2,0.0903198,FRAY 5,190,300,64,-207
1,2,0.090343,FRAY 5,190,300,65,-209
1,1,0.0903746,FRAY 5,190,300,66,-210
1,1,0.0904069,FRAY 5,190,300,67,-211
1,1,0.0904707,FRAY 5,190,300,68,-212
1,1,0.0905114,FRAY 5,190,300,69,-213
1,2,0.0905288,FRAY 5,190,300,70,-215
2,2,0.090552,FRAY 5,190,300,72,-217
2,2,0.090581,FRAY 5,190,300,74,-219
3,2,0.0906159,FRAY 5,190,300,77,-221
3,2,0.0906217,FRAY 5,190,300,80,-223
3,3,0.0906565,FRAY 5,190,300,83,-226
2,2,0.0906913,FRAY 5,190,300,85,-228
3,2,0.0907088,FRAY 5,190,300,88,-230
3,2,0.090732,FRAY 5,190,300,91,-232
3,2,0.0907668,FRAY 5,190,300,94,-234
3,2,0.0907726,FRAY 5,190,300,97,-236
2,2,0.0908016,FRAY 5,190,300,99,-238
3,1,0.0908307,FRAY 5,190,300,102,-239
3,2,0.0908539,FRAY 5,190,300,105,-241
3,2,0.0908887,FRAY 5,190,300,108,-243
3,2,0.0909177,FRAY 5,190,300,111,-245
2,2,0.0909293,FRAY 5,190,300,113,-247
3,3,0.0909526,FRAY 5,190,300,116,-250
3,3,0.0909827,FRAY 5,190,300,119,-253
3,2,0.0910164,FRAY 5,190,300,122,-255
2,3,0.0910396,FRAY 5,190,300,124,-258
2,3,0.0910687,FRAY 5,190,300,126,-261
1,3,0.0910803,FRAY 5,190,300,127,-264
1,3,0.0911093,FRAY 5,190,300,128,-267
1,2,0.0911325,FRAY 5,190,300,129,-269
-1,3,0.0911673,FRAY 5,190,300,128,-272
-1,3,0.0911964,FRAY 5,190,300,127,-275
-1,4,0.0912254,FRAY 5,190,300,126,-279
-1,4,0.0912312,FRAY 5,190,300,125,-283
-1,2,0.0912544,FRAY 5,190,300,124,-285
-1,3,0.0912893,FRAY 5,190,300,123,-288
-1,3,0.0913183,FRAY 5,190,300,122,-291
1,3,0.0913531,FRAY 5,190,300,123,-294
1,3,0.0913821,FRAY 5,190,300,124,-297
2,1,0.0913995,FRAY 5,190,300,126,-298
2,-1,0.0914924,FRAY 5,190,300,128,-297
2,-2,0.0915273,FRAY 5,190,300,130,-295
4,-1,0.0915621,FRAY 5,190,300,134,-294
2,-1,0.0915911,FRAY 5,190,300,136,-293
2,-1,0.0916143,FRAY 5,190,300,138,-292
1,-1,0.0916492,FRAY 5,190,300,139,-291
2,1,0.0917769,FRAY 5,190,300,141,-292
2,1,0.0918001,FRAY 5,190,300,143,-293
1,1,0.0918059,FRAY 5,190,300,144,-294
1,2,0.0918639,FRAY 5,190,300,145,-296
1,2,0.091893,FRAY 5,190,300,146,-298
1,4,0.0919278,FRAY 5,190,300,147,-302
2,2,0.0919684,FRAY 5,190,300,149,-304
1,2,0.09198,FRAY 5,190,300,150,-306
1,1,0.0920091,FRAY 5,190,300,151,-307
1,2,0.0920381,FRAY 5,190,300,152,-309
1,1,0.0920555,FRAY 5,190,300,153,-310
1,1,0.0920787,FRAY 5,190,300,154,-311
1,1,0.0921119,FRAY 5,190,300,155,-312
1,1,0.09216,FRAY 5,190,300,156,-313
-1,-1,0.100792,SAN- 6,111,298,155,-312
-1,-1,0.100815,SAN- 6,111,298,154,-311
-2,-1,0.10085,SAN- 6,111,298,152,-310
-2,-1,0.100873,SAN- 6,111,298,150,-309
-3,-2,0.100902,SAN- 6,111,298,147,-307
-3,-2,0.10092,SAN- 6,111,298,144,-305
-3,-2,0.100943,SAN- 6,111,298,141,-303
-2,-2,0.100966,SAN- 6,111,298,139,-301
-3,-2,0.101001,SAN- 6,111,298,136,-299
-3,-2,0.101024,SAN- 6,111,298,133,-297
-3,-2,0.101059,SAN- 6,111,298,130,-295
-3,-1,0.101088,SAN- 6,111,298,127,-294
-2,-2,0.101094,SAN- 6,111,298,125,-292
-3,-2,0.101123,SAN- 6,111,298,122,-290
-2,-1,0.101152,SAN- 6,111,298,120,-289
-2,-1,0.101186,SAN- 6,111,298,118,-288
-3,-1,0.101367,SAN- 6,111,298,115,-287
-2,-1,0.101378,SAN- 6,111,298,113,-286
-3,-1,0.101402,SAN- 6,111,298,110,-285
-3,-1,0.101431,SAN- 6,111,298,107,-284
-3,-1,0.101454,SAN- 6,111,298,104,-283
-3,-1,0.101489,SAN- 6,111,298,101,-282
-2,-1,0.101518,SAN- 6,111,298,99,-281
-2,1,0.10164,SAN- 6,111,298,97,-282
-2,1,0.101674,SAN- 6,111,298,95,-283
-2,1,0.10168,SAN- 6,111,298,93,-284
-2,1,0.101703,SAN- 6,111,298,91,-285
-3,1,0.101738,SAN- 6,111,298,88,-286
-3,2,0.101767,SAN- 6,111,298,85,-288
-4,4,0.101802,SAN- 6,111,298,81,-292
-7,2,0.101831,SAN- 6,111,298,74,-294
-4,3,0.101854,SAN- 6,111,298,70,-297
-4,3,0.101878,SAN- 6,111,298,66,-300
-3,3,0.101918,SAN- 6,111,298,63,-303
-4,3,0.10193,SAN- 6,111,298,59,-306
-4,3,0.101953,SAN- 6,111,298,55,-309
-4,4,0.101982,SAN- 6,111,298,51,-313
-2,4,0.102005,SAN- 6,111,298,49,-317
-3,4,0.102034,SAN- 6,111,298,46,-321
-2,3,0.102069,SAN- 6,111,298,44,-324
-2,7,0.102104,SAN- 6,111,298,42,-331
-4,3,0.102139,SAN- 6,111,298,38,-334
-2,3,0.102162,SAN- 6,111,298,36,-337
-2,2,0.102191,SAN- 6,111,298,34,-339
-1,3,0.102214,SAN- 6,111,298,33,-342
-2,3,0.102232,SAN- 6,111,298,31,-345
-2,2,0.102255,SAN- 6,111,298,29,-347
-2,2,0.102278,SAN- 6,111,298,27,-349
-1,2,0.102319,SAN- 6,111,298,26,-351
-1,2,0.102336,SAN- 6,111,298,25,-353
-1,1,0.1024,SAN- 6,111,298,24,-354
-1,1,0.102406,SAN- 6,111,298,23,-355
-1,-1,0.102632,SAN- 6,111,298,22,-354
1,-1,0.102673,SAN- 6,111,298,23,-353
1,-2,0.102702,SAN- 6,111,298,24,-351
1,-1,0.102713,SAN- 6,111,298,25,-350
1,-2,0.102742,SAN- 6,111,298,26,-348
1,-1,0.102766,SAN- 6,111,298,27,-347
1,-1,0.102801,SAN- 6,111,298,28,-346
1,-1,0.109882,-TIA- 7,313,222,29,-345
1,-1,0.109935,-TIA- 7,313,222,30,-344
1,-2,0.10997,-TIA- 7,313,222,31,-342
1,-2,0.109976,-TIA- 7,313,222,32,-340
2,-2,0.109999,-TIA- 7,313,222,34,-338
2,-1,0.110034,-TIA- 7,313,222,36,-337
2,-2,0.110057,-TIA- 7,313,222,38,-335
2,-2,0.110086,-TIA- 7,313,222,40,-333
2,-2,0.110121,-TIA- 7,313,222,42,-331
3,-3,0.110132,-TIA- 7,313,222,45,-328
2,-3,0.11015,-TIA- 7,313,222,47,-325
3,-3,0.110184,-TIA- 7,313,222,50,-322
3,-2,0.110208,-TIA- 7,313,222,53,-320
3,-3,0.11024,-TIA- 7,313,222,56,-317
3,-3,0.110254,-TIA- 7,313,222,59,-314
2,-3,0.110283,-TIA- 7,313,222,61,-311
3,-3,0.110306,-TIA- 7,313,222,64,-308
3,-2,0.110335,-TIA- 7,313,222,67,-306
3,-3,0.110364,-TIA- 7,313,222,70,-303
3,-3,0.110399,-TIA- 7,313,222,73,-300
2,-3,0.110422,-TIA- 7,313,222,75,-297
3,-3,0.110434,-TIA- 7,313,222,78,-294
3,-2,0.110457,-TIA- 7,313,222,81,-292
3,-3,0.110486,-TIA- 7,313,222,84,-289
3,-3,0.110521,-TIA- 7,313,222,87,-286
3,-3,0.11055,-TIA- 7,313,222,90,-283
2,-5,0.110585,-TIA- 7,313,222,92,-278
6,-1,0.110608,-TIA- 7,313,222,98,-277
3,-2,0.110631,-TIA- 7,313,222,101,-275
3,-1,0.110666,-TIA- 7,313,222,104,-274
2,-1,0.110701,-TIA- 7,313,222,106,-273
3,-2,0.111044,-TIA- 7,313,222,109,-271
6,-1,0.111073,-TIA- 7,313,222,115,-270
2,-1,0.111102,-TIA- 7,313,222,117,-269
3,-1,0.111119,-TIA- 7,313,222,120,-268
3,-1,0.111149,-TIA- 7,313,222,123,-267
3,-1,0.111183,-TIA- 7,313,222,126,-266
3,-1,0.111189,-TIA- 7,313,222,129,-265
2,-1,0.111218,-TIA- 7,313,222,131,-264
3,-1,0.111255,-TIA- 7,313,222,134,-263
2,-1,0.111279,-TIA- 7,313,222,136,-262
1,1,0.111369,-TIA- 7,313,222,137,-263
1,1,0.111392,-TIA- 7,313,222,138,-264
1,-1,0.111589,-TIA- 7,313,222,139,-263
2,-1,0.111618,-TIA- 7,313,222,141,-262
2,1,0.111798,-TIA- 7,313,222,143,-263
3,1,0.111833,-TIA- 7,313,222,146,-264
3,1,0.111856,-TIA- 7,313,222,149,-265
3,1,0.111885,-TIA- 7,313,222,152,-266
3,1,0.111897,-TIA- 7,313,222,155,-267
2,1,0.11192,-TIA- 7,313,222,157,-268
3,1,0.111949,-TIA- 7,313,222,160,-269
3,1,0.111984,-TIA- 7,313,222,163,-270
3,1,0.112013,-TIA- 7,313,222,166,-271
3,1,0.112038,-TIA- 7,313,222,169,-272
2,1,0.112048,-TIA- 7,313,222,171,-273
1,1,0.112071,-TIA- 7,313,222,172,-274
2,1,0.112094,-TIA- 7,313,222,174,-275
2,1,0.112135,-TIA- 7,313,222,176,-276
2,2,0.112141,-TIA- 7,313,222,178,-278
2,4,0.112199,-TIA- 7,313,222,180,-282
5,2,0.112222,-TIA- 7,313,222,185,-284
2,2,0.112245,-TIA- 7,313,222,187,-286
3,2,0.11228,-TIA- 7,313,222,190,-288
3,2,0.112321,-TIA- 7,313,222,193,-290
3,3,0.11235,-TIA- 7,313,222,196,-293
5,1,0.112373,-TIA- 7,313,222,201,-294
3,1,0.112396,-TIA- 7,313,222,204,-295
3,1,0.112425,-TIA- 7,313,222,207,-296
3,1,0.112466,-TIA- 7,313,222,210,-297
2,1,0.112652,-TIA- 7,313,222,212,-298
3,1,0.112675,-TIA- 7,313,222,215,-299
3,1,0.112698,-TIA- 7,313,222,218,-300
3,1,0.112721,-TIA- 7,313,222,221,-301
3,1,0.112739,-TIA- 7,313,222,224,-302
2,1,0.112762,-TIA- 7,313,222,226,-303
3,1,0.11282,-TIA- 7,313,222,229,-304
3,1,0.112861,-TIA- 7,313,222,232,-305
3,1,0.112884,-TIA- 7,313,222,235,-306
3,1,0.112901,-TIA- 7,313,222,238,-307
3,1,0.112925,-TIA- 7,313,222,241,-308
2,1,0.112959,-TIA- 7,313,222,243,-309
2,1,0.112988,-TIA- 7,313,222,245,-310
2,1,0.113023,-TIA- 7,313,222,247,-311
1,-1,0.11311,-TIA- 7,313,222,248,-310
1,-2,0.113174,-TIA- 7,313,222,249,-308
1,-2,0.11318,-TIA- 7,313,222,250,-306
1,-2,0.113209,-TIA- 7,313,222,251,-304
1,-3,0.113232,-TIA- 7,313,222,252,-301
1,-3,0.113261,-TIA- 7,313,222,253,-298
2,-2,0.113284,-TIA- 7,313,222,255,-296
2,-3,0.113325,-TIA- 7,313,222,257,-293
2,-3,0.113337,-TIA- 7,313,222,259,-290
2,-3,0.11336,-TIA- 7,313,222,261,-287
2,-3,0.113383,-TIA- 7,313,222,263,-284
1,-2,0.113418,-TIA- 7,313,222,264,-282
2,-3,0.113441,-TIA- 7,313,222,266,-279
2,-3,0.113479,-TIA- 7,313,222,268,-276
2,-3,0.113488,-TIA- 7,313,222,270,-273
3,-3,0.113511,-TIA- 7,313,222,273,-270
3,-2,0.113546,-TIA- 7,313,222,276,-268
2,-3,0.113575,-TIA- 7,313,222,278,-265
3,-3,0.113598,-TIA- 7,313,222,281,-262
3,-3,0.113621,-TIA- 7,313,222,284,-259
3,-3,0.113638,-TIA- 7,313,222,287,-256
3,-3,0.113662,-TIA- 7,313,222,290,-253
3,-2,0.113697,-TIA- 7,313,222,293,-251
2,-3,0.113726,-TIA- 7,313,222,295,-248
3,-3,0.11376,-TIA- 7,313,222,298,-245
3,-3,0.113784,-TIA- 7,313,222,301,-242
3,-3,0.113795,-TIA- 7,313,222,304,-239
2,-2,0.113818,-TIA- 7,313,222,306,-237
2,-3,0.113842,-TIA- 7,313,222,308,-234
2,-3,0.113871,-TIA- 7,313,222,310,-231
2,-3,0.113911,-TIA- 7,313,222,312,-228
2,-2,0.113935,-TIA- 7,313,222,314,-226
2,-2,0.113946,-TIA- 7,313,222,316,-224
-1,-1,0.113969,-TIA- 7,313,222,315,-223
-1,-2,0.113993,-TIA- 7,313,222,314,-221
-1,-2,0.114033,-TIA- 7,313,222,313,-219
-1,-2,0.114039,-TIA- 7,313,222,312,-217
-1,-2,0.114062,-TIA- 7,313,222,311,-215
-1,-2,0.114097,-TIA- 7,313,222,310,-213
-1,-2,0.114126,-TIA- 7,313,222,309,-211
-1,-2,0.11415,-TIA- 7,313,222,308,-209
-1,-1,0.114184,-TIA- 7,313,222,307,-208
-1,-1,0.114196,-TIA- 7,313,222,306,-207
-1,-1,0.114219,-TIA- 7,313,222,305,-206
-1,-1,0.114248,-TIA- 7,313,222,304,-205
-1,1,0.120767,GO 8,24,379,303,-206
-2,1,0.120779,GO 8,24,379,301,-207
-3,1,0.120802,GO 8,24,379,298,-208
-3,2,0.120834,GO 8,24,379,295,-210
-4,2,0.12086,GO 8,24,379,291,-212
-3,3,0.120889,GO 8,24,379,288,-215
-4,3,0.120906,GO 8,24,379,284,-218
-4,3,0.12093,GO 8,24,379,280,-221
-4,4,0.120964,GO 8,24,379,276,-225
-3,4,0.120988,GO 8,24,379,273,-229
-4,4,0.121017,GO 8,24,379,269,-233
-4,3,0.12104,GO 8,24,379,265,-236
-4,4,0.121057,GO 8,24,379,261,-240
-3,4,0.12108,GO 8,24,379,258,-244
-4,4,0.121104,GO 8,24,379,254,-248
-4,3,0.121139,GO 8,24,379,250,-251
-4,4,0.121168,GO 8,24,379,246,-255
-3,4,0.121202,GO 8,24,379,243,-259
-4,4,0.121208,GO 8,24,379,239,-263
-4,3,0.121231,GO 8,24,379,235,-266
-4,4,0.121255,GO 8,24,379,231,-270
-3,4,0.121281,GO 8,24,379,228,-274
-4,4,0.121322,GO 8,24,379,224,-278
-4,3,0.12133,GO 8,24,379,220,-281
-4,4,0.121377,GO 8,24,379,216,-285
-3,4,0.121382,GO 8,24,379,213,-289
-4,4,0.121411,GO 8,24,379,209,-293
-4,3,0.12144,GO 8,24,379,205,-296
-4,4,0.121475,GO 8,24,379,201,-300
-3,4,0.121481,GO 8,24,379,198,-304
-4,4,0.12151,GO 8,24,379,194,-308
-4,3,0.121539,GO 8,24,379,190,-311
-4,4,0.121568,GO 8,24,379,186,-315
-3,4,0.121591,GO 8,24,379,183,-319
-4,4,0.12162,GO 8,24,379,179,-323
-4,3,0.121632,GO 8,24,379,175,-326
-4,4,0.121655,GO 8,24,379,171,-330
-3,4,0.12169,GO 8,24,379,168,-334
-4,4,0.121713,GO 8,24,379,164,-338
-4,3,0.121754,GO 8,24,379,160,-341
-4,4,0.121777,GO 8,24,379,156,-345
-3,3,0.121789,GO 8,24,379,153,-348
-4,3,0.121812,GO 8,24,379,149,-351
-4,3,0.121841,GO 8,24,379,145,-354
-4,2,0.121864,GO 8,24,379,141,-356
-3,3,0.121899,GO 8,24,379,138,-359
-4,3,0.121922,GO 8,24,379,134,-362
-4,3,0.12194,GO 8,24,379,130,-365
-4,3,0.121963,GO 8,24,379,126,-368
-3,2,0.121992,GO 8,24,379,123,-370
-4,2,0.122015,GO 8,24,379,119,-372
-4,2,0.12205,GO 8,24,379,115,-374
-4,4,0.122091,GO 8,24,379,111,-378
-7,2,0.12212,GO 8,24,379,104,-380
-4,2,0.122137,GO 8,24,379,100,-382
-4,2,0.122169,GO 8,24,379,96,-384
-3,1,0.122207,GO 8,24,379,93,-385
-4,2,0.122236,GO 8,24,379,89,-387
-4,2,0.122241,GO 8,24,379,85,-389
-4,2,0.122265,GO 8,24,379,81,-391
-3,2,0.122288,GO 8,24,379,78,-393
-4,2,0.122323,GO 8,24,379,74,-395
-4,2,0.122352,GO 8,24,379,70,-397
-4,2,0.122387,GO 8,24,379,66,-399
-3,1,0.122392,GO 8,24,379,63,-400
-4,1,0.122421,GO 8,24,379,59,-401
-4,1,0.122439,GO 8,24,379,55,-402
-4,1,0.122474,GO 8,24,379,51,-403
-4,-1,0.122625,GO 8,24,379,47,-402
-4,-1,0.122652,GO 8,24,379,43,-401
-4,-1,0.122677,GO 8,24,379,39,-400
-3,-1,0.1227,GO 8,24,379,36,-399
-4,-1,0.122752,GO 8,24,379,32,-398
-3,-1,0.122776,GO 8,24,379,29,-397
-4,-1,0.12281,GO 8,24,379,25,-396
-4,-1,0.122834,GO 8,24,379,21,-395
-4,-1,0.122857,GO 8,24,379,17,-394
-3,-1,0.122874,GO 8,24,379,14,-393
-4,-1,0.122909,GO 8,24,379,10,-392
-4,-1,0.122938,GO 8,24,379,6,-391
-4,-1,0.122955,GO 8,24,379,2,-390
-3,-1,0.122984,GO 8,24,379,-1,-389
-4,-1,0.123008,GO 8,24,379,-5,-388
-4,-1,0.123025,GO 8,24,379,-9,-387
-4,-1,0.123048,GO 8,24,379,-13,-386
-3,-1,0.123095,GO 8,24,379,-16,-385
-4,-1,0.123112,GO 8,24,379,-20,-384
-4,-1,0.123153,GO 8,24,379,-24,-383
-3,-1,0.123176,GO 8,24,379,-27,-382
-4,-1,0.123205,GO 8,24,379,-31,-381
-4,-1,0.123234,GO 8,24,379,-35,-380
-4,-1,0.123275,GO 8,24,379,-39,-379
-4,1,0.123356,GO 8,24,379,-43,-380
-3,1,0.123385,GO 8,24,379,-46,-381
-4,1,0.12342,GO 8,24,379,-50,-382
-3,1,0.123431,GO 8,24,379,-53,-383
