deltaX,deltaY,WHEN,SYLLABLE,XofButton,YofButton,XofTrace,YofTrace
0,-1,0.0195744,Yield,0,0,0,1
1,-1,0.0195976,Yield,0,0,1,2
1,-1,0.0196441,Yield,0,0,2,3
3,-1,0.0196673,Yield,0,0,5,4
3,1,0.019766,Yield,0,0,8,3
1,2,0.019795,Yield,0,0,9,1
2,2,0.0198298,Yield,0,0,11,-1
1,2,0.0198589,Yield,0,0,12,-3
1,4,0.0198937,Yield,0,0,13,-7
-3,1,0.0199227,Yield,0,0,10,-8
-2,1,0.0199517,Yield,0,0,8,-9
-3,1,0.0199746,Yield,0,0,5,-10
-4,1,0.020004,Yield,0,0,1,-11
-4,-1,0.0201027,Yield,0,0,-3,-10
-4,-1,0.0201259,Yield,0,0,-7,-9
-3,-2,0.0201491,Yield,0,0,-10,-7
-4,-2,0.0201723,Yield,0,0,-14,-5
-4,-2,0.0202014,Yield,0,0,-18,-3
-4,-2,0.020213,Yield,0,0,-22,-1
-3,-3,0.0202478,Yield,0,0,-25,2
-4,-2,0.0202652,Yield,0,0,-29,4
-4,-3,0.0203,Yield,0,0,-33,7
-4,-3,0.0203291,Yield,0,0,-37,10
-3,-3,0.0203407,Yield,0,0,-40,13
-4,-3,0.0203639,Yield,0,0,-44,16
-4,-2,0.0203987,Yield,0,0,-48,18
-4,-3,0.020422,Yield,0,0,-52,21
-3,-3,0.020451,Yield,0,0,-55,24
-2,-2,0.0204858,Yield,0,0,-57,26
-2,-2,0.0204974,Yield,0,0,-59,28
-2,-2,0.0205148,Yield,0,0,-61,30
-2,-2,0.0205497,Yield,0,0,-63,32
-2,-1,0.0205903,Yield,0,0,-65,33
-2,-2,0.0206135,Yield,0,0,-67,35
-2,-2,0.0206367,Yield,0,0,-69,37
-3,-2,0.0206425,Yield,0,0,-72,39
-3,-2,0.0206658,Yield,0,0,-75,41
-4,-2,0.0207006,Yield,0,0,-79,43
-4,-2,0.0207412,Yield,0,0,-83,45
-3,-2,0.0207644,Yield,0,0,-86,47
-4,-1,0.0207702,Yield,0,0,-90,48
-4,-2,0.0208051,Yield,0,0,-94,50
-4,-2,0.0208283,Yield,0,0,-98,52
-3,-2,0.0208515,Yield,0,0,-101,54
-4,-2,0.0208863,Yield,0,0,-105,56
-4,-3,0.0209154,Yield,0,0,-109,59
-4,-3,0.0209212,Yield,0,0,-113,62
-3,-2,0.0209502,Yield,0,0,-116,64
-4,-3,0.0209908,Yield,0,0,-120,67
-4,-6,0.0210199,Yield,0,0,-124,73
-7,-3,0.0210547,Yield,0,0,-131,76
-4,-2,0.0210895,Yield,0,0,-135,78
-3,-2,0.0211185,Yield,0,0,-138,80
-2,-2,0.0211418,Yield,0,0,-140,82
-1,-2,0.0211534,Yield,0,0,-141,84
-1,-1,0.0211708,Yield,0,0,-142,85
1,-1,0.021194,Yield,0,0,-141,86
2,-1,0.0212405,Yield,0,0,-139,87
1,1,0.0221809,Yield,0,0,-138,86
-1,2,0.0222331,Yield,0,0,-139,84
-1,2,0.0222737,Yield,0,0,-140,82
-1,2,0.0223028,Yield,0,0,-141,80
-1,3,0.022326,Yield,0,0,-142,77
-1,2,0.0223318,Yield,0,0,-143,75
-1,3,0.022355,Yield,0,0,-144,72
-1,3,0.0223782,Yield,0,0,-145,69
-1,3,0.0224247,Yield,0,0,-146,66
-1,5,0.0224537,Yield,0,0,-147,61
-1,3,0.0224885,Yield,0,0,-148,58
-1,3,0.0225117,Yield,0,0,-149,55
-1,3,0.0225408,Yield,0,0,-150,52
-1,3,0.0225698,Yield,0,0,-151,49
-1,3,0.0225814,Yield,0,0,-152,46
-1,2,0.0226046,Yield,0,0,-153,44
-1,3,0.0226395,Yield,0,0,-154,41
1,3,0.0226685,Yield,0,0,-153,38
1,3,0.0226975,Yield,0,0,-152,35
1,2,0.0227265,Yield,0,0,-151,33
1,2,0.0227323,Yield,0,0,-150,31
1,1,0.0227904,Yield,0,0,-149,30
1,1,0.0228136,Yield,0,0,-148,29
1,1,0.032833,FRAY 1,87,416,-147,28
1,1,0.0328911,FRAY 1,87,416,-146,27
1,2,0.0329085,FRAY 1,87,416,-145,25
1,2,0.0329317,FRAY 1,87,416,-144,23
1,1,0.0329549,FRAY 1,87,416,-143,22
2,2,0.0329898,FRAY 1,87,416,-141,20
2,2,0.0330188,FRAY 1,87,416,-139,18
3,3,0.033042,FRAY 1,87,416,-136,15
2,3,0.033071,FRAY 1,87,416,-134,12
3,3,0.0330826,FRAY 1,87,416,-131,9
3,2,0.0331059,FRAY 1,87,416,-128,7
3,4,0.0331291,FRAY 1,87,416,-125,3
3,4,0.0331639,FRAY 1,87,416,-122,-1
3,4,0.0331987,FRAY 1,87,416,-119,-5
2,7,0.033222,FRAY 1,87,416,-117,-12
6,4,0.033251,FRAY 1,87,416,-111,-16
3,4,0.03328,FRAY 1,87,416,-108,-20
3,3,0.0332858,FRAY 1,87,416,-105,-23
1,4,0.0332974,FRAY 1,87,416,-104,-27
2,4,0.0333439,FRAY 1,87,416,-102,-31
2,4,0.0333555,FRAY 1,87,416,-100,-35
2,3,0.0333787,FRAY 1,87,416,-98,-38
2,4,0.0334019,FRAY 1,87,416,-96,-42
2,4,0.0334366,FRAY 1,87,416,-94,-46
2,4,0.0334658,FRAY 1,87,416,-92,-50
2,3,0.0334716,FRAY 1,87,416,-90,-53
1,4,0.0335064,FRAY 1,87,416,-89,-57
2,4,0.0335296,FRAY 1,87,416,-87,-61
1,4,0.0335644,FRAY 1,87,416,-86,-65
1,3,0.0335877,FRAY 1,87,416,-85,-68
1,4,0.0336051,FRAY 1,87,416,-84,-72
1,4,0.0336283,FRAY 1,87,416,-83,-76
1,4,0.0336573,FRAY 1,87,416,-82,-80
-1,3,0.0336805,FRAY 1,87,416,-83,-83
-1,4,0.0337154,FRAY 1,87,416,-84,-87
-2,4,0.0337328,FRAY 1,87,416,-86,-91
-1,4,0.033756,FRAY 1,87,416,-87,-95
-3,3,0.0337792,FRAY 1,87,416,-90,-98
-3,4,0.0338083,FRAY 1,87,416,-93,-102
-3,4,0.0338431,FRAY 1,87,416,-96,-106
-3,4,0.0338663,FRAY 1,87,416,-99,-110
-3,3,0.0338837,FRAY 1,87,416,-102,-113
-2,4,0.0339069,FRAY 1,87,416,-104,-117
-3,4,0.0339302,FRAY 1,87,416,-107,-121
-3,4,0.0339592,FRAY 1,87,416,-110,-125
-3,3,0.033994,FRAY 1,87,416,-113,-128
-4,4,0.0340172,FRAY 1,87,416,-117,-132
-2,4,0.0340346,FRAY 1,87,416,-119,-136
-3,4,0.0340521,FRAY 1,87,416,-122,-140
-3,3,0.0340753,FRAY 1,87,416,-125,-143
-3,4,0.0341043,FRAY 1,87,416,-128,-147
-3,4,0.0341391,FRAY 1,87,416,-131,-151
-2,4,0.0341624,FRAY 1,87,416,-133,-155
-2,3,0.0341914,FRAY 1,87,416,-135,-158
-2,4,0.034203,FRAY 1,87,416,-137,-162
-2,4,0.0342262,FRAY 1,87,416,-139,-166
-1,4,0.0342494,FRAY 1,87,416,-140,-170
-1,3,0.0342901,FRAY 1,87,416,-141,-173
-1,4,0.0343191,FRAY 1,87,416,-142,-177
-1,4,0.0343307,FRAY 1,87,416,-143,-181
-1,4,0.0343539,FRAY 1,87,416,-144,-185
-1,3,0.0343771,FRAY 1,87,416,-145,-188
-1,4,0.0344004,FRAY 1,87,416,-146,-192
-1,4,0.0344236,FRAY 1,87,416,-147,-196
-1,4,0.0344526,FRAY 1,87,416,-148,-200
-1,3,0.0344816,FRAY 1,87,416,-149,-203
-1,4,0.0345049,FRAY 1,87,416,-150,-207
-2,4,0.0345397,FRAY 1,87,416,-152,-211
-2,4,0.0345629,FRAY 1,87,416,-154,-215
-3,3,0.0345919,FRAY 1,87,416,-157,-218
-3,4,0.0346035,FRAY 1,87,416,-160,-222
-3,4,0.0346326,FRAY 1,87,416,-163,-226
-3,4,0.0346558,FRAY 1,87,416,-166,-230
-4,3,0.0346906,FRAY 1,87,416,-170,-233
-4,4,0.0347196,FRAY 1,87,416,-174,-237
-4,4,0.0347312,FRAY 1,87,416,-178,-241
-3,4,0.0347545,FRAY 1,87,416,-181,-245
-4,3,0.0347893,FRAY 1,87,416,-185,-248
-4,4,0.0348125,FRAY 1,87,416,-189,-252
-3,4,0.0348357,FRAY 1,87,416,-192,-256
-2,4,0.034859,FRAY 1,87,416,-194,-260
-2,3,0.0348822,FRAY 1,87,416,-196,-263
-2,4,0.0349054,FRAY 1,87,416,-198,-267
1,4,0.0349402,FRAY 1,87,416,-197,-271
1,4,0.0349693,FRAY 1,87,416,-196,-275
1,3,0.0349925,FRAY 1,87,416,-195,-278
2,3,0.0350099,FRAY 1,87,416,-193,-281
2,3,0.0350273,FRAY 1,87,416,-191,-284
2,3,0.0350505,FRAY 1,87,416,-189,-287
3,3,0.0350795,FRAY 1,87,416,-186,-290
3,3,0.0351144,FRAY 1,87,416,-183,-293
3,2,0.0351376,FRAY 1,87,416,-180,-295
2,3,0.035155,FRAY 1,87,416,-178,-298
3,4,0.0351782,FRAY 1,87,416,-175,-302
3,4,0.0352015,FRAY 1,87,416,-172,-306
3,3,0.0352247,FRAY 1,87,416,-169,-309
3,4,0.0352479,FRAY 1,87,416,-166,-313
2,4,0.0352885,FRAY 1,87,416,-164,-317
3,4,0.0353001,FRAY 1,87,416,-161,-321
3,3,0.0353234,FRAY 1,87,416,-158,-324
3,2,0.0353466,FRAY 1,87,416,-155,-326
3,4,0.0353698,FRAY 1,87,416,-152,-330
3,4,0.0353988,FRAY 1,87,416,-149,-334
2,3,0.035422,FRAY 1,87,416,-147,-337
3,4,0.0354511,FRAY 1,87,416,-144,-341
3,4,0.0354743,FRAY 1,87,416,-141,-345
3,4,0.0355033,FRAY 1,87,416,-138,-349
3,2,0.0355207,FRAY 1,87,416,-135,-351
2,3,0.0355556,FRAY 1,87,416,-133,-354
3,3,0.0355672,FRAY 1,87,416,-130,-357
3,3,0.035602,FRAY 1,87,416,-127,-360
3,3,0.0356252,FRAY 1,87,416,-124,-363
3,2,0.0356591,FRAY 1,87,416,-121,-365
3,3,0.0356891,FRAY 1,87,416,-118,-368
2,3,0.0357123,FRAY 1,87,416,-116,-371
3,3,0.0357239,FRAY 1,87,416,-113,-374
3,3,0.0357529,FRAY 1,87,416,-110,-377
3,3,0.0357761,FRAY 1,87,416,-107,-380
3,2,0.0357994,FRAY 1,87,416,-104,-382
2,3,0.03584,FRAY 1,87,416,-102,-385
3,3,0.0358632,FRAY 1,87,416,-99,-388
3,3,0.0358748,FRAY 1,87,416,-96,-391
3,4,0.0359039,FRAY 1,87,416,-93,-395
3,3,0.0359271,FRAY 1,87,416,-90,-398
2,4,0.0359503,FRAY 1,87,416,-88,-402
3,4,0.0359851,FRAY 1,87,416,-85,-406
3,4,0.0360141,FRAY 1,87,416,-82,-410
3,3,0.0360258,FRAY 1,87,416,-79,-413
3,4,0.0360548,FRAY 1,87,416,-76,-417
3,4,0.036078,FRAY 1,87,416,-73,-421
2,4,0.036107,FRAY 1,87,416,-71,-425
3,3,0.0361361,FRAY 1,87,416,-68,-428
3,4,0.0361535,FRAY 1,87,416,-65,-432
3,4,0.0361767,FRAY 1,87,416,-62,-436
3,4,0.0361999,FRAY 1,87,416,-59,-440
2,3,0.0362347,FRAY 1,87,416,-57,-443
3,4,0.036258,FRAY 1,87,416,-54,-447
3,4,0.036287,FRAY 1,87,416,-51,-451
3,4,0.0363218,FRAY 1,87,416,-48,-455
3,3,0.0363392,FRAY 1,87,416,-45,-458
2,4,0.0363508,FRAY 1,87,416,-43,-462
2,4,0.0363741,FRAY 1,87,416,-41,-466
2,4,0.0364089,FRAY 1,87,416,-39,-470
2,2,0.0364321,FRAY 1,87,416,-37,-472
2,3,0.0364669,FRAY 1,87,416,-35,-475
2,3,0.036496,FRAY 1,87,416,-33,-478
2,3,0.0365076,FRAY 1,87,416,-31,-481
1,3,0.0365308,FRAY 1,87,416,-30,-484
1,2,0.0365598,FRAY 1,87,416,-29,-486
1,2,0.036583,FRAY 1,87,416,-28,-488
1,2,0.0366179,FRAY 1,87,416,-27,-490
-1,3,0.0366527,FRAY 1,87,416,-28,-493
-1,1,0.0366759,FRAY 1,87,416,-29,-494
-1,1,0.0368036,FRAY 1,87,416,-30,-495
-1,1,0.0368501,FRAY 1,87,416,-31,-496
-1,1,0.0368733,FRAY 1,87,416,-32,-497
1,1,0.0369488,FRAY 1,87,416,-31,-498
1,1,0.0369546,FRAY 1,87,416,-30,-499
1,1,0.0369778,FRAY 1,87,416,-29,-500
1,1,0.037001,FRAY 1,87,416,-28,-501
1,1,0.037059,FRAY 1,87,416,-27,-502
1,1,0.0371868,FRAY 1,87,416,-26,-503
1,1,0.03721,FRAY 1,87,416,-25,-504
1,1,0.0372622,FRAY 1,87,416,-24,-505
1,2,0.0372854,FRAY 1,87,416,-23,-507
1,1,0.0373145,FRAY 1,87,416,-22,-508
1,2,0.0373377,FRAY 1,87,416,-21,-510
1,2,0.0373609,FRAY 1,87,416,-20,-512
1,2,0.0373957,FRAY 1,87,416,-19,-514
1,2,0.0374132,FRAY 1,87,416,-18,-516
1,3,0.0374364,FRAY 1,87,416,-17,-519
1,3,0.0374596,FRAY 1,87,416,-16,-522
1,2,0.0374828,FRAY 1,87,416,-15,-524
1,3,0.037506,FRAY 1,87,416,-14,-527
1,3,0.0375234,FRAY 1,87,416,-13,-530
1,3,0.0375583,FRAY 1,87,416,-12,-533
1,4,0.0375757,FRAY 1,87,416,-11,-537
1,3,0.0376047,FRAY 1,87,416,-10,-540
1,4,0.0376337,FRAY 1,87,416,-9,-544
1,3,0.0376512,FRAY 1,87,416,-8,-547
1,3,0.0376744,FRAY 1,87,416,-7,-550
1,2,0.0377034,FRAY 1,87,416,-6,-552
1,3,0.0377324,FRAY 1,87,416,-5,-555
1,3,0.0377556,FRAY 1,87,416,-4,-558
1,3,0.0377789,FRAY 1,87,416,-3,-561
1,3,0.0378021,FRAY 1,87,416,-2,-564
1,3,0.0378253,FRAY 1,87,416,-1,-567
1,1,0.0378601,FRAY 1,87,416,0,-568
1,2,0.0378834,FRAY 1,87,416,1,-570
1,2,0.0379066,FRAY 1,87,416,2,-572
1,2,0.0379414,FRAY 1,87,416,3,-574
1,1,0.0379704,FRAY 1,87,416,4,-575
1,1,0.0379762,FRAY 1,87,416,5,-576
1,1,0.0380343,FRAY 1,87,416,6,-577
1,1,0.0380575,FRAY 1,87,416,7,-578
-1,1,0.0381044,FRAY 1,87,416,6,-579
-1,1,0.0381272,FRAY 1,87,416,5,-580
-1,1,0.0381562,FRAY 1,87,416,4,-581
-1,1,0.0381852,FRAY 1,87,416,3,-582
-1,1,0.0382433,FRAY 1,87,416,2,-583
-1,-1,0.0476415,SAN- 2,387,311,1,-582
-1,-2,0.0476822,SAN- 2,387,311,0,-580
-1,-1,0.0477054,SAN- 2,387,311,-1,-579
-1,-2,0.0477344,SAN- 2,387,311,-2,-577
-1,-2,0.047746,SAN- 2,387,311,-3,-575
1,-2,0.0477693,SAN- 2,387,311,-2,-573
1,-2,0.0477983,SAN- 2,387,311,-1,-571
1,-2,0.0478331,SAN- 2,387,311,0,-569
1,-2,0.0478563,SAN- 2,387,311,1,-567
1,-2,0.0478854,SAN- 2,387,311,2,-565
2,-1,0.047897,SAN- 2,387,311,4,-564
2,-2,0.0479202,SAN- 2,387,311,6,-562
2,-2,0.0479434,SAN- 2,387,311,8,-560
2,-2,0.0479782,SAN- 2,387,311,10,-558
2,-1,0.0480073,SAN- 2,387,311,12,-557
2,-1,0.0480167,SAN- 2,387,311,14,-556
2,-1,0.0480479,SAN- 2,387,311,16,-555
1,-1,0.0480827,SAN- 2,387,311,17,-554
3,-1,0.0481698,SAN- 2,387,311,20,-553
3,-1,0.0481988,SAN- 2,387,311,23,-552
3,-1,0.048222,SAN- 2,387,311,26,-551
2,-1,0.0482453,SAN- 2,387,311,28,-550
3,-1,0.0482975,SAN- 2,387,311,31,-549
3,-2,0.0483207,SAN- 2,387,311,34,-547
3,-2,0.0483498,SAN- 2,387,311,37,-545
2,-2,0.0483788,SAN- 2,387,311,39,-543
3,-2,0.0484078,SAN- 2,387,311,42,-541
3,-3,0.048431,SAN- 2,387,311,45,-538
3,-3,0.0484542,SAN- 2,387,311,48,-535
3,-2,0.0484717,SAN- 2,387,311,51,-533
2,-3,0.0484949,SAN- 2,387,311,53,-530
2,-3,0.0485297,SAN- 2,387,311,55,-527
2,-3,0.0485587,SAN- 2,387,311,57,-524
2,-3,0.0485936,SAN- 2,387,311,59,-521
2,-2,0.0485994,SAN- 2,387,311,61,-519
2,-3,0.0486226,SAN- 2,387,311,63,-516
2,-3,0.0486574,SAN- 2,387,311,65,-513
2,-3,0.0486806,SAN- 2,387,311,67,-510
1,-3,0.0487097,SAN- 2,387,311,68,-507
2,-2,0.0487445,SAN- 2,387,311,70,-505
2,-3,0.0487561,SAN- 2,387,311,72,-502
2,-3,0.0487735,SAN- 2,387,311,74,-499
3,-3,0.0487967,SAN- 2,387,311,77,-496
3,-3,0.0488316,SAN- 2,387,311,80,-493
2,-3,0.0488548,SAN- 2,387,311,82,-490
3,-2,0.048878,SAN- 2,387,311,85,-488
3,-3,0.0489012,SAN- 2,387,311,88,-485
3,-2,0.0489245,SAN- 2,387,311,91,-483
3,-2,0.0489593,SAN- 2,387,311,94,-481
3,-2,0.0489926,SAN- 2,387,311,97,-479
2,-2,0.0490173,SAN- 2,387,311,99,-477
3,-2,0.0490347,SAN- 2,387,311,102,-475
3,-3,0.0490526,SAN- 2,387,311,105,-472
3,-3,0.0490812,SAN- 2,387,311,108,-469
3,-3,0.0491102,SAN- 2,387,311,111,-466
2,-3,0.049145,SAN- 2,387,311,113,-463
3,-3,0.0491508,SAN- 2,387,311,116,-460
3,-2,0.0491857,SAN- 2,387,311,119,-458
3,-3,0.0492089,SAN- 2,387,311,122,-455
3,-3,0.0492321,SAN- 2,387,311,125,-452
2,-3,0.0492611,SAN- 2,387,311,127,-449
3,-3,0.049296,SAN- 2,387,311,130,-446
3,-2,0.0493018,SAN- 2,387,311,133,-444
3,-2,0.0493424,SAN- 2,387,311,136,-442
3,-2,0.0493598,SAN- 2,387,311,139,-440
3,-2,0.049383,SAN- 2,387,311,142,-438
2,-2,0.0494063,SAN- 2,387,311,144,-436
3,-2,0.0494411,SAN- 2,387,311,147,-434
3,-2,0.0494527,SAN- 2,387,311,150,-432
3,-1,0.0494817,SAN- 2,387,311,153,-431
3,-1,0.0495107,SAN- 2,387,311,156,-430
3,-1,0.0495572,SAN- 2,387,311,159,-429
3,-1,0.049592,SAN- 2,387,311,162,-428
3,-1,0.0496094,SAN- 2,387,311,165,-427
3,-1,0.0496327,SAN- 2,387,311,168,-426
2,-1,0.0496617,SAN- 2,387,311,170,-425
3,-1,0.0496849,SAN- 2,387,311,173,-424
3,-1,0.0497081,SAN- 2,387,311,176,-423
3,-1,0.0497371,SAN- 2,387,311,179,-422
3,-1,0.0497604,SAN- 2,387,311,182,-421
2,-1,0.0497836,SAN- 2,387,311,184,-420
2,-1,0.0498126,SAN- 2,387,311,186,-419
2,-1,0.0498416,SAN- 2,387,311,188,-418
2,-1,0.0498649,SAN- 2,387,311,190,-417
2,-1,0.0498939,SAN- 2,387,311,192,-416
2,-1,0.0499113,SAN- 2,387,311,194,-415
1,1,0.0507414,SAN- 2,387,311,195,-416
1,1,0.0507646,SAN- 2,387,311,196,-417
2,2,0.0508169,SAN- 2,387,311,198,-419
4,1,0.0508401,SAN- 2,387,311,202,-420
2,1,0.0508691,SAN- 2,387,311,204,-421
3,1,0.0508923,SAN- 2,387,311,207,-422
3,1,0.0509214,SAN- 2,387,311,210,-423
3,1,0.0509613,SAN- 2,387,311,213,-424
3,1,0.0509678,SAN- 2,387,311,216,-425
2,1,0.050991,SAN- 2,387,311,218,-426
3,1,0.05102,SAN- 2,387,311,221,-427
3,1,0.0512464,SAN- 2,387,311,224,-428
2,1,0.0512697,SAN- 2,387,311,226,-429
3,1,0.0512929,SAN- 2,387,311,229,-430
3,1,0.0513277,SAN- 2,387,311,232,-431
3,1,0.0513625,SAN- 2,387,311,235,-432
3,2,0.0513916,SAN- 2,387,311,238,-434
2,2,0.0513974,SAN- 2,387,311,240,-436
3,2,0.0514322,SAN- 2,387,311,243,-438
3,3,0.0514496,SAN- 2,387,311,246,-441
3,2,0.0514728,SAN- 2,387,311,249,-443
3,3,0.0515135,SAN- 2,387,311,252,-446
2,3,0.0515425,SAN- 2,387,311,254,-449
1,3,0.0515483,SAN- 2,387,311,255,-452
1,3,0.0515773,SAN- 2,387,311,256,-455
1,2,0.0516005,SAN- 2,387,311,257,-457
1,3,0.0516296,SAN- 2,387,311,258,-460
-1,3,0.051647,SAN- 2,387,311,257,-463
-1,3,0.0516992,SAN- 2,387,311,256,-466
-1,3,0.051705,SAN- 2,387,311,255,-469
-1,3,0.0517283,SAN- 2,387,311,254,-472
-2,2,0.0517631,SAN- 2,387,311,252,-474
-2,3,0.0517863,SAN- 2,387,311,250,-477
-2,3,0.0517979,SAN- 2,387,311,248,-480
-2,3,0.0518327,SAN- 2,387,311,246,-483
-1,3,0.051856,SAN- 2,387,311,245,-486
-1,2,0.0518792,SAN- 2,387,311,244,-488
-1,3,0.051914,SAN- 2,387,311,243,-491
-1,3,0.051943,SAN- 2,387,311,242,-494
-1,3,0.0519546,SAN- 2,387,311,241,-497
-1,3,0.0519779,SAN- 2,387,311,240,-500
-1,2,0.0520069,SAN- 2,387,311,239,-502
-1,3,0.0520301,SAN- 2,387,311,238,-505
1,3,0.0520649,SAN- 2,387,311,239,-508
1,3,0.052094,SAN- 2,387,311,240,-511
1,3,0.0521056,SAN- 2,387,311,241,-514
2,3,0.0521288,SAN- 2,387,311,243,-517
2,1,0.0521578,SAN- 2,387,311,245,-518
2,2,0.0521868,SAN- 2,387,311,247,-520
2,2,0.0522101,SAN- 2,387,311,249,-522
3,2,0.0522391,SAN- 2,387,311,252,-524
2,1,0.0522565,SAN- 2,387,311,254,-525
3,1,0.0522797,SAN- 2,387,311,257,-526
3,1,0.0523146,SAN- 2,387,311,260,-527
3,1,0.0523378,SAN- 2,387,311,263,-528
3,1,0.052361,SAN- 2,387,311,266,-529
2,-1,0.0525003,SAN- 2,387,311,268,-528
3,-1,0.0525293,SAN- 2,387,311,271,-527
3,-1,0.0525468,SAN- 2,387,311,274,-526
3,-1,0.05257,SAN- 2,387,311,277,-525
3,-1,0.0525932,SAN- 2,387,311,280,-524
2,-1,0.052628,SAN- 2,387,311,282,-523
3,-1,0.0526512,SAN- 2,387,311,285,-522
3,-1,0.0526861,SAN- 2,387,311,288,-521
3,-1,0.0526977,SAN- 2,387,311,291,-520
3,-1,0.0527209,SAN- 2,387,311,294,-519
3,-1,0.0527441,SAN- 2,387,311,297,-518
2,-1,0.052779,SAN- 2,387,311,299,-517
2,-1,0.052837,SAN- 2,387,311,301,-516
2,-1,0.0528486,SAN- 2,387,311,303,-515
2,-1,0.0528718,SAN- 2,387,311,305,-514
2,-1,0.0529009,SAN- 2,387,311,307,-513
2,-1,0.0529299,SAN- 2,387,311,309,-512
1,-1,0.0529647,SAN- 2,387,311,310,-511
2,-1,0.0529879,SAN- 2,387,311,312,-510
3,-1,0.0530054,SAN- 2,387,311,315,-509
3,-1,0.0530286,SAN- 2,387,311,318,-508
3,-1,0.0530518,SAN- 2,387,311,321,-507
3,-1,0.0530808,SAN- 2,387,311,324,-506
2,-1,0.0531156,SAN- 2,387,311,326,-505
3,-1,0.0531389,SAN- 2,387,311,329,-504
3,-1,0.0531563,SAN- 2,387,311,332,-503
3,-1,0.0531795,SAN- 2,387,311,335,-502
2,-1,0.0532376,SAN- 2,387,311,337,-501
3,-1,0.0532666,SAN- 2,387,311,340,-500
3,-1,0.0532974,SAN- 2,387,311,343,-499
3,-1,0.0533072,SAN- 2,387,311,346,-498
3,-1,0.0533304,SAN- 2,387,311,349,-497
2,-1,0.0533537,SAN- 2,387,311,351,-496
3,-1,0.0533769,SAN- 2,387,311,354,-495
3,-1,0.0534117,SAN- 2,387,311,357,-494
3,-1,0.0534291,SAN- 2,387,311,360,-493
3,-1,0.0534639,SAN- 2,387,311,363,-492
3,-1,0.0534814,SAN- 2,387,311,366,-491
2,-1,0.0535162,SAN- 2,387,311,368,-490
3,-1,0.0535336,SAN- 2,387,311,371,-489
3,-1,0.0535626,SAN- 2,387,311,374,-488
2,-1,0.05358,SAN- 2,387,311,376,-487
2,-1,0.0536323,SAN- 2,387,311,378,-486
2,-1,0.0536671,SAN- 2,387,311,380,-485
1,-1,0.0536845,SAN- 2,387,311,381,-484
1,-1,0.0537136,SAN- 2,387,311,382,-483
1,-1,0.053731,SAN- 2,387,311,383,-482
1,-1,0.053789,SAN- 2,387,311,384,-481
1,-1,0.0538122,SAN- 2,387,311,385,-480
1,-1,0.0538529,SAN- 2,387,311,386,-479
1,-2,0.0538877,SAN- 2,387,311,387,-477
3,-1,0.0539051,SAN- 2,387,311,390,-476
2,-1,0.05394,SAN- 2,387,311,392,-475
2,-1,0.0539922,SAN- 2,387,311,394,-474
2,-1,0.0540179,SAN- 2,387,311,396,-473
2,-1,0.0540328,SAN- 2,387,311,398,-472
3,-1,0.0540577,SAN- 2,387,311,401,-471
3,-1,0.0540909,SAN- 2,387,311,404,-470
2,-1,0.0541141,SAN- 2,387,311,406,-469
2,-1,0.0541489,SAN- 2,387,311,408,-468
2,-1,0.054178,SAN- 2,387,311,410,-467
2,-1,0.0541896,SAN- 2,387,311,412,-466
2,-1,0.0542186,SAN- 2,387,311,414,-465
2,-1,0.054236,SAN- 2,387,311,416,-464
1,-1,0.0546407,SAN- 2,387,311,417,-463
1,-1,0.0546888,SAN- 2,387,311,418,-462
1,-1,0.0547352,SAN- 2,387,311,419,-461
1,-1,0.0547759,SAN- 2,387,311,420,-460
1,-2,0.0547933,SAN- 2,387,311,421,-458
1,-2,0.0548165,SAN- 2,387,311,422,-456
1,-1,0.0548455,SAN- 2,387,311,423,-455
2,-2,0.0548746,SAN- 2,387,311,425,-453
2,-2,0.0549036,SAN- 2,387,311,427,-451
2,-2,0.0549268,SAN- 2,387,311,429,-449
2,-2,0.0549442,SAN- 2,387,311,431,-447
2,-2,0.0549674,SAN- 2,387,311,433,-445
1,-2,0.0549907,SAN- 2,387,311,434,-443
3,-2,0.0550139,SAN- 2,387,311,437,-441
2,-1,0.0550487,SAN- 2,387,311,439,-440
2,-2,0.0550777,SAN- 2,387,311,441,-438
2,-2,0.0550951,SAN- 2,387,311,443,-436
2,-2,0.0551184,SAN- 2,387,311,445,-434
1,-1,0.0551416,SAN- 2,387,311,446,-433
1,-2,0.0551764,SAN- 2,387,311,447,-431
1,-2,0.0551996,SAN- 2,387,311,448,-429
1,-2,0.0552171,SAN- 2,387,311,449,-427
-1,-2,0.0552635,SAN- 2,387,311,448,-425
-1,-2,0.0552693,SAN- 2,387,311,447,-423
-2,-2,0.0552983,SAN- 2,387,311,445,-421
-2,-2,0.0553273,SAN- 2,387,311,443,-419
-2,-1,0.0553448,SAN- 2,387,311,441,-418
-2,-2,0.055368,SAN- 2,387,311,439,-416
-3,-2,0.055397,SAN- 2,387,311,436,-414
-3,-2,0.055426,SAN- 2,387,311,433,-412
-3,-2,0.0554493,SAN- 2,387,311,430,-410
-3,-2,0.0554783,SAN- 2,387,311,427,-408
-2,-2,0.0555131,SAN- 2,387,311,425,-406
-2,-2,0.0555247,SAN- 2,387,311,423,-404
-2,-1,0.0555421,SAN- 2,387,311,421,-403
-1,-2,0.055577,SAN- 2,387,311,420,-401
-1,-2,0.0556002,SAN- 2,387,311,419,-399
-1,-2,0.0556234,SAN- 2,387,311,418,-397
1,-2,0.055664,SAN- 2,387,311,419,-395
1,-2,0.0556698,SAN- 2,387,311,420,-393
2,-2,0.0556931,SAN- 2,387,311,422,-391
2,-2,0.0557279,SAN- 2,387,311,424,-389
1,-1,0.0557511,SAN- 2,387,311,425,-388
2,-2,0.0557743,SAN- 2,387,311,427,-386
3,-2,0.0558092,SAN- 2,387,311,430,-384
3,-1,0.0558208,SAN- 2,387,311,433,-383
3,-1,0.0558498,SAN- 2,387,311,436,-382
3,-1,0.055873,SAN- 2,387,311,439,-381
3,1,0.0559601,SAN- 2,387,311,442,-382
3,1,0.0559775,SAN- 2,387,311,445,-383
3,2,0.0560007,SAN- 2,387,311,448,-385
1,2,0.0560239,SAN- 2,387,311,449,-387
2,2,0.056053,SAN- 2,387,311,451,-389
1,1,0.0560812,SAN- 2,387,311,452,-390
1,1,0.0561052,SAN- 2,387,311,453,-391
-1,1,0.0561226,SAN- 2,387,311,452,-392
-1,1,0.0561459,SAN- 2,387,311,451,-393
-1,1,0.0561778,SAN- 2,387,311,450,-394
-1,-1,0.0632007,-TIA- 3,329,115,449,-393
-1,-1,0.063257,-TIA- 3,329,115,448,-392
-1,-1,0.0632802,-TIA- 3,329,115,447,-391
-2,-1,0.0633092,-TIA- 3,329,115,445,-390
-2,-2,0.0633498,-TIA- 3,329,115,443,-388
-3,-1,0.0633731,-TIA- 3,329,115,440,-387
-2,-1,0.0634079,-TIA- 3,329,115,438,-386
1,1,0.0635762,-TIA- 3,329,115,439,-387
1,1,0.0635995,-TIA- 3,329,115,440,-388
1,-1,0.0643773,-TIA- 3,329,115,441,-387
1,-1,0.0644005,-TIA- 3,329,115,442,-386
1,-2,0.0644528,-TIA- 3,329,115,443,-384
1,-2,0.0644876,-TIA- 3,329,115,444,-382
1,-2,0.064505,-TIA- 3,329,115,445,-380
1,-3,0.0645418,-TIA- 3,329,115,446,-377
-1,-2,0.0645689,-TIA- 3,329,115,445,-375
-1,-3,0.0645805,-TIA- 3,329,115,444,-372
-1,-3,0.0646037,-TIA- 3,329,115,443,-369
-1,-3,0.0646385,-TIA- 3,329,115,442,-366
-1,-3,0.064656,-TIA- 3,329,115,441,-363
-1,-2,0.0646792,-TIA- 3,329,115,440,-361
-1,-3,0.0647024,-TIA- 3,329,115,439,-358
1,-3,0.0647349,-TIA- 3,329,115,440,-355
1,-3,0.0647605,-TIA- 3,329,115,441,-352
1,-3,0.0647895,-TIA- 3,329,115,442,-349
1,-3,0.0648069,-TIA- 3,329,115,443,-346
1,-2,0.0648301,-TIA- 3,329,115,444,-344
1,-3,0.0648533,-TIA- 3,329,115,445,-341
1,-3,0.0648882,-TIA- 3,329,115,446,-338
2,-3,0.0649172,-TIA- 3,329,115,448,-335
2,-3,0.0649404,-TIA- 3,329,115,450,-332
1,-2,0.0649578,-TIA- 3,329,115,451,-330
1,-3,0.064981,-TIA- 3,329,115,452,-327
1,-3,0.0650101,-TIA- 3,329,115,453,-324
1,-3,0.0650391,-TIA- 3,329,115,454,-321
1,-3,0.0650739,-TIA- 3,329,115,455,-318
1,-2,0.0651029,-TIA- 3,329,115,456,-316
1,-3,0.0651204,-TIA- 3,329,115,457,-313
1,-3,0.0651378,-TIA- 3,329,115,458,-310
1,-3,0.065161,-TIA- 3,329,115,459,-307
1,-3,0.0651842,-TIA- 3,329,115,460,-304
1,-3,0.0652249,-TIA- 3,329,115,461,-301
1,-2,0.0652553,-TIA- 3,329,115,462,-299
1,-3,0.0652655,-TIA- 3,329,115,463,-296
1,-3,0.0652887,-TIA- 3,329,115,464,-293
1,-3,0.0653119,-TIA- 3,329,115,465,-290
1,-3,0.0653351,-TIA- 3,329,115,466,-287
1,-2,0.0653758,-TIA- 3,329,115,467,-285
1,-3,0.0654083,-TIA- 3,329,115,468,-282
1,-3,0.0654164,-TIA- 3,329,115,469,-279
1,-3,0.0654396,-TIA- 3,329,115,470,-276
1,-3,0.0654629,-TIA- 3,329,115,471,-273
1,-2,0.0654861,-TIA- 3,329,115,472,-271
1,-3,0.0655267,-TIA- 3,329,115,473,-268
1,-3,0.0655383,-TIA- 3,329,115,474,-265
1,-3,0.0655673,-TIA- 3,329,115,475,-262
1,-3,0.0655906,-TIA- 3,329,115,476,-259
1,-3,0.0656254,-TIA- 3,329,115,477,-256
1,-2,0.0656428,-TIA- 3,329,115,478,-254
1,-3,0.065679,-TIA- 3,329,115,479,-251
1,-3,0.0656893,-TIA- 3,329,115,480,-248
1,-3,0.0657241,-TIA- 3,329,115,481,-245
1,-3,0.0657415,-TIA- 3,329,115,482,-242
1,-2,0.0657763,-TIA- 3,329,115,483,-240
1,-3,0.0657995,-TIA- 3,329,115,484,-237
1,-3,0.0658344,-TIA- 3,329,115,485,-234
1,-3,0.0658402,-TIA- 3,329,115,486,-231
1,-3,0.0658634,-TIA- 3,329,115,487,-228
2,-2,0.0658982,-TIA- 3,329,115,489,-226
2,-3,0.0659273,-TIA- 3,329,115,491,-223
2,-3,0.0659505,-TIA- 3,329,115,493,-220
1,-3,0.0659853,-TIA- 3,329,115,494,-217
2,-3,0.0659911,-TIA- 3,329,115,496,-214
1,-3,0.0660143,-TIA- 3,329,115,497,-211
1,-2,0.0660492,-TIA- 3,329,115,498,-209
1,-3,0.0660724,-TIA- 3,329,115,499,-206
1,-3,0.0661014,-TIA- 3,329,115,500,-203
1,-3,0.0661304,-TIA- 3,329,115,501,-200
-1,-3,0.066142,-TIA- 3,329,115,500,-197
-1,-2,0.0661653,-TIA- 3,329,115,499,-195
-1,-3,0.0661943,-TIA- 3,329,115,498,-192
-1,-3,0.0662233,-TIA- 3,329,115,497,-189
-1,-3,0.0662581,-TIA- 3,329,115,496,-186
-1,-3,0.0662971,-TIA- 3,329,115,495,-183
-1,-2,0.0663046,-TIA- 3,329,115,494,-181
-1,-3,0.066322,-TIA- 3,329,115,493,-178
-1,-3,0.0663452,-TIA- 3,329,115,492,-175
-1,-3,0.0663742,-TIA- 3,329,115,491,-172
-1,-3,0.0664091,-TIA- 3,329,115,490,-169
-1,-3,0.0664439,-TIA- 3,329,115,489,-166
-1,-2,0.0664497,-TIA- 3,329,115,488,-164
-1,-3,0.0664729,-TIA- 3,329,115,487,-161
-1,-3,0.0664961,-TIA- 3,329,115,486,-158
-1,-3,0.0665252,-TIA- 3,329,115,485,-155
-1,-3,0.06656,-TIA- 3,329,115,484,-152
-1,-2,0.0665774,-TIA- 3,329,115,483,-150
-2,-3,0.0666006,-TIA- 3,329,115,481,-147
-2,-3,0.0666239,-TIA- 3,329,115,479,-144
-1,-3,0.0666587,-TIA- 3,329,115,478,-141
-2,-3,0.0666877,-TIA- 3,329,115,476,-138
-2,-2,0.0667109,-TIA- 3,329,115,474,-136
-2,-3,0.0667458,-TIA- 3,329,115,472,-133
-1,-3,0.0667574,-TIA- 3,329,115,471,-130
-1,-3,0.0667748,-TIA- 3,329,115,470,-127
-1,-3,0.0668096,-TIA- 3,329,115,469,-124
-1,-3,0.0668386,-TIA- 3,329,115,468,-121
-1,-2,0.0668619,-TIA- 3,329,115,467,-119
-1,-3,0.0668851,-TIA- 3,329,115,466,-116
-1,-3,0.0669083,-TIA- 3,329,115,465,-113
-1,-3,0.0669257,-TIA- 3,329,115,464,-110
-1,-3,0.0669547,-TIA- 3,329,115,463,-107
-1,-2,0.0669838,-TIA- 3,329,115,462,-105
-1,-3,0.0670012,-TIA- 3,329,115,461,-102
-1,-6,0.0670534,-TIA- 3,329,115,460,-96
-1,-3,0.0670821,-TIA- 3,329,115,459,-93
-1,-2,0.0671057,-TIA- 3,329,115,458,-91
-1,-3,0.0671347,-TIA- 3,329,115,457,-88
-1,-3,0.0671521,-TIA- 3,329,115,456,-85
-1,-3,0.0671811,-TIA- 3,329,115,455,-82
-1,-3,0.0672102,-TIA- 3,329,115,454,-79
-1,-3,0.0672392,-TIA- 3,329,115,453,-76
-1,-2,0.0672566,-TIA- 3,329,115,452,-74
-1,-3,0.0672972,-TIA- 3,329,115,451,-71
-1,-3,0.067303,-TIA- 3,329,115,450,-68
-1,-3,0.0673263,-TIA- 3,329,115,449,-65
-1,-3,0.0673611,-TIA- 3,329,115,448,-62
-1,-2,0.0673959,-TIA- 3,329,115,447,-60
-1,-3,0.0674249,-TIA- 3,329,115,446,-57
-1,-3,0.0674482,-TIA- 3,329,115,445,-54
1,-2,0.0674591,-TIA- 3,329,115,446,-52
1,-2,0.0674772,-TIA- 3,329,115,447,-50
1,-2,0.067512,-TIA- 3,329,115,448,-48
1,-2,0.0675352,-TIA- 3,329,115,449,-46
1,-2,0.0676107,-TIA- 3,329,115,450,-44
-1,-1,0.0676397,-TIA- 3,329,115,449,-43
-1,-1,0.0676629,-TIA- 3,329,115,448,-42
-2,-1,0.067721,-TIA- 3,329,115,446,-41
-3,-1,0.0677384,-TIA- 3,329,115,443,-40
-3,-1,0.0677616,-TIA- 3,329,115,440,-39
-3,1,0.0678893,-TIA- 3,329,115,437,-40
-1,1,0.0680403,-TIA- 3,329,115,436,-41
1,1,0.0680635,-TIA- 3,329,115,437,-42
1,1,0.0680867,-TIA- 3,329,115,438,-43
2,1,0.0681273,-TIA- 3,329,115,440,-44
2,1,0.0681564,-TIA- 3,329,115,442,-45
1,2,0.0681738,-TIA- 3,329,115,443,-47
2,2,0.0681912,-TIA- 3,329,115,445,-49
2,2,0.0682144,-TIA- 3,329,115,447,-51
2,2,0.0682376,-TIA- 3,329,115,449,-53
2,2,0.0682725,-TIA- 3,329,115,451,-55
2,1,0.0683015,-TIA- 3,329,115,453,-56
1,1,0.0683421,-TIA- 3,329,115,454,-57
1,1,0.068377,-TIA- 3,329,115,455,-58
-1,1,0.0683886,-TIA- 3,329,115,454,-59
-2,1,0.0684292,-TIA- 3,329,115,452,-60
-2,1,0.0684524,-TIA- 3,329,115,450,-61
-2,1,0.068464,-TIA- 3,329,115,448,-62
-2,1,0.0684931,-TIA- 3,329,115,446,-63
-3,-1,0.068882,-TIA- 3,329,115,443,-62
-1,-1,0.0689052,-TIA- 3,329,115,442,-61
1,1,0.0773108,GO 4,282,431,443,-62
1,1,0.0773457,GO 4,282,431,444,-63
1,1,0.0773689,GO 4,282,431,445,-64
1,1,0.0774327,GO 4,282,431,446,-65
-1,1,0.0780887,GO 4,282,431,445,-66
-1,1,0.0781468,GO 4,282,431,444,-67
-1,2,0.0781584,GO 4,282,431,443,-69
-1,2,0.0781816,GO 4,282,431,442,-71
-2,2,0.0782164,GO 4,282,431,440,-73
-2,3,0.0782396,GO 4,282,431,438,-76
-2,2,0.0782745,GO 4,282,431,436,-78
-3,3,0.0783035,GO 4,282,431,433,-81
-2,3,0.0783151,GO 4,282,431,431,-84
-3,3,0.0783441,GO 4,282,431,428,-87
-3,2,0.0783615,GO 4,282,431,425,-89
-2,2,0.0783964,GO 4,282,431,423,-91
-2,1,0.0784254,GO 4,282,431,421,-92
-2,2,0.0784602,GO 4,282,431,419,-94
-1,2,0.078466,GO 4,282,431,418,-96
-1,2,0.0784893,GO 4,282,431,417,-98
-1,3,0.0785241,GO 4,282,431,416,-101
-1,3,0.0785473,GO 4,282,431,415,-104
-1,3,0.0785763,GO 4,282,431,414,-107
1,2,0.0786112,GO 4,282,431,415,-109
2,3,0.078617,GO 4,282,431,417,-112
2,3,0.0786402,GO 4,282,431,419,-115
2,3,0.078675,GO 4,282,431,421,-118
2,4,0.0786866,GO 4,282,431,423,-122
2,3,0.0787273,GO 4,282,431,425,-125
2,4,0.0787621,GO 4,282,431,427,-129
2,4,0.0787679,GO 4,282,431,429,-133
1,4,0.0787911,GO 4,282,431,430,-137
2,3,0.0788259,GO 4,282,431,432,-140
2,4,0.0788492,GO 4,282,431,434,-144
2,4,0.078884,GO 4,282,431,436,-148
1,4,0.078913,GO 4,282,431,437,-152
1,3,0.0789246,GO 4,282,431,438,-155
1,4,0.0789465,GO 4,282,431,439,-159
-2,4,0.0789769,GO 4,282,431,437,-163
-3,4,0.0790117,GO 4,282,431,434,-167
-3,3,0.0790407,GO 4,282,431,431,-170
-3,4,0.0790523,GO 4,282,431,428,-174
-4,4,0.0790756,GO 4,282,431,424,-178
-4,4,0.079093,GO 4,282,431,420,-182
-4,3,0.079122,GO 4,282,431,416,-185
-3,4,0.0791452,GO 4,282,431,413,-189
-4,4,0.0791626,GO 4,282,431,409,-193
-4,4,0.0791917,GO 4,282,431,405,-197
-3,3,0.0792207,GO 4,282,431,402,-200
-2,4,0.0792439,GO 4,282,431,400,-204
-3,4,0.0792729,GO 4,282,431,397,-208
-2,4,0.0792961,GO 4,282,431,395,-212
-2,3,0.0793194,GO 4,282,431,393,-215
-2,4,0.0793484,GO 4,282,431,391,-219
-2,4,0.0793716,GO 4,282,431,389,-223
-3,4,0.0794006,GO 4,282,431,386,-227
-2,3,0.0794239,GO 4,282,431,384,-230
-3,4,0.0794494,GO 4,282,431,381,-234
-3,4,0.0794703,GO 4,282,431,378,-238
-4,4,0.0794877,GO 4,282,431,374,-242
-4,3,0.0795225,GO 4,282,431,370,-245
-3,4,0.0795458,GO 4,282,431,367,-249
-4,4,0.0795864,GO 4,282,431,363,-253
-4,4,0.0796038,GO 4,282,431,359,-257
-4,3,0.0796212,GO 4,282,431,355,-260
-2,4,0.0796444,GO 4,282,431,353,-264
-3,4,0.0796735,GO 4,282,431,350,-268
-3,4,0.0796967,GO 4,282,431,347,-272
-2,3,0.0797315,GO 4,282,431,345,-275
-2,4,0.0797547,GO 4,282,431,343,-279
-1,4,0.0797722,GO 4,282,431,342,-283
-1,4,0.0797954,GO 4,282,431,341,-287
-1,3,0.0798186,GO 4,282,431,340,-290
1,4,0.0798476,GO 4,282,431,341,-294
1,4,0.0798824,GO 4,282,431,342,-298
2,4,0.0799115,GO 4,282,431,344,-302
2,3,0.0799231,GO 4,282,431,346,-305
2,4,0.0799463,GO 4,282,431,348,-309
2,4,0.0799695,GO 4,282,431,350,-313
2,4,0.0799985,GO 4,282,431,352,-317
1,3,0.0800334,GO 4,282,431,353,-320
2,4,0.0800682,GO 4,282,431,355,-324
1,4,0.080074,GO 4,282,431,356,-328
1,4,0.0800972,GO 4,282,431,357,-332
1,3,0.0801205,GO 4,282,431,358,-335
1,4,0.0801553,GO 4,282,431,359,-339
1,4,0.0801843,GO 4,282,431,360,-343
1,4,0.0802191,GO 4,282,431,361,-347
1,3,0.0802307,GO 4,282,431,362,-350
1,3,0.0802482,GO 4,282,431,363,-353
1,3,0.080283,GO 4,282,431,364,-356
-1,2,0.0803062,GO 4,282,431,363,-358
-1,2,0.0803294,GO 4,282,431,362,-360
-1,1,0.0803817,GO 4,282,431,361,-361
-1,1,0.0803991,GO 4,282,431,360,-362
-1,1,0.0811846,GO 4,282,431,359,-363
-1,1,0.0812408,GO 4,282,431,358,-364
-1,1,0.081264,GO 4,282,431,357,-365
1,1,0.0812815,GO 4,282,431,358,-366
1,1,0.0813279,GO 4,282,431,359,-367
1,1,0.0813627,GO 4,282,431,360,-368
1,1,0.0813917,GO 4,282,431,361,-369
1,2,0.0814208,GO 4,282,431,362,-371
1,1,0.0814382,GO 4,282,431,363,-372
1,2,0.0814556,GO 4,282,431,364,-374
1,2,0.0814846,GO 4,282,431,365,-376
1,2,0.0815137,GO 4,282,431,366,-378
1,3,0.0815473,GO 4,282,431,367,-381
-1,3,0.0815543,GO 4,282,431,366,-384
-1,3,0.0815891,GO 4,282,431,365,-387
-2,2,0.0816123,GO 4,282,431,363,-389
-2,2,0.0816356,GO 4,282,431,361,-391
-1,2,0.0816646,GO 4,282,431,360,-393
-2,1,0.0816994,GO 4,282,431,358,-394
-1,1,0.0817052,GO 4,282,431,357,-395
-1,1,0.08174,GO 4,282,431,356,-396
1,1,0.0828198,GO 4,282,431,357,-397
1,1,0.082836,GO 4,282,431,358,-398
2,1,0.082872,GO 4,282,431,360,-399
2,2,0.0829068,GO 4,282,431,362,-401
2,2,0.0829127,GO 4,282,431,364,-403
2,2,0.082941,GO 4,282,431,366,-405
2,1,0.0829707,GO 4,282,431,368,-406
1,1,0.0830055,GO 4,282,431,369,-407
1,1,0.0830346,GO 4,282,431,370,-408
1,1,0.0830404,GO 4,282,431,371,-409
1,1,0.0830694,GO 4,282,431,372,-410
1,1,0.0835222,GO 4,282,431,373,-411
1,1,0.0835686,GO 4,282,431,374,-412
1,1,0.0835918,GO 4,282,431,375,-413
1,1,0.0836325,GO 4,282,431,376,-414
1,2,0.0836441,GO 4,282,431,377,-416
1,2,0.0836673,GO 4,282,431,378,-418
1,2,0.0836905,GO 4,282,431,379,-420
1,2,0.0837224,GO 4,282,431,380,-422
1,2,0.0837467,GO 4,282,431,381,-424
1,3,0.0837718,GO 4,282,431,382,-427
1,2,0.083795,GO 4,282,431,383,-429
1,3,0.0838182,GO 4,282,431,384,-432
1,3,0.0838473,GO 4,282,431,385,-435
1,3,0.0838647,GO 4,282,431,386,-438
1,2,0.0838995,GO 4,282,431,387,-440
1,2,0.0839285,GO 4,282,431,388,-442
1,1,0.0839459,GO 4,282,431,389,-443
-1,1,0.084004,GO 4,282,431,388,-444
-2,1,0.0840272,GO 4,282,431,386,-445
-2,1,0.0840504,GO 4,282,431,384,-446
-2,1,0.0840795,GO 4,282,431,382,-447
-2,2,0.0840969,GO 4,282,431,380,-449
-3,2,0.0841201,GO 4,282,431,377,-451
-3,2,0.0841461,GO 4,282,431,374,-453
-3,3,0.0841723,GO 4,282,431,371,-456
-3,2,0.0842014,GO 4,282,431,368,-458
-2,3,0.0842362,GO 4,282,431,366,-461
-3,3,0.0842517,GO 4,282,431,363,-464
-2,3,0.0842768,GO 4,282,431,361,-467
-1,3,0.0843,GO 4,282,431,360,-470
-1,2,0.0843291,GO 4,282,431,359,-472
1,3,0.0843523,GO 4,282,431,360,-475
1,3,0.0843929,GO 4,282,431,361,-478
2,3,0.0844045,GO 4,282,431,363,-481
2,3,0.0844278,GO 4,282,431,365,-484
1,3,0.084451,GO 4,282,431,366,-487
2,1,0.0844858,GO 4,282,431,368,-488
2,2,0.0845148,GO 4,282,431,370,-490
2,2,0.084538,GO 4,282,431,372,-492
2,2,0.0845555,GO 4,282,431,374,-494
1,2,0.0845787,GO 4,282,431,375,-496
1,1,0.0846019,GO 4,282,431,376,-497
1,1,0.0846367,GO 4,282,431,377,-498
1,1,0.0846774,GO 4,282,431,378,-499
1,1,0.084718,GO 4,282,431,379,-500
1,1,0.0848515,GO 4,282,431,380,-501
1,2,0.0849096,GO 4,282,431,381,-503
1,2,0.0849328,GO 4,282,431,382,-505
1,2,0.0849734,GO 4,282,431,383,-507
1,3,0.0850024,GO 4,282,431,384,-510
2,1,0.0850373,GO 4,282,431,386,-511
1,1,0.0850605,GO 4,282,431,387,-512
1,1,0.0850837,GO 4,282,431,388,-513
1,1,0.0851159,GO 4,282,431,389,-514
1,1,0.0851534,GO 4,282,431,390,-515
1,1,0.0851882,GO 4,282,431,391,-516
1,1,0.0852114,GO 4,282,431,392,-517
1,1,0.0852346,GO 4,282,431,393,-518
1,2,0.0852695,GO 4,282,431,394,-520
1,2,0.0852985,GO 4,282,431,395,-522
1,3,0.0853101,GO 4,282,431,396,-525
1,3,0.0853333,GO 4,282,431,397,-528
1,2,0.0853624,GO 4,282,431,398,-530
1,3,0.0853856,GO 4,282,431,399,-533
1,3,0.0854204,GO 4,282,431,400,-536
1,3,0.0854494,GO 4,282,431,401,-539
1,3,0.085461,GO 4,282,431,402,-542
1,3,0.0854843,GO 4,282,431,403,-545
1,2,0.0855075,GO 4,282,431,404,-547
1,4,0.0855365,GO 4,282,431,405,-551
1,4,0.0855655,GO 4,282,431,406,-555
1,4,0.0856024,GO 4,282,431,407,-559
1,3,0.085612,GO 4,282,431,408,-562
1,4,0.0856352,GO 4,282,431,409,-566
1,4,0.0856584,GO 4,282,431,410,-570
1,4,0.0856932,GO 4,282,431,411,-574
1,3,0.0857165,GO 4,282,431,412,-577
1,4,0.0857455,GO 4,282,431,413,-581
1,4,0.0857629,GO 4,282,431,414,-585
1,4,0.0857861,GO 4,282,431,415,-589
1,3,0.085821,GO 4,282,431,416,-592
1,4,0.0858326,GO 4,282,431,417,-596
1,3,0.0858674,GO 4,282,431,418,-599
1,3,0.0858964,GO 4,282,431,419,-602
1,3,0.0859138,GO 4,282,431,420,-605
1,2,0.0859371,GO 4,282,431,421,-607
1,4,0.0859612,GO 4,282,431,422,-611
1,4,0.0859893,GO 4,282,431,423,-615
1,4,0.0860183,GO 4,282,431,424,-619
1,3,0.0860415,GO 4,282,431,425,-622
1,3,0.0860648,GO 4,282,431,426,-625
1,3,0.086088,GO 4,282,431,427,-628
1,3,0.086117,GO 4,282,431,428,-631
1,3,0.086146,GO 4,282,431,429,-634
1,2,0.0861693,GO 4,282,431,430,-636
1,2,0.0862041,GO 4,282,431,431,-638
1,2,0.0862215,GO 4,282,431,432,-640
1,1,0.0862447,GO 4,282,431,433,-641
1,1,0.0862679,GO 4,282,431,434,-642
1,-1,0.0864653,GO 4,282,431,435,-641
1,-1,0.0865234,GO 4,282,431,436,-640
1,-2,0.0865466,GO 4,282,431,437,-638
1,-1,0.0865698,GO 4,282,431,438,-637
1,-2,0.0866046,GO 4,282,431,439,-635
1,-2,0.0866337,GO 4,282,431,440,-633
1,-2,0.0866453,GO 4,282,431,441,-631
-1,-2,0.0866743,GO 4,282,431,440,-629
-1,-3,0.0866975,GO 4,282,431,439,-626
-1,-3,0.0867207,GO 4,282,431,438,-623
-2,-2,0.0867556,GO 4,282,431,436,-621
-1,-3,0.0867846,GO 4,282,431,435,-618
-2,-3,0.0867962,GO 4,282,431,433,-615
-3,-3,0.0868194,GO 4,282,431,430,-612
-3,-3,0.0868542,GO 4,282,431,427,-609
-3,-2,0.0868833,GO 4,282,431,424,-607
-3,-3,0.0869065,GO 4,282,431,421,-604
-3,-3,0.0869239,GO 4,282,431,418,-601
-4,-3,0.0869471,GO 4,282,431,414,-598
-4,-3,0.0869703,GO 4,282,431,410,-595
-3,-3,0.0870052,GO 4,282,431,407,-592
-4,-2,0.0870342,GO 4,282,431,403,-590
-4,-3,0.087069,GO 4,282,431,399,-587
-3,-3,0.0870748,GO 4,282,431,396,-584
-2,-2,0.087098,GO 4,282,431,394,-582
-1,-1,0.0871213,GO 4,282,431,393,-581
1,1,0.0872258,GO 4,282,431,394,-582
2,1,0.087249,GO 4,282,431,396,-583
2,1,0.0872722,GO 4,282,431,398,-584
2,1,0.0873012,GO 4,282,431,400,-585
1,1,0.0873302,GO 4,282,431,401,-586
1,-1,0.0928566,FRAY 5,338,307,402,-585
1,-1,0.0928972,FRAY 5,338,307,403,-584
2,-2,0.0929205,FRAY 5,338,307,405,-582
3,-2,0.0929321,FRAY 5,338,307,408,-580
2,-2,0.0929611,FRAY 5,338,307,410,-578
3,-2,0.0929901,FRAY 5,338,307,413,-576
3,-2,0.0930075,FRAY 5,338,307,416,-574
3,-1,0.0930424,FRAY 5,338,307,419,-573
1,1,0.093768,FRAY 5,338,307,420,-574
1,1,0.0937854,FRAY 5,338,307,421,-575
2,1,0.093826,FRAY 5,338,307,423,-576
1,1,0.0938318,FRAY 5,338,307,424,-577
2,1,0.0938609,FRAY 5,338,307,426,-578
2,1,0.0938899,FRAY 5,338,307,428,-579
1,-1,0.0941105,FRAY 5,338,307,429,-578
1,-1,0.0941395,FRAY 5,338,307,430,-577
1,-1,0.0941627,FRAY 5,338,307,431,-576
1,-1,0.0941917,FRAY 5,338,307,432,-575
1,-2,0.0942266,FRAY 5,338,307,433,-573
1,-2,0.0942556,FRAY 5,338,307,434,-571
1,-2,0.0942672,FRAY 5,338,307,435,-569
1,-3,0.0942904,FRAY 5,338,307,436,-566
1,-3,0.0943137,FRAY 5,338,307,437,-563
1,-2,0.0943451,FRAY 5,338,307,438,-561
2,-3,0.0943775,FRAY 5,338,307,440,-558
2,-3,0.0944065,FRAY 5,338,307,442,-555
2,-6,0.0944414,FRAY 5,338,307,444,-549
3,-2,0.0944646,FRAY 5,338,307,447,-547
2,-3,0.0944994,FRAY 5,338,307,449,-544
2,-3,0.0945226,FRAY 5,338,307,451,-541
2,-3,0.0945633,FRAY 5,338,307,453,-538
2,-6,0.0945923,FRAY 5,338,307,455,-532
4,-2,0.0946155,FRAY 5,338,307,459,-530
1,-3,0.0946387,FRAY 5,338,307,460,-527
2,-3,0.094662,FRAY 5,338,307,462,-524
2,-3,0.094691,FRAY 5,338,307,464,-521
2,-3,0.0947258,FRAY 5,338,307,466,-518
1,-2,0.0947316,FRAY 5,338,307,467,-516
1,-3,0.0947548,FRAY 5,338,307,468,-513
1,-3,0.094778,FRAY 5,338,307,469,-510
1,-3,0.0948129,FRAY 5,338,307,470,-507
1,-3,0.0948419,FRAY 5,338,307,471,-504
1,-2,0.0948767,FRAY 5,338,307,472,-502
1,-3,0.0948825,FRAY 5,338,307,473,-499
1,-3,0.0949058,FRAY 5,338,307,474,-496
1,-3,0.0949348,FRAY 5,338,307,475,-493
1,-3,0.0949638,FRAY 5,338,307,476,-490
1,-3,0.0949812,FRAY 5,338,307,477,-487
1,-1,0.0950277,FRAY 5,338,307,478,-486
2,-2,0.0950335,FRAY 5,338,307,480,-484
2,-2,0.0950625,FRAY 5,338,307,482,-482
2,-2,0.0950915,FRAY 5,338,307,484,-480
2,-2,0.0951263,FRAY 5,338,307,486,-478
2,-2,0.0951322,FRAY 5,338,307,488,-476
2,-2,0.0951612,FRAY 5,338,307,490,-474
2,-2,0.0951902,FRAY 5,338,307,492,-472
1,-1,0.0952134,FRAY 5,338,307,493,-471
1,-2,0.0952483,FRAY 5,338,307,494,-469
1,-2,0.0952773,FRAY 5,338,307,495,-467
1,-2,0.0952831,FRAY 5,338,307,496,-465
1,-2,0.0953063,FRAY 5,338,307,497,-463
1,-3,0.0953411,FRAY 5,338,307,498,-460
-1,-3,0.0953644,FRAY 5,338,307,497,-457
-1,-2,0.0953992,FRAY 5,338,307,496,-455
-1,-3,0.0954282,FRAY 5,338,307,495,-452
-1,-3,0.095434,FRAY 5,338,307,494,-449
-1,-2,0.0954572,FRAY 5,338,307,493,-447
-1,-2,0.0954921,FRAY 5,338,307,492,-445
-1,-2,0.0955153,FRAY 5,338,307,491,-443
-1,-1,0.0955501,FRAY 5,338,307,490,-442
-1,-2,0.0955791,FRAY 5,338,307,489,-440
-1,-2,0.0955907,FRAY 5,338,307,488,-438
-1,-2,0.095614,FRAY 5,338,307,487,-436
-1,-2,0.0956372,FRAY 5,338,307,486,-434
-1,-2,0.0956662,FRAY 5,338,307,485,-432
-1,-2,0.095693,FRAY 5,338,307,484,-430
-1,-2,0.0957243,FRAY 5,338,307,483,-428
-1,-1,0.0957417,FRAY 5,338,307,482,-427
-1,-2,0.0957649,FRAY 5,338,307,481,-425
-1,-2,0.0957939,FRAY 5,338,307,480,-423
-1,-2,0.0958229,FRAY 5,338,307,479,-421
-1,-2,0.0958462,FRAY 5,338,307,478,-419
-1,-2,0.0958752,FRAY 5,338,307,477,-417
-1,-2,0.0958926,FRAY 5,338,307,476,-415
-1,-2,0.0959158,FRAY 5,338,307,475,-413
1,-1,0.095939,FRAY 5,338,307,476,-412
1,-2,0.0959739,FRAY 5,338,307,477,-410
1,-2,0.0959971,FRAY 5,338,307,478,-408
1,-2,0.0960261,FRAY 5,338,307,479,-406
1,-2,0.0960435,FRAY 5,338,307,480,-404
1,-1,0.0960668,FRAY 5,338,307,481,-403
1,-1,0.09609,FRAY 5,338,307,482,-402
1,-1,0.096148,FRAY 5,338,307,483,-401
1,-1,0.0961771,FRAY 5,338,307,484,-400
1,-1,0.0962177,FRAY 5,338,307,485,-399
1,-1,0.0962467,FRAY 5,338,307,486,-398
-1,-1,0.0962757,FRAY 5,338,307,485,-397
-1,-1,0.0965486,FRAY 5,338,307,484,-396
-1,-1,0.0966124,FRAY 5,338,307,483,-395
-1,-1,0.0966298,FRAY 5,338,307,482,-394
-1,-1,0.0966531,FRAY 5,338,307,481,-393
1,-1,0.0966763,FRAY 5,338,307,482,-392
1,-2,0.0966995,FRAY 5,338,307,483,-390
1,-2,0.0967343,FRAY 5,338,307,484,-388
1,-2,0.0967634,FRAY 5,338,307,485,-386
1,-2,0.0967735,FRAY 5,338,307,486,-384
1,-2,0.096804,FRAY 5,338,307,487,-382
1,-2,0.0968272,FRAY 5,338,307,488,-380
1,-1,0.0968504,FRAY 5,338,307,489,-379
1,-1,0.0969085,FRAY 5,338,307,490,-378
1,-1,0.0969259,FRAY 5,338,307,491,-377
1,-1,0.0969549,FRAY 5,338,307,492,-376
1,-1,0.0969781,FRAY 5,338,307,493,-375
-2,-1,0.107892,SAN- 6,134,342,491,-374
-3,-1,0.107944,SAN- 6,134,342,488,-373
-3,-1,0.107973,SAN- 6,134,342,485,-372
-3,-1,0.108004,SAN- 6,134,342,482,-371
-4,-2,0.108037,SAN- 6,134,342,478,-369
-4,-2,0.108048,SAN- 6,134,342,474,-367
-4,-1,0.108071,SAN- 6,134,342,470,-366
-3,-1,0.1081,SAN- 6,134,342,467,-365
-4,-1,0.108124,SAN- 6,134,342,463,-364
-4,-1,0.108159,SAN- 6,134,342,459,-363
-3,1,0.108199,SAN- 6,134,342,456,-364
-4,1,0.108222,SAN- 6,134,342,452,-365
-4,1,0.108251,SAN- 6,134,342,448,-366
-4,2,0.108286,SAN- 6,134,342,444,-368
-3,2,0.108309,SAN- 6,134,342,441,-370
-4,2,0.108327,SAN- 6,134,342,437,-372
-4,2,0.108356,SAN- 6,134,342,433,-374
-4,1,0.108373,SAN- 6,134,342,429,-375
-3,3,0.108408,SAN- 6,134,342,426,-378
-4,3,0.108437,SAN- 6,134,342,422,-381
-4,3,0.108472,SAN- 6,134,342,418,-384
-4,3,0.108478,SAN- 6,134,342,414,-387
-3,2,0.108501,SAN- 6,134,342,411,-389
-4,3,0.108524,SAN- 6,134,342,407,-392
-4,4,0.108559,SAN- 6,134,342,403,-396
-4,4,0.108588,SAN- 6,134,342,399,-400
-3,3,0.108623,SAN- 6,134,342,396,-403
-4,2,0.108629,SAN- 6,134,342,392,-405
-4,3,0.108652,SAN- 6,134,342,388,-408
-4,3,0.108675,SAN- 6,134,342,384,-411
-3,4,0.108703,SAN- 6,134,342,381,-415
-4,4,0.108733,SAN- 6,134,342,377,-419
-4,3,0.108774,SAN- 6,134,342,373,-422
-4,7,0.108803,SAN- 6,134,342,369,-429
-7,3,0.108832,SAN- 6,134,342,362,-432
-4,2,0.108855,SAN- 6,134,342,358,-434
-4,2,0.108884,SAN- 6,134,342,354,-436
-2,2,0.108919,SAN- 6,134,342,352,-438
-3,2,0.108935,SAN- 6,134,342,349,-440
-2,1,0.10896,SAN- 6,134,342,347,-441
-2,1,0.108989,SAN- 6,134,342,345,-442
-1,-1,0.109343,SAN- 6,134,342,344,-441
-1,-1,0.10936,SAN- 6,134,342,343,-440
-2,-1,0.109383,SAN- 6,134,342,341,-439
-2,-1,0.109412,SAN- 6,134,342,339,-438
-3,-1,0.109436,SAN- 6,134,342,336,-437
-2,-2,0.109467,SAN- 6,134,342,334,-435
-3,-2,0.1095,SAN- 6,134,342,331,-433
-3,-2,0.109511,SAN- 6,134,342,328,-431
-2,-2,0.109534,SAN- 6,134,342,326,-429
-2,-2,0.109563,SAN- 6,134,342,324,-427
-1,-2,0.109587,SAN- 6,134,342,323,-425
-1,-1,0.109621,SAN- 6,134,342,322,-424
-1,-1,0.109662,SAN- 6,134,342,321,-423
1,-1,0.109685,SAN- 6,134,342,322,-422
1,-1,0.109708,SAN- 6,134,342,323,-421
-3,-1,0.109894,SAN- 6,134,342,320,-420
-3,-1,0.109958,SAN- 6,134,342,317,-419
-4,-1,0.109964,SAN- 6,134,342,313,-418
-4,-1,0.109987,SAN- 6,134,342,309,-417
-3,-1,0.110022,SAN- 6,134,342,306,-416
-4,-1,0.110039,SAN- 6,134,342,302,-415
-4,-1,0.110068,SAN- 6,134,342,298,-414
-4,-1,0.110092,SAN- 6,134,342,294,-413
-3,-1,0.110118,SAN- 6,134,342,291,-412
-4,-1,0.110144,SAN- 6,134,342,287,-411
-4,-1,0.110173,SAN- 6,134,342,283,-410
-3,-1,0.11019,SAN- 6,134,342,280,-409
-3,-1,0.110869,SAN- 6,134,342,277,-408
-3,-1,0.110904,SAN- 6,134,342,274,-407
-3,-1,0.110928,SAN- 6,134,342,271,-406
-2,-1,0.110957,SAN- 6,134,342,269,-405
-3,-1,0.110997,SAN- 6,134,342,266,-404
-3,-1,0.11102,SAN- 6,134,342,263,-403
-3,-1,0.111049,SAN- 6,134,342,260,-402
-2,-1,0.111073,SAN- 6,134,342,258,-401
-1,-1,0.111107,SAN- 6,134,342,257,-400
-2,-1,0.111125,SAN- 6,134,342,255,-399
-1,-1,0.111148,SAN- 6,134,342,254,-398
-1,-1,0.111171,SAN- 6,134,342,253,-397
-1,-1,0.1112,SAN- 6,134,342,252,-396
-1,-1,0.111258,SAN- 6,134,342,251,-395
-2,-1,0.111781,SAN- 6,134,342,249,-394
-2,-1,0.111804,SAN- 6,134,342,247,-393
-1,-1,0.111839,SAN- 6,134,342,246,-392
-1,1,0.123828,-TIA- 7,9,200,245,-393
-1,4,0.12389,-TIA- 7,9,200,244,-397
-1,2,0.123919,-TIA- 7,9,200,243,-399
-1,2,0.123948,-TIA- 7,9,200,242,-401
1,3,0.123971,-TIA- 7,9,200,243,-404
1,3,0.124006,-TIA- 7,9,200,244,-407
1,3,0.124012,-TIA- 7,9,200,245,-410
1,3,0.124047,-TIA- 7,9,200,246,-413
2,2,0.12407,-TIA- 7,9,200,248,-415
1,3,0.124093,-TIA- 7,9,200,249,-418
1,3,0.124128,-TIA- 7,9,200,250,-421
1,2,0.12414,-TIA- 7,9,200,251,-423
1,2,0.124165,-TIA- 7,9,200,252,-425
1,2,0.124198,-TIA- 7,9,200,253,-427
1,2,0.124221,-TIA- 7,9,200,254,-429
1,1,0.124254,-TIA- 7,9,200,255,-430
1,2,0.124279,-TIA- 7,9,200,256,-432
1,2,0.124296,-TIA- 7,9,200,257,-434
1,1,0.12432,-TIA- 7,9,200,258,-435
1,1,0.124343,-TIA- 7,9,200,259,-436
1,-1,0.124447,-TIA- 7,9,200,260,-435
1,-1,0.124494,-TIA- 7,9,200,261,-434
1,-1,0.124528,-TIA- 7,9,200,262,-433
1,-1,0.124587,-TIA- 7,9,200,263,-432
1,-2,0.124598,-TIA- 7,9,200,264,-430
1,-2,0.124621,-TIA- 7,9,200,265,-428
1,-2,0.124645,-TIA- 7,9,200,266,-426
1,-3,0.12468,-TIA- 7,9,200,267,-423
1,-2,0.124709,-TIA- 7,9,200,268,-421
1,-3,0.124743,-TIA- 7,9,200,269,-418
1,-3,0.124767,-TIA- 7,9,200,270,-415
1,-3,0.124772,-TIA- 7,9,200,271,-412
1,-3,0.124807,-TIA- 7,9,200,272,-409
1,-2,0.12483,-TIA- 7,9,200,273,-407
1,-3,0.124854,-TIA- 7,9,200,274,-404
1,-3,0.124887,-TIA- 7,9,200,275,-401
1,-3,0.1249,-TIA- 7,9,200,276,-398
1,-3,0.124923,-TIA- 7,9,200,277,-395
1,-3,0.124958,-TIA- 7,9,200,278,-392
1,-2,0.124972,-TIA- 7,9,200,279,-390
1,-3,0.125005,-TIA- 7,9,200,280,-387
1,-3,0.125039,-TIA- 7,9,200,281,-384
1,-3,0.125051,-TIA- 7,9,200,282,-381
-1,-3,0.12508,-TIA- 7,9,200,281,-378
-1,-2,0.125103,-TIA- 7,9,200,280,-376
-2,-3,0.125144,-TIA- 7,9,200,278,-373
-1,-3,0.125156,-TIA- 7,9,200,277,-370
-2,-3,0.12519,-TIA- 7,9,200,275,-367
-2,-3,0.125208,-TIA- 7,9,200,273,-364
-2,-2,0.125231,-TIA- 7,9,200,271,-362
-3,-3,0.125254,-TIA- 7,9,200,268,-359
-3,-3,0.125283,-TIA- 7,9,200,265,-356
-2,-6,0.125324,-TIA- 7,9,200,263,-350
-7,-3,0.125364,-TIA- 7,9,200,256,-347
-4,-2,0.125382,-TIA- 7,9,200,252,-345
-4,-3,0.125405,-TIA- 7,9,200,248,-342
-3,-3,0.125436,-TIA- 7,9,200,245,-339
-4,-3,0.125469,-TIA- 7,9,200,241,-336
-4,-3,0.125475,-TIA- 7,9,200,237,-333
-4,-2,0.12551,-TIA- 7,9,200,233,-331
-3,-3,0.125533,-TIA- 7,9,200,230,-328
-4,-3,0.125556,-TIA- 7,9,200,226,-325
-4,-3,0.125579,-TIA- 7,9,200,222,-322
-4,-3,0.125614,-TIA- 7,9,200,218,-319
-3,-2,0.12562,-TIA- 7,9,200,215,-317
-4,-3,0.125643,-TIA- 7,9,200,211,-314
-4,-3,0.125678,-TIA- 7,9,200,207,-311
-4,-3,0.125701,-TIA- 7,9,200,203,-308
-3,-3,0.125724,-TIA- 7,9,200,200,-305
-4,-3,0.125759,-TIA- 7,9,200,196,-302
-4,-2,0.125765,-TIA- 7,9,200,192,-300
-3,-3,0.125788,-TIA- 7,9,200,189,-297
-4,-3,0.125823,-TIA- 7,9,200,185,-294
-4,-3,0.125846,-TIA- 7,9,200,181,-291
-4,-3,0.125864,-TIA- 7,9,200,177,-288
-3,-2,0.1259,-TIA- 7,9,200,174,-286
-4,-3,0.12591,-TIA- 7,9,200,170,-283
-4,-3,0.125933,-TIA- 7,9,200,166,-280
-4,-3,0.125968,-TIA- 7,9,200,162,-277
-3,-3,0.125997,-TIA- 7,9,200,159,-274
-4,-2,0.126015,-TIA- 7,9,200,155,-272
-4,-3,0.126044,-TIA- 7,9,200,151,-269
-4,-3,0.126061,-TIA- 7,9,200,147,-266
-3,-3,0.126084,-TIA- 7,9,200,144,-263
-4,-3,0.126119,-TIA- 7,9,200,140,-260
-4,-3,0.126148,-TIA- 7,9,200,136,-257
-4,-2,0.126171,-TIA- 7,9,200,132,-255
-3,-3,0.1262,-TIA- 7,9,200,129,-252
-2,-3,0.126212,-TIA- 7,9,200,127,-249
-3,-3,0.126235,-TIA- 7,9,200,124,-246
-3,-3,0.126264,-TIA- 7,9,200,121,-243
-4,-2,0.126293,-TIA- 7,9,200,117,-241
-3,-3,0.126322,-TIA- 7,9,200,114,-238
-4,-3,0.12634,-TIA- 7,9,200,110,-235
-4,-3,0.126363,-TIA- 7,9,200,106,-232
-4,-3,0.12638,-TIA- 7,9,200,102,-229
-3,-2,0.126404,-TIA- 7,9,200,99,-227
-3,-3,0.126438,-TIA- 7,9,200,96,-224
-3,-3,0.126467,-TIA- 7,9,200,93,-221
-3,-3,0.126491,-TIA- 7,9,200,90,-218
-3,-3,0.126508,-TIA- 7,9,200,87,-215
-2,-3,0.126543,-TIA- 7,9,200,85,-212
-1,-2,0.126555,-TIA- 7,9,200,84,-210
-1,-3,0.126589,-TIA- 7,9,200,83,-207
-1,-3,0.126618,-TIA- 7,9,200,82,-204
-1,-3,0.126653,-TIA- 7,9,200,81,-201
-1,-3,0.126659,-TIA- 7,9,200,80,-198
-1,-2,0.126694,-TIA- 7,9,200,79,-196
-1,-3,0.126711,-TIA- 7,9,200,78,-193
-1,-3,0.12674,-TIA- 7,9,200,77,-190
-1,-3,0.126774,-TIA- 7,9,200,76,-187
-1,-3,0.126804,-TIA- 7,9,200,75,-184
-1,-2,0.12681,-TIA- 7,9,200,74,-182
-2,-3,0.126839,-TIA- 7,9,200,72,-179
-2,-3,0.126862,-TIA- 7,9,200,70,-176
-2,-3,0.126891,-TIA- 7,9,200,68,-173
-2,-3,0.126926,-TIA- 7,9,200,66,-170
-1,-3,0.126955,-TIA- 7,9,200,65,-167
-2,-2,0.126967,-TIA- 7,9,200,63,-165
-1,-3,0.12699,-TIA- 7,9,200,62,-162
-1,-3,0.127013,-TIA- 7,9,200,61,-159
-1,-3,0.127042,-TIA- 7,9,200,60,-156
-1,-3,0.12706,-TIA- 7,9,200,59,-153
1,-2,0.127106,-TIA- 7,9,200,60,-151
1,-3,0.127118,-TIA- 7,9,200,61,-148
1,-3,0.127141,-TIA- 7,9,200,62,-145
2,-2,0.127164,-TIA- 7,9,200,64,-143
1,-2,0.127199,-TIA- 7,9,200,65,-141
2,-2,0.127222,-TIA- 7,9,200,67,-139
2,-2,0.12724,-TIA- 7,9,200,69,-137
2,-1,0.127292,-TIA- 7,9,200,71,-136
2,-1,0.127327,-TIA- 7,9,200,73,-135
1,-1,0.127343,-TIA- 7,9,200,74,-134
1,1,0.127623,-TIA- 7,9,200,75,-135
1,1,0.127675,-TIA- 7,9,200,76,-136
1,2,0.127692,-TIA- 7,9,200,77,-138
1,2,0.127727,-TIA- 7,9,200,78,-140
1,2,0.127739,-TIA- 7,9,200,79,-142
1,1,0.127803,-TIA- 7,9,200,80,-143
1,1,0.127837,-TIA- 7,9,200,81,-144
1,1,0.139244,GO 8,396,426,82,-145
1,1,0.139267,GO 8,396,426,83,-146
2,1,0.139308,GO 8,396,426,85,-147
2,1,0.139319,GO 8,396,426,87,-148
2,1,0.139343,GO 8,396,426,89,-149
2,2,0.139378,GO 8,396,426,91,-151
2,1,0.139407,GO 8,396,426,93,-152
3,2,0.139424,GO 8,396,426,96,-154
3,3,0.139459,GO 8,396,426,99,-157
3,3,0.139471,GO 8,396,426,102,-160
3,3,0.1395,GO 8,396,426,105,-163
2,3,0.139523,GO 8,396,426,107,-166
3,2,0.139558,GO 8,396,426,110,-168
3,4,0.139575,GO 8,396,426,113,-172
3,4,0.139616,GO 8,396,426,116,-176
3,4,0.139622,GO 8,396,426,119,-180
2,2,0.139645,GO 8,396,426,121,-182
3,3,0.139678,GO 8,396,426,124,-185
3,3,0.139709,GO 8,396,426,127,-188
3,3,0.139738,GO 8,396,426,130,-191
3,3,0.139749,GO 8,396,426,133,-194
2,2,0.139761,GO 8,396,426,135,-196
3,3,0.139784,GO 8,396,426,138,-199
3,3,0.139807,GO 8,396,426,141,-202
3,3,0.139836,GO 8,396,426,144,-205
3,3,0.139877,GO 8,396,426,147,-208
3,3,0.139889,GO 8,396,426,150,-211
2,3,0.139912,GO 8,396,426,152,-214
3,4,0.139935,GO 8,396,426,155,-218
3,4,0.139958,GO 8,396,426,158,-222
3,4,0.139993,GO 8,396,426,161,-226
3,3,0.140022,GO 8,396,426,164,-229
2,4,0.14004,GO 8,396,426,166,-233
3,4,0.140063,GO 8,396,426,169,-237
3,4,0.140086,GO 8,396,426,172,-241
3,3,0.140127,GO 8,396,426,175,-244
3,4,0.140144,GO 8,396,426,178,-248
2,4,0.140156,GO 8,396,426,180,-252
3,4,0.14019,GO 8,396,426,183,-256
3,2,0.140214,GO 8,396,426,186,-258
3,3,0.140237,GO 8,396,426,189,-261
3,3,0.140272,GO 8,396,426,192,-264
3,3,0.140295,GO 8,396,426,195,-267
2,3,0.140312,GO 8,396,426,197,-270
3,2,0.140341,GO 8,396,426,200,-272
3,3,0.140365,GO 8,396,426,203,-275
3,3,0.140394,GO 8,396,426,206,-278
3,3,0.140423,GO 8,396,426,209,-281
2,3,0.140452,GO 8,396,426,211,-284
3,2,0.140463,GO 8,396,426,214,-286
3,1,0.140492,GO 8,396,426,217,-287
3,2,0.140516,GO 8,396,426,220,-289
3,2,0.140545,GO 8,396,426,223,-291
2,2,0.140574,GO 8,396,426,225,-293
3,2,0.140608,GO 8,396,426,228,-295
3,2,0.140614,GO 8,396,426,231,-297
3,2,0.140637,GO 8,396,426,234,-299
3,2,0.140672,GO 8,396,426,237,-301
3,1,0.140696,GO 8,396,426,240,-302
2,2,0.140725,GO 8,396,426,242,-304
3,2,0.140759,GO 8,396,426,245,-306
3,2,0.140765,GO 8,396,426,248,-308
3,2,0.140788,GO 8,396,426,251,-310
3,2,0.140812,GO 8,396,426,254,-312
2,3,0.140846,GO 8,396,426,256,-315
3,2,0.14087,GO 8,396,426,259,-317
3,3,0.140903,GO 8,396,426,262,-320
3,3,0.140916,GO 8,396,426,265,-323
3,3,0.140944,GO 8,396,426,268,-326
2,3,0.140957,GO 8,396,426,270,-329
3,2,0.140992,GO 8,396,426,273,-331
3,3,0.141015,GO 8,396,426,276,-334
3,3,0.14105,GO 8,396,426,279,-337
3,3,0.141079,GO 8,396,426,282,-340
2,3,0.14109,GO 8,396,426,284,-343
3,3,0.141113,GO 8,396,426,287,-346
3,2,0.141137,GO 8,396,426,290,-348
3,3,0.141166,GO 8,396,426,293,-351
3,3,0.141201,GO 8,396,426,296,-354
3,2,0.14123,GO 8,396,426,299,-356
2,2,0.141241,GO 8,396,426,301,-358
3,2,0.141264,GO 8,396,426,304,-360
3,1,0.141288,GO 8,396,426,307,-361
3,2,0.141317,GO 8,396,426,310,-363
3,2,0.141351,GO 8,396,426,313,-365
2,2,0.14138,GO 8,396,426,315,-367
3,2,0.141392,GO 8,396,426,318,-369
3,2,0.141415,GO 8,396,426,321,-371
3,3,0.141448,GO 8,396,426,324,-374
3,2,0.141473,GO 8,396,426,327,-376
2,3,0.141497,GO 8,396,426,329,-379
3,3,0.141535,GO 8,396,426,332,-382
3,3,0.141543,GO 8,396,426,335,-385
3,3,0.141566,GO 8,396,426,338,-388
3,3,0.141589,GO 8,396,426,341,-391
3,2,0.141613,GO 8,396,426,344,-393
2,3,0.141648,GO 8,396,426,346,-396
3,3,0.141678,GO 8,396,426,349,-399
3,3,0.141694,GO 8,396,426,352,-402
3,3,0.141717,GO 8,396,426,355,-405
3,1,0.141752,GO 8,396,426,358,-406
2,2,0.141769,GO 8,396,426,360,-408
3,2,0.141804,GO 8,396,426,363,-410
3,2,0.141833,GO 8,396,426,366,-412
3,2,0.141845,GO 8,396,426,369,-414
3,2,0.141872,GO 8,396,426,372,-416
2,1,0.141903,GO 8,396,426,374,-417
3,1,0.141938,GO 8,396,426,377,-418
3,1,0.141944,GO 8,396,426,380,-419
3,1,0.14199,GO 8,396,426,383,-420
3,-1,0.142141,GO 8,396,426,386,-419
2,-1,0.142164,GO 8,396,426,388,-418
3,-1,0.142187,GO 8,396,426,391,-417
2,1,0.142402,GO 8,396,426,393,-418
3,1,0.142437,GO 8,396,426,396,-419
3,1,0.14246,GO 8,396,426,399,-420
3,1,0.142483,GO 8,396,426,402,-421
3,1,0.142843,GO 8,396,426,405,-422
3,1,0.142861,GO 8,396,426,408,-423
3,1,0.142896,GO 8,396,426,411,-424
3,1,0.142925,GO 8,396,426,414,-425
2,1,0.142959,GO 8,396,426,416,-426
3,1,0.142983,GO 8,396,426,419,-427
3,1,0.142988,GO 8,396,426,422,-428
3,1,0.143012,GO 8,396,426,425,-429
3,1,0.14304,GO 8,396,426,428,-430
2,1,0.143087,GO 8,396,426,430,-431
3,1,0.14311,GO 8,396,426,433,-432
3,1,0.143116,GO 8,396,426,436,-433
3,1,0.143139,GO 8,396,426,439,-434
3,1,0.143151,GO 8,396,426,442,-435
2,1,0.143186,GO 8,396,426,444,-436
3,1,0.14325,GO 8,396,426,447,-437
3,1,0.143256,GO 8,396,426,450,-438
3,2,0.143279,GO 8,396,426,453,-440
2,2,0.143308,GO 8,396,426,455,-442
3,2,0.143337,GO 8,396,426,458,-444
3,2,0.143354,GO 8,396,426,461,-446
3,2,0.143395,GO 8,396,426,464,-448
3,3,0.143435,GO 8,396,426,467,-451
5,2,0.143464,GO 8,396,426,472,-453
3,2,0.143473,GO 8,396,426,475,-455
3,2,0.143511,GO 8,396,426,478,-457
3,2,0.143528,GO 8,396,426,481,-459
3,2,0.143552,GO 8,396,426,484,-461
2,2,0.143575,GO 8,396,426,486,-463
3,2,0.14361,GO 8,396,426,489,-465
3,1,0.143627,GO 8,396,426,492,-466
3,2,0.143668,GO 8,396,426,495,-468
3,2,0.143673,GO 8,396,426,498,-470
2,2,0.143702,GO 8,396,426,500,-472
3,2,0.143732,GO 8,396,426,503,-474
3,1,0.143755,GO 8,396,426,506,-475
3,1,0.143784,GO 8,396,426,509,-476
2,1,0.143819,GO 8,396,426,511,-477
2,1,0.143824,GO 8,396,426,513,-478
2,1,0.143856,GO 8,396,426,515,-479
1,1,0.143882,GO 8,396,426,516,-480
2,1,0.143906,GO 8,396,426,518,-481
2,1,0.14397,GO 8,396,426,520,-482
2,1,0.143975,GO 8,396,426,522,-483
2,1,0.144016,GO 8,396,426,524,-484
2,1,0.144033,GO 8,396,426,526,-485
2,1,0.144057,GO 8,396,426,528,-486
1,1,0.144091,GO 8,396,426,529,-487
2,1,0.14412,GO 8,396,426,531,-488
2,1,0.144131,GO 8,396,426,533,-489
1,1,0.144608,GO 8,396,426,534,-490
1,1,0.144643,GO 8,396,426,535,-491
2,1,0.144672,GO 8,396,426,537,-492
2,1,0.144724,GO 8,396,426,539,-493
2,1,0.144742,GO 8,396,426,541,-494
3,1,0.144759,GO 8,396,426,544,-495
3,1,0.144788,GO 8,396,426,547,-496
3,1,0.144825,GO 8,396,426,550,-497
2,1,0.144858,GO 8,396,426,552,-498
3,1,0.144881,GO 8,396,426,555,-499
3,1,0.144893,GO 8,396,426,558,-500
3,1,0.144916,GO 8,396,426,561,-501
3,2,0.144939,GO 8,396,426,564,-503
2,2,0.144968,GO 8,396,426,566,-505
3,2,0.145003,GO 8,396,426,569,-507
3,1,0.145026,GO 8,396,426,572,-508
3,2,0.145043,GO 8,396,426,575,-510
3,2,0.145067,GO 8,396,426,578,-512
3,2,0.14509,GO 8,396,426,581,-514
2,2,0.145125,GO 8,396,426,583,-516
2,2,0.145154,GO 8,396,426,585,-518
2,1,0.14516,GO 8,396,426,587,-519
2,1,0.145194,GO 8,396,426,589,-520
1,1,0.145241,GO 8,396,426,590,-521
-1,1,0.145612,GO 8,396,426,589,-522
1,1,0.145623,GO 8,396,426,590,-523
2,1,0.145676,GO 8,396,426,592,-524
1,1,0.145699,GO 8,396,426,593,-525
3,1,0.145723,GO 8,396,426,596,-526
3,1,0.145752,GO 8,396,426,599,-527
3,1,0.145769,GO 8,396,426,602,-528
3,1,0.145792,GO 8,396,426,605,-529
3,1,0.146307,GO 8,396,426,608,-530
3,1,0.146338,GO 8,396,426,611,-531
3,1,0.146373,GO 8,396,426,614,-532
2,1,0.146379,GO 8,396,426,616,-533
3,1,0.146402,GO 8,396,426,619,-534
3,1,0.146425,GO 8,396,426,622,-535
3,2,0.14646,GO 8,396,426,625,-537
1,1,0.146489,GO 8,396,426,626,-538
2,1,0.146524,GO 8,396,426,628,-539
1,1,0.146553,GO 8,396,426,629,-540
1,1,0.146576,GO 8,396,426,630,-541
