dX,dY,WHEN,SYLLABLE,X,Y,cX,cY
-1,-1,0.0201433,Yield,0,0,-1,1
-1,-1,0.0201781,Yield,0,0,-2,2
-2,-1,0.0202014,Yield,0,0,-4,3
-2,-1,0.0202478,Yield,0,0,-6,4
-2,-1,0.020271,Yield,0,0,-8,5
-3,-1,0.0202942,Yield,0,0,-11,6
-2,-1,0.0203233,Yield,0,0,-13,7
-2,-1,0.0203523,Yield,0,0,-15,8
-3,-1,0.0203755,Yield,0,0,-18,9
-3,-1,0.0203987,Yield,0,0,-21,10
-3,-1,0.020422,Yield,0,0,-24,11
-2,-1,0.0204394,Yield,0,0,-26,12
-4,-1,0.0204684,Yield,0,0,-30,13
-4,-1,0.0204974,Yield,0,0,-34,14
-4,-1,0.0205264,Yield,0,0,-38,15
-3,-1,0.0205439,Yield,0,0,-41,16
-3,-3,0.0205845,Yield,0,0,-44,19
-5,-2,0.0206135,Yield,0,0,-49,21
-1,-2,0.0206367,Yield,0,0,-50,23
-1,-3,0.0206774,Yield,0,0,-51,26
3,-1,0.0207122,Yield,0,0,-48,27
2,-1,0.0207412,Yield,0,0,-46,28
3,-1,0.0207819,Yield,0,0,-43,29
-4,2,0.0212637,Yield,0,0,-47,27
-6,1,0.0212927,Yield,0,0,-53,26
-2,2,0.0213275,Yield,0,0,-55,24
-1,2,0.0213624,Yield,0,0,-56,22
-1,4,0.0213972,Yield,0,0,-57,18
2,3,0.0214262,Yield,0,0,-55,15
2,2,0.0214436,Yield,0,0,-53,13
2,2,0.0214785,Yield,0,0,-51,11
2,2,0.0215133,Yield,0,0,-49,9
1,3,0.0215424,Yield,0,0,-48,6
1,1,0.021612,Yield,0,0,-47,5
-4,-1,0.021821,Yield,0,0,-51,6
-4,-1,0.0218384,Yield,0,0,-55,7
-3,-1,0.021879,Yield,0,0,-58,8
-4,-1,0.021908,Yield,0,0,-62,9
-4,-1,0.0219254,Yield,0,0,-66,10
-4,-1,0.0219487,Yield,0,0,-70,11
-3,-2,0.0219545,Yield,0,0,-73,13
-4,-2,0.0219777,Yield,0,0,-77,15
-4,-2,0.0220125,Yield,0,0,-81,17
-4,-2,0.0220532,Yield,0,0,-85,19
-3,-2,0.022087,Yield,0,0,-88,21
-4,-4,0.022117,Yield,0,0,-92,25
-8,-1,0.022146,Yield,0,0,-100,26
-4,-1,0.0222215,Yield,0,0,-104,27
-4,1,0.0223144,Yield,0,0,-108,26
-8,1,0.022355,Yield,0,0,-116,25
-3,1,0.0223898,Yield,0,0,-119,24
-4,2,0.0224131,Yield,0,0,-123,22
-4,2,0.0224421,Yield,0,0,-127,20
-4,2,0.0224479,Yield,0,0,-131,18
-3,1,0.0224711,Yield,0,0,-134,17
-3,1,0.0224943,Yield,0,0,-137,16
-3,1,0.0225234,Yield,0,0,-140,15
-2,-1,0.0225872,Yield,0,0,-142,16
-3,-1,0.022622,Yield,0,0,-145,17
-3,-1,0.0226453,Yield,0,0,-148,18
-3,-1,0.0226767,Yield,0,0,-151,19
-3,-1,0.0226859,Yield,0,0,-154,20
-3,-1,0.0227091,Yield,0,0,-157,21
-3,1,0.022773,Yield,0,0,-160,20
-3,2,0.022802,Yield,0,0,-163,18
-3,5,0.0228368,Yield,0,0,-166,13
-4,2,0.02286,Yield,0,0,-170,11
-1,2,0.0228949,Yield,0,0,-171,9
-1,2,0.0229239,Yield,0,0,-172,7
1,4,0.0229587,Yield,0,0,-171,3
2,2,0.0229984,Yield,0,0,-169,1
2,2,0.0230226,Yield,0,0,-167,-1
2,2,0.02304,Yield,0,0,-165,-3
2,1,0.0230748,Yield,0,0,-163,-4
2,4,0.0231097,Yield,0,0,-161,-8
4,1,0.0231387,Yield,0,0,-157,-9
1,1,0.0231735,Yield,0,0,-156,-10
1,-1,0.0232263,Yield,0,0,-155,-9
1,-1,0.0232374,Yield,0,0,-154,-8
1,-1,0.0232606,Yield,0,0,-153,-7
1,-2,0.0232896,Yield,0,0,-152,-5
1,-1,0.0233244,Yield,0,0,-151,-4
1,-1,0.0233593,Yield,0,0,-150,-3
2,-2,0.0233883,Yield,0,0,-148,-1
5,-1,0.0234115,Yield,0,0,-143,0
3,-1,0.0235392,Yield,0,0,-140,1
6,-1,0.0235741,Yield,0,0,-134,2
3,-1,0.0236147,Yield,0,0,-131,3
2,-1,0.0236437,Yield,0,0,-129,4
3,-2,0.0236785,Yield,0,0,-126,6
2,-2,0.0237163,Yield,0,0,-124,8
1,-1,0.0237598,Yield,0,0,-123,9
1,-1,0.0237888,Yield,0,0,-122,10
-1,-1,0.0238121,Yield,0,0,-123,11
-1,-2,0.0345571,FRAY 1,162,484,-124,13
-1,-2,0.0345861,FRAY 1,162,484,-125,15
-1,-2,0.0346093,FRAY 1,162,484,-126,17
-2,-2,0.0346326,FRAY 1,162,484,-128,19
-2,-1,0.0346627,FRAY 1,162,484,-130,20
-2,-1,0.0346964,FRAY 1,162,484,-132,21
-2,-1,0.034708,FRAY 1,162,484,-134,22
-2,-1,0.0347254,FRAY 1,162,484,-136,23
-1,1,0.0353582,FRAY 1,162,484,-137,22
-1,2,0.035422,FRAY 1,162,484,-138,20
-1,2,0.0354337,FRAY 1,162,484,-139,18
-1,3,0.0354685,FRAY 1,162,484,-140,15
-1,2,0.0354966,FRAY 1,162,484,-141,13
-1,4,0.0355265,FRAY 1,162,484,-142,9
-1,4,0.0355439,FRAY 1,162,484,-143,5
-1,4,0.0355742,FRAY 1,162,484,-144,1
-1,3,0.0355846,FRAY 1,162,484,-145,-2
-1,4,0.0356078,FRAY 1,162,484,-146,-6
-1,4,0.0356426,FRAY 1,162,484,-147,-10
-1,4,0.0356542,FRAY 1,162,484,-148,-14
-1,3,0.0356949,FRAY 1,162,484,-149,-17
-1,4,0.0357123,FRAY 1,162,484,-150,-21
-1,4,0.0357355,FRAY 1,162,484,-151,-25
-1,4,0.0357587,FRAY 1,162,484,-152,-29
-2,3,0.0357936,FRAY 1,162,484,-154,-32
-2,4,0.0358342,FRAY 1,162,484,-156,-36
-2,4,0.03584,FRAY 1,162,484,-158,-40
-2,4,0.0358806,FRAY 1,162,484,-160,-44
-2,3,0.0358864,FRAY 1,162,484,-162,-47
-2,4,0.0359097,FRAY 1,162,484,-164,-51
-2,4,0.0359445,FRAY 1,162,484,-166,-55
-1,4,0.0359735,FRAY 1,162,484,-167,-59
-2,3,0.0359851,FRAY 1,162,484,-169,-62
-2,8,0.0360432,FRAY 1,162,484,-171,-70
-2,4,0.0360664,FRAY 1,162,484,-173,-74
-1,3,0.0360954,FRAY 1,162,484,-174,-77
-1,4,0.0361302,FRAY 1,162,484,-175,-81
-1,4,0.0361361,FRAY 1,162,484,-176,-85
-1,4,0.0361593,FRAY 1,162,484,-177,-89
1,3,0.0361825,FRAY 1,162,484,-176,-92
1,4,0.0362231,FRAY 1,162,484,-175,-96
1,4,0.0362463,FRAY 1,162,484,-174,-100
1,4,0.0362696,FRAY 1,162,484,-173,-104
1,3,0.036287,FRAY 1,162,484,-172,-107
2,4,0.0363102,FRAY 1,162,484,-170,-111
2,4,0.0363334,FRAY 1,162,484,-168,-115
1,4,0.0363681,FRAY 1,162,484,-167,-119
2,3,0.0363915,FRAY 1,162,484,-165,-122
2,4,0.0364147,FRAY 1,162,484,-163,-126
1,4,0.0364321,FRAY 1,162,484,-162,-130
1,4,0.0364553,FRAY 1,162,484,-161,-134
1,3,0.0364844,FRAY 1,162,484,-160,-137
1,4,0.0365192,FRAY 1,162,484,-159,-141
1,4,0.0365424,FRAY 1,162,484,-158,-145
1,4,0.0365482,FRAY 1,162,484,-157,-149
1,3,0.0365714,FRAY 1,162,484,-156,-152
1,4,0.0366005,FRAY 1,162,484,-155,-156
1,4,0.0366295,FRAY 1,162,484,-154,-160
1,4,0.0366527,FRAY 1,162,484,-153,-164
-1,3,0.0366933,FRAY 1,162,484,-154,-167
-1,8,0.0367282,FRAY 1,162,484,-155,-175
-2,4,0.0367572,FRAY 1,162,484,-157,-179
-1,3,0.036792,FRAY 1,162,484,-158,-182
-1,4,0.0368036,FRAY 1,162,484,-159,-186
-1,4,0.0368385,FRAY 1,162,484,-160,-190
1,4,0.0368675,FRAY 1,162,484,-159,-194
1,3,0.0368791,FRAY 1,162,484,-158,-197
1,4,0.0369081,FRAY 1,162,484,-157,-201
2,4,0.0369255,FRAY 1,162,484,-155,-205
2,4,0.0369604,FRAY 1,162,484,-153,-209
2,3,0.0369894,FRAY 1,162,484,-151,-212
1,4,0.0370238,FRAY 1,162,484,-150,-216
2,4,0.03703,FRAY 1,162,484,-148,-220
2,4,0.0370532,FRAY 1,162,484,-146,-224
2,3,0.0370997,FRAY 1,162,484,-144,-227
2,4,0.0371287,FRAY 1,162,484,-142,-231
2,4,0.0371403,FRAY 1,162,484,-140,-235
2,4,0.0371577,FRAY 1,162,484,-138,-239
2,3,0.037181,FRAY 1,162,484,-136,-242
1,4,0.0372042,FRAY 1,162,484,-135,-246
2,4,0.037239,FRAY 1,162,484,-133,-250
2,4,0.037268,FRAY 1,162,484,-131,-254
2,3,0.0372971,FRAY 1,162,484,-129,-257
2,4,0.0373261,FRAY 1,162,484,-127,-261
2,4,0.0373319,FRAY 1,162,484,-125,-265
2,4,0.0373609,FRAY 1,162,484,-123,-269
2,3,0.0373899,FRAY 1,162,484,-121,-272
1,4,0.0374248,FRAY 1,162,484,-120,-276
2,4,0.0374306,FRAY 1,162,484,-118,-280
2,4,0.037477,FRAY 1,162,484,-116,-284
3,3,0.0374886,FRAY 1,162,484,-113,-287
3,4,0.0375118,FRAY 1,162,484,-110,-291
3,4,0.0375422,FRAY 1,162,484,-107,-295
2,4,0.0375757,FRAY 1,162,484,-105,-299
3,3,0.0375815,FRAY 1,162,484,-102,-302
3,4,0.0376279,FRAY 1,162,484,-99,-306
3,4,0.0376395,FRAY 1,162,484,-96,-310
3,4,0.0376628,FRAY 1,162,484,-93,-314
2,3,0.0376918,FRAY 1,162,484,-91,-317
3,4,0.0377092,FRAY 1,162,484,-88,-321
3,4,0.0377498,FRAY 1,162,484,-85,-325
3,7,0.0377847,FRAY 1,162,484,-82,-332
6,4,0.0378079,FRAY 1,162,484,-76,-336
2,4,0.0378311,FRAY 1,162,484,-74,-340
3,4,0.0378601,FRAY 1,162,484,-71,-344
2,4,0.037895,FRAY 1,162,484,-69,-348
2,4,0.0379008,FRAY 1,162,484,-67,-352
2,3,0.0379356,FRAY 1,162,484,-65,-355
2,4,0.0379704,FRAY 1,162,484,-63,-359
2,4,0.037982,FRAY 1,162,484,-61,-363
2,4,0.0380169,FRAY 1,162,484,-59,-367
2,3,0.0380459,FRAY 1,162,484,-57,-370
1,4,0.0380517,FRAY 1,162,484,-56,-374
2,4,0.0380865,FRAY 1,162,484,-54,-378
2,4,0.0381098,FRAY 1,162,484,-52,-382
2,3,0.038133,FRAY 1,162,484,-50,-385
2,4,0.0381678,FRAY 1,162,484,-48,-389
2,4,0.0381968,FRAY 1,162,484,-46,-393
2,4,0.0382066,FRAY 1,162,484,-44,-397
2,3,0.0382317,FRAY 1,162,484,-42,-400
2,4,0.0382607,FRAY 1,162,484,-40,-404
1,4,0.0382839,FRAY 1,162,484,-39,-408
1,4,0.0383071,FRAY 1,162,484,-38,-412
1,3,0.038342,FRAY 1,162,484,-37,-415
1,4,0.0383594,FRAY 1,162,484,-36,-419
1,4,0.0383826,FRAY 1,162,484,-35,-423
1,4,0.0384116,FRAY 1,162,484,-34,-427
1,3,0.0384464,FRAY 1,162,484,-33,-430
1,4,0.0384639,FRAY 1,162,484,-32,-434
1,4,0.0384929,FRAY 1,162,484,-31,-438
1,4,0.0385103,FRAY 1,162,484,-30,-442
1,3,0.0385335,FRAY 1,162,484,-29,-445
1,4,0.0385553,FRAY 1,162,484,-28,-449
1,4,0.0385858,FRAY 1,162,484,-27,-453
1,4,0.0386032,FRAY 1,162,484,-26,-457
1,3,0.0386322,FRAY 1,162,484,-25,-460
1,4,0.0386496,FRAY 1,162,484,-24,-464
1,4,0.0386728,FRAY 1,162,484,-23,-468
1,4,0.0386961,FRAY 1,162,484,-22,-472
1,3,0.0387309,FRAY 1,162,484,-21,-475
1,4,0.0387541,FRAY 1,162,484,-20,-479
1,4,0.0387889,FRAY 1,162,484,-19,-483
1,4,0.0388005,FRAY 1,162,484,-18,-487
-1,3,0.0388238,FRAY 1,162,484,-19,-490
-1,4,0.038847,FRAY 1,162,484,-20,-494
-1,4,0.0388818,FRAY 1,162,484,-21,-498
-2,4,0.038905,FRAY 1,162,484,-23,-502
-2,3,0.0389399,FRAY 1,162,484,-25,-505
-2,4,0.0389515,FRAY 1,162,484,-27,-509
-2,4,0.0389805,FRAY 1,162,484,-29,-513
-1,4,0.0390037,FRAY 1,162,484,-30,-517
-1,3,0.0390327,FRAY 1,162,484,-31,-520
-1,4,0.0390676,FRAY 1,162,484,-32,-524
1,4,0.0390908,FRAY 1,162,484,-31,-528
1,4,0.0391082,FRAY 1,162,484,-30,-532
1,4,0.0391314,FRAY 1,162,484,-29,-536
2,4,0.0391546,FRAY 1,162,484,-27,-540
2,3,0.0391837,FRAY 1,162,484,-25,-543
2,4,0.0392185,FRAY 1,162,484,-23,-547
1,4,0.0392475,FRAY 1,162,484,-22,-551
2,4,0.0392591,FRAY 1,162,484,-20,-555
2,3,0.0392824,FRAY 1,162,484,-18,-558
2,4,0.0393056,FRAY 1,162,484,-16,-562
3,4,0.0393404,FRAY 1,162,484,-13,-566
3,4,0.0393694,FRAY 1,162,484,-10,-570
3,3,0.0394043,FRAY 1,162,484,-7,-573
2,4,0.0394101,FRAY 1,162,484,-5,-577
3,4,0.0394333,FRAY 1,162,484,-2,-581
3,4,0.0394565,FRAY 1,162,484,1,-585
3,3,0.0394797,FRAY 1,162,484,4,-588
3,4,0.0395146,FRAY 1,162,484,7,-592
2,4,0.0395552,FRAY 1,162,484,9,-596
3,4,0.0395784,FRAY 1,162,484,12,-600
3,3,0.0395842,FRAY 1,162,484,15,-603
3,4,0.0396132,FRAY 1,162,484,18,-607
3,4,0.0396365,FRAY 1,162,484,21,-611
2,4,0.0396655,FRAY 1,162,484,23,-615
3,3,0.0397003,FRAY 1,162,484,26,-618
3,8,0.039741,FRAY 1,162,484,29,-626
6,4,0.0397642,FRAY 1,162,484,35,-630
3,3,0.0397874,FRAY 1,162,484,38,-633
2,4,0.0398222,FRAY 1,162,484,40,-637
3,4,0.0398512,FRAY 1,162,484,43,-641
3,3,0.0398861,FRAY 1,162,484,46,-644
3,2,0.0398919,FRAY 1,162,484,49,-646
2,2,0.0399151,FRAY 1,162,484,51,-648
1,2,0.039922,FRAY 1,162,484,52,-650
2,2,0.0399557,FRAY 1,162,484,54,-652
1,2,0.0399848,FRAY 1,162,484,55,-654
1,1,0.0399964,FRAY 1,162,484,56,-655
1,1,0.0400312,FRAY 1,162,484,57,-656
1,1,0.0400776,FRAY 1,162,484,58,-657
2,2,0.0401009,FRAY 1,162,484,60,-659
1,2,0.0401415,FRAY 1,162,484,61,-661
2,2,0.0401473,FRAY 1,162,484,63,-663
2,2,0.0401821,FRAY 1,162,484,65,-665
3,2,0.0402054,FRAY 1,162,484,68,-667
3,2,0.040217,FRAY 1,162,484,71,-669
3,2,0.0402402,FRAY 1,162,484,74,-671
2,3,0.040275,FRAY 1,162,484,76,-674
3,3,0.0402924,FRAY 1,162,484,79,-677
3,3,0.0403215,FRAY 1,162,484,82,-680
3,3,0.0403447,FRAY 1,162,484,85,-683
3,2,0.0403795,FRAY 1,162,484,88,-685
2,3,0.0403911,FRAY 1,162,484,90,-688
3,3,0.0404259,FRAY 1,162,484,93,-691
3,3,0.0404376,FRAY 1,162,484,96,-694
2,2,0.0404666,FRAY 1,162,484,98,-696
1,1,0.0404956,FRAY 1,162,484,99,-697
1,-2,0.051856,SAN- 2,157,254,100,-695
2,-2,0.0518792,SAN- 2,157,254,102,-693
2,-2,0.0519198,SAN- 2,157,254,104,-691
2,-3,0.0519372,SAN- 2,157,254,106,-688
1,-3,0.0519605,SAN- 2,157,254,107,-685
2,-3,0.0519837,SAN- 2,157,254,109,-682
3,-3,0.0520185,SAN- 2,157,254,112,-679
3,-2,0.0520359,SAN- 2,157,254,115,-677
3,-3,0.0520707,SAN- 2,157,254,118,-674
3,-3,0.0521056,SAN- 2,157,254,121,-671
2,-3,0.0521172,SAN- 2,157,254,123,-668
3,-3,0.0521346,SAN- 2,157,254,126,-665
3,-3,0.0521694,SAN- 2,157,254,129,-662
3,-2,0.0521985,SAN- 2,157,254,132,-660
3,-3,0.0522217,SAN- 2,157,254,135,-657
2,-2,0.0522507,SAN- 2,157,254,137,-655
3,-2,0.0522681,SAN- 2,157,254,140,-653
3,-2,0.0522856,SAN- 2,157,254,143,-651
3,-2,0.0523146,SAN- 2,157,254,146,-649
3,-2,0.0523436,SAN- 2,157,254,149,-647
2,-2,0.0523668,SAN- 2,157,254,151,-645
3,-3,0.0524016,SAN- 2,157,254,154,-642
3,-3,0.052419,SAN- 2,157,254,157,-639
3,-3,0.0524423,SAN- 2,157,254,160,-636
3,-3,0.0524655,SAN- 2,157,254,163,-633
3,-2,0.0524945,SAN- 2,157,254,166,-631
2,-3,0.0525119,SAN- 2,157,254,168,-628
3,-3,0.0525351,SAN- 2,157,254,171,-625
3,-3,0.0525584,SAN- 2,157,254,174,-622
2,-3,0.0525874,SAN- 2,157,254,176,-619
2,-2,0.0526106,SAN- 2,157,254,178,-617
1,-1,0.0526396,SAN- 2,157,254,179,-616
1,-1,0.0526745,SAN- 2,157,254,180,-615
-1,-1,0.0529357,SAN- 2,157,254,179,-614
-1,-1,0.052981,SAN- 2,157,254,178,-613
-1,-1,0.0529879,SAN- 2,157,254,177,-612
-1,-2,0.0530112,SAN- 2,157,254,176,-610
-1,-1,0.053046,SAN- 2,157,254,175,-609
-1,-2,0.0530692,SAN- 2,157,254,174,-607
-1,-2,0.0530924,SAN- 2,157,254,173,-605
-1,-2,0.0531331,SAN- 2,157,254,172,-603
-1,-2,0.0531389,SAN- 2,157,254,171,-601
-1,-1,0.0531621,SAN- 2,157,254,170,-600
-1,-1,0.0531938,SAN- 2,157,254,169,-599
-1,-2,0.0532201,SAN- 2,157,254,168,-597
-1,-2,0.0532434,SAN- 2,157,254,167,-595
-1,-2,0.0532724,SAN- 2,157,254,166,-593
-1,-2,0.0532956,SAN- 2,157,254,165,-591
-1,-2,0.053313,SAN- 2,157,254,164,-589
-1,-2,0.053342,SAN- 2,157,254,163,-587
-1,-1,0.0533711,SAN- 2,157,254,162,-586
-1,-2,0.0534117,SAN- 2,157,254,161,-584
-1,-3,0.0534291,SAN- 2,157,254,160,-581
-1,-3,0.0534465,SAN- 2,157,254,159,-578
-2,-3,0.0534698,SAN- 2,157,254,157,-575
-2,-3,0.053493,SAN- 2,157,254,155,-572
-2,-2,0.053522,SAN- 2,157,254,153,-570
-3,-3,0.0535568,SAN- 2,157,254,150,-567
-2,-3,0.05358,SAN- 2,157,254,148,-564
-3,-3,0.0535975,SAN- 2,157,254,145,-561
-4,-3,0.0536207,SAN- 2,157,254,141,-558
-4,-2,0.0536439,SAN- 2,157,254,137,-556
-3,-3,0.0536729,SAN- 2,157,254,134,-553
-4,-3,0.0537078,SAN- 2,157,254,130,-550
-4,-3,0.0537252,SAN- 2,157,254,126,-547
-4,-3,0.0537484,SAN- 2,157,254,122,-544
-3,-3,0.0537716,SAN- 2,157,254,119,-541
-4,-2,0.053789,SAN- 2,157,254,115,-539
-4,-3,0.053818,SAN- 2,157,254,111,-536
-4,-3,0.0538355,SAN- 2,157,254,107,-533
-3,-3,0.0538703,SAN- 2,157,254,104,-530
-4,-3,0.0538935,SAN- 2,157,254,100,-527
-4,-2,0.0539167,SAN- 2,157,254,96,-525
-4,-3,0.05394,SAN- 2,157,254,92,-522
-3,-3,0.053969,SAN- 2,157,254,89,-519
-4,-3,0.0539864,SAN- 2,157,254,85,-516
-3,-3,0.0540212,SAN- 2,157,254,82,-513
-3,-2,0.0540444,SAN- 2,157,254,79,-511
-3,-3,0.0540677,SAN- 2,157,254,76,-508
-1,-3,0.0541025,SAN- 2,157,254,75,-505
-2,-3,0.0541257,SAN- 2,157,254,73,-502
-2,-3,0.0541373,SAN- 2,157,254,71,-499
-1,-3,0.0541663,SAN- 2,157,254,70,-496
-1,-2,0.0541954,SAN- 2,157,254,69,-494
-1,-3,0.0542186,SAN- 2,157,254,68,-491
-1,-3,0.0542534,SAN- 2,157,254,67,-488
-1,-3,0.0542824,SAN- 2,157,254,66,-485
-1,-3,0.0542941,SAN- 2,157,254,65,-482
-1,-2,0.0543231,SAN- 2,157,254,64,-480
-1,-3,0.0543463,SAN- 2,157,254,63,-477
-1,-3,0.0543695,SAN- 2,157,254,62,-474
-1,-3,0.0544044,SAN- 2,157,254,61,-471
-1,-3,0.0544354,SAN- 2,157,254,60,-468
-1,-2,0.054445,SAN- 2,157,254,59,-466
-1,-3,0.0544682,SAN- 2,157,254,58,-463
-1,-2,0.0544914,SAN- 2,157,254,57,-461
-1,-2,0.0545263,SAN- 2,157,254,56,-459
-1,-2,0.0545495,SAN- 2,157,254,55,-457
-1,-2,0.0545901,SAN- 2,157,254,54,-455
-1,-2,0.0545959,SAN- 2,157,254,53,-453
-1,-2,0.0546191,SAN- 2,157,254,52,-451
-1,-1,0.054654,SAN- 2,157,254,51,-450
-1,-2,0.0546772,SAN- 2,157,254,50,-448
-1,-2,0.0547004,SAN- 2,157,254,49,-446
-1,-2,0.054741,SAN- 2,157,254,48,-444
-1,-2,0.0547527,SAN- 2,157,254,47,-442
-1,-2,0.0547701,SAN- 2,157,254,46,-440
-1,-2,0.0548049,SAN- 2,157,254,45,-438
-1,-2,0.0548165,SAN- 2,157,254,44,-436
-1,-3,0.0548397,SAN- 2,157,254,43,-433
-1,-3,0.0548688,SAN- 2,157,254,42,-430
-1,-3,0.0548862,SAN- 2,157,254,41,-427
-1,-3,0.0549094,SAN- 2,157,254,40,-424
-1,-3,0.0549326,SAN- 2,157,254,39,-421
-1,-2,0.0549732,SAN- 2,157,254,38,-419
-1,-3,0.0549907,SAN- 2,157,254,37,-416
-1,-3,0.0550233,SAN- 2,157,254,36,-413
-1,-3,0.0550371,SAN- 2,157,254,35,-410
-1,-3,0.0550603,SAN- 2,157,254,34,-407
-1,-2,0.0550835,SAN- 2,157,254,33,-405
-1,-3,0.0551184,SAN- 2,157,254,32,-402
1,-3,0.0551358,SAN- 2,157,254,33,-399
1,-3,0.0551648,SAN- 2,157,254,34,-396
1,-3,0.0551822,SAN- 2,157,254,35,-393
1,-2,0.0552054,SAN- 2,157,254,36,-391
1,-3,0.0552287,SAN- 2,157,254,37,-388
1,-3,0.0552635,SAN- 2,157,254,38,-385
1,-3,0.0552809,SAN- 2,157,254,39,-382
1,-3,0.0553184,SAN- 2,157,254,40,-379
1,-3,0.0553332,SAN- 2,157,254,41,-376
1,-2,0.0553564,SAN- 2,157,254,42,-374
1,-3,0.0553846,SAN- 2,157,254,43,-371
1,-3,0.0554144,SAN- 2,157,254,44,-368
1,-3,0.0554493,SAN- 2,157,254,45,-365
1,-3,0.0554783,SAN- 2,157,254,46,-362
1,-2,0.0554899,SAN- 2,157,254,47,-360
1,-3,0.0555131,SAN- 2,157,254,48,-357
1,-2,0.0555363,SAN- 2,157,254,49,-355
1,-2,0.0555595,SAN- 2,157,254,50,-353
1,-3,0.0556002,SAN- 2,157,254,51,-350
1,-3,0.055606,SAN- 2,157,254,52,-347
1,-2,0.0556408,SAN- 2,157,254,53,-345
1,-3,0.055664,SAN- 2,157,254,54,-342
2,-3,0.0556873,SAN- 2,157,254,56,-339
2,-3,0.0557163,SAN- 2,157,254,58,-336
2,-3,0.0557453,SAN- 2,157,254,60,-333
2,-2,0.0557627,SAN- 2,157,254,62,-331
2,-3,0.0557917,SAN- 2,157,254,64,-328
2,-3,0.055815,SAN- 2,157,254,66,-325
1,-3,0.0558382,SAN- 2,157,254,67,-322
2,-3,0.0558614,SAN- 2,157,254,69,-319
2,-3,0.0558962,SAN- 2,157,254,71,-316
2,-2,0.0559137,SAN- 2,157,254,73,-314
2,-3,0.0559427,SAN- 2,157,254,75,-311
2,-3,0.0559659,SAN- 2,157,254,77,-308
2,-3,0.0559891,SAN- 2,157,254,79,-305
2,-3,0.0560123,SAN- 2,157,254,81,-302
1,-2,0.0560472,SAN- 2,157,254,82,-300
2,-3,0.0560646,SAN- 2,157,254,84,-297
2,-3,0.0560878,SAN- 2,157,254,86,-294
2,-3,0.0561168,SAN- 2,157,254,88,-291
2,-3,0.05614,SAN- 2,157,254,90,-288
2,-2,0.0561691,SAN- 2,157,254,92,-286
2,-3,0.0561981,SAN- 2,157,254,94,-283
2,-2,0.0562097,SAN- 2,157,254,96,-281
1,-2,0.0562387,SAN- 2,157,254,97,-279
2,-2,0.0562679,SAN- 2,157,254,99,-277
1,-2,0.056291,SAN- 2,157,254,100,-275
1,-2,0.05632,SAN- 2,157,254,101,-273
1,-2,0.056349,SAN- 2,157,254,102,-271
1,-1,0.0563664,SAN- 2,157,254,103,-270
1,-1,0.0563897,SAN- 2,157,254,104,-269
1,-1,0.0564129,SAN- 2,157,254,105,-268
-1,1,0.0565406,SAN- 2,157,254,104,-269
-1,-1,0.0664149,-TIA- 3,392,160,103,-268
-1,-1,0.0664671,-TIA- 3,392,160,102,-267
-1,-1,0.0664903,-TIA- 3,392,160,101,-266
1,1,0.0665774,-TIA- 3,392,160,102,-267
1,1,0.0665948,-TIA- 3,392,160,103,-268
2,-1,0.0666645,-TIA- 3,392,160,105,-267
2,-2,0.0667051,-TIA- 3,392,160,107,-265
2,-2,0.0667225,-TIA- 3,392,160,109,-263
2,-3,0.0667458,-TIA- 3,392,160,111,-260
2,-2,0.066769,-TIA- 3,392,160,113,-258
3,-3,0.0667922,-TIA- 3,392,160,116,-255
3,-3,0.0668154,-TIA- 3,392,160,119,-252
3,-3,0.0668502,-TIA- 3,392,160,122,-249
3,-3,0.0668793,-TIA- 3,392,160,125,-246
2,-2,0.0668967,-TIA- 3,392,160,127,-244
3,-3,0.0669141,-TIA- 3,392,160,130,-241
3,-3,0.0669431,-TIA- 3,392,160,133,-238
3,-3,0.066978,-TIA- 3,392,160,136,-235
3,-3,0.0669917,-TIA- 3,392,160,139,-232
3,-3,0.0670302,-TIA- 3,392,160,142,-229
2,-2,0.0670476,-TIA- 3,392,160,144,-227
3,-3,0.0670708,-TIA- 3,392,160,147,-224
3,-3,0.0670999,-TIA- 3,392,160,150,-221
3,-3,0.0671289,-TIA- 3,392,160,153,-218
2,-3,0.0671463,-TIA- 3,392,160,155,-215
2,-2,0.0671869,-TIA- 3,392,160,157,-213
1,-3,0.0671985,-TIA- 3,392,160,158,-210
2,-3,0.067223,-TIA- 3,392,160,160,-207
2,-3,0.0672508,-TIA- 3,392,160,162,-204
2,-3,0.0672798,-TIA- 3,392,160,164,-201
2,-2,0.0672972,-TIA- 3,392,160,166,-199
2,-3,0.0673205,-TIA- 3,392,160,168,-196
2,-3,0.0673519,-TIA- 3,392,160,170,-193
1,-3,0.0673785,-TIA- 3,392,160,171,-190
3,-3,0.0674017,-TIA- 3,392,160,174,-187
3,-3,0.0674249,-TIA- 3,392,160,177,-184
3,-5,0.067454,-TIA- 3,392,160,180,-179
6,-3,0.0674946,-TIA- 3,392,160,186,-176
2,-3,0.0675178,-TIA- 3,392,160,188,-173
3,-3,0.0675352,-TIA- 3,392,160,191,-170
3,-2,0.0675643,-TIA- 3,392,160,194,-168
3,-3,0.0675991,-TIA- 3,392,160,197,-165
3,-3,0.0676049,-TIA- 3,392,160,200,-162
2,-3,0.0676281,-TIA- 3,392,160,202,-159
3,-3,0.0676629,-TIA- 3,392,160,205,-156
2,-2,0.0676862,-TIA- 3,392,160,207,-154
2,-3,0.0677094,-TIA- 3,392,160,209,-151
2,-3,0.0677442,-TIA- 3,392,160,211,-148
2,-3,0.0677558,-TIA- 3,392,160,213,-145
2,-3,0.0677732,-TIA- 3,392,160,215,-142
2,-2,0.0678139,-TIA- 3,392,160,217,-140
3,-1,0.0678255,-TIA- 3,392,160,220,-139
3,-1,0.0678509,-TIA- 3,392,160,223,-138
3,-1,0.0678836,-TIA- 3,392,160,226,-137
3,-1,0.067901,-TIA- 3,392,160,229,-136
2,-1,0.0679184,-TIA- 3,392,160,231,-135
3,-1,0.067959,-TIA- 3,392,160,234,-134
3,-1,0.0679764,-TIA- 3,392,160,237,-133
3,-1,0.0680054,-TIA- 3,392,160,240,-132
3,-1,0.0680403,-TIA- 3,392,160,243,-131
3,-1,0.0680577,-TIA- 3,392,160,246,-130
2,-2,0.0680809,-TIA- 3,392,160,248,-128
3,-1,0.0681041,-TIA- 3,392,160,251,-127
3,-1,0.0681332,-TIA- 3,392,160,254,-126
3,-1,0.0681564,-TIA- 3,392,160,257,-125
3,-1,0.0681912,-TIA- 3,392,160,260,-124
3,-1,0.0682318,-TIA- 3,392,160,263,-123
3,-1,0.0682551,-TIA- 3,392,160,266,-122
2,1,0.0683421,-TIA- 3,392,160,268,-123
3,1,0.0683595,-TIA- 3,392,160,271,-124
3,1,0.068406,-TIA- 3,392,160,274,-125
3,1,0.0684408,-TIA- 3,392,160,277,-126
3,1,0.0684698,-TIA- 3,392,160,280,-127
2,1,0.0684873,-TIA- 3,392,160,282,-128
3,1,0.0685105,-TIA- 3,392,160,285,-129
3,1,0.0685337,-TIA- 3,392,160,288,-130
3,1,0.0685569,-TIA- 3,392,160,291,-131
3,1,0.0685917,-TIA- 3,392,160,294,-132
2,1,0.0686208,-TIA- 3,392,160,296,-133
3,1,0.0686324,-TIA- 3,392,160,299,-134
3,1,0.0686556,-TIA- 3,392,160,302,-135
3,1,0.0686846,-TIA- 3,392,160,305,-136
3,1,0.0687195,-TIA- 3,392,160,308,-137
2,1,0.0687427,-TIA- 3,392,160,310,-138
3,1,0.0687601,-TIA- 3,392,160,313,-139
3,1,0.0688123,-TIA- 3,392,160,316,-140
3,1,0.0688414,-TIA- 3,392,160,319,-141
2,1,0.0688704,-TIA- 3,392,160,321,-142
3,1,0.0688936,-TIA- 3,392,160,324,-143
3,1,0.068911,-TIA- 3,392,160,327,-144
3,1,0.06894,-TIA- 3,392,160,330,-145
3,1,0.0689691,-TIA- 3,392,160,333,-146
3,1,0.0689923,-TIA- 3,392,160,336,-147
2,1,0.0690213,-TIA- 3,392,160,338,-148
3,1,0.0690561,-TIA- 3,392,160,341,-149
3,1,0.069062,-TIA- 3,392,160,344,-150
3,1,0.0690968,-TIA- 3,392,160,347,-151
3,1,0.06912,-TIA- 3,392,160,350,-152
2,1,0.0691432,-TIA- 3,392,160,352,-153
3,1,0.069178,-TIA- 3,392,160,355,-154
3,1,0.0692071,-TIA- 3,392,160,358,-155
6,1,0.0692419,-TIA- 3,392,160,364,-156
2,1,0.0692651,-TIA- 3,392,160,366,-157
3,1,0.0692883,-TIA- 3,392,160,369,-158
3,1,0.0693174,-TIA- 3,392,160,372,-159
3,1,0.0693522,-TIA- 3,392,160,375,-160
3,1,0.0693696,-TIA- 3,392,160,378,-161
3,1,0.0693928,-TIA- 3,392,160,381,-162
2,1,0.0694219,-TIA- 3,392,160,383,-163
3,1,0.0694393,-TIA- 3,392,160,386,-164
3,1,0.0694741,-TIA- 3,392,160,389,-165
3,1,0.0695031,-TIA- 3,392,160,392,-166
3,1,0.0695205,-TIA- 3,392,160,395,-167
2,1,0.0695438,-TIA- 3,392,160,397,-168
3,1,0.069567,-TIA- 3,392,160,400,-169
2,-1,0.0698108,-TIA- 3,392,160,402,-168
3,-1,0.0698224,-TIA- 3,392,160,405,-167
2,-1,0.0698398,-TIA- 3,392,160,407,-166
2,-1,0.0698746,-TIA- 3,392,160,409,-165
2,-1,0.0698863,-TIA- 3,392,160,411,-164
2,-1,0.0699385,-TIA- 3,392,160,413,-163
2,-1,0.0699501,-TIA- 3,392,160,415,-162
2,-1,0.0699675,-TIA- 3,392,160,417,-161
1,-1,0.0699907,-TIA- 3,392,160,418,-160
2,-1,0.0700256,-TIA- 3,392,160,420,-159
2,-1,0.0700546,-TIA- 3,392,160,422,-158
2,-1,0.0700894,-TIA- 3,392,160,424,-157
2,-1,0.0701127,-TIA- 3,392,160,426,-156
2,-1,0.0701185,-TIA- 3,392,160,428,-155
2,-1,0.0701417,-TIA- 3,392,160,430,-154
1,-1,0.0702055,-TIA- 3,392,160,431,-153
2,-1,0.0702404,-TIA- 3,392,160,433,-152
1,-4,0.0702694,-TIA- 3,392,160,434,-148
2,-2,0.0703042,-TIA- 3,392,160,436,-146
1,-2,0.0703274,-TIA- 3,392,160,437,-144
1,-2,0.0703623,-TIA- 3,392,160,438,-142
1,-1,0.0703753,-TIA- 3,392,160,439,-141
1,-4,0.0704261,-TIA- 3,392,160,440,-137
2,-2,0.0704551,-TIA- 3,392,160,442,-135
1,-2,0.0704784,-TIA- 3,392,160,443,-133
1,-1,0.0705132,-TIA- 3,392,160,444,-132
1,-1,0.0705306,-TIA- 3,392,160,445,-131
1,-1,0.0705771,-TIA- 3,392,160,446,-130
1,-1,0.0706061,-TIA- 3,392,160,447,-129
1,-1,0.0706409,-TIA- 3,392,160,448,-128
1,-1,0.0706583,-TIA- 3,392,160,449,-127
1,-1,0.0706811,-TIA- 3,392,160,450,-126
1,-1,0.0707358,-TIA- 3,392,160,451,-125
1,-1,0.070757,-TIA- 3,392,160,452,-124
1,-1,0.0707918,-TIA- 3,392,160,453,-123
1,-1,0.0708151,-TIA- 3,392,160,454,-122
1,-1,0.0708499,-TIA- 3,392,160,455,-121
1,-1,0.0708905,-TIA- 3,392,160,456,-120
1,-1,0.0709137,-TIA- 3,392,160,457,-119
1,-1,0.0709428,-TIA- 3,392,160,458,-118
1,-1,0.0803004,GO 4,260,104,459,-117
1,-2,0.0803527,GO 4,260,104,460,-115
2,-2,0.0803701,GO 4,260,104,462,-113
2,-4,0.0804281,GO 4,260,104,464,-109
3,-2,0.0804513,GO 4,260,104,467,-107
2,-1,0.0804746,GO 4,260,104,469,-106
1,-1,0.0805384,GO 4,260,104,470,-105
1,-1,0.0805558,GO 4,260,104,471,-104
1,-1,0.080579,GO 4,260,104,472,-103
1,-1,0.0810725,GO 4,260,104,473,-102
1,-1,0.0811363,GO 4,260,104,474,-101
-1,-4,0.081177,GO 4,260,104,473,-97
-5,-2,0.0812118,GO 4,260,104,468,-95
-3,-2,0.0812408,GO 4,260,104,465,-93
-2,-2,0.0812756,GO 4,260,104,463,-91
-4,-2,0.0812873,GO 4,260,104,459,-89
-4,-3,0.0813047,GO 4,260,104,455,-86
-4,-2,0.0813279,GO 4,260,104,451,-84
-3,-2,0.0813511,GO 4,260,104,448,-82
-4,-2,0.0813801,GO 4,260,104,444,-80
-4,-2,0.081415,GO 4,260,104,440,-78
-3,-2,0.081444,GO 4,260,104,437,-76
-2,-1,0.0814556,GO 4,260,104,435,-75
-3,-2,0.0814846,GO 4,260,104,432,-73
-3,-2,0.081502,GO 4,260,104,429,-71
-3,-2,0.0815311,GO 4,260,104,426,-69
-3,-2,0.0815601,GO 4,260,104,423,-67
-3,-2,0.0815912,GO 4,260,104,420,-65
-2,-2,0.0816007,GO 4,260,104,418,-63
-3,-2,0.0816239,GO 4,260,104,415,-61
-3,-1,0.0816472,GO 4,260,104,412,-60
-3,-2,0.081682,GO 4,260,104,409,-58
-2,-2,0.081711,GO 4,260,104,407,-56
-2,-1,0.0817459,GO 4,260,104,405,-55
-1,-1,0.0817517,GO 4,260,104,404,-54
-2,-1,0.0817749,GO 4,260,104,402,-53
-2,-1,0.0817981,GO 4,260,104,400,-52
-2,-1,0.0818329,GO 4,260,104,398,-51
-2,-1,0.081862,GO 4,260,104,396,-50
-2,-1,0.0818736,GO 4,260,104,394,-49
-2,-1,0.0819084,GO 4,260,104,392,-48
-1,-1,0.0819295,GO 4,260,104,391,-47
-3,-1,0.0819606,GO 4,260,104,388,-46
-3,-1,0.0819839,GO 4,260,104,385,-45
-3,-1,0.0820245,GO 4,260,104,382,-44
-3,-1,0.0820593,GO 4,260,104,379,-43
-2,-1,0.0820825,GO 4,260,104,377,-42
-3,-1,0.0821116,GO 4,260,104,374,-41
-3,-1,0.082129,GO 4,260,104,371,-40
-3,-1,0.0821696,GO 4,260,104,368,-39
-2,-1,0.0821754,GO 4,260,104,366,-38
-2,-1,0.0821986,GO 4,260,104,364,-37
-1,-1,0.0822335,GO 4,260,104,363,-36
-1,-1,0.0822625,GO 4,260,104,362,-35
-1,-1,0.0823205,GO 4,260,104,361,-34
-1,-1,0.0823263,GO 4,260,104,360,-33
-1,-1,0.0823554,GO 4,260,104,359,-32
-1,-1,0.0823844,GO 4,260,104,358,-31
-1,-1,0.0824483,GO 4,260,104,357,-30
-1,-2,0.0824806,GO 4,260,104,356,-28
-3,-1,0.0825237,GO 4,260,104,353,-27
-2,-1,0.0825295,GO 4,260,104,351,-26
-3,-1,0.0825585,GO 4,260,104,348,-25
-3,-1,0.0825934,GO 4,260,104,345,-24
-3,-4,0.0826224,GO 4,260,104,342,-20
-5,-2,0.0826572,GO 4,260,104,337,-18
-3,-1,0.0826728,GO 4,260,104,334,-17
-3,-1,0.0827037,GO 4,260,104,331,-16
-3,-1,0.0827385,GO 4,260,104,328,-15
-3,-1,0.0827501,GO 4,260,104,325,-14
-2,-1,0.0827733,GO 4,260,104,323,-13
-2,-1,0.0828082,GO 4,260,104,321,-12
-2,-1,0.0828372,GO 4,260,104,319,-11
-2,-1,0.0828546,GO 4,260,104,317,-10
-1,-1,0.0828894,GO 4,260,104,316,-9
-1,-1,0.0829053,GO 4,260,104,315,-8
-1,-1,0.0829591,GO 4,260,104,314,-7
-1,-1,0.0829939,GO 4,260,104,313,-6
-1,-1,0.0830229,GO 4,260,104,312,-5
-1,-1,0.0830578,GO 4,260,104,311,-4
-1,-1,0.083081,GO 4,260,104,310,-3
-1,-1,0.0831042,GO 4,260,104,309,-2
-2,-1,0.0831332,GO 4,260,104,307,-1
-2,-1,0.0831797,GO 4,260,104,305,0
-2,-1,0.0832016,GO 4,260,104,303,1
-2,-1,0.0832087,GO 4,260,104,301,2
-2,-1,0.0832377,GO 4,260,104,299,3
-2,-1,0.0832377,GO 4,260,104,297,4
-2,-1,0.083261,GO 4,260,104,295,5
-1,-1,0.0833074,GO 4,260,104,294,6
-1,-1,0.0833364,GO 4,260,104,293,7
-1,1,0.0860648,GO 4,260,104,292,6
-1,2,0.0860996,GO 4,260,104,291,4
-1,2,0.0861054,GO 4,260,104,290,2
-1,2,0.0861286,GO 4,260,104,289,0
-1,2,0.0861518,GO 4,260,104,288,-2
-1,3,0.0861867,GO 4,260,104,287,-5
-1,2,0.0862157,GO 4,260,104,286,-7
-1,1,0.0862505,GO 4,260,104,285,-8
-1,1,0.0862621,GO 4,260,104,284,-9
-1,1,0.0862795,GO 4,260,104,283,-10
-1,1,0.095516,FRAY 5,237,363,282,-11
-1,1,0.0955443,FRAY 5,237,363,281,-12
-1,2,0.0955675,FRAY 5,237,363,280,-14
-1,3,0.0955966,FRAY 5,237,363,279,-17
-1,3,0.095614,FRAY 5,237,363,278,-20
-1,4,0.0956546,FRAY 5,237,363,277,-24
-1,3,0.0956604,FRAY 5,237,363,276,-27
-1,4,0.0956952,FRAY 5,237,363,275,-31
-1,4,0.0957185,FRAY 5,237,363,274,-35
-1,4,0.0957475,FRAY 5,237,363,273,-39
-2,3,0.0957765,FRAY 5,237,363,271,-42
-2,4,0.0958055,FRAY 5,237,363,269,-46
-2,4,0.0958171,FRAY 5,237,363,267,-50
-2,4,0.0958462,FRAY 5,237,363,265,-54
-2,3,0.0958694,FRAY 5,237,363,263,-57
-2,4,0.0958984,FRAY 5,237,363,261,-61
-1,4,0.0959216,FRAY 5,237,363,260,-65
-1,4,0.0959565,FRAY 5,237,363,259,-69
-1,3,0.0959681,FRAY 5,237,363,258,-72
-1,4,0.0959971,FRAY 5,237,363,257,-76
-1,4,0.0960087,FRAY 5,237,363,256,-80
-1,4,0.0960319,FRAY 5,237,363,255,-84
-1,3,0.096061,FRAY 5,237,363,254,-87
-1,4,0.09609,FRAY 5,237,363,253,-91
-1,4,0.0961074,FRAY 5,237,363,252,-95
-1,4,0.0961306,FRAY 5,237,363,251,-99
-1,3,0.0961596,FRAY 5,237,363,250,-102
-1,4,0.0961945,FRAY 5,237,363,249,-106
-1,4,0.0962177,FRAY 5,237,363,248,-110
-1,4,0.0962351,FRAY 5,237,363,247,-114
-1,3,0.0962583,FRAY 5,237,363,246,-117
-1,4,0.0962815,FRAY 5,237,363,245,-121
-1,4,0.0963048,FRAY 5,237,363,244,-125
-1,4,0.0963396,FRAY 5,237,363,243,-129
-1,3,0.0963686,FRAY 5,237,363,242,-132
-1,4,0.096386,FRAY 5,237,363,241,-136
-1,4,0.0964093,FRAY 5,237,363,240,-140
-1,4,0.0964441,FRAY 5,237,363,239,-144
-1,3,0.0964557,FRAY 5,237,363,238,-147
-2,4,0.0964905,FRAY 5,237,363,236,-151
-1,4,0.0965195,FRAY 5,237,363,235,-155
-2,4,0.096537,FRAY 5,237,363,233,-159
-2,3,0.0965602,FRAY 5,237,363,231,-162
-2,4,0.0965834,FRAY 5,237,363,229,-166
-2,4,0.0966124,FRAY 5,237,363,227,-170
-2,4,0.0966415,FRAY 5,237,363,225,-174
-2,3,0.0966763,FRAY 5,237,363,223,-177
-2,4,0.0966879,FRAY 5,237,363,221,-181
-1,4,0.0967169,FRAY 5,237,363,220,-185
-1,4,0.0967401,FRAY 5,237,363,219,-189
-1,3,0.0967692,FRAY 5,237,363,218,-192
-1,4,0.0967924,FRAY 5,237,363,217,-196
-1,4,0.0968272,FRAY 5,237,363,216,-200
1,4,0.0968446,FRAY 5,237,363,217,-204
1,3,0.0968678,FRAY 5,237,363,218,-207
1,4,0.0968911,FRAY 5,237,363,219,-211
1,4,0.0969201,FRAY 5,237,363,220,-215
1,4,0.0969549,FRAY 5,237,363,221,-219
1,3,0.0969781,FRAY 5,237,363,222,-222
1,4,0.0969956,FRAY 5,237,363,223,-226
1,4,0.0970188,FRAY 5,237,363,224,-230
1,4,0.097042,FRAY 5,237,363,225,-234
1,3,0.0970768,FRAY 5,237,363,226,-237
1,4,0.0971059,FRAY 5,237,363,227,-241
1,4,0.0971175,FRAY 5,237,363,228,-245
1,4,0.0971349,FRAY 5,237,363,229,-249
1,3,0.0971581,FRAY 5,237,363,230,-252
1,4,0.0971813,FRAY 5,237,363,231,-256
1,4,0.0972045,FRAY 5,237,363,232,-260
1,4,0.0972394,FRAY 5,237,363,233,-264
1,3,0.0972568,FRAY 5,237,363,234,-267
1,4,0.0972858,FRAY 5,237,363,235,-271
2,4,0.097309,FRAY 5,237,363,237,-275
1,4,0.0973362,FRAY 5,237,363,238,-279
2,3,0.0973613,FRAY 5,237,363,240,-282
1,4,0.0973903,FRAY 5,237,363,241,-286
1,4,0.0974077,FRAY 5,237,363,242,-290
1,4,0.0974309,FRAY 5,237,363,243,-294
1,3,0.0974658,FRAY 5,237,363,244,-297
1,4,0.097489,FRAY 5,237,363,245,-301
-1,4,0.0975122,FRAY 5,237,363,244,-305
-1,4,0.0975412,FRAY 5,237,363,243,-309
-1,3,0.0975586,FRAY 5,237,363,242,-312
-1,4,0.0975819,FRAY 5,237,363,241,-316
-1,4,0.0976167,FRAY 5,237,363,240,-320
-2,4,0.0976399,FRAY 5,237,363,238,-324
-2,3,0.0976631,FRAY 5,237,363,236,-327
-2,4,0.0976863,FRAY 5,237,363,234,-331
-1,4,0.0977096,FRAY 5,237,363,233,-335
-1,4,0.0977328,FRAY 5,237,363,232,-339
-1,3,0.0977676,FRAY 5,237,363,231,-342
-1,4,0.0977908,FRAY 5,237,363,230,-346
-1,4,0.0978141,FRAY 5,237,363,229,-350
-1,4,0.0978373,FRAY 5,237,363,228,-354
-1,3,0.0978663,FRAY 5,237,363,227,-357
-1,4,0.0978842,FRAY 5,237,363,226,-361
1,4,0.0979127,FRAY 5,237,363,227,-365
1,4,0.0979418,FRAY 5,237,363,228,-369
1,3,0.0979766,FRAY 5,237,363,229,-372
1,4,0.0979882,FRAY 5,237,363,230,-376
1,4,0.0980172,FRAY 5,237,363,231,-380
1,4,0.0980405,FRAY 5,237,363,232,-384
1,3,0.0980637,FRAY 5,237,363,233,-387
1,4,0.0980927,FRAY 5,237,363,234,-391
1,4,0.0981275,FRAY 5,237,363,235,-395
1,4,0.0981449,FRAY 5,237,363,236,-399
1,3,0.0981682,FRAY 5,237,363,237,-402
1,4,0.0981914,FRAY 5,237,363,238,-406
1,4,0.0982146,FRAY 5,237,363,239,-410
-1,4,0.0982378,FRAY 5,237,363,238,-414
-1,3,0.0982727,FRAY 5,237,363,237,-417
-2,4,0.0982959,FRAY 5,237,363,235,-421
-2,4,0.0983191,FRAY 5,237,363,233,-425
-3,4,0.0983423,FRAY 5,237,363,230,-429
-3,3,0.0983655,FRAY 5,237,363,227,-432
-3,4,0.0983829,FRAY 5,237,363,224,-436
-2,3,0.098412,FRAY 5,237,363,222,-439
-3,2,0.0984526,FRAY 5,237,363,219,-441
-1,1,0.0984584,FRAY 5,237,363,218,-442
1,1,0.0985107,FRAY 5,237,363,219,-443
1,1,0.0985397,FRAY 5,237,363,220,-444
1,-1,0.098917,FRAY 5,237,363,221,-443
2,-1,0.098946,FRAY 5,237,363,223,-442
2,-1,0.0989751,FRAY 5,237,363,225,-441
2,-2,0.0989983,FRAY 5,237,363,227,-439
2,-1,0.0990215,FRAY 5,237,363,229,-438
3,-2,0.0990389,FRAY 5,237,363,232,-436
3,-2,0.0990621,FRAY 5,237,363,235,-434
2,-2,0.099097,FRAY 5,237,363,237,-432
2,-3,0.0991202,FRAY 5,237,363,239,-429
1,-2,0.0991492,FRAY 5,237,363,240,-427
1,-1,0.099184,FRAY 5,237,363,241,-426
1,1,0.0994528,FRAY 5,237,363,242,-427
-1,1,0.0994917,FRAY 5,237,363,241,-428
-1,1,0.0995207,FRAY 5,237,363,240,-429
-1,1,0.0995439,FRAY 5,237,363,239,-430
-1,1,0.099573,FRAY 5,237,363,238,-431
1,-1,0.0997587,FRAY 5,237,363,239,-430
1,-1,0.0997761,FRAY 5,237,363,240,-429
1,-2,0.0997994,FRAY 5,237,363,241,-427
1,-1,0.0998226,FRAY 5,237,363,242,-426
1,-2,0.0998516,FRAY 5,237,363,243,-424
1,-3,0.0998864,FRAY 5,237,363,244,-421
1,-3,0.0999097,FRAY 5,237,363,245,-418
1,-3,0.0999329,FRAY 5,237,363,246,-415
1,-3,0.0999503,FRAY 5,237,363,247,-412
1,-2,0.0999735,FRAY 5,237,363,248,-410
1,-3,0.0999967,FRAY 5,237,363,249,-407
1,-3,0.10002,FRAY 5,237,363,250,-404
1,-3,0.100055,FRAY 5,237,363,251,-401
1,-3,0.100072,FRAY 5,237,363,252,-398
1,-2,0.100101,FRAY 5,237,363,253,-396
1,-3,0.100124,FRAY 5,237,363,254,-393
1,-2,0.100148,FRAY 5,237,363,255,-391
1,-1,0.100182,FRAY 5,237,363,256,-390
1,-1,0.100206,FRAY 5,237,363,257,-389
-1,-1,0.109552,SAN- 6,178,165,256,-388
-1,-2,0.109575,SAN- 6,178,165,255,-386
-1,-3,0.10961,SAN- 6,178,165,254,-383
-1,-2,0.109639,SAN- 6,178,165,253,-381
-1,-3,0.109674,SAN- 6,178,165,252,-378
-1,-3,0.109679,SAN- 6,178,165,251,-375
-1,-3,0.109703,SAN- 6,178,165,250,-372
-1,-3,0.109726,SAN- 6,178,165,249,-369
-1,-3,0.109761,SAN- 6,178,165,248,-366
-2,-2,0.109801,SAN- 6,178,165,246,-364
-2,-3,0.109825,SAN- 6,178,165,244,-361
-2,-3,0.10983,SAN- 6,178,165,242,-358
-2,-3,0.109859,SAN- 6,178,165,240,-355
-2,-3,0.109888,SAN- 6,178,165,238,-352
-2,-2,0.109912,SAN- 6,178,165,236,-350
-1,-3,0.109952,SAN- 6,178,165,235,-347
-1,-3,0.109958,SAN- 6,178,165,234,-344
-1,-3,0.109987,SAN- 6,178,165,233,-341
-1,-3,0.11001,SAN- 6,178,165,232,-338
-1,-2,0.110039,SAN- 6,178,165,231,-336
-2,-3,0.110057,SAN- 6,178,165,229,-333
-2,-6,0.110112,SAN- 6,178,165,227,-327
-5,-3,0.110138,SAN- 6,178,165,222,-324
-2,-3,0.110161,SAN- 6,178,165,220,-321
-3,-2,0.11019,SAN- 6,178,165,217,-319
-3,-3,0.110208,SAN- 6,178,165,214,-316
-3,-3,0.110254,SAN- 6,178,165,211,-313
-2,-3,0.110266,SAN- 6,178,165,209,-310
-2,-3,0.110289,SAN- 6,178,165,207,-307
-2,-2,0.110312,SAN- 6,178,165,205,-305
-1,-3,0.110335,SAN- 6,178,165,204,-302
-1,-3,0.110376,SAN- 6,178,165,203,-299
-1,-2,0.110388,SAN- 6,178,165,202,-297
-1,-2,0.110422,SAN- 6,178,165,201,-295
-1,-2,0.110434,SAN- 6,178,165,200,-293
1,-2,0.110457,SAN- 6,178,165,201,-291
1,-1,0.110481,SAN- 6,178,165,202,-290
1,-2,0.110515,SAN- 6,178,165,203,-288
1,-2,0.110527,SAN- 6,178,165,204,-286
1,-4,0.110585,SAN- 6,178,165,205,-282
2,-2,0.110608,SAN- 6,178,165,207,-280
1,-2,0.110631,SAN- 6,178,165,208,-278
1,-2,0.110666,SAN- 6,178,165,209,-276
1,-1,0.110684,SAN- 6,178,165,210,-275
1,-2,0.110707,SAN- 6,178,165,211,-273
1,-2,0.110736,SAN- 6,178,165,212,-271
1,-2,0.110771,SAN- 6,178,165,213,-269
1,-2,0.110788,SAN- 6,178,165,214,-267
1,-2,0.110817,SAN- 6,178,165,215,-265
1,-2,0.110835,SAN- 6,178,165,216,-263
1,-2,0.110858,SAN- 6,178,165,217,-261
1,-1,0.110893,SAN- 6,178,165,218,-260
1,-2,0.110916,SAN- 6,178,165,219,-258
1,-2,0.110945,SAN- 6,178,165,220,-256
1,-2,0.110968,SAN- 6,178,165,221,-254
1,-2,0.110986,SAN- 6,178,165,222,-252
1,-2,0.111009,SAN- 6,178,165,223,-250
2,-2,0.111044,SAN- 6,178,165,225,-248
2,-2,0.111067,SAN- 6,178,165,227,-246
2,-1,0.111096,SAN- 6,178,165,229,-245
2,-2,0.111123,SAN- 6,178,165,231,-243
2,-2,0.111142,SAN- 6,178,165,233,-241
2,-2,0.111165,SAN- 6,178,165,235,-239
1,-2,0.111189,SAN- 6,178,165,236,-237
1,-2,0.111218,SAN- 6,178,165,237,-235
1,-2,0.111241,SAN- 6,178,165,238,-233
1,-2,0.111276,SAN- 6,178,165,239,-231
1,-1,0.111299,SAN- 6,178,165,240,-230
1,-2,0.111316,SAN- 6,178,165,241,-228
1,-2,0.11134,SAN- 6,178,165,242,-226
1,-2,0.111369,SAN- 6,178,165,243,-224
1,-2,0.111404,SAN- 6,178,165,244,-222
1,-2,0.111433,SAN- 6,178,165,245,-220
1,-3,0.111458,SAN- 6,178,165,246,-217
1,-2,0.111467,SAN- 6,178,165,247,-215
1,-3,0.111491,SAN- 6,178,165,248,-212
1,-3,0.11152,SAN- 6,178,165,249,-209
1,-3,0.111549,SAN- 6,178,165,250,-206
1,-3,0.111572,SAN- 6,178,165,251,-203
1,-5,0.111618,SAN- 6,178,165,252,-198
1,-3,0.111642,SAN- 6,178,165,253,-195
1,-3,0.111665,SAN- 6,178,165,254,-192
1,-3,0.111705,SAN- 6,178,165,255,-189
1,-3,0.111723,SAN- 6,178,165,256,-186
1,-5,0.111769,SAN- 6,178,165,257,-181
1,-3,0.111798,SAN- 6,178,165,258,-178
1,-3,0.111827,SAN- 6,178,165,259,-175
1,-3,0.111851,SAN- 6,178,165,260,-172
1,-2,0.111885,SAN- 6,178,165,261,-170
1,-3,0.111914,SAN- 6,178,165,262,-167
1,-3,0.11192,SAN- 6,178,165,263,-164
1,-3,0.111949,SAN- 6,178,165,264,-161
1,-3,0.111972,SAN- 6,178,165,265,-158
1,-2,0.112001,SAN- 6,178,165,266,-156
1,-3,0.112036,SAN- 6,178,165,267,-153
1,-3,0.112065,SAN- 6,178,165,268,-150
1,-3,0.112077,SAN- 6,178,165,269,-147
1,-3,0.1121,SAN- 6,178,165,270,-144
1,-3,0.112123,SAN- 6,178,165,271,-141
1,-2,0.112152,SAN- 6,178,165,272,-139
1,-3,0.112187,SAN- 6,178,165,273,-136
1,-3,0.112217,SAN- 6,178,165,274,-133
1,-3,0.112228,SAN- 6,178,165,275,-130
1,-3,0.112251,SAN- 6,178,165,276,-127
1,-2,0.112274,SAN- 6,178,165,277,-125
1,-3,0.112309,SAN- 6,178,165,278,-122
1,-3,0.112338,SAN- 6,178,165,279,-119
1,-3,0.112361,SAN- 6,178,165,280,-116
1,-3,0.112379,SAN- 6,178,165,281,-113
1,-2,0.112402,SAN- 6,178,165,282,-111
1,-3,0.112437,SAN- 6,178,165,283,-108
1,-3,0.112466,SAN- 6,178,165,284,-105
-1,-3,0.112489,SAN- 6,178,165,283,-102
-1,-3,0.112524,SAN- 6,178,165,282,-99
-2,-3,0.11253,SAN- 6,178,165,280,-96
-1,-2,0.112553,SAN- 6,178,165,279,-94
-3,-3,0.112588,SAN- 6,178,165,276,-91
-3,-3,0.112617,SAN- 6,178,165,273,-88
-3,-3,0.112628,SAN- 6,178,165,270,-85
-3,-3,0.112652,SAN- 6,178,165,267,-82
-2,-2,0.112681,SAN- 6,178,165,265,-80
-2,-3,0.112705,SAN- 6,178,165,263,-77
-2,-3,0.112733,SAN- 6,178,165,261,-74
-2,-2,0.112771,SAN- 6,178,165,259,-72
-2,-2,0.112779,SAN- 6,178,165,257,-70
-2,-2,0.112803,SAN- 6,178,165,255,-68
-3,-2,0.112832,SAN- 6,178,165,252,-66
-2,-1,0.112861,SAN- 6,178,165,250,-65
-3,-2,0.11289,SAN- 6,178,165,247,-63
-3,-2,0.112924,SAN- 6,178,165,244,-61
-3,-2,0.112942,SAN- 6,178,165,241,-59
-3,-2,0.112953,SAN- 6,178,165,238,-57
-2,-2,0.112988,SAN- 6,178,165,236,-55
-3,-2,0.113012,SAN- 6,178,165,233,-53
-2,-1,0.113041,SAN- 6,178,165,231,-52
-1,-1,0.113093,SAN- 6,178,165,230,-51
-1,-1,0.11329,SAN- 6,178,165,229,-50
-1,-1,0.113325,SAN- 6,178,165,228,-49
-1,-1,0.113337,SAN- 6,178,165,227,-48
-1,-1,0.113389,SAN- 6,178,165,226,-47
-1,-1,0.113412,SAN- 6,178,165,225,-46
-1,-1,0.113435,SAN- 6,178,165,224,-45
-1,-1,0.113476,SAN- 6,178,165,223,-44
-1,-1,0.113522,SAN- 6,178,165,222,-43
-1,-1,0.113859,SAN- 6,178,165,221,-42
-1,-1,0.113865,SAN- 6,178,165,220,-41
-1,-1,0.113894,SAN- 6,178,165,219,-40
-2,-1,0.113923,SAN- 6,178,165,217,-39
-1,-1,0.114347,SAN- 6,178,165,216,-38
-1,-1,0.114387,SAN- 6,178,165,215,-37
-1,-1,0.114405,SAN- 6,178,165,214,-36
-1,-1,0.114422,SAN- 6,178,165,213,-35
-1,-1,0.11477,SAN- 6,178,165,212,-34
-1,-1,0.114805,SAN- 6,178,165,211,-33
-1,-1,0.114846,SAN- 6,178,165,210,-32
-1,-1,0.114875,SAN- 6,178,165,209,-31
-2,-1,0.11491,SAN- 6,178,165,207,-30
-1,-1,0.115299,SAN- 6,178,165,206,-29
-2,-1,0.115345,SAN- 6,178,165,204,-28
-2,-1,0.115357,SAN- 6,178,165,202,-27
-2,-1,0.11538,SAN- 6,178,165,200,-26
-1,-1,0.115409,SAN- 6,178,165,199,-25
-2,-1,0.115432,SAN- 6,178,165,197,-24
-2,-1,0.11581,SAN- 6,178,165,195,-23
-2,-1,0.115833,SAN- 6,178,165,193,-22
-2,-1,0.115868,SAN- 6,178,165,191,-21
-2,-1,0.115908,SAN- 6,178,165,189,-20
-2,1,0.116506,SAN- 6,178,165,187,-21
-2,1,0.116518,SAN- 6,178,165,185,-22
-2,1,0.116541,SAN- 6,178,165,183,-23
-1,1,0.11657,SAN- 6,178,165,182,-24
-1,1,0.116599,SAN- 6,178,165,181,-25
-1,-1,0.126259,-TIA- 7,213,292,180,-24
-1,-1,0.126288,-TIA- 7,213,292,179,-23
-2,-1,0.126317,-TIA- 7,213,292,177,-22
-2,1,0.126491,-TIA- 7,213,292,175,-23
-3,1,0.126508,-TIA- 7,213,292,172,-24
-3,2,0.126555,-TIA- 7,213,292,169,-26
-3,2,0.126566,-TIA- 7,213,292,166,-28
-4,2,0.126595,-TIA- 7,213,292,162,-30
-4,2,0.126618,-TIA- 7,213,292,158,-32
-4,3,0.126653,-TIA- 7,213,292,154,-35
-3,2,0.126659,-TIA- 7,213,292,151,-37
-4,3,0.126682,-TIA- 7,213,292,147,-40
-4,3,0.126717,-TIA- 7,213,292,143,-43
-4,3,0.12674,-TIA- 7,213,292,139,-46
-3,3,0.126775,-TIA- 7,213,292,136,-49
-4,2,0.126804,-TIA- 7,213,292,132,-51
-3,3,0.126816,-TIA- 7,213,292,129,-54
-2,3,0.126839,-TIA- 7,213,292,127,-57
-1,4,0.126868,-TIA- 7,213,292,126,-61
-1,4,0.126891,-TIA- 7,213,292,125,-65
1,3,0.126926,-TIA- 7,213,292,126,-68
1,4,0.126955,-TIA- 7,213,292,127,-72
2,4,0.126967,-TIA- 7,213,292,129,-76
2,4,0.12699,-TIA- 7,213,292,131,-80
2,3,0.127019,-TIA- 7,213,292,133,-83
2,4,0.127054,-TIA- 7,213,292,135,-87
1,4,0.127071,-TIA- 7,213,292,136,-91
2,4,0.1271,-TIA- 7,213,292,138,-95
2,3,0.127118,-TIA- 7,213,292,140,-98
2,4,0.127141,-TIA- 7,213,292,142,-102
2,4,0.127164,-TIA- 7,213,292,144,-106
2,4,0.127199,-TIA- 7,213,292,146,-110
1,3,0.127222,-TIA- 7,213,292,147,-113
2,4,0.127251,-TIA- 7,213,292,149,-117
1,4,0.127269,-TIA- 7,213,292,150,-121
2,4,0.127292,-TIA- 7,213,292,152,-125
2,3,0.127315,-TIA- 7,213,292,154,-128
2,4,0.12735,-TIA- 7,213,292,156,-132
3,4,0.127373,-TIA- 7,213,292,159,-136
3,4,0.127408,-TIA- 7,213,292,162,-140
3,3,0.12742,-TIA- 7,213,292,165,-143
2,4,0.127447,-TIA- 7,213,292,167,-147
3,4,0.127472,-TIA- 7,213,292,170,-151
3,4,0.127501,-TIA- 7,213,292,173,-155
3,3,0.127524,-TIA- 7,213,292,176,-158
3,4,0.127565,-TIA- 7,213,292,179,-162
2,4,0.127576,-TIA- 7,213,292,181,-166
3,4,0.127599,-TIA- 7,213,292,184,-170
2,3,0.127623,-TIA- 7,213,292,186,-173
1,4,0.127652,-TIA- 7,213,292,187,-177
1,4,0.127669,-TIA- 7,213,292,188,-181
-2,4,0.127716,-TIA- 7,213,292,186,-185
-3,3,0.127727,-TIA- 7,213,292,183,-188
-2,4,0.12775,-TIA- 7,213,292,181,-192
-4,4,0.127774,-TIA- 7,213,292,177,-196
-4,4,0.127797,-TIA- 7,213,292,173,-200
-4,3,0.127832,-TIA- 7,213,292,169,-203
-3,4,0.127855,-TIA- 7,213,292,166,-207
-4,4,0.127878,-TIA- 7,213,292,162,-211
-4,4,0.127901,-TIA- 7,213,292,158,-215
-3,3,0.127925,-TIA- 7,213,292,155,-218
-2,4,0.127948,-TIA- 7,213,292,153,-222
-1,4,0.127983,-TIA- 7,213,292,152,-226
-1,4,0.128023,-TIA- 7,213,292,151,-230
1,3,0.128029,-TIA- 7,213,292,152,-233
2,4,0.128052,-TIA- 7,213,292,154,-237
2,4,0.128075,-TIA- 7,213,292,156,-241
2,4,0.128104,-TIA- 7,213,292,158,-245
3,3,0.128134,-TIA- 7,213,292,161,-248
3,3,0.128151,-TIA- 7,213,292,164,-251
2,3,0.128197,-TIA- 7,213,292,166,-254
2,3,0.128209,-TIA- 7,213,292,168,-257
2,3,0.128232,-TIA- 7,213,292,170,-260
2,1,0.128255,-TIA- 7,213,292,172,-261
1,2,0.128284,-TIA- 7,213,292,173,-263
1,2,0.128302,-TIA- 7,213,292,174,-265
1,2,0.128333,-TIA- 7,213,292,175,-267
-1,2,0.12836,-TIA- 7,213,292,174,-269
-1,2,0.128383,-TIA- 7,213,292,173,-271
-1,3,0.128406,-TIA- 7,213,292,172,-274
-1,2,0.12843,-TIA- 7,213,292,171,-276
-1,3,0.128453,-TIA- 7,213,292,170,-279
-1,3,0.128476,-TIA- 7,213,292,169,-282
1,3,0.128511,-TIA- 7,213,292,170,-285
1,3,0.128534,-TIA- 7,213,292,171,-288
1,2,0.128557,-TIA- 7,213,292,172,-290
1,3,0.128588,-TIA- 7,213,292,173,-293
1,2,0.128604,-TIA- 7,213,292,174,-295
1,1,0.128627,-TIA- 7,213,292,175,-296
1,1,0.128662,-TIA- 7,213,292,176,-297
-1,-1,0.12872,-TIA- 7,213,292,175,-296
-2,-1,0.128743,-TIA- 7,213,292,173,-295
-2,-1,0.128755,-TIA- 7,213,292,171,-294
-2,-2,0.128778,-TIA- 7,213,292,169,-292
-2,-2,0.128807,-TIA- 7,213,292,167,-290
-1,-2,0.128836,-TIA- 7,213,292,166,-288
-1,-2,0.128871,-TIA- 7,213,292,165,-286
-1,-1,0.128894,-TIA- 7,213,292,164,-285
1,-2,0.128911,-TIA- 7,213,292,165,-283
2,-2,0.128935,-TIA- 7,213,292,167,-281
2,-2,0.128958,-TIA- 7,213,292,169,-279
2,-2,0.128987,-TIA- 7,213,292,171,-277
3,-2,0.12901,-TIA- 7,213,292,174,-275
3,-2,0.129051,-TIA- 7,213,292,177,-273
2,-2,0.129062,-TIA- 7,213,292,179,-271
3,-1,0.129086,-TIA- 7,213,292,182,-270
3,-2,0.129109,-TIA- 7,213,292,185,-268
3,-2,0.129139,-TIA- 7,213,292,188,-266
3,-2,0.129167,-TIA- 7,213,292,191,-264
2,-2,0.129196,-TIA- 7,213,292,193,-262
3,-2,0.129231,-TIA- 7,213,292,196,-260
3,-2,0.129236,-TIA- 7,213,292,199,-258
3,-2,0.12926,-TIA- 7,213,292,202,-256
3,-1,0.129283,-TIA- 7,213,292,205,-255
2,-2,0.129318,-TIA- 7,213,292,207,-253
3,-2,0.129347,-TIA- 7,213,292,210,-251
3,-2,0.129382,-TIA- 7,213,292,213,-249
3,-3,0.129387,-TIA- 7,213,292,216,-246
3,-3,0.129411,-TIA- 7,213,292,219,-243
2,-3,0.12944,-TIA- 7,213,292,221,-240
1,-2,0.129469,-TIA- 7,213,292,222,-238
2,-3,0.129503,-TIA- 7,213,292,224,-235
2,-3,0.129515,-TIA- 7,213,292,226,-232
1,-3,0.129544,-TIA- 7,213,292,227,-229
1,-3,0.129567,-TIA- 7,213,292,228,-226
1,-2,0.129596,-TIA- 7,213,292,229,-224
1,-3,0.12962,-TIA- 7,213,292,230,-221
1,-3,0.129644,-TIA- 7,213,292,231,-218
1,-3,0.129666,-TIA- 7,213,292,232,-215
1,-3,0.129695,-TIA- 7,213,292,233,-212
1,-2,0.129718,-TIA- 7,213,292,234,-210
1,-3,0.129747,-TIA- 7,213,292,235,-207
1,-3,0.129763,-TIA- 7,213,292,236,-204
1,-3,0.129805,-TIA- 7,213,292,237,-201
2,-2,0.129823,-TIA- 7,213,292,239,-199
1,-2,0.129846,-TIA- 7,213,292,240,-197
2,-2,0.129869,-TIA- 7,213,292,242,-195
2,-1,0.129892,-TIA- 7,213,292,244,-194
2,-2,0.129927,-TIA- 7,213,292,246,-192
2,-2,0.12995,-TIA- 7,213,292,248,-190
1,-2,0.129985,-TIA- 7,213,292,249,-188
1,-2,0.129997,-TIA- 7,213,292,250,-186
1,-2,0.13002,-TIA- 7,213,292,251,-184
1,-2,0.130055,-TIA- 7,213,292,252,-182
1,-2,0.13009,-TIA- 7,213,292,253,-180
1,-1,0.130101,-TIA- 7,213,292,254,-179
1,-2,0.130136,-TIA- 7,213,292,255,-177
1,-2,0.130154,-TIA- 7,213,292,256,-175
1,-2,0.130177,-TIA- 7,213,292,257,-173
1,-2,0.1302,-TIA- 7,213,292,258,-171
1,-1,0.130223,-TIA- 7,213,292,259,-170
1,-1,0.130252,-TIA- 7,213,292,260,-169
1,-1,0.130305,-TIA- 7,213,292,261,-168
1,-1,0.141584,GO 8,352,213,262,-167
1,-1,0.141607,GO 8,352,213,263,-166
1,-2,0.141636,GO 8,352,213,264,-164
1,-1,0.141659,GO 8,352,213,265,-163
1,-2,0.141688,GO 8,352,213,266,-161
1,-2,0.141729,GO 8,352,213,267,-159
2,-2,0.141746,GO 8,352,213,269,-157
2,-2,0.141764,GO 8,352,213,271,-155
2,-2,0.141793,GO 8,352,213,273,-153
1,-2,0.141816,GO 8,352,213,274,-151
1,-2,0.141851,GO 8,352,213,275,-149
1,-1,0.141874,GO 8,352,213,276,-148
1,-2,0.141897,GO 8,352,213,277,-146
2,-2,0.141915,GO 8,352,213,279,-144
2,-2,0.141944,GO 8,352,213,281,-142
1,-1,0.141978,GO 8,352,213,282,-141
2,-1,0.141996,GO 8,352,213,284,-140
2,-1,0.142025,GO 8,352,213,286,-139
2,-1,0.142048,GO 8,352,213,288,-138
2,-1,0.142077,GO 8,352,213,290,-137
2,-2,0.1421,GO 8,352,213,292,-135
3,-1,0.142129,GO 8,352,213,295,-134
2,-2,0.142153,GO 8,352,213,297,-132
3,-3,0.142164,GO 8,352,213,300,-129
3,-3,0.142205,GO 8,352,213,303,-126
3,-3,0.142216,GO 8,352,213,306,-123
3,-3,0.142241,GO 8,352,213,309,-120
3,-2,0.142274,GO 8,352,213,312,-118
2,-3,0.142298,GO 8,352,213,314,-115
3,-3,0.142315,GO 8,352,213,317,-112
3,-3,0.142356,GO 8,352,213,320,-109
3,-2,0.142379,GO 8,352,213,323,-107
3,-2,0.142402,GO 8,352,213,326,-105
2,-1,0.142425,GO 8,352,213,328,-104
3,-2,0.14246,GO 8,352,213,331,-102
2,-2,0.142466,GO 8,352,213,333,-100
2,-2,0.142501,GO 8,352,213,335,-98
2,-2,0.142524,GO 8,352,213,337,-96
2,-2,0.142547,GO 8,352,213,339,-94
2,-1,0.142576,GO 8,352,213,341,-93
1,-1,0.142611,GO 8,352,213,342,-92
2,-1,0.142617,GO 8,352,213,344,-91
2,-1,0.14264,GO 8,352,213,346,-90
2,-1,0.142681,GO 8,352,213,348,-89
2,-1,0.142733,GO 8,352,213,350,-88
2,-1,0.142756,GO 8,352,213,352,-87
2,-1,0.143076,GO 8,352,213,354,-86
3,-1,0.143099,GO 8,352,213,357,-85
2,-1,0.143122,GO 8,352,213,359,-84
2,-1,0.143163,GO 8,352,213,361,-83
2,-1,0.143197,GO 8,352,213,363,-82
2,-1,0.143221,GO 8,352,213,365,-81
2,-1,0.143226,GO 8,352,213,367,-80
1,-1,0.14325,GO 8,352,213,368,-79
2,-1,0.143273,GO 8,352,213,370,-78
2,-1,0.143314,GO 8,352,213,372,-77
2,-1,0.143348,GO 8,352,213,374,-76
2,-1,0.143377,GO 8,352,213,376,-75
2,-1,0.143383,GO 8,352,213,378,-74
2,-1,0.14361,GO 8,352,213,380,-73
3,-1,0.143633,GO 8,352,213,383,-72
3,-1,0.143673,GO 8,352,213,386,-71
3,-1,0.143679,GO 8,352,213,389,-70
3,-1,0.143702,GO 8,352,213,392,-69
2,-1,0.143732,GO 8,352,213,394,-68
3,-1,0.143761,GO 8,352,213,397,-67
3,-1,0.143795,GO 8,352,213,400,-66
3,-1,0.143824,GO 8,352,213,403,-65
3,-1,0.143835,GO 8,352,213,406,-64
2,-1,0.143865,GO 8,352,213,408,-63
3,-1,0.1439,GO 8,352,213,411,-62
3,-1,0.143911,GO 8,352,213,414,-61
3,-1,0.14394,GO 8,352,213,417,-60
3,-1,0.143975,GO 8,352,213,420,-59
3,-1,0.14401,GO 8,352,213,423,-58
3,-1,0.144045,GO 8,352,213,426,-57
3,-1,0.144074,GO 8,352,213,429,-56
3,-1,0.144097,GO 8,352,213,432,-55
3,-1,0.144103,GO 8,352,213,435,-54
2,-1,0.144138,GO 8,352,213,437,-53
3,-1,0.144161,GO 8,352,213,440,-52
3,-1,0.144196,GO 8,352,213,443,-51
3,-1,0.144225,GO 8,352,213,446,-50
2,1,0.144469,GO 8,352,213,448,-51
2,1,0.144488,GO 8,352,213,450,-52
2,1,0.144521,GO 8,352,213,452,-53
2,2,0.144544,GO 8,352,213,454,-55
2,2,0.144562,GO 8,352,213,456,-57
2,2,0.144585,GO 8,352,213,458,-59
2,1,0.14462,GO 8,352,213,460,-60
1,2,0.144643,GO 8,352,213,461,-62
1,2,0.144672,GO 8,352,213,462,-64
1,1,0.144695,GO 8,352,213,463,-65
1,1,0.144707,GO 8,352,213,464,-66
