dX,dY,WHEN,SYLLABLE,X,Y,cX,cY
-1,-1,0.00889905,Yield,0,0,-1,1
-1,-1,0.00891646,Yield,0,0,-2,2
-1,-1,0.00893968,Yield,0,0,-3,3
-1,-1,0.00899193,Yield,0,0,-4,4
-1,-2,0.00901934,Yield,0,0,-5,6
-1,-3,0.00905868,Yield,0,0,-6,9
-1,-1,0.009079,Yield,0,0,-7,10
-1,-1,0.00911964,Yield,0,0,-8,11
-1,-1,0.00913705,Yield,0,0,-9,12
-1,-1,0.00917769,Yield,0,0,-10,13
-1,-1,0.00921252,Yield,0,0,-11,14
-1,-1,0.00923574,Yield,0,0,-12,15
-1,-1,0.00928798,Yield,0,0,-13,16
-1,1,0.00957243,Yield,0,0,-14,15
-1,1,0.00959565,Yield,0,0,-15,14
-1,1,0.00968853,Yield,0,0,-16,13
-1,1,0.00972336,Yield,0,0,-17,12
-1,1,0.00975238,Yield,0,0,-18,11
-1,2,0.00979882,Yield,0,0,-19,9
-1,2,0.00982204,Yield,0,0,-20,7
-1,2,0.00983946,Yield,0,0,-21,5
-2,2,0.00987429,Yield,0,0,-23,3
-2,2,0.00990912,Yield,0,0,-25,1
-2,1,0.00991492,Yield,0,0,-27,0
-2,2,0.00994975,Yield,0,0,-29,-2
-3,2,0.00997297,Yield,0,0,-32,-4
-3,2,0.00999619,Yield,0,0,-35,-6
-3,2,0.0100252,Yield,0,0,-38,-8
-4,2,0.0100426,Yield,0,0,-42,-10
-3,2,0.0100659,Yield,0,0,-45,-12
-4,2,0.0100891,Yield,0,0,-49,-14
-4,1,0.0101239,Yield,0,0,-53,-15
-3,2,0.0101471,Yield,0,0,-56,-17
-2,2,0.0101761,Yield,0,0,-58,-19
-3,2,0.0101936,Yield,0,0,-61,-21
-3,2,0.0102168,Yield,0,0,-64,-23
-3,2,0.0102516,Yield,0,0,-67,-25
-3,2,0.0102748,Yield,0,0,-70,-27
-3,1,0.010298,Yield,0,0,-73,-28
-1,1,0.0103329,Yield,0,0,-74,-29
-2,1,0.0103735,Yield,0,0,-76,-30
-2,1,0.0103851,Yield,0,0,-78,-31
-2,1,0.0104141,Yield,0,0,-80,-32
-2,1,0.0104432,Yield,0,0,-82,-33
-1,1,0.010478,Yield,0,0,-83,-34
-1,1,0.0104896,Yield,0,0,-84,-35
-1,1,0.0105128,Yield,0,0,-85,-36
-1,1,0.0105535,Yield,0,0,-86,-37
-1,1,0.0105883,Yield,0,0,-87,-38
-1,1,0.0106173,Yield,0,0,-88,-39
-1,1,0.0106289,Yield,0,0,-89,-40
-1,1,0.0106812,Yield,0,0,-90,-41
-1,1,0.0107102,Yield,0,0,-91,-42
-1,1,0.0107392,Yield,0,0,-92,-43
-1,1,0.0107741,Yield,0,0,-93,-44
-2,1,0.0107857,Yield,0,0,-95,-45
-2,1,0.0108031,Yield,0,0,-97,-46
-2,-1,0.0109076,Yield,0,0,-99,-45
-3,-1,0.010925,Yield,0,0,-102,-44
-2,-1,0.010954,Yield,0,0,-104,-43
-3,-2,0.0109888,Yield,0,0,-107,-41
-3,-4,0.0110179,Yield,0,0,-110,-37
-5,-2,0.0110411,Yield,0,0,-115,-35
-2,-3,0.0110817,Yield,0,0,-117,-32
-1,-3,0.0110991,Yield,0,0,-118,-29
-2,-3,0.0111282,Yield,0,0,-120,-26
-1,-5,0.011163,Yield,0,0,-121,-21
-2,-3,0.011192,Yield,0,0,-123,-18
-1,-2,0.0112268,Yield,0,0,-124,-16
-1,-2,0.0112617,Yield,0,0,-125,-14
-1,-3,0.0112965,Yield,0,0,-126,-11
-2,-1,0.0113313,Yield,0,0,-128,-10
-1,1,0.0114939,Yield,0,0,-129,-11
-1,1,0.0115577,Yield,0,0,-130,-12
-1,1,0.0115868,Yield,0,0,-131,-13
1,-1,0.0166603,Yield,0,0,-130,-12
1,-1,0.0166835,Yield,0,0,-129,-11
1,-1,0.0167242,Yield,0,0,-128,-10
1,-1,0.01673,Yield,0,0,-127,-9
1,-2,0.016759,Yield,0,0,-126,-7
1,-2,0.0167938,Yield,0,0,-125,-5
1,-2,0.0168229,Yield,0,0,-124,-3
1,-2,0.0168635,Yield,0,0,-123,-1
1,-4,0.0168925,Yield,0,0,-122,3
-1,-1,0.0169273,Yield,0,0,-123,4
-1,-2,0.0169332,Yield,0,0,-124,6
-1,-2,0.0169738,Yield,0,0,-125,8
-1,-2,0.016997,Yield,0,0,-126,10
-2,-2,0.0170281,Yield,0,0,-128,12
-2,-2,0.0170376,Yield,0,0,-130,14
-2,-1,0.0170667,Yield,0,0,-132,15
-2,-1,0.0170899,Yield,0,0,-134,16
-1,-1,0.0171247,Yield,0,0,-135,17
-1,1,0.02578,FRAY 1,354,360,-136,16
1,2,0.0258322,FRAY 1,354,360,-135,14
1,2,0.0258554,FRAY 1,354,360,-134,12
2,3,0.0258728,FRAY 1,354,360,-132,9
2,3,0.0259077,FRAY 1,354,360,-130,6
2,3,0.0259309,FRAY 1,354,360,-128,3
3,3,0.0259541,FRAY 1,354,360,-125,0
3,4,0.0259831,FRAY 1,354,360,-122,-4
3,8,0.0260238,FRAY 1,354,360,-119,-12
5,3,0.0260586,FRAY 1,354,360,-114,-15
3,4,0.0260818,FRAY 1,354,360,-111,-19
3,4,0.026105,FRAY 1,354,360,-108,-23
3,4,0.0261399,FRAY 1,354,360,-105,-27
2,3,0.0261689,FRAY 1,354,360,-103,-30
3,4,0.0261805,FRAY 1,354,360,-100,-34
3,4,0.0262037,FRAY 1,354,360,-97,-38
3,4,0.0262444,FRAY 1,354,360,-94,-42
3,3,0.0262734,FRAY 1,354,360,-91,-45
2,6,0.0263082,FRAY 1,354,360,-89,-51
6,3,0.0263457,FRAY 1,354,360,-83,-54
3,3,0.0263721,FRAY 1,354,360,-80,-57
3,2,0.02641,FRAY 1,354,360,-77,-59
3,6,0.0264417,FRAY 1,354,360,-74,-65
5,3,0.0264591,FRAY 1,354,360,-69,-68
3,3,0.0264882,FRAY 1,354,360,-66,-71
3,2,0.026523,FRAY 1,354,360,-63,-73
3,3,0.026536,FRAY 1,354,360,-60,-76
2,3,0.0265694,FRAY 1,354,360,-58,-79
3,3,0.0265868,FRAY 1,354,360,-55,-82
3,3,0.0266101,FRAY 1,354,360,-52,-85
3,2,0.0266333,FRAY 1,354,360,-49,-87
3,3,0.0266739,FRAY 1,354,360,-46,-90
2,3,0.0267088,FRAY 1,354,360,-44,-93
3,3,0.0267204,FRAY 1,354,360,-41,-96
3,3,0.0267552,FRAY 1,354,360,-38,-99
3,3,0.0267668,FRAY 1,354,360,-35,-102
3,4,0.0267842,FRAY 1,354,360,-32,-106
2,4,0.0268249,FRAY 1,354,360,-30,-110
3,4,0.0268597,FRAY 1,354,360,-27,-114
3,3,0.0268829,FRAY 1,354,360,-24,-117
3,4,0.0269061,FRAY 1,354,360,-21,-121
3,4,0.0269177,FRAY 1,354,360,-18,-125
3,4,0.0269403,FRAY 1,354,360,-15,-129
2,3,0.02697,FRAY 1,354,360,-13,-132
2,4,0.026999,FRAY 1,354,360,-11,-136
2,3,0.0270106,FRAY 1,354,360,-9,-139
2,3,0.0270454,FRAY 1,354,360,-7,-142
1,2,0.0270687,FRAY 1,354,360,-6,-144
1,2,0.0270919,FRAY 1,354,360,-5,-146
1,1,0.0271209,FRAY 1,354,360,-4,-147
1,1,0.0271615,FRAY 1,354,360,-3,-148
2,1,0.0273299,FRAY 1,354,360,-1,-149
2,1,0.0273589,FRAY 1,354,360,1,-150
3,1,0.0273821,FRAY 1,354,360,4,-151
2,1,0.027417,FRAY 1,354,360,6,-152
3,2,0.0274402,FRAY 1,354,360,9,-154
3,2,0.0274576,FRAY 1,354,360,12,-156
3,1,0.0274808,FRAY 1,354,360,15,-157
3,3,0.0275098,FRAY 1,354,360,18,-160
2,3,0.0275389,FRAY 1,354,360,20,-163
3,3,0.0275621,FRAY 1,354,360,23,-166
3,3,0.0276027,FRAY 1,354,360,26,-169
3,3,0.0276085,FRAY 1,354,360,29,-172
3,3,0.0276317,FRAY 1,354,360,32,-175
3,4,0.0276666,FRAY 1,354,360,35,-179
2,4,0.0276956,FRAY 1,354,360,37,-183
3,4,0.0277304,FRAY 1,354,360,40,-187
3,3,0.027742,FRAY 1,354,360,43,-190
3,4,0.0277595,FRAY 1,354,360,46,-194
3,4,0.0277827,FRAY 1,354,360,49,-198
2,4,0.027808,FRAY 1,354,360,51,-202
3,3,0.0278407,FRAY 1,354,360,54,-205
3,4,0.0278724,FRAY 1,354,360,57,-209
3,4,0.0278988,FRAY 1,354,360,60,-213
3,4,0.0279162,FRAY 1,354,360,63,-217
2,3,0.0279394,FRAY 1,354,360,65,-220
3,4,0.0279626,FRAY 1,354,360,68,-224
3,4,0.0279917,FRAY 1,354,360,71,-228
3,4,0.0280265,FRAY 1,354,360,74,-232
3,2,0.0280555,FRAY 1,354,360,77,-234
2,3,0.0280671,FRAY 1,354,360,79,-237
3,4,0.0280961,FRAY 1,354,360,82,-241
3,4,0.0281136,FRAY 1,354,360,85,-245
3,3,0.0281426,FRAY 1,354,360,88,-248
3,4,0.0281774,FRAY 1,354,360,91,-252
3,4,0.0282122,FRAY 1,354,360,94,-256
2,4,0.028218,FRAY 1,354,360,96,-260
3,3,0.0282413,FRAY 1,354,360,99,-263
3,4,0.0282645,FRAY 1,354,360,102,-267
3,4,0.0282877,FRAY 1,354,360,105,-271
3,4,0.0283225,FRAY 1,354,360,108,-275
2,3,0.0283632,FRAY 1,354,360,110,-278
3,3,0.028369,FRAY 1,354,360,113,-281
3,3,0.0283922,FRAY 1,354,360,116,-284
3,3,0.028427,FRAY 1,354,360,119,-287
3,2,0.0284386,FRAY 1,354,360,122,-289
2,2,0.0284677,FRAY 1,354,360,124,-291
3,1,0.0285025,FRAY 1,354,360,127,-292
3,2,0.0285199,FRAY 1,354,360,130,-294
3,2,0.0285431,FRAY 1,354,360,133,-296
3,3,0.028578,FRAY 1,354,360,136,-299
3,3,0.0285954,FRAY 1,354,360,139,-302
2,3,0.0286244,FRAY 1,354,360,141,-305
3,2,0.0286556,FRAY 1,354,360,144,-307
3,3,0.0286708,FRAY 1,354,360,147,-310
3,3,0.0286999,FRAY 1,354,360,150,-313
3,3,0.0287289,FRAY 1,354,360,153,-316
1,3,0.0287637,FRAY 1,354,360,154,-319
2,3,0.0287811,FRAY 1,354,360,156,-322
2,2,0.0287927,FRAY 1,354,360,158,-324
2,3,0.0288243,FRAY 1,354,360,160,-327
2,3,0.0288508,FRAY 1,354,360,162,-330
2,3,0.028874,FRAY 1,354,360,164,-333
2,3,0.028903,FRAY 1,354,360,166,-336
2,2,0.028931,FRAY 1,354,360,168,-338
1,3,0.0289437,FRAY 1,354,360,169,-341
2,3,0.0289785,FRAY 1,354,360,171,-344
2,3,0.0290017,FRAY 1,354,360,173,-347
2,3,0.0290249,FRAY 1,354,360,175,-350
2,2,0.029054,FRAY 1,354,360,177,-352
2,3,0.0290714,FRAY 1,354,360,179,-355
2,3,0.0291004,FRAY 1,354,360,181,-358
2,3,0.0291236,FRAY 1,354,360,183,-361
1,3,0.0291527,FRAY 1,354,360,184,-364
2,3,0.0291759,FRAY 1,354,360,186,-367
2,2,0.0292107,FRAY 1,354,360,188,-369
2,3,0.0292223,FRAY 1,354,360,190,-372
2,3,0.0292513,FRAY 1,354,360,192,-375
2,3,0.0292746,FRAY 1,354,360,194,-378
2,3,0.0293036,FRAY 1,354,360,196,-381
2,2,0.0293268,FRAY 1,354,360,198,-383
2,2,0.0293616,FRAY 1,354,360,200,-385
1,2,0.0293907,FRAY 1,354,360,201,-387
1,1,0.0294023,FRAY 1,354,360,202,-388
1,1,0.0294255,FRAY 1,354,360,203,-389
1,2,0.0294835,FRAY 1,354,360,204,-391
1,2,0.0295126,FRAY 1,354,360,205,-393
1,2,0.0295416,FRAY 1,354,360,206,-395
1,2,0.0295532,FRAY 1,354,360,207,-397
1,2,0.0295764,FRAY 1,354,360,208,-399
2,3,0.0296112,FRAY 1,354,360,210,-402
2,3,0.0296345,FRAY 1,354,360,212,-405
2,3,0.0296635,FRAY 1,354,360,214,-408
1,3,0.0296867,FRAY 1,354,360,215,-411
2,2,0.0297041,FRAY 1,354,360,217,-413
2,3,0.0297273,FRAY 1,354,360,219,-416
2,2,0.0297506,FRAY 1,354,360,221,-418
2,2,0.0297912,FRAY 1,354,360,223,-420
1,2,0.0298144,FRAY 1,354,360,224,-422
1,2,0.0298376,FRAY 1,354,360,225,-424
1,2,0.0298551,FRAY 1,354,360,226,-426
1,2,0.0298783,FRAY 1,354,360,227,-428
1,1,0.0299015,FRAY 1,354,360,228,-429
1,2,0.0299363,FRAY 1,354,360,229,-431
1,2,0.0299712,FRAY 1,354,360,230,-433
1,2,0.0299944,FRAY 1,354,360,231,-435
1,2,0.0300118,FRAY 1,354,360,232,-437
1,3,0.030035,FRAY 1,354,360,233,-440
1,3,0.0300582,FRAY 1,354,360,234,-443
2,2,0.0300873,FRAY 1,354,360,236,-445
2,3,0.0301221,FRAY 1,354,360,238,-448
2,3,0.0301453,FRAY 1,354,360,240,-451
2,2,0.0301627,FRAY 1,354,360,242,-453
1,2,0.0301859,FRAY 1,354,360,243,-455
1,2,0.0302092,FRAY 1,354,360,244,-457
1,1,0.0302382,FRAY 1,354,360,245,-458
1,2,0.0302556,FRAY 1,354,360,246,-460
1,1,0.030302,FRAY 1,354,360,247,-461
1,1,0.0303137,FRAY 1,354,360,248,-462
1,1,0.0303369,FRAY 1,354,360,249,-463
1,1,0.0303949,FRAY 1,354,360,250,-464
1,2,0.0304065,FRAY 1,354,360,251,-466
1,2,0.0304588,FRAY 1,354,360,252,-468
1,2,0.0304646,FRAY 1,354,360,253,-470
1,1,0.0304878,FRAY 1,354,360,254,-471
1,2,0.030511,FRAY 1,354,360,255,-473
1,2,0.0305342,FRAY 1,354,360,256,-475
1,2,0.0305633,FRAY 1,354,360,257,-477
1,2,0.0305865,FRAY 1,354,360,258,-479
1,2,0.0306155,FRAY 1,354,360,259,-481
1,2,0.0306387,FRAY 1,354,360,260,-483
2,2,0.030662,FRAY 1,354,360,262,-485
2,1,0.0306852,FRAY 1,354,360,264,-486
2,2,0.03072,FRAY 1,354,360,266,-488
2,2,0.0307374,FRAY 1,354,360,268,-490
2,2,0.0307664,FRAY 1,354,360,270,-492
2,2,0.0307955,FRAY 1,354,360,272,-494
2,2,0.0308129,FRAY 1,354,360,274,-496
1,2,0.0308419,FRAY 1,354,360,275,-498
1,1,0.0308709,FRAY 1,354,360,276,-499
1,1,0.0309116,FRAY 1,354,360,277,-500
1,1,0.0310219,FRAY 1,354,360,278,-501
1,1,0.0310625,FRAY 1,354,360,279,-502
1,1,0.0310973,FRAY 1,354,360,280,-503
1,2,0.0311205,FRAY 1,354,360,281,-505
1,1,0.0311438,FRAY 1,354,360,282,-506
1,2,0.031167,FRAY 1,354,360,283,-508
1,2,0.0311902,FRAY 1,354,360,284,-510
1,2,0.0312134,FRAY 1,354,360,285,-512
1,2,0.0312415,FRAY 1,354,360,286,-514
1,2,0.0312715,FRAY 1,354,360,287,-516
1,1,0.0312947,FRAY 1,354,360,288,-517
1,1,0.0313295,FRAY 1,354,360,289,-518
1,1,0.0313685,FRAY 1,354,360,290,-519
1,1,0.0313934,FRAY 1,354,360,291,-520
1,1,0.0314224,FRAY 1,354,360,292,-521
2,2,0.0314572,FRAY 1,354,360,294,-523
2,2,0.0314805,FRAY 1,354,360,296,-525
2,2,0.0314979,FRAY 1,354,360,298,-527
2,1,0.0315211,FRAY 1,354,360,300,-528
2,2,0.0315443,FRAY 1,354,360,302,-530
1,2,0.0315733,FRAY 1,354,360,303,-532
2,2,0.0316082,FRAY 1,354,360,305,-534
2,2,0.0316372,FRAY 1,354,360,307,-536
2,2,0.0316488,FRAY 1,354,360,309,-538
3,1,0.031672,FRAY 1,354,360,312,-539
3,1,0.0316952,FRAY 1,354,360,315,-540
3,1,0.0317301,FRAY 1,354,360,318,-541
2,1,0.0317533,FRAY 1,354,360,320,-542
3,1,0.0318015,FRAY 1,354,360,323,-543
3,1,0.0318229,FRAY 1,354,360,326,-544
3,1,0.0318462,FRAY 1,354,360,329,-545
2,1,0.0318694,FRAY 1,354,360,331,-546
3,1,0.0319042,FRAY 1,354,360,334,-547
3,1,0.0319332,FRAY 1,354,360,337,-548
2,1,0.0319507,FRAY 1,354,360,339,-549
2,1,0.0319739,FRAY 1,354,360,341,-550
2,1,0.0320087,FRAY 1,354,360,343,-551
1,2,0.0320261,FRAY 1,354,360,344,-553
2,1,0.0320493,FRAY 1,354,360,346,-554
2,1,0.03209,FRAY 1,354,360,348,-555
2,1,0.0321016,FRAY 1,354,360,350,-556
2,1,0.0321306,FRAY 1,354,360,352,-557
2,1,0.0323744,FRAY 1,354,360,354,-558
2,1,0.0324093,FRAY 1,354,360,356,-559
1,1,0.0324325,FRAY 1,354,360,357,-560
2,1,0.0324557,FRAY 1,354,360,359,-561
2,1,0.0324905,FRAY 1,354,360,361,-562
2,2,0.0325312,FRAY 1,354,360,363,-564
4,1,0.0325602,FRAY 1,354,360,367,-565
2,1,0.0325834,FRAY 1,354,360,369,-566
1,1,0.0326415,FRAY 1,354,360,370,-567
2,1,0.0326705,FRAY 1,354,360,372,-568
2,1,0.0326821,FRAY 1,354,360,374,-569
2,1,0.0327184,FRAY 1,354,360,376,-570
2,1,0.0327343,FRAY 1,354,360,378,-571
2,1,0.0327634,FRAY 1,354,360,380,-572
1,1,0.0331755,FRAY 1,354,360,381,-573
1,1,0.0332103,FRAY 1,354,360,382,-574
-1,2,0.0332742,FRAY 1,354,360,381,-576
-1,2,0.03328,FRAY 1,354,360,380,-578
-1,2,0.0333032,FRAY 1,354,360,379,-580
-1,2,0.0333274,FRAY 1,354,360,378,-582
-1,3,0.0333539,FRAY 1,354,360,377,-585
-1,2,0.0333845,FRAY 1,354,360,376,-587
-2,3,0.0334193,FRAY 1,354,360,374,-590
-2,3,0.0334309,FRAY 1,354,360,372,-593
-2,3,0.03346,FRAY 1,354,360,370,-596
-2,4,0.0334832,FRAY 1,354,360,368,-600
-2,3,0.0335064,FRAY 1,354,360,366,-603
-2,4,0.0335354,FRAY 1,354,360,364,-607
-3,4,0.0335586,FRAY 1,354,360,361,-611
-3,4,0.0335877,FRAY 1,354,360,358,-615
-3,3,0.0336109,FRAY 1,354,360,355,-618
-3,4,0.0336283,FRAY 1,354,360,352,-622
-2,4,0.0336572,FRAY 1,354,360,350,-626
-3,3,0.0336863,FRAY 1,354,360,347,-629
-2,1,0.0337212,FRAY 1,354,360,345,-630
-1,2,0.0337502,FRAY 1,354,360,344,-632
-1,1,0.0337618,FRAY 1,354,360,343,-633
-1,1,0.033785,FRAY 1,354,360,342,-634
-1,1,0.0338141,FRAY 1,354,360,341,-635
-1,1,0.0338373,FRAY 1,354,360,340,-636
-1,1,0.0338721,FRAY 1,354,360,339,-637
-1,-1,0.034261,FRAY 1,354,360,338,-636
-1,-1,0.0342959,FRAY 1,354,360,337,-635
-1,-1,0.0343191,FRAY 1,354,360,336,-634
1,-2,0.0343365,FRAY 1,354,360,337,-632
2,-2,0.0343597,FRAY 1,354,360,339,-630
2,-2,0.0343829,FRAY 1,354,360,341,-628
2,-1,0.0344178,FRAY 1,354,360,343,-627
1,-1,0.034441,FRAY 1,354,360,344,-626
1,-1,0.0348532,FRAY 1,354,360,345,-625
1,-1,0.034888,FRAY 1,354,360,346,-624
1,-2,0.0349344,FRAY 1,354,360,347,-622
1,-2,0.0349576,FRAY 1,354,360,348,-620
1,-2,0.0349809,FRAY 1,354,360,349,-618
1,-2,0.0350076,FRAY 1,354,360,350,-616
2,-2,0.0350447,FRAY 1,354,360,352,-614
2,-2,0.0350563,FRAY 1,354,360,354,-612
2,-2,0.0350912,FRAY 1,354,360,356,-610
2,-1,0.0351144,FRAY 1,354,360,358,-609
2,-2,0.0351434,FRAY 1,354,360,360,-607
1,-2,0.0351608,FRAY 1,354,360,361,-605
2,-3,0.0351945,FRAY 1,354,360,363,-602
2,-3,0.0352131,FRAY 1,354,360,365,-599
2,-3,0.0352305,FRAY 1,354,360,367,-596
1,-1,0.0352653,FRAY 1,354,360,368,-595
1,-2,0.0352885,FRAY 1,354,360,369,-593
1,-2,0.0353292,FRAY 1,354,360,370,-591
1,-2,0.0353466,FRAY 1,354,360,371,-589
1,-2,0.035364,FRAY 1,354,360,372,-587
1,-2,0.0353872,FRAY 1,354,360,373,-585
1,-2,0.0354162,FRAY 1,354,360,374,-583
1,-2,0.0354395,FRAY 1,354,360,375,-581
1,-1,0.0354743,FRAY 1,354,360,376,-580
1,-2,0.0354882,FRAY 1,354,360,377,-578
1,-1,0.0355149,FRAY 1,354,360,378,-577
1,-1,0.0355381,FRAY 1,354,360,379,-576
1,-1,0.0355614,FRAY 1,354,360,380,-575
1,-1,0.0355938,FRAY 1,354,360,381,-574
-1,1,0.0402634,SAN- 2,246,374,380,-575
-1,1,0.040304,SAN- 2,246,374,379,-576
-1,1,0.0403215,SAN- 2,246,374,378,-577
-1,1,0.0403621,SAN- 2,246,374,377,-578
-2,1,0.0403679,SAN- 2,246,374,375,-579
-2,1,0.0403911,SAN- 2,246,374,373,-580
-2,2,0.0404143,SAN- 2,246,374,371,-582
-3,2,0.0404492,SAN- 2,246,374,368,-584
-2,3,0.0404724,SAN- 2,246,374,366,-587
-3,3,0.0405014,SAN- 2,246,374,363,-590
-3,3,0.0405188,SAN- 2,246,374,360,-593
-3,2,0.040542,SAN- 2,246,374,357,-595
-3,3,0.0405653,SAN- 2,246,374,354,-598
-3,3,0.0406001,SAN- 2,246,374,351,-601
-2,3,0.0406301,SAN- 2,246,374,349,-604
-3,3,0.0406581,SAN- 2,246,374,346,-607
-2,3,0.0406698,SAN- 2,246,374,344,-610
-2,2,0.040693,SAN- 2,246,374,342,-612
-2,3,0.040722,SAN- 2,246,374,340,-615
-2,2,0.040751,SAN- 2,246,374,338,-617
-1,2,0.0407859,SAN- 2,246,374,337,-619
-1,2,0.0408091,SAN- 2,246,374,336,-621
-1,2,0.0408265,SAN- 2,246,374,335,-623
-2,2,0.0408497,SAN- 2,246,374,333,-625
-2,1,0.0408729,SAN- 2,246,374,331,-626
-2,2,0.040902,SAN- 2,246,374,329,-628
-2,2,0.0409194,SAN- 2,246,374,327,-630
-3,2,0.0409658,SAN- 2,246,374,324,-632
-3,2,0.0409774,SAN- 2,246,374,321,-634
-2,2,0.0410006,SAN- 2,246,374,319,-636
-3,1,0.0410239,SAN- 2,246,374,316,-637
-3,1,0.0410529,SAN- 2,246,374,313,-638
-3,1,0.0410819,SAN- 2,246,374,310,-639
-3,-1,0.041169,SAN- 2,246,374,307,-638
-3,-1,0.0411922,SAN- 2,246,374,304,-637
-3,-1,0.041227,SAN- 2,246,374,301,-636
-2,-1,0.0412386,SAN- 2,246,374,299,-635
-3,-2,0.0412967,SAN- 2,246,374,296,-633
-4,-1,0.0413199,SAN- 2,246,374,292,-632
-1,-1,0.0413431,SAN- 2,246,374,291,-631
-2,1,0.0417146,SAN- 2,246,374,289,-632
-2,1,0.0417263,SAN- 2,246,374,287,-633
-1,1,0.0417437,SAN- 2,246,374,286,-634
-2,1,0.0417785,SAN- 2,246,374,284,-635
-2,1,0.0418017,SAN- 2,246,374,282,-636
-1,-1,0.0419294,SAN- 2,246,374,281,-635
-1,-1,0.0419527,SAN- 2,246,374,280,-634
-1,-1,0.0420107,SAN- 2,246,374,279,-633
-1,-1,0.0420223,SAN- 2,246,374,278,-632
-1,-1,0.0420513,SAN- 2,246,374,277,-631
-1,-1,0.0420746,SAN- 2,246,374,276,-630
-1,-1,0.0421152,SAN- 2,246,374,275,-629
-1,-1,0.0424461,SAN- 2,246,374,274,-628
-1,-2,0.0424809,SAN- 2,246,374,273,-626
-4,-1,0.0425041,SAN- 2,246,374,269,-625
-1,1,0.0565058,-TIA- 3,154,470,268,-626
-1,1,0.0565522,-TIA- 3,154,470,267,-627
-1,1,0.05658,-TIA- 3,154,470,266,-628
-2,1,0.0566102,-TIA- 3,154,470,264,-629
-2,2,0.0566335,-TIA- 3,154,470,262,-631
-2,2,0.0566567,-TIA- 3,154,470,260,-633
-1,2,0.0566915,-TIA- 3,154,470,259,-635
-2,2,0.0567089,-TIA- 3,154,470,257,-637
-2,2,0.0567322,-TIA- 3,154,470,255,-639
-2,3,0.0567612,-TIA- 3,154,470,253,-642
-2,3,0.0567844,-TIA- 3,154,470,251,-645
-2,3,0.0568076,-TIA- 3,154,470,249,-648
-2,3,0.0568424,-TIA- 3,154,470,247,-651
-2,1,0.0568755,-TIA- 3,154,470,245,-652
-1,2,0.0568831,-TIA- 3,154,470,244,-654
-2,2,0.0569121,-TIA- 3,154,470,242,-656
-2,1,0.0569411,-TIA- 3,154,470,240,-657
-2,1,0.0569702,-TIA- 3,154,470,238,-658
-2,-1,0.0571211,-TIA- 3,154,470,236,-657
-1,1,0.0572894,-TIA- 3,154,470,235,-658
-1,1,0.0573301,-TIA- 3,154,470,234,-659
-1,1,0.0573417,-TIA- 3,154,470,233,-660
-1,1,0.0573649,-TIA- 3,154,470,232,-661
-1,1,0.0573881,-TIA- 3,154,470,231,-662
-1,1,0.0574404,-TIA- 3,154,470,230,-663
-1,2,0.0574926,-TIA- 3,154,470,229,-665
-1,1,0.0575158,-TIA- 3,154,470,228,-666
-1,1,0.0575623,-TIA- 3,154,470,227,-667
-1,1,0.0575913,-TIA- 3,154,470,226,-668
-1,2,0.0576319,-TIA- 3,154,470,225,-670
-1,1,0.0576551,-TIA- 3,154,470,224,-671
-1,1,0.0577132,-TIA- 3,154,470,223,-672
-1,1,0.0577456,-TIA- 3,154,470,222,-673
-1,1,0.0577771,-TIA- 3,154,470,221,-674
-1,1,0.0577829,-TIA- 3,154,470,220,-675
-1,2,0.0578351,-TIA- 3,154,470,219,-677
-1,2,0.0578641,-TIA- 3,154,470,218,-679
-1,2,0.057899,-TIA- 3,154,470,217,-681
-1,2,0.0579106,-TIA- 3,154,470,216,-683
-1,2,0.0579396,-TIA- 3,154,470,215,-685
-1,2,0.0579628,-TIA- 3,154,470,214,-687
-1,1,0.057986,-TIA- 3,154,470,213,-688
-1,2,0.0580151,-TIA- 3,154,470,212,-690
-1,2,0.0580499,-TIA- 3,154,470,211,-692
-1,2,0.0580789,-TIA- 3,154,470,210,-694
-1,2,0.0580905,-TIA- 3,154,470,209,-696
-1,2,0.0581137,-TIA- 3,154,470,208,-698
-1,2,0.058137,-TIA- 3,154,470,207,-700
-1,2,0.058166,-TIA- 3,154,470,206,-702
-1,1,0.058195,-TIA- 3,154,470,205,-703
-1,2,0.058224,-TIA- 3,154,470,204,-705
-1,2,0.0582415,-TIA- 3,154,470,203,-707
-1,2,0.0582647,-TIA- 3,154,470,202,-709
-1,2,0.0582937,-TIA- 3,154,470,201,-711
-1,2,0.0583227,-TIA- 3,154,470,200,-713
-1,2,0.0583459,-TIA- 3,154,470,199,-715
-1,2,0.0583634,-TIA- 3,154,470,198,-717
-1,1,0.0583924,-TIA- 3,154,470,197,-718
-1,2,0.0584156,-TIA- 3,154,470,196,-720
-1,2,0.0584388,-TIA- 3,154,470,195,-722
-1,2,0.058462,-TIA- 3,154,470,194,-724
-1,2,0.0584969,-TIA- 3,154,470,193,-726
-1,2,0.0585143,-TIA- 3,154,470,192,-728
-1,2,0.0585607,-TIA- 3,154,470,191,-730
-1,2,0.0585665,-TIA- 3,154,470,190,-732
-1,1,0.0585898,-TIA- 3,154,470,189,-733
-1,2,0.0586188,-TIA- 3,154,470,188,-735
-1,2,0.0586478,-TIA- 3,154,470,187,-737
-1,2,0.0586826,-TIA- 3,154,470,186,-739
-1,2,0.0587117,-TIA- 3,154,470,185,-741
-1,2,0.0587191,-TIA- 3,154,470,184,-743
-1,2,0.0587465,-TIA- 3,154,470,183,-745
-1,2,0.0587755,-TIA- 3,154,470,182,-747
-1,1,0.0587987,-TIA- 3,154,470,181,-748
-1,2,0.0588336,-TIA- 3,154,470,180,-750
-1,2,0.0588394,-TIA- 3,154,470,179,-752
-1,2,0.0588742,-TIA- 3,154,470,178,-754
-1,2,0.0588974,-TIA- 3,154,470,177,-756
-1,2,0.0589264,-TIA- 3,154,470,176,-758
-1,2,0.0589555,-TIA- 3,154,470,175,-760
-1,2,0.0589845,-TIA- 3,154,470,174,-762
-1,1,0.0589961,-TIA- 3,154,470,173,-763
-1,2,0.0590251,-TIA- 3,154,470,172,-765
-1,2,0.0590483,-TIA- 3,154,470,171,-767
-1,2,0.0590774,-TIA- 3,154,470,170,-769
-1,2,0.0591064,-TIA- 3,154,470,169,-771
-1,2,0.0591354,-TIA- 3,154,470,168,-773
-1,2,0.0591412,-TIA- 3,154,470,167,-775
-1,1,0.0591651,-TIA- 3,154,470,166,-776
-1,1,0.0592225,-TIA- 3,154,470,165,-777
-1,1,0.0592631,-TIA- 3,154,470,164,-778
-1,1,0.0592863,-TIA- 3,154,470,163,-779
-1,1,0.059298,-TIA- 3,154,470,162,-780
-1,1,0.0593212,-TIA- 3,154,470,161,-781
-1,1,0.0593734,-TIA- 3,154,470,160,-782
-1,1,0.0594141,-TIA- 3,154,470,159,-783
-1,1,0.0594315,-TIA- 3,154,470,158,-784
-1,1,0.0594663,-TIA- 3,154,470,157,-785
-1,1,0.0595244,-TIA- 3,154,470,156,-786
-1,1,0.0595418,-TIA- 3,154,470,155,-787
-1,1,0.0595476,-TIA- 3,154,470,154,-788
-1,1,0.0595824,-TIA- 3,154,470,153,-789
-1,1,0.059623,-TIA- 3,154,470,152,-790
-1,1,0.0596463,-TIA- 3,154,470,151,-791
-1,1,0.0596811,-TIA- 3,154,470,150,-792
-1,1,0.0597101,-TIA- 3,154,470,149,-793
-1,1,0.0597613,-TIA- 3,154,470,148,-794
-1,1,0.059774,-TIA- 3,154,470,147,-795
-1,1,0.0597914,-TIA- 3,154,470,146,-796
-1,1,0.0598262,-TIA- 3,154,470,145,-797
-1,1,0.0598494,-TIA- 3,154,470,144,-798
-1,1,0.0599075,-TIA- 3,154,470,143,-799
-1,1,0.0599249,-TIA- 3,154,470,142,-800
-1,1,0.0599423,-TIA- 3,154,470,141,-801
-1,1,0.0599655,-TIA- 3,154,470,140,-802
-1,1,0.0600004,-TIA- 3,154,470,139,-803
-2,1,0.060041,-TIA- 3,154,470,137,-804
-2,1,0.0600758,-TIA- 3,154,470,135,-805
-3,1,0.0600939,-TIA- 3,154,470,132,-806
-1,1,0.0601281,-TIA- 3,154,470,131,-807
-1,1,0.0601581,-TIA- 3,154,470,130,-808
-1,1,0.0601919,-TIA- 3,154,470,129,-809
-1,1,0.0602268,-TIA- 3,154,470,128,-810
-2,1,0.0602558,-TIA- 3,154,470,126,-811
-1,1,0.0602732,-TIA- 3,154,470,125,-812
-1,1,0.0603022,-TIA- 3,154,470,124,-813
-1,1,0.0603371,-TIA- 3,154,470,123,-814
1,-2,0.0704319,GO 4,354,470,124,-812
4,-1,0.0704726,GO 4,354,470,128,-811
2,-1,0.0704958,GO 4,354,470,130,-810
2,-1,0.0705074,GO 4,354,470,132,-809
2,-1,0.070519,GO 4,354,470,134,-808
1,-1,0.0705422,GO 4,354,470,135,-807
3,-1,0.0712795,GO 4,354,470,138,-806
3,-1,0.0713027,GO 4,354,470,141,-805
3,-1,0.0713259,GO 4,354,470,144,-804
3,-1,0.0713665,GO 4,354,470,147,-803
1,1,0.0717032,GO 4,354,470,148,-804
1,1,0.0717609,GO 4,354,470,149,-805
1,1,0.0717729,GO 4,354,470,150,-806
1,1,0.0717961,GO 4,354,470,151,-807
2,1,0.0718251,GO 4,354,470,153,-808
2,1,0.0718541,GO 4,354,470,155,-809
2,1,0.0718774,GO 4,354,470,157,-810
2,1,0.0719122,GO 4,354,470,159,-811
2,1,0.0719412,GO 4,354,470,161,-812
3,1,0.0719528,GO 4,354,470,164,-813
3,1,0.0719877,GO 4,354,470,167,-814
2,1,0.0720631,GO 4,354,470,169,-815
3,1,0.0720922,GO 4,354,470,172,-816
3,1,0.0721038,GO 4,354,470,175,-817
3,1,0.072127,GO 4,354,470,178,-818
3,1,0.0721591,GO 4,354,470,181,-819
2,2,0.072185,GO 4,354,470,183,-821
3,2,0.0722141,GO 4,354,470,186,-823
3,2,0.0722373,GO 4,354,470,189,-825
3,1,0.0722547,GO 4,354,470,192,-826
3,1,0.0722779,GO 4,354,470,195,-827
3,1,0.0723127,GO 4,354,470,198,-828
3,-1,0.0723882,GO 4,354,470,201,-827
3,-1,0.0724114,GO 4,354,470,204,-826
3,-1,0.0724288,GO 4,354,470,207,-825
2,-1,0.0724637,GO 4,354,470,209,-824
3,-1,0.0724927,GO 4,354,470,212,-823
3,-1,0.0725217,GO 4,354,470,215,-822
3,-2,0.0725424,GO 4,354,470,218,-820
3,-2,0.0725682,GO 4,354,470,221,-818
2,-2,0.0725846,GO 4,354,470,223,-816
3,-2,0.0726146,GO 4,354,470,226,-814
3,-1,0.0726441,GO 4,354,470,229,-813
3,-2,0.0726785,GO 4,354,470,232,-811
3,-2,0.0726959,GO 4,354,470,235,-809
3,-2,0.0727133,GO 4,354,470,238,-807
2,-2,0.0727365,GO 4,354,470,240,-805
3,-2,0.0727597,GO 4,354,470,243,-803
3,-2,0.0727829,GO 4,354,470,246,-801
3,-2,0.0728236,GO 4,354,470,249,-799
3,-1,0.072841,GO 4,354,470,252,-798
2,-1,0.0728642,GO 4,354,470,254,-797
3,-1,0.0728874,GO 4,354,470,257,-796
3,-1,0.0729107,GO 4,354,470,260,-795
3,-1,0.0729432,GO 4,354,470,263,-794
3,-1,0.0729745,GO 4,354,470,266,-793
3,-1,0.0734725,GO 4,354,470,269,-792
3,-1,0.0735028,GO 4,354,470,272,-791
2,-1,0.0735318,GO 4,354,470,274,-790
3,-3,0.0735666,GO 4,354,470,277,-787
6,-2,0.0736015,GO 4,354,470,283,-785
3,-1,0.0736247,GO 4,354,470,286,-784
3,-2,0.0736537,GO 4,354,470,289,-782
2,-2,0.0736769,GO 4,354,470,291,-780
3,-4,0.0737176,GO 4,354,470,294,-776
6,-2,0.0737412,GO 4,354,470,300,-774
3,-2,0.0737872,GO 4,354,470,303,-772
2,-2,0.0738046,GO 4,354,470,305,-770
3,-1,0.0738337,GO 4,354,470,308,-769
3,-2,0.0738627,GO 4,354,470,311,-767
3,-2,0.0738693,GO 4,354,470,314,-765
3,-2,0.0738975,GO 4,354,470,317,-763
2,-1,0.0739265,GO 4,354,470,319,-762
3,-1,0.0739614,GO 4,354,470,322,-761
3,-1,0.0739846,GO 4,354,470,325,-760
3,-2,0.0740252,GO 4,354,470,328,-758
6,-1,0.0740484,GO 4,354,470,334,-757
3,1,0.0741355,GO 4,354,470,337,-758
3,1,0.0741645,GO 4,354,470,340,-759
3,1,0.0741761,GO 4,354,470,343,-760
2,1,0.0741994,GO 4,354,470,345,-761
3,1,0.0742284,GO 4,354,470,348,-762
2,1,0.0742574,GO 4,354,470,350,-763
2,1,0.0742806,GO 4,354,470,352,-764
2,1,0.0743213,GO 4,354,470,354,-765
2,1,0.0743271,GO 4,354,470,356,-766
1,1,0.0743503,GO 4,354,470,357,-767
1,1,0.0744141,GO 4,354,470,358,-768
1,1,0.0744258,GO 4,354,470,359,-769
1,1,0.074478,GO 4,354,470,360,-770
-1,1,0.0745012,GO 4,354,470,359,-771
-1,1,0.0745302,GO 4,354,470,358,-772
-1,1,0.0745651,GO 4,354,470,357,-773
-1,1,0.0746289,GO 4,354,470,356,-774
-1,1,0.0748553,GO 4,354,470,355,-775
-1,1,0.0749134,GO 4,354,470,354,-776
-1,1,0.0749192,GO 4,354,470,353,-777
1,1,0.0749772,GO 4,354,470,354,-778
1,2,0.0750005,GO 4,354,470,355,-780
1,2,0.0750295,GO 4,354,470,356,-782
1,4,0.0750701,GO 4,354,470,357,-786
1,1,0.0750933,GO 4,354,470,358,-787
1,2,0.0751282,GO 4,354,470,359,-789
-1,2,0.0751514,GO 4,354,470,358,-791
-1,2,0.075192,GO 4,354,470,357,-793
-1,2,0.0752094,GO 4,354,470,356,-795
-1,2,0.075221,GO 4,354,470,355,-797
-2,2,0.0752559,GO 4,354,470,353,-799
-2,2,0.0752791,GO 4,354,470,351,-801
-2,1,0.0753081,GO 4,354,470,349,-802
-2,1,0.0753371,GO 4,354,470,347,-803
-2,1,0.0753604,GO 4,354,470,345,-804
-2,1,0.075372,GO 4,354,470,343,-805
-2,1,0.0754068,GO 4,354,470,341,-806
-1,1,0.0754358,GO 4,354,470,340,-807
-3,1,0.0761266,GO 4,354,470,337,-808
-3,1,0.0761324,GO 4,354,470,334,-809
-2,1,0.0761615,GO 4,354,470,332,-810
-1,1,0.0762195,GO 4,354,470,331,-811
1,2,0.0762892,GO 4,354,470,332,-813
3,1,0.0763124,GO 4,354,470,335,-814
2,1,0.0763356,GO 4,354,470,337,-815
1,1,0.0763762,GO 4,354,470,338,-816
2,1,0.076382,GO 4,354,470,340,-817
2,1,0.0764169,GO 4,354,470,342,-818
2,1,0.0764401,GO 4,354,470,344,-819
2,2,0.0764691,GO 4,354,470,346,-821
2,2,0.0764865,GO 4,354,470,348,-823
2,2,0.0765179,GO 4,354,470,350,-825
2,2,0.0765446,GO 4,354,470,352,-827
1,3,0.0765562,GO 4,354,470,353,-830
3,3,0.076591,GO 4,354,470,356,-833
3,2,0.07662,GO 4,354,470,359,-835
3,3,0.0766446,GO 4,354,470,362,-838
3,2,0.0766665,GO 4,354,470,365,-840
2,3,0.0766955,GO 4,354,470,367,-843
1,2,0.0767013,GO 4,354,470,368,-845
2,2,0.076742,GO 4,354,470,370,-847
1,1,0.0767594,GO 4,354,470,371,-848
1,2,0.0767884,GO 4,354,470,372,-850
1,2,0.0768116,GO 4,354,470,373,-852
-1,2,0.0768464,GO 4,354,470,372,-854
-2,2,0.0768522,GO 4,354,470,370,-856
-1,2,0.0768755,GO 4,354,470,369,-858
-2,2,0.0769161,GO 4,354,470,367,-860
-3,2,0.0769393,GO 4,354,470,364,-862
-3,1,0.0769625,GO 4,354,470,361,-863
-3,1,0.0769974,GO 4,354,470,358,-864
-3,1,0.0770148,GO 4,354,470,355,-865
-1,1,0.0770264,GO 4,354,470,354,-866
-2,1,0.077067,GO 4,354,470,352,-867
-1,1,0.0770961,GO 4,354,470,351,-868
-1,1,0.0771251,GO 4,354,470,350,-869
-1,1,0.0771425,GO 4,354,470,349,-870
-1,-1,0.0772855,GO 4,354,470,348,-869
-1,-1,0.0773166,GO 4,354,470,347,-868
-1,-1,0.0773573,GO 4,354,470,346,-867
-1,-1,0.0773979,GO 4,354,470,345,-866
-1,-1,0.0774269,GO 4,354,470,344,-865
-1,-1,0.0774444,GO 4,354,470,343,-864
-1,-1,0.0774908,GO 4,354,470,342,-863
-1,-1,0.0775082,GO 4,354,470,341,-862
-1,-1,0.0775488,GO 4,354,470,340,-861
-1,-1,0.0784602,GO 4,354,470,339,-860
-1,-1,0.0784834,GO 4,354,470,338,-859
-2,-1,0.0784951,GO 4,354,470,336,-858
-2,-1,0.0785183,GO 4,354,470,334,-857
-2,-1,0.0785473,GO 4,354,470,332,-856
-1,1,0.0789246,GO 4,354,470,331,-857
1,1,0.0789711,GO 4,354,470,332,-858
2,1,0.0790059,GO 4,354,470,334,-859
2,1,0.0790291,GO 4,354,470,336,-860
2,1,0.0790639,GO 4,354,470,338,-861
2,1,0.0790698,GO 4,354,470,340,-862
2,1,0.079093,GO 4,354,470,342,-863
1,1,0.0791162,GO 4,354,470,343,-864
1,1,0.079151,GO 4,354,470,344,-865
1,1,0.0792149,GO 4,354,470,345,-866
-1,1,0.0792207,GO 4,354,470,344,-867
-2,1,0.0792555,GO 4,354,470,342,-868
-2,1,0.0792787,GO 4,354,470,340,-869
-2,1,0.0793078,GO 4,354,470,338,-870
-2,2,0.0793368,GO 4,354,470,336,-872
-2,2,0.0793658,GO 4,354,470,334,-874
-1,2,0.0793832,GO 4,354,470,333,-876
-2,1,0.0793948,GO 4,354,470,331,-877
-1,2,0.0794297,GO 4,354,470,330,-879
-1,2,0.0794587,GO 4,354,470,329,-881
-1,2,0.0794877,GO 4,354,470,328,-883
1,2,0.0795167,GO 4,354,470,329,-885
2,2,0.0795341,GO 4,354,470,331,-887
2,1,0.0795516,GO 4,354,470,333,-888
2,-1,0.0796386,GO 4,354,470,335,-887
2,-1,0.0796677,GO 4,354,470,337,-886
2,-1,0.0796851,GO 4,354,470,339,-885
1,-2,0.0797025,GO 4,354,470,340,-883
1,-2,0.0797257,GO 4,354,470,341,-881
1,-2,0.0797663,GO 4,354,470,342,-879
1,-2,0.0797954,GO 4,354,470,343,-877
1,-1,0.0798128,GO 4,354,470,344,-876
1,-2,0.079836,GO 4,354,470,345,-874
1,-1,0.0798517,GO 4,354,470,346,-873
-1,-1,0.0798674,GO 4,354,470,345,-872
-1,-1,0.0798999,GO 4,354,470,344,-871
-1,-1,0.0799312,GO 4,354,470,343,-870
-1,1,0.0800508,GO 4,354,470,342,-871
-1,1,0.080074,GO 4,354,470,341,-872
-1,1,0.0801088,GO 4,354,470,340,-873
-1,1,0.0801495,GO 4,354,470,339,-874
1,1,0.0801611,GO 4,354,470,340,-875
1,1,0.0801959,GO 4,354,470,341,-876
1,1,0.0802191,GO 4,354,470,342,-877
1,-1,0.0803156,GO 4,354,470,343,-876
1,-1,0.0803468,GO 4,354,470,344,-875
1,-1,0.0803812,GO 4,354,470,345,-874
1,-2,0.0803933,GO 4,354,470,346,-872
1,-2,0.0804455,GO 4,354,470,347,-870
1,-1,0.0804513,GO 4,354,470,348,-869
1,-2,0.0804746,GO 4,354,470,349,-867
1,-1,0.0804978,GO 4,354,470,350,-866
1,-1,0.0805268,GO 4,354,470,351,-865
1,-1,0.08055,GO 4,354,470,352,-864
1,-1,0.0805732,GO 4,354,470,353,-863
1,-1,0.0806255,GO 4,354,470,354,-862
1,-1,0.0806487,GO 4,354,470,355,-861
1,-1,0.0806835,GO 4,354,470,356,-860
1,-1,0.0807242,GO 4,354,470,357,-859
1,-1,0.0810493,GO 4,354,470,358,-858
2,-1,0.0810725,GO 4,354,470,360,-857
1,-1,0.0811073,GO 4,354,470,361,-856
1,-2,0.0811654,GO 4,354,470,362,-854
1,-2,0.0811828,GO 4,354,470,363,-852
1,-2,0.0811944,GO 4,354,470,364,-850
1,-2,0.0812249,GO 4,354,470,365,-848
1,-2,0.0812582,GO 4,354,470,366,-846
1,-2,0.0812931,GO 4,354,470,367,-844
2,-2,0.0813163,GO 4,354,470,369,-842
2,-2,0.0813279,GO 4,354,470,371,-840
2,-2,0.0813569,GO 4,354,470,373,-838
2,-2,0.0813801,GO 4,354,470,375,-836
2,-2,0.0814092,GO 4,354,470,377,-834
2,-2,0.081444,GO 4,354,470,379,-832
2,-2,0.0814614,GO 4,354,470,381,-830
2,-1,0.0814846,GO 4,354,470,383,-829
1,-1,0.0814991,GO 4,354,470,384,-828
1,1,0.0815891,GO 4,354,470,385,-829
1,2,0.0816007,GO 4,354,470,386,-831
-1,2,0.0816239,GO 4,354,470,385,-833
-1,1,0.0816414,GO 4,354,470,384,-834
-1,1,0.0816762,GO 4,354,470,383,-835
-1,1,0.0816994,GO 4,354,470,382,-836
-1,1,0.08174,GO 4,354,470,381,-837
-1,1,0.0817807,GO 4,354,470,380,-838
-1,-1,0.0849618,FRAY 5,165,365,379,-837
-1,-1,0.0850024,FRAY 5,165,365,378,-836
-1,-2,0.0850141,FRAY 5,165,365,377,-834
-1,-2,0.0850373,FRAY 5,165,365,376,-832
-1,-2,0.0850605,FRAY 5,165,365,375,-830
-1,-1,0.0850895,FRAY 5,165,365,374,-829
-1,-2,0.0851244,FRAY 5,165,365,373,-827
-1,-3,0.0851534,FRAY 5,165,365,372,-824
-1,-2,0.085165,FRAY 5,165,365,371,-822
-1,-2,0.085194,FRAY 5,165,365,370,-820
-1,-2,0.0852114,FRAY 5,165,365,369,-818
-1,-1,0.0852346,FRAY 5,165,365,368,-817
-2,-1,0.0852695,FRAY 5,165,365,366,-816
-2,-1,0.0852985,FRAY 5,165,365,364,-815
-1,-1,0.0857861,FRAY 5,165,365,363,-814
-1,-1,0.085821,FRAY 5,165,365,362,-813
-1,-1,0.08585,FRAY 5,165,365,361,-812
-1,-1,0.0858848,FRAY 5,165,365,360,-811
-2,-1,0.0862621,FRAY 5,165,365,358,-810
-1,-1,0.086593,FRAY 5,165,365,357,-809
-1,-1,0.0866278,FRAY 5,165,365,356,-808
-1,-1,0.0866511,FRAY 5,165,365,355,-807
-1,-1,0.0866743,FRAY 5,165,365,354,-806
-1,-1,0.0867323,FRAY 5,165,365,353,-805
-1,-1,0.0867498,FRAY 5,165,365,352,-804
-1,-1,0.086773,FRAY 5,165,365,351,-803
-1,-1,0.086802,FRAY 5,165,365,350,-802
-1,-1,0.0868542,FRAY 5,165,365,349,-801
-2,-1,0.0868775,FRAY 5,165,365,347,-800
-2,-1,0.0869007,FRAY 5,165,365,345,-799
-2,-1,0.0869239,FRAY 5,165,365,343,-798
-2,-1,0.0869587,FRAY 5,165,365,341,-797
-2,-1,0.086982,FRAY 5,165,365,339,-796
-2,-1,0.0870052,FRAY 5,165,365,337,-795
-1,-1,0.0870342,FRAY 5,165,365,336,-794
-2,-2,0.0870516,FRAY 5,165,365,334,-792
-2,-2,0.0870748,FRAY 5,165,365,332,-790
-2,-1,0.0871097,FRAY 5,165,365,330,-789
-2,-2,0.0871387,FRAY 5,165,365,328,-787
-2,-2,0.0871561,FRAY 5,165,365,326,-785
-2,-2,0.0871851,FRAY 5,165,365,324,-783
-2,-2,0.0872025,FRAY 5,165,365,322,-781
-1,-2,0.0872258,FRAY 5,165,365,321,-779
-2,-2,0.087249,FRAY 5,165,365,319,-777
-2,-2,0.0872838,FRAY 5,165,365,317,-775
-2,-1,0.087307,FRAY 5,165,365,315,-774
-2,-2,0.0873361,FRAY 5,165,365,313,-772
-2,-2,0.0873535,FRAY 5,165,365,311,-770
-2,-2,0.0873767,FRAY 5,165,365,309,-768
-2,-1,0.0873999,FRAY 5,165,365,307,-767
-2,-1,0.0874347,FRAY 5,165,365,305,-766
-3,-1,0.0874695,FRAY 5,165,365,302,-765
-3,-1,0.0874928,FRAY 5,165,365,299,-764
-3,-1,0.0875044,FRAY 5,165,365,296,-763
-3,-1,0.087528,FRAY 5,165,365,293,-762
-2,-1,0.0875566,FRAY 5,165,365,291,-761
-3,-1,0.0875857,FRAY 5,165,365,288,-760
-3,-1,0.0876205,FRAY 5,165,365,285,-759
-2,-1,0.0876611,FRAY 5,165,365,283,-758
-2,-1,0.0876844,FRAY 5,165,365,281,-757
-1,-1,0.0877076,FRAY 5,165,365,280,-756
-2,-1,0.0877366,FRAY 5,165,365,278,-755
-2,-1,0.0877714,FRAY 5,165,365,276,-754
-2,-1,0.0877888,FRAY 5,165,365,274,-753
-2,-1,0.0878121,FRAY 5,165,365,272,-752
-2,-1,0.0878353,FRAY 5,165,365,270,-751
-1,-1,0.0878585,FRAY 5,165,365,269,-750
-1,-1,0.0878933,FRAY 5,165,365,268,-749
-1,-1,0.0879572,FRAY 5,165,365,267,-748
-1,-1,0.087963,FRAY 5,165,365,266,-747
-1,-1,0.0880443,FRAY 5,165,365,265,-746
-1,-1,0.0880559,FRAY 5,165,365,264,-745
-1,-1,0.0881139,FRAY 5,165,365,263,-744
-1,-1,0.0881371,FRAY 5,165,365,262,-743
-2,-1,0.088172,FRAY 5,165,365,260,-742
-2,-2,0.0881952,FRAY 5,165,365,258,-740
-2,-2,0.0882126,FRAY 5,165,365,256,-738
-2,-2,0.0882358,FRAY 5,165,365,254,-736
-2,-1,0.0882649,FRAY 5,165,365,252,-735
-2,-2,0.0882881,FRAY 5,165,365,250,-733
-1,-2,0.0883229,FRAY 5,165,365,249,-731
-2,-2,0.0883403,FRAY 5,165,365,247,-729
-3,-2,0.0883635,FRAY 5,165,365,244,-727
-3,-2,0.0883868,FRAY 5,165,365,241,-725
-3,-2,0.0884158,FRAY 5,165,365,238,-723
-3,-2,0.0884448,FRAY 5,165,365,235,-721
-2,-1,0.0884738,FRAY 5,165,365,233,-720
-3,-1,0.0885029,FRAY 5,165,365,230,-719
-3,-1,0.0885261,FRAY 5,165,365,227,-718
-2,-1,0.0885377,FRAY 5,165,365,225,-717
-2,-1,0.0885667,FRAY 5,165,365,223,-716
-2,-1,0.0885957,FRAY 5,165,365,221,-715
-1,-1,0.088619,FRAY 5,165,365,220,-714
-2,-1,0.0886538,FRAY 5,165,365,218,-713
-2,-1,0.088677,FRAY 5,165,365,216,-712
-2,-1,0.0886944,FRAY 5,165,365,214,-711
-2,-1,0.0887176,FRAY 5,165,365,212,-710
-2,-1,0.0887467,FRAY 5,165,365,210,-709
-2,-1,0.0887757,FRAY 5,165,365,208,-708
-3,-1,0.0888047,FRAY 5,165,365,205,-707
-2,-1,0.0888337,FRAY 5,165,365,203,-706
-3,-1,0.0888454,FRAY 5,165,365,200,-705
-3,-1,0.0888918,FRAY 5,165,365,197,-704
-3,-1,0.0889266,FRAY 5,165,365,194,-703
-2,-1,0.0889498,FRAY 5,165,365,192,-702
-3,-2,0.0889905,FRAY 5,165,365,189,-700
-3,-2,0.0889963,FRAY 5,165,365,186,-698
-3,-2,0.0890195,FRAY 5,165,365,183,-696
-3,-2,0.0890427,FRAY 5,165,365,180,-694
-2,-2,0.0890776,FRAY 5,165,365,178,-692
-3,-2,0.0891066,FRAY 5,165,365,175,-690
-3,-1,0.0891414,FRAY 5,165,365,172,-689
-3,-2,0.0891472,FRAY 5,165,365,169,-687
-3,-1,0.0891704,FRAY 5,165,365,166,-686
-3,-1,0.0891937,FRAY 5,165,365,163,-685
-2,-1,0.0892285,FRAY 5,165,365,161,-684
-3,-1,0.0892517,FRAY 5,165,365,158,-683
-3,-1,0.0892865,FRAY 5,165,365,155,-682
-3,-1,0.0892981,FRAY 5,165,365,152,-681
-3,-1,0.0893214,FRAY 5,165,365,149,-680
-1,-1,0.0893504,FRAY 5,165,365,148,-679
-2,-1,0.0893736,FRAY 5,165,365,146,-678
-2,-1,0.0894026,FRAY 5,165,365,144,-677
-2,-1,0.0894375,FRAY 5,165,365,142,-676
-2,-1,0.0894549,FRAY 5,165,365,140,-675
-2,-1,0.0895071,FRAY 5,165,365,138,-674
-2,-1,0.0895187,FRAY 5,165,365,136,-673
-1,-1,0.0895474,FRAY 5,165,365,135,-672
-2,-2,0.0895768,FRAY 5,165,365,133,-670
-2,-2,0.0895942,FRAY 5,165,365,131,-668
-2,-2,0.0896174,FRAY 5,165,365,129,-666
-2,-2,0.0896406,FRAY 5,165,365,127,-664
-2,-2,0.0896755,FRAY 5,165,365,125,-662
-2,-1,0.0896987,FRAY 5,165,365,123,-661
-1,-1,0.0897451,FRAY 5,165,365,122,-660
-1,-1,0.0897683,FRAY 5,165,365,121,-659
-1,-1,0.101036,SAN- 6,278,177,120,-658
-1,-1,0.101065,SAN- 6,278,177,119,-657
-1,-1,0.101129,SAN- 6,278,177,118,-656
-1,-1,0.10114,SAN- 6,278,177,117,-655
-1,-1,0.101181,SAN- 6,278,177,116,-654
-1,-1,0.101204,SAN- 6,278,177,115,-653
-1,-1,0.101256,SAN- 6,278,177,114,-652
-1,-1,0.10128,SAN- 6,278,177,113,-651
-1,-1,0.101332,SAN- 6,278,177,112,-650
-1,-1,0.101355,SAN- 6,278,177,111,-649
-1,-1,0.101407,SAN- 6,278,177,110,-648
-1,-1,0.101442,SAN- 6,278,177,109,-647
-1,-2,0.101454,SAN- 6,278,177,108,-645
-1,-2,0.101471,SAN- 6,278,177,107,-643
-1,-2,0.101494,SAN- 6,278,177,106,-641
-1,-2,0.101518,SAN- 6,278,177,105,-639
-1,-2,0.101558,SAN- 6,278,177,104,-637
-1,-3,0.101581,SAN- 6,278,177,103,-634
-1,-2,0.101605,SAN- 6,278,177,102,-632
-1,-3,0.101622,SAN- 6,278,177,101,-629
-1,-3,0.101645,SAN- 6,278,177,100,-626
-1,-3,0.101669,SAN- 6,278,177,99,-623
-1,-3,0.101703,SAN- 6,278,177,98,-620
-1,-3,0.101732,SAN- 6,278,177,97,-617
-1,-2,0.10175,SAN- 6,278,177,96,-615
-1,-3,0.101773,SAN- 6,278,177,95,-612
-1,-3,0.101802,SAN- 6,278,177,94,-609
1,-3,0.101824,SAN- 6,278,177,95,-606
1,-3,0.101854,SAN- 6,278,177,96,-603
1,-2,0.101889,SAN- 6,278,177,97,-601
1,-3,0.101912,SAN- 6,278,177,98,-598
1,-3,0.101936,SAN- 6,278,177,99,-595
1,-3,0.101953,SAN- 6,278,177,100,-592
1,-3,0.101976,SAN- 6,278,177,101,-589
1,-2,0.101999,SAN- 6,278,177,102,-587
1,-3,0.102028,SAN- 6,278,177,103,-584
1,-3,0.102058,SAN- 6,278,177,104,-581
1,-3,0.102087,SAN- 6,278,177,105,-578
1,-3,0.102104,SAN- 6,278,177,106,-575
1,-3,0.102127,SAN- 6,278,177,107,-572
1,-2,0.10215,SAN- 6,278,177,108,-570
1,-3,0.102185,SAN- 6,278,177,109,-567
1,-3,0.102226,SAN- 6,278,177,110,-564
1,-3,0.102237,SAN- 6,278,177,111,-561
1,-3,0.102255,SAN- 6,278,177,112,-558
-1,-2,0.102278,SAN- 6,278,177,111,-556
-1,-3,0.102301,SAN- 6,278,177,110,-553
-1,-3,0.102336,SAN- 6,278,177,109,-550
-1,-3,0.102365,SAN- 6,278,177,108,-547
-1,-3,0.102388,SAN- 6,278,177,107,-544
-1,-2,0.102406,SAN- 6,278,177,106,-542
1,-3,0.102429,SAN- 6,278,177,107,-539
1,-3,0.102452,SAN- 6,278,177,108,-536
1,-3,0.102487,SAN- 6,278,177,109,-533
1,-3,0.102504,SAN- 6,278,177,110,-530
1,-3,0.102551,SAN- 6,278,177,111,-527
1,-2,0.102557,SAN- 6,278,177,112,-525
1,-3,0.102584,SAN- 6,278,177,113,-522
1,-3,0.102609,SAN- 6,278,177,114,-519
1,-3,0.102638,SAN- 6,278,177,115,-516
1,-3,0.102655,SAN- 6,278,177,116,-513
1,-2,0.102684,SAN- 6,278,177,117,-511
1,-3,0.102713,SAN- 6,278,177,118,-508
1,-3,0.102737,SAN- 6,278,177,119,-505
1,-3,0.10276,SAN- 6,278,177,120,-502
1,-3,0.102783,SAN- 6,278,177,121,-499
1,-2,0.102806,SAN- 6,278,177,122,-497
1,-3,0.102835,SAN- 6,278,177,123,-494
1,-3,0.102864,SAN- 6,278,177,124,-491
1,-3,0.102888,SAN- 6,278,177,125,-488
1,-3,0.102917,SAN- 6,278,177,126,-485
1,-3,0.102951,SAN- 6,278,177,127,-482
1,-2,0.102957,SAN- 6,278,177,128,-480
1,-3,0.102986,SAN- 6,278,177,129,-477
1,-3,0.103007,SAN- 6,278,177,130,-474
1,-3,0.103039,SAN- 6,278,177,131,-471
1,-3,0.103062,SAN- 6,278,177,132,-468
1,-2,0.103102,SAN- 6,278,177,133,-466
1,-3,0.103114,SAN- 6,278,177,134,-463
1,-3,0.103137,SAN- 6,278,177,135,-460
1,-3,0.10316,SAN- 6,278,177,136,-457
1,-3,0.103189,SAN- 6,278,177,137,-454
1,-2,0.103224,SAN- 6,278,177,138,-452
1,-3,0.103253,SAN- 6,278,177,139,-449
1,-3,0.103265,SAN- 6,278,177,140,-446
1,-3,0.103288,SAN- 6,278,177,141,-443
2,-3,0.103311,SAN- 6,278,177,143,-440
2,-3,0.103335,SAN- 6,278,177,145,-437
2,-2,0.103364,SAN- 6,278,177,147,-435
2,-3,0.103388,SAN- 6,278,177,149,-432
1,-3,0.103416,SAN- 6,278,177,150,-429
2,-3,0.103439,SAN- 6,278,177,152,-426
2,-3,0.103462,SAN- 6,278,177,154,-423
2,-2,0.103486,SAN- 6,278,177,156,-421
2,-3,0.103515,SAN- 6,278,177,158,-418
2,-3,0.103549,SAN- 6,278,177,160,-415
1,-3,0.103567,SAN- 6,278,177,161,-412
1,-3,0.10359,SAN- 6,278,177,162,-409
1,-2,0.103613,SAN- 6,278,177,163,-407
1,-3,0.103648,SAN- 6,278,177,164,-404
1,-3,0.103671,SAN- 6,278,177,165,-401
1,-3,0.1037,SAN- 6,278,177,166,-398
1,-3,0.103718,SAN- 6,278,177,167,-395
1,-3,0.103741,SAN- 6,278,177,168,-392
2,-2,0.103764,SAN- 6,278,177,170,-390
2,-3,0.103799,SAN- 6,278,177,172,-387
2,-3,0.103822,SAN- 6,278,177,174,-384
2,-3,0.103851,SAN- 6,278,177,176,-381
2,-3,0.103869,SAN- 6,278,177,178,-378
2,-2,0.103892,SAN- 6,278,177,180,-376
1,-3,0.103915,SAN- 6,278,177,181,-373
2,-3,0.10395,SAN- 6,278,177,183,-370
2,-3,0.103973,SAN- 6,278,177,185,-367
2,-3,0.104008,SAN- 6,278,177,187,-364
1,-2,0.104025,SAN- 6,278,177,188,-362
1,-3,0.104049,SAN- 6,278,177,189,-359
1,-3,0.104072,SAN- 6,278,177,190,-356
1,-3,0.104107,SAN- 6,278,177,191,-353
1,-3,0.104136,SAN- 6,278,177,192,-350
1,-3,0.104141,SAN- 6,278,177,193,-347
1,-2,0.104165,SAN- 6,278,177,194,-345
1,-3,0.104194,SAN- 6,278,177,195,-342
1,-3,0.104217,SAN- 6,278,177,196,-339
1,-3,0.104246,SAN- 6,278,177,197,-336
1,-3,0.104281,SAN- 6,278,177,198,-333
1,-2,0.104292,SAN- 6,278,177,199,-331
2,-3,0.104316,SAN- 6,278,177,201,-328
2,-3,0.104345,SAN- 6,278,177,203,-325
2,-3,0.104368,SAN- 6,278,177,205,-322
2,-3,0.104391,SAN- 6,278,177,207,-319
2,-2,0.104414,SAN- 6,278,177,209,-317
1,-3,0.104438,SAN- 6,278,177,210,-314
1,-3,0.104461,SAN- 6,278,177,211,-311
1,-2,0.104519,SAN- 6,278,177,212,-309
1,-3,0.104542,SAN- 6,278,177,213,-306
1,-3,0.104583,SAN- 6,278,177,214,-303
1,-2,0.104594,SAN- 6,278,177,215,-301
1,-3,0.104612,SAN- 6,278,177,216,-298
1,-3,0.104647,SAN- 6,278,177,217,-295
1,-3,0.10467,SAN- 6,278,177,218,-292
1,-3,0.104705,SAN- 6,278,177,219,-289
1,-2,0.104734,SAN- 6,278,177,220,-287
2,-3,0.104745,SAN- 6,278,177,222,-284
2,-3,0.104768,SAN- 6,278,177,224,-281
1,-3,0.104797,SAN- 6,278,177,225,-278
2,-3,0.104832,SAN- 6,278,177,227,-275
2,-3,0.104844,SAN- 6,278,177,229,-272
2,-2,0.104885,SAN- 6,278,177,231,-270
2,-3,0.104896,SAN- 6,278,177,233,-267
2,-3,0.104919,SAN- 6,278,177,235,-264
2,-3,0.104948,SAN- 6,278,177,237,-261
2,-2,0.104983,SAN- 6,278,177,239,-259
1,-2,0.105018,SAN- 6,278,177,240,-257
2,-1,0.105035,SAN- 6,278,177,242,-256
2,-2,0.105047,SAN- 6,278,177,244,-254
2,-2,0.10507,SAN- 6,278,177,246,-252
2,-2,0.105094,SAN- 6,278,177,248,-250
1,-1,0.105128,SAN- 6,278,177,249,-249
1,-1,0.105169,SAN- 6,278,177,250,-248
1,-1,0.105181,SAN- 6,278,177,251,-247
1,-1,0.105221,SAN- 6,278,177,252,-246
1,-1,0.105244,SAN- 6,278,177,253,-245
1,-1,0.105308,SAN- 6,278,177,254,-244
-1,1,0.116558,-TIA- 7,9,475,253,-245
-1,1,0.116593,-TIA- 7,9,475,252,-246
-1,2,0.116616,-TIA- 7,9,475,251,-248
-1,2,0.116634,-TIA- 7,9,475,250,-250
-1,3,0.116657,-TIA- 7,9,475,249,-253
-1,3,0.116692,-TIA- 7,9,475,248,-256
-2,3,0.116721,-TIA- 7,9,475,246,-259
-1,3,0.116738,-TIA- 7,9,475,245,-262
-2,4,0.116767,-TIA- 7,9,475,243,-266
-3,4,0.116785,-TIA- 7,9,475,240,-270
-3,4,0.116808,-TIA- 7,9,475,237,-274
-3,3,0.116837,-TIA- 7,9,475,234,-277
-3,4,0.116866,-TIA- 7,9,475,231,-281
-2,4,0.116901,-TIA- 7,9,475,229,-285
-3,4,0.11693,-TIA- 7,9,475,226,-289
-3,3,0.116936,-TIA- 7,9,475,223,-292
-3,4,0.116971,-TIA- 7,9,475,220,-296
-3,4,0.116988,-TIA- 7,9,475,217,-300
-2,3,0.117017,-TIA- 7,9,475,215,-303
-3,3,0.11704,-TIA- 7,9,475,212,-306
-3,2,0.117081,-TIA- 7,9,475,209,-308
-3,3,0.11709,-TIA- 7,9,475,206,-311
-3,3,0.117116,-TIA- 7,9,475,203,-314
-3,2,0.117139,-TIA- 7,9,475,200,-316
-2,2,0.117162,-TIA- 7,9,475,198,-318
-3,2,0.117203,-TIA- 7,9,475,195,-320
-3,1,0.117232,-TIA- 7,9,475,192,-321
-3,2,0.117243,-TIA- 7,9,475,189,-323
-3,2,0.117267,-TIA- 7,9,475,186,-325
-2,2,0.11729,-TIA- 7,9,475,184,-327
-2,2,0.117313,-TIA- 7,9,475,182,-329
-2,2,0.117348,-TIA- 7,9,475,180,-331
-2,2,0.117371,-TIA- 7,9,475,178,-333
-1,2,0.117394,-TIA- 7,9,475,177,-335
-1,1,0.117418,-TIA- 7,9,475,176,-336
-1,2,0.117441,-TIA- 7,9,475,175,-338
-2,2,0.117476,-TIA- 7,9,475,173,-340
-2,2,0.117499,-TIA- 7,9,475,171,-342
-1,2,0.117528,-TIA- 7,9,475,170,-344
-2,2,0.117545,-TIA- 7,9,475,168,-346
-2,2,0.117568,-TIA- 7,9,475,166,-348
-2,2,0.117609,-TIA- 7,9,475,164,-350
-1,1,0.117621,-TIA- 7,9,475,163,-351
-1,3,0.117656,-TIA- 7,9,475,162,-354
-1,3,0.117679,-TIA- 7,9,475,161,-357
-1,3,0.117702,-TIA- 7,9,475,160,-360
-1,3,0.117719,-TIA- 7,9,475,159,-363
-1,3,0.117754,-TIA- 7,9,475,158,-366
-1,2,0.117777,-TIA- 7,9,475,157,-368
-1,3,0.117801,-TIA- 7,9,475,156,-371
-1,3,0.117818,-TIA- 7,9,475,155,-374
-2,3,0.117847,-TIA- 7,9,475,153,-377
-2,3,0.117874,-TIA- 7,9,475,151,-380
-2,2,0.117899,-TIA- 7,9,475,149,-382
-2,3,0.117928,-TIA- 7,9,475,147,-385
-1,3,0.117952,-TIA- 7,9,475,146,-388
-1,3,0.117969,-TIA- 7,9,475,145,-391
-1,3,0.118004,-TIA- 7,9,475,144,-394
-1,2,0.118027,-TIA- 7,9,475,143,-396
-1,3,0.11805,-TIA- 7,9,475,142,-399
-1,3,0.118079,-TIA- 7,9,475,141,-402
-1,3,0.118102,-TIA- 7,9,475,140,-405
-1,3,0.11812,-TIA- 7,9,475,139,-408
-2,3,0.118161,-TIA- 7,9,475,137,-411
-2,2,0.118184,-TIA- 7,9,475,135,-413
-2,3,0.118201,-TIA- 7,9,475,133,-416
-2,3,0.118236,-TIA- 7,9,475,131,-419
-2,3,0.118265,-TIA- 7,9,475,129,-422
-2,3,0.118277,-TIA- 7,9,475,127,-425
-1,2,0.1183,-TIA- 7,9,475,126,-427
-2,3,0.118329,-TIA- 7,9,475,124,-430
-2,3,0.118352,-TIA- 7,9,475,122,-433
-2,3,0.118375,-TIA- 7,9,475,120,-436
-2,3,0.118421,-TIA- 7,9,475,118,-439
-2,2,0.118428,-TIA- 7,9,475,116,-441
-2,3,0.118451,-TIA- 7,9,475,114,-444
-2,3,0.11848,-TIA- 7,9,475,112,-447
-1,3,0.118509,-TIA- 7,9,475,111,-450
-3,3,0.118532,-TIA- 7,9,475,108,-453
-3,3,0.118555,-TIA- 7,9,475,105,-456
-3,2,0.118579,-TIA- 7,9,475,102,-458
-3,3,0.118602,-TIA- 7,9,475,99,-461
-3,3,0.118625,-TIA- 7,9,475,96,-464
-2,3,0.11866,-TIA- 7,9,475,94,-467
-3,3,0.118683,-TIA- 7,9,475,91,-470
-3,2,0.118712,-TIA- 7,9,475,88,-472
-3,3,0.118729,-TIA- 7,9,475,85,-475
-3,4,0.118753,-TIA- 7,9,475,82,-479
-2,4,0.118776,-TIA- 7,9,475,80,-483
-3,3,0.118811,-TIA- 7,9,475,77,-486
-3,4,0.118834,-TIA- 7,9,475,74,-490
-3,4,0.118869,-TIA- 7,9,475,71,-494
-3,4,0.11888,-TIA- 7,9,475,68,-498
-2,3,0.118904,-TIA- 7,9,475,66,-501
-3,4,0.118933,-TIA- 7,9,475,63,-505
-3,4,0.118973,-TIA- 7,9,475,60,-509
-3,4,0.118985,-TIA- 7,9,475,57,-513
-3,3,0.11902,-TIA- 7,9,475,54,-516
-3,4,0.119031,-TIA- 7,9,475,51,-520
-2,4,0.11906,-TIA- 7,9,475,49,-524
-3,4,0.119084,-TIA- 7,9,475,46,-528
-3,3,0.119118,-TIA- 7,9,475,43,-531
-3,4,0.119147,-TIA- 7,9,475,40,-535
-3,4,0.119171,-TIA- 7,9,475,37,-539
-2,4,0.119188,-TIA- 7,9,475,35,-543
-3,3,0.119211,-TIA- 7,9,475,32,-546
-3,4,0.119234,-TIA- 7,9,475,29,-550
-3,4,0.119269,-TIA- 7,9,475,26,-554
-3,3,0.119298,-TIA- 7,9,475,23,-557
-2,3,0.119322,-TIA- 7,9,475,21,-560
-3,2,0.119339,-TIA- 7,9,475,18,-562
-3,3,0.119362,-TIA- 7,9,475,15,-565
-3,3,0.119385,-TIA- 7,9,475,12,-568
-3,3,0.11942,-TIA- 7,9,475,9,-571
-2,3,0.119449,-TIA- 7,9,475,7,-574
-3,2,0.119484,-TIA- 7,9,475,4,-576
-3,3,0.11949,-TIA- 7,9,475,1,-579
-3,3,0.119513,-TIA- 7,9,475,-2,-582
-3,3,0.119536,-TIA- 7,9,475,-5,-585
-3,4,0.119565,-TIA- 7,9,475,-8,-589
-2,3,0.119594,-TIA- 7,9,475,-10,-592
-3,4,0.119635,-TIA- 7,9,475,-13,-596
-3,4,0.119658,-TIA- 7,9,475,-16,-600
-3,4,0.119664,-TIA- 7,9,475,-19,-604
-3,3,0.119687,-TIA- 7,9,475,-22,-607
-2,4,0.119722,-TIA- 7,9,475,-24,-611
-3,4,0.119745,-TIA- 7,9,475,-27,-615
-3,4,0.119763,-TIA- 7,9,475,-30,-619
-3,2,0.119792,-TIA- 7,9,475,-33,-621
-3,3,0.119815,-TIA- 7,9,475,-36,-624
-2,3,0.119843,-TIA- 7,9,475,-38,-627
-2,3,0.119867,-TIA- 7,9,475,-40,-630
-2,3,0.119896,-TIA- 7,9,475,-42,-633
-2,3,0.119914,-TIA- 7,9,475,-44,-636
-2,2,0.11996,-TIA- 7,9,475,-46,-638
-1,3,0.119972,-TIA- 7,9,475,-47,-641
-1,3,0.119989,-TIA- 7,9,475,-48,-644
-1,3,0.120018,-TIA- 7,9,475,-49,-647
-1,3,0.120036,-TIA- 7,9,475,-50,-650
-1,2,0.120041,-TIA- 7,9,475,-51,-652
-1,3,0.120065,-TIA- 7,9,475,-52,-655
-1,3,0.120099,-TIA- 7,9,475,-53,-658
-2,3,0.120123,-TIA- 7,9,475,-55,-661
-2,3,0.120146,-TIA- 7,9,475,-57,-664
-2,2,0.120181,-TIA- 7,9,475,-59,-666
-2,3,0.120192,-TIA- 7,9,475,-61,-669
-2,3,0.120221,-TIA- 7,9,475,-63,-672
-2,3,0.12025,-TIA- 7,9,475,-65,-675
-2,3,0.120274,-TIA- 7,9,475,-67,-678
-1,3,0.120297,-TIA- 7,9,475,-68,-681
-2,2,0.120332,-TIA- 7,9,475,-70,-683
-2,3,0.120355,-TIA- 7,9,475,-72,-686
-2,3,0.120372,-TIA- 7,9,475,-74,-689
-3,2,0.120395,-TIA- 7,9,475,-77,-691
-3,2,0.120424,-TIA- 7,9,475,-80,-693
-3,2,0.120459,-TIA- 7,9,475,-83,-695
-1,1,0.120483,-TIA- 7,9,475,-84,-696
-2,2,0.120506,-TIA- 7,9,475,-86,-698
-2,2,0.120523,-TIA- 7,9,475,-88,-700
-2,2,0.120546,-TIA- 7,9,475,-90,-702
-1,2,0.120581,-TIA- 7,9,475,-91,-704
-1,2,0.12061,-TIA- 7,9,475,-92,-706
-1,2,0.120633,-TIA- 7,9,475,-93,-708
-1,2,0.120657,-TIA- 7,9,475,-94,-710
-1,1,0.120674,-TIA- 7,9,475,-95,-711
-1,2,0.120697,-TIA- 7,9,475,-96,-713
-1,1,0.120721,-TIA- 7,9,475,-97,-714
-1,1,0.120761,-TIA- 7,9,475,-98,-715
-1,1,0.120813,-TIA- 7,9,475,-99,-716
-1,1,0.120831,-TIA- 7,9,475,-100,-717
-1,1,0.121284,-TIA- 7,9,475,-101,-718
-1,1,0.121307,-TIA- 7,9,475,-102,-719
-1,1,0.121353,-TIA- 7,9,475,-103,-720
-2,1,0.121377,-TIA- 7,9,475,-105,-721
-2,2,0.1214,-TIA- 7,9,475,-107,-723
-2,2,0.121429,-TIA- 7,9,475,-109,-725
-2,2,0.121458,-TIA- 7,9,475,-111,-727
-2,2,0.121481,-TIA- 7,9,475,-113,-729
-2,2,0.121516,-TIA- 7,9,475,-115,-731
-2,2,0.121539,-TIA- 7,9,475,-117,-733
-1,1,0.121556,-TIA- 7,9,475,-118,-734
-2,2,0.12158,-TIA- 7,9,475,-120,-736
-2,2,0.121609,-TIA- 7,9,475,-122,-738
-3,2,0.121632,-TIA- 7,9,475,-125,-740
-2,2,0.121655,-TIA- 7,9,475,-127,-742
-2,2,0.12169,-TIA- 7,9,475,-129,-744
-2,2,0.121707,-TIA- 7,9,475,-131,-746
-1,2,0.121731,-TIA- 7,9,475,-132,-748
-2,1,0.12176,-TIA- 7,9,475,-134,-749
-2,2,0.121794,-TIA- 7,9,475,-136,-751
-2,2,0.121812,-TIA- 7,9,475,-138,-753
-2,1,0.121841,-TIA- 7,9,475,-140,-754
-2,1,0.12187,-TIA- 7,9,475,-142,-755
-2,1,0.121882,-TIA- 7,9,475,-144,-756
-1,1,0.121905,-TIA- 7,9,475,-145,-757
-1,1,0.121945,-TIA- 7,9,475,-146,-758
-1,1,0.131825,GO 8,191,390,-147,-759
1,1,0.131884,GO 8,191,390,-146,-760
2,-1,0.131953,GO 8,191,390,-144,-759
2,-1,0.131976,GO 8,191,390,-142,-758
2,-1,0.132011,GO 8,191,390,-140,-757
1,-1,0.132063,GO 8,191,390,-139,-756
1,-1,0.132098,GO 8,191,390,-138,-755
1,-1,0.132104,GO 8,191,390,-137,-754
1,-2,0.132127,GO 8,191,390,-136,-752
1,-2,0.132162,GO 8,191,390,-135,-750
1,-2,0.132193,GO 8,191,390,-134,-748
1,-2,0.132226,GO 8,191,390,-133,-746
1,-2,0.132238,GO 8,191,390,-132,-744
1,-2,0.132255,GO 8,191,390,-131,-742
1,-2,0.132284,GO 8,191,390,-130,-740
-1,-1,0.132307,GO 8,191,390,-131,-739
-1,-2,0.132348,GO 8,191,390,-132,-737
-1,-2,0.132377,GO 8,191,390,-133,-735
-1,-2,0.132389,GO 8,191,390,-134,-733
-1,-2,0.132412,GO 8,191,390,-135,-731
-1,-2,0.132435,GO 8,191,390,-136,-729
-1,-2,0.13247,GO 8,191,390,-137,-727
-1,-2,0.132499,GO 8,191,390,-138,-725
-1,-1,0.132505,GO 8,191,390,-139,-724
-1,-2,0.13254,GO 8,191,390,-140,-722
-1,-2,0.132563,GO 8,191,390,-141,-720
-1,-2,0.132592,GO 8,191,390,-142,-718
1,-2,0.132615,GO 8,191,390,-141,-716
1,-1,0.13264,GO 8,191,390,-140,-715
1,-1,0.132661,GO 8,191,390,-139,-714
-2,-1,0.132899,GO 8,191,390,-141,-713
-1,-1,0.132923,GO 8,191,390,-142,-712
-2,-1,0.132946,GO 8,191,390,-144,-711
-2,-1,0.132963,GO 8,191,390,-146,-710
-2,-2,0.132998,GO 8,191,390,-148,-708
-2,-2,0.133016,GO 8,191,390,-150,-706
-2,-2,0.133039,GO 8,191,390,-152,-704
-1,-2,0.133074,GO 8,191,390,-153,-702
-1,-2,0.133103,GO 8,191,390,-154,-700
-1,-1,0.133114,GO 8,191,390,-155,-699
-1,-2,0.133143,GO 8,191,390,-156,-697
-1,-3,0.133178,GO 8,191,390,-157,-694
1,-3,0.133201,GO 8,191,390,-156,-691
1,-3,0.133224,GO 8,191,390,-155,-688
1,-3,0.133248,GO 8,191,390,-154,-685
1,-2,0.133265,GO 8,191,390,-153,-683
2,-3,0.133288,GO 8,191,390,-151,-680
2,-3,0.133329,GO 8,191,390,-149,-677
2,-3,0.133364,GO 8,191,390,-147,-674
2,-3,0.133381,GO 8,191,390,-145,-671
2,-2,0.133399,GO 8,191,390,-143,-669
1,-3,0.133416,GO 8,191,390,-142,-666
2,-3,0.133439,GO 8,191,390,-140,-663
3,-3,0.133462,GO 8,191,390,-137,-660
3,-3,0.133503,GO 8,191,390,-134,-657
3,-3,0.133521,GO 8,191,390,-131,-654
3,-2,0.13355,GO 8,191,390,-128,-652
2,-3,0.133567,GO 8,191,390,-126,-649
3,-3,0.133596,GO 8,191,390,-123,-646
3,-3,0.133625,GO 8,191,390,-120,-643
3,-3,0.13366,GO 8,191,390,-117,-640
3,-2,0.133683,GO 8,191,390,-114,-638
2,-3,0.133712,GO 8,191,390,-112,-635
3,-3,0.133724,GO 8,191,390,-109,-632
3,-3,0.133747,GO 8,191,390,-106,-629
3,-3,0.133776,GO 8,191,390,-103,-626
3,-2,0.133811,GO 8,191,390,-100,-624
2,-1,0.13384,GO 8,191,390,-98,-623
3,-2,0.133863,GO 8,191,390,-95,-621
3,-2,0.133875,GO 8,191,390,-92,-619
3,-2,0.133898,GO 8,191,390,-89,-617
3,-2,0.133921,GO 8,191,390,-86,-615
3,-2,0.133962,GO 8,191,390,-83,-613
2,-2,0.133968,GO 8,191,390,-81,-611
3,-2,0.13402,GO 8,191,390,-78,-609
2,-1,0.134026,GO 8,191,390,-76,-608
2,-2,0.134049,GO 8,191,390,-74,-606
2,-2,0.134072,GO 8,191,390,-72,-604
2,-2,0.134113,GO 8,191,390,-70,-602
2,-2,0.134124,GO 8,191,390,-68,-600
1,-2,0.134153,GO 8,191,390,-67,-598
2,-2,0.134177,GO 8,191,390,-65,-596
2,-1,0.134211,GO 8,191,390,-63,-595
2,-1,0.134235,GO 8,191,390,-61,-594
2,-1,0.134275,GO 8,191,390,-59,-593
2,-1,0.134298,GO 8,191,390,-57,-592
2,-1,0.134327,GO 8,191,390,-55,-591
1,-1,0.134362,GO 8,191,390,-54,-590
2,-1,0.134391,GO 8,191,390,-52,-589
2,-1,0.134409,GO 8,191,390,-50,-588
2,-1,0.134426,GO 8,191,390,-48,-587
2,-1,0.134449,GO 8,191,390,-46,-586
2,-1,0.13448,GO 8,191,390,-44,-585
2,-1,0.134513,GO 8,191,390,-42,-584
2,-1,0.134547,GO 8,191,390,-40,-583
1,-1,0.134554,GO 8,191,390,-39,-582
2,-1,0.134577,GO 8,191,390,-37,-581
2,-1,0.134612,GO 8,191,390,-35,-580
2,-1,0.134635,GO 8,191,390,-33,-579
2,-1,0.134693,GO 8,191,390,-31,-578
2,-1,0.134722,GO 8,191,390,-29,-577
1,-1,0.134728,GO 8,191,390,-28,-576
2,-1,0.134763,GO 8,191,390,-26,-575
2,-1,0.134786,GO 8,191,390,-24,-574
2,-1,0.134809,GO 8,191,390,-22,-573
2,-1,0.134838,GO 8,191,390,-20,-572
2,-1,0.13485,GO 8,191,390,-18,-571
2,-1,0.134873,GO 8,191,390,-16,-570
2,-1,0.134908,GO 8,191,390,-14,-569
1,-1,0.134937,GO 8,191,390,-13,-568
1,-1,0.135837,GO 8,191,390,-12,-567
1,-1,0.135877,GO 8,191,390,-11,-566
1,-1,0.135901,GO 8,191,390,-10,-565
1,-1,0.135906,GO 8,191,390,-9,-564
1,-1,0.13597,GO 8,191,390,-8,-563
1,1,0.136766,GO 8,191,390,-7,-564
1,1,0.1368,GO 8,191,390,-6,-565
1,1,0.136835,GO 8,191,390,-5,-566
2,1,0.136858,GO 8,191,390,-3,-567
2,1,0.136893,GO 8,191,390,-1,-568
2,1,0.136928,GO 8,191,390,1,-569
2,1,0.136963,GO 8,191,390,3,-570
2,1,0.137265,GO 8,191,390,5,-571
2,1,0.137288,GO 8,191,390,7,-572
2,1,0.137317,GO 8,191,390,9,-573
2,1,0.137346,GO 8,191,390,11,-574
2,1,0.137377,GO 8,191,390,13,-575
1,1,0.137387,GO 8,191,390,14,-576
1,-1,0.137532,GO 8,191,390,15,-575
1,-1,0.137561,GO 8,191,390,16,-574
1,-1,0.13759,GO 8,191,390,17,-573
1,-1,0.138292,GO 8,191,390,18,-572
2,-1,0.138315,GO 8,191,390,20,-571
2,-1,0.138344,GO 8,191,390,22,-570
1,-1,0.138368,GO 8,191,390,23,-569
1,-1,0.138432,GO 8,191,390,24,-568
1,-1,0.138443,GO 8,191,390,25,-567
1,-1,0.138472,GO 8,191,390,26,-566
1,-1,0.138498,GO 8,191,390,27,-565
1,-1,0.138553,GO 8,191,390,28,-564
1,-1,0.138588,GO 8,191,390,29,-563
1,-1,0.138617,GO 8,191,390,30,-562
1,-1,0.138652,GO 8,191,390,31,-561
1,1,0.138803,GO 8,191,390,32,-562
1,1,0.13885,GO 8,191,390,33,-563
1,1,0.13889,GO 8,191,390,34,-564
1,1,0.138896,GO 8,191,390,35,-565
1,2,0.138919,GO 8,191,390,36,-567
1,2,0.138954,GO 8,191,390,37,-569
1,2,0.138983,GO 8,191,390,38,-571
2,2,0.139,GO 8,191,390,40,-573
2,2,0.139018,GO 8,191,390,42,-575
2,2,0.13907,GO 8,191,390,44,-577
1,1,0.139099,GO 8,191,390,45,-578
1,1,0.139134,GO 8,191,390,46,-579
1,1,0.139151,GO 8,191,390,47,-580
