deltaX,deltaY,WHEN,SYLLABLE,XofButton,YofButton,XofTrace,YofTrace
-1,-1,0.0256058,Yield,0,0,-1,1
-2,-1,0.0256464,Yield,0,0,-3,2
-2,-2,0.0256578,Yield,0,0,-5,4
-2,-2,0.0256813,Yield,0,0,-7,6
-2,-2,0.0257103,Yield,0,0,-9,8
-1,-1,0.0257451,Yield,0,0,-10,9
-2,-2,0.0257683,Yield,0,0,-12,11
-1,-2,0.0257974,Yield,0,0,-13,13
-1,-2,0.025809,Yield,0,0,-14,15
-1,-1,0.0258322,Yield,0,0,-15,16
-2,-1,0.0258612,Yield,0,0,-17,17
-1,1,0.0259251,Yield,0,0,-18,16
-1,1,0.0259657,Yield,0,0,-19,15
-2,1,0.0259889,Yield,0,0,-21,14
-1,1,0.0260063,Yield,0,0,-22,13
-1,1,0.0263605,Yield,0,0,-23,12
-2,1,0.0263837,Yield,0,0,-25,11
-2,1,0.0264069,Yield,0,0,-27,10
-3,1,0.0264417,Yield,0,0,-30,9
-3,1,0.0264707,Yield,0,0,-33,8
-3,1,0.0264882,Yield,0,0,-36,7
-4,1,0.0265056,Yield,0,0,-40,6
-4,1,0.0265462,Yield,0,0,-44,5
-4,1,0.0265642,Yield,0,0,-48,4
-3,1,0.0266101,Yield,0,0,-51,3
-3,2,0.0266391,Yield,0,0,-54,1
-1,1,0.0272544,Yield,0,0,-55,0
-1,1,0.0273264,Yield,0,0,-56,-1
-1,1,0.0273415,Yield,0,0,-57,-2
-2,-1,0.0274866,Yield,0,0,-59,-1
-6,-1,0.0275215,Yield,0,0,-65,0
-3,-1,0.0275621,Yield,0,0,-68,1
-3,-2,0.0275969,Yield,0,0,-71,3
-8,-2,0.0276376,Yield,0,0,-79,5
-4,-1,0.0277072,Yield,0,0,-83,6
-5,1,0.0277827,Yield,0,0,-88,5
-2,2,0.0278233,Yield,0,0,-90,3
-2,2,0.0278581,Yield,0,0,-92,1
-2,4,0.0278872,Yield,0,0,-94,-3
-2,2,0.0279184,Yield,0,0,-96,-5
-1,2,0.0279568,Yield,0,0,-97,-7
-1,2,0.0279917,Yield,0,0,-98,-9
-1,1,0.0280091,Yield,0,0,-99,-10
-2,2,0.0280207,Yield,0,0,-101,-12
-2,1,0.0280381,Yield,0,0,-103,-13
-2,1,0.0280714,Yield,0,0,-105,-14
-1,1,0.028102,Yield,0,0,-106,-15
-1,1,0.0281368,Yield,0,0,-107,-16
-1,1,0.0281658,Yield,0,0,-108,-17
-2,1,0.0402634,FRAY 1,87,416,-110,-18
-3,1,0.0402924,FRAY 1,87,416,-113,-19
-3,1,0.0403098,FRAY 1,87,416,-116,-20
-3,1,0.0403331,FRAY 1,87,416,-119,-21
-3,2,0.0403563,FRAY 1,87,416,-122,-23
-4,2,0.0403969,FRAY 1,87,416,-126,-25
-4,2,0.0404317,FRAY 1,87,416,-130,-27
-4,5,0.0404608,FRAY 1,87,416,-134,-32
-6,2,0.0404956,FRAY 1,87,416,-140,-34
-2,3,0.0405304,FRAY 1,87,416,-142,-37
-1,6,0.0405653,FRAY 1,87,416,-143,-43
1,3,0.0405827,FRAY 1,87,416,-142,-46
1,3,0.0406175,FRAY 1,87,416,-141,-49
2,4,0.0406465,FRAY 1,87,416,-139,-53
2,4,0.0406756,FRAY 1,87,416,-137,-57
2,7,0.0407104,FRAY 1,87,416,-135,-64
3,4,0.040751,FRAY 1,87,416,-132,-68
2,4,0.04078,FRAY 1,87,416,-130,-72
2,4,0.0408149,FRAY 1,87,416,-128,-76
2,7,0.0408439,FRAY 1,87,416,-126,-83
6,4,0.0408787,FRAY 1,87,416,-120,-87
2,4,0.0409078,FRAY 1,87,416,-118,-91
3,7,0.0409426,FRAY 1,87,416,-115,-98
6,4,0.0409832,FRAY 1,87,416,-109,-102
3,4,0.0410122,FRAY 1,87,416,-106,-106
2,7,0.0410471,FRAY 1,87,416,-104,-113
6,4,0.0410761,FRAY 1,87,416,-98,-117
3,4,0.0411109,FRAY 1,87,416,-95,-121
3,3,0.0411458,FRAY 1,87,416,-92,-124
2,8,0.0411806,FRAY 1,87,416,-90,-132
4,4,0.0412154,FRAY 1,87,416,-86,-136
2,3,0.041227,FRAY 1,87,416,-84,-139
2,4,0.0412619,FRAY 1,87,416,-82,-143
2,4,0.0412967,FRAY 1,87,416,-80,-147
2,7,0.0413373,FRAY 1,87,416,-78,-154
5,4,0.0413663,FRAY 1,87,416,-73,-158
3,8,0.0414012,FRAY 1,87,416,-70,-166
6,3,0.041436,FRAY 1,87,416,-64,-169
3,8,0.041465,FRAY 1,87,416,-61,-177
5,4,0.0414941,FRAY 1,87,416,-56,-181
3,3,0.0415289,FRAY 1,87,416,-53,-184
3,4,0.0415521,FRAY 1,87,416,-50,-188
3,8,0.0415869,FRAY 1,87,416,-47,-196
3,3,0.041616,FRAY 1,87,416,-44,-199
2,4,0.0416508,FRAY 1,87,416,-42,-203
1,4,0.0416624,FRAY 1,87,416,-41,-207
1,4,0.0416798,FRAY 1,87,416,-40,-211
1,3,0.0417146,FRAY 1,87,416,-39,-214
-1,4,0.0417437,FRAY 1,87,416,-40,-218
-1,4,0.0417611,FRAY 1,87,416,-41,-222
-1,4,0.0418017,FRAY 1,87,416,-42,-226
-1,3,0.0418075,FRAY 1,87,416,-43,-229
-1,4,0.0418366,FRAY 1,87,416,-44,-233
1,4,0.0418562,FRAY 1,87,416,-43,-237
1,4,0.0418888,FRAY 1,87,416,-42,-241
1,3,0.0419236,FRAY 1,87,416,-41,-244
2,4,0.0419352,FRAY 1,87,416,-39,-248
2,4,0.0419527,FRAY 1,87,416,-37,-252
2,4,0.0419817,FRAY 1,87,416,-35,-256
2,3,0.0420107,FRAY 1,87,416,-33,-259
2,4,0.0420397,FRAY 1,87,416,-31,-263
1,4,0.0420629,FRAY 1,87,416,-30,-267
1,4,0.0420804,FRAY 1,87,416,-29,-271
1,3,0.0421036,FRAY 1,87,416,-28,-274
1,4,0.0421384,FRAY 1,87,416,-27,-278
1,4,0.0421616,FRAY 1,87,416,-26,-282
1,4,0.0421849,FRAY 1,87,416,-25,-286
1,3,0.0422139,FRAY 1,87,416,-24,-289
1,4,0.0422313,FRAY 1,87,416,-23,-293
1,4,0.0422487,FRAY 1,87,416,-22,-297
1,4,0.0422817,FRAY 1,87,416,-21,-301
1,3,0.0423126,FRAY 1,87,416,-20,-304
1,4,0.04233,FRAY 1,87,416,-19,-308
1,4,0.0423416,FRAY 1,87,416,-18,-312
1,4,0.0423764,FRAY 1,87,416,-17,-316
1,3,0.0423996,FRAY 1,87,416,-16,-319
1,4,0.0424345,FRAY 1,87,416,-15,-323
1,4,0.0424635,FRAY 1,87,416,-14,-327
1,4,0.0424751,FRAY 1,87,416,-13,-331
1,3,0.0424983,FRAY 1,87,416,-12,-334
1,4,0.0425332,FRAY 1,87,416,-11,-338
1,4,0.0425622,FRAY 1,87,416,-10,-342
1,4,0.0425854,FRAY 1,87,416,-9,-346
1,3,0.0426144,FRAY 1,87,416,-8,-349
1,4,0.042626,FRAY 1,87,416,-7,-353
1,4,0.0426493,FRAY 1,87,416,-6,-357
1,4,0.0426783,FRAY 1,87,416,-5,-361
1,3,0.0427131,FRAY 1,87,416,-4,-364
1,4,0.0427421,FRAY 1,87,416,-3,-368
1,4,0.0427654,FRAY 1,87,416,-2,-372
1,4,0.0427712,FRAY 1,87,416,-1,-376
1,3,0.0427944,FRAY 1,87,416,0,-379
1,4,0.0428234,FRAY 1,87,416,1,-383
1,4,0.0428582,FRAY 1,87,416,2,-387
1,4,0.0428873,FRAY 1,87,416,3,-391
1,3,0.0429163,FRAY 1,87,416,4,-394
1,4,0.0429221,FRAY 1,87,416,5,-398
1,4,0.0429511,FRAY 1,87,416,6,-402
1,4,0.0429627,FRAY 1,87,416,7,-406
1,3,0.0430034,FRAY 1,87,416,8,-409
1,4,0.0430324,FRAY 1,87,416,9,-413
1,8,0.0430672,FRAY 1,87,416,10,-421
-1,3,0.0430962,FRAY 1,87,416,9,-424
-1,4,0.0431137,FRAY 1,87,416,8,-428
-1,4,0.0431485,FRAY 1,87,416,7,-432
-1,4,0.0431775,FRAY 1,87,416,6,-436
-1,6,0.0432181,FRAY 1,87,416,5,-442
-2,4,0.043253,FRAY 1,87,416,3,-446
-2,4,0.0432762,FRAY 1,87,416,1,-450
-2,3,0.0432994,FRAY 1,87,416,-1,-453
-2,4,0.0433284,FRAY 1,87,416,-3,-457
-2,8,0.0433633,FRAY 1,87,416,-5,-465
-2,3,0.0433981,FRAY 1,87,416,-7,-468
-2,4,0.0434097,FRAY 1,87,416,-9,-472
-2,4,0.0434445,FRAY 1,87,416,-11,-476
-2,4,0.0434736,FRAY 1,87,416,-13,-480
-2,3,0.0435084,FRAY 1,87,416,-15,-483
-2,4,0.0435254,FRAY 1,87,416,-17,-487
-2,4,0.043549,FRAY 1,87,416,-19,-491
-2,4,0.043578,FRAY 1,87,416,-21,-495
-2,3,0.0435955,FRAY 1,87,416,-23,-498
-2,4,0.0436361,FRAY 1,87,416,-25,-502
-2,4,0.0436593,FRAY 1,87,416,-27,-506
-2,4,0.0436651,FRAY 1,87,416,-29,-510
-2,3,0.0436941,FRAY 1,87,416,-31,-513
-2,4,0.0437232,FRAY 1,87,416,-33,-517
-2,4,0.0437406,FRAY 1,87,416,-35,-521
-2,4,0.0437754,FRAY 1,87,416,-37,-525
-2,3,0.0437754,FRAY 1,87,416,-39,-528
-2,4,0.0438102,FRAY 1,87,416,-41,-532
-2,4,0.0438335,FRAY 1,87,416,-43,-536
-2,4,0.0438683,FRAY 1,87,416,-45,-540
-2,3,0.0438973,FRAY 1,87,416,-47,-543
-2,5,0.0439322,FRAY 1,87,416,-49,-548
-2,2,0.043967,FRAY 1,87,416,-51,-550
-2,1,0.0439869,FRAY 1,87,416,-53,-551
-2,1,0.0440493,FRAY 1,87,416,-55,-552
-2,-1,0.0547701,SAN- 2,387,311,-57,-551
-1,-1,0.0548165,SAN- 2,387,311,-58,-550
-1,-1,0.0548339,SAN- 2,387,311,-59,-549
-1,-2,0.0548862,SAN- 2,387,311,-60,-547
-1,-2,0.0549152,SAN- 2,387,311,-61,-545
-1,-2,0.0549442,SAN- 2,387,311,-62,-543
-1,-2,0.0549616,SAN- 2,387,311,-63,-541
-1,-2,0.0550023,SAN- 2,387,311,-64,-539
-2,-3,0.0550197,SAN- 2,387,311,-66,-536
-2,-2,0.0550429,SAN- 2,387,311,-68,-534
-1,-3,0.0550661,SAN- 2,387,311,-69,-531
-2,-3,0.055101,SAN- 2,387,311,-71,-528
-2,-3,0.0551184,SAN- 2,387,311,-73,-525
-2,-3,0.05513,SAN- 2,387,311,-75,-522
-2,-2,0.055159,SAN- 2,387,311,-77,-520
-2,-3,0.0551764,SAN- 2,387,311,-79,-517
1,-3,0.0552112,SAN- 2,387,311,-78,-514
2,-3,0.0552439,SAN- 2,387,311,-76,-511
2,-3,0.0552519,SAN- 2,387,311,-74,-508
3,-3,0.0552751,SAN- 2,387,311,-71,-505
2,-2,0.0553041,SAN- 2,387,311,-69,-503
3,-2,0.0553464,SAN- 2,387,311,-66,-501
3,-2,0.0553796,SAN- 2,387,311,-63,-499
3,-2,0.055397,SAN- 2,387,311,-60,-497
3,-2,0.0554028,SAN- 2,387,311,-57,-495
2,-2,0.055426,SAN- 2,387,311,-55,-493
3,-2,0.0554609,SAN- 2,387,311,-52,-491
3,-1,0.0554899,SAN- 2,387,311,-49,-490
3,-2,0.0555073,SAN- 2,387,311,-46,-488
3,-2,0.0555479,SAN- 2,387,311,-43,-486
2,-2,0.0555537,SAN- 2,387,311,-41,-484
1,-2,0.055577,SAN- 2,387,311,-40,-482
1,-2,0.0556118,SAN- 2,387,311,-39,-480
1,-2,0.0556408,SAN- 2,387,311,-38,-478
1,-2,0.0556756,SAN- 2,387,311,-37,-476
-1,-1,0.0557047,SAN- 2,387,311,-38,-475
-1,-1,0.0557395,SAN- 2,387,311,-39,-474
-1,-1,0.0557917,SAN- 2,387,311,-40,-473
1,-1,0.0558266,SAN- 2,387,311,-39,-472
1,-1,0.0558614,SAN- 2,387,311,-38,-471
2,-1,0.0558672,SAN- 2,387,311,-36,-470
2,-1,0.0558904,SAN- 2,387,311,-34,-469
2,-1,0.0559137,SAN- 2,387,311,-32,-468
3,-1,0.0559485,SAN- 2,387,311,-29,-467
3,-1,0.0559775,SAN- 2,387,311,-26,-466
3,-2,0.0559949,SAN- 2,387,311,-23,-464
3,-2,0.0560123,SAN- 2,387,311,-20,-462
2,-2,0.0560414,SAN- 2,387,311,-18,-460
3,-2,0.0560588,SAN- 2,387,311,-15,-458
3,-2,0.0560994,SAN- 2,387,311,-12,-456
3,-2,0.0561226,SAN- 2,387,311,-9,-454
3,-2,0.0561459,SAN- 2,387,311,-6,-452
2,-1,0.0561633,SAN- 2,387,311,-4,-451
3,-2,0.0561923,SAN- 2,387,311,-1,-449
3,-2,0.0562271,SAN- 2,387,311,2,-447
3,-2,0.0562503,SAN- 2,387,311,5,-445
3,-2,0.0562678,SAN- 2,387,311,8,-443
3,-3,0.0563084,SAN- 2,387,311,11,-440
2,-3,0.0563228,SAN- 2,387,311,13,-437
3,-2,0.0563432,SAN- 2,387,311,16,-435
3,-3,0.056378,SAN- 2,387,311,19,-432
3,-6,0.0564071,SAN- 2,387,311,22,-426
5,-4,0.0564593,SAN- 2,387,311,27,-422
6,-2,0.0564905,SAN- 2,387,311,33,-420
3,-2,0.0565174,SAN- 2,387,311,36,-418
3,-1,0.0565464,SAN- 2,387,311,39,-417
2,-1,0.056558,SAN- 2,387,311,41,-416
3,-1,0.056587,SAN- 2,387,311,44,-415
3,-1,0.0566102,SAN- 2,387,311,47,-414
3,-1,0.0566335,SAN- 2,387,311,50,-413
3,-1,0.0566683,SAN- 2,387,311,53,-412
3,-1,0.0566973,SAN- 2,387,311,56,-411
2,-1,0.0567147,SAN- 2,387,311,58,-410
3,-1,0.0567438,SAN- 2,387,311,61,-409
3,-2,0.0567728,SAN- 2,387,311,64,-407
3,-1,0.0568018,SAN- 2,387,311,67,-406
3,-2,0.0568134,SAN- 2,387,311,70,-404
2,-2,0.0568366,SAN- 2,387,311,72,-402
3,-2,0.0568541,SAN- 2,387,311,75,-400
3,-2,0.0568773,SAN- 2,387,311,78,-398
3,-2,0.0569005,SAN- 2,387,311,81,-396
3,-2,0.0569237,SAN- 2,387,311,84,-394
2,-2,0.0569585,SAN- 2,387,311,86,-392
3,-1,0.0569876,SAN- 2,387,311,89,-391
3,-2,0.057005,SAN- 2,387,311,92,-389
3,-2,0.0570282,SAN- 2,387,311,95,-387
3,-2,0.0570514,SAN- 2,387,311,98,-385
2,-2,0.0570863,SAN- 2,387,311,100,-383
3,-2,0.0571095,SAN- 2,387,311,103,-381
3,-2,0.0571443,SAN- 2,387,311,106,-379
3,-2,0.0571501,SAN- 2,387,311,109,-377
3,-1,0.0571733,SAN- 2,387,311,112,-376
3,-2,0.0572024,SAN- 2,387,311,115,-374
2,-2,0.0572372,SAN- 2,387,311,117,-372
3,-2,0.0572662,SAN- 2,387,311,120,-370
3,-2,0.0572952,SAN- 2,387,311,123,-368
3,-2,0.057301,SAN- 2,387,311,126,-366
3,-2,0.0573243,SAN- 2,387,311,129,-364
2,-2,0.0573475,SAN- 2,387,311,131,-362
3,-1,0.0573881,SAN- 2,387,311,134,-361
3,-2,0.0574229,SAN- 2,387,311,137,-359
3,-5,0.057452,SAN- 2,387,311,140,-354
5,-3,0.0574868,SAN- 2,387,311,145,-351
3,-3,0.0574984,SAN- 2,387,311,148,-348
3,-2,0.057539,SAN- 2,387,311,151,-346
3,-3,0.0575739,SAN- 2,387,311,154,-343
3,-6,0.0576029,SAN- 2,387,311,157,-337
5,-3,0.0576377,SAN- 2,387,311,162,-334
3,-2,0.0576551,SAN- 2,387,311,165,-332
3,-3,0.0576842,SAN- 2,387,311,168,-329
3,-3,0.0577132,SAN- 2,387,311,171,-326
3,-3,0.0577422,SAN- 2,387,311,174,-323
2,-3,0.0577596,SAN- 2,387,311,176,-320
3,-3,0.0577712,SAN- 2,387,311,179,-317
3,-2,0.0578003,SAN- 2,387,311,182,-315
3,-3,0.0578293,SAN- 2,387,311,185,-312
3,-3,0.0578583,SAN- 2,387,311,188,-309
2,-3,0.0578932,SAN- 2,387,311,190,-306
3,-3,0.0579106,SAN- 2,387,311,193,-303
3,-2,0.0579338,SAN- 2,387,311,196,-301
3,-3,0.057957,SAN- 2,387,311,199,-298
3,-3,0.0579802,SAN- 2,387,311,202,-295
3,-2,0.0580151,SAN- 2,387,311,205,-293
2,-2,0.0580209,SAN- 2,387,311,207,-291
3,-2,0.0580615,SAN- 2,387,311,210,-289
3,-2,0.0580789,SAN- 2,387,311,213,-287
3,-1,0.0581021,SAN- 2,387,311,216,-286
3,-1,0.0581312,SAN- 2,387,311,219,-285
2,-1,0.058166,SAN- 2,387,311,221,-284
3,1,0.0582124,SAN- 2,387,311,224,-285
3,1,0.0582298,SAN- 2,387,311,227,-286
3,1,0.0582531,SAN- 2,387,311,230,-287
2,2,0.0582879,SAN- 2,387,311,232,-289
3,2,0.0583169,SAN- 2,387,311,235,-291
3,3,0.0583343,SAN- 2,387,311,238,-294
3,3,0.0583634,SAN- 2,387,311,241,-297
3,3,0.0583808,SAN- 2,387,311,244,-300
2,2,0.0584156,SAN- 2,387,311,246,-302
3,3,0.0584446,SAN- 2,387,311,249,-305
3,3,0.058462,SAN- 2,387,311,252,-308
3,3,0.0584853,SAN- 2,387,311,255,-311
3,3,0.0585085,SAN- 2,387,311,258,-314
3,3,0.0585317,SAN- 2,387,311,261,-317
2,2,0.0585665,SAN- 2,387,311,263,-319
3,3,0.0585956,SAN- 2,387,311,266,-322
3,3,0.0586188,SAN- 2,387,311,269,-325
3,3,0.0586304,SAN- 2,387,311,272,-328
3,3,0.058642,SAN- 2,387,311,275,-331
2,2,0.0586826,SAN- 2,387,311,277,-333
3,3,0.0587059,SAN- 2,387,311,280,-336
3,3,0.0587291,SAN- 2,387,311,283,-339
3,3,0.0587523,SAN- 2,387,311,286,-342
3,3,0.0587813,SAN- 2,387,311,289,-345
2,2,0.0588045,SAN- 2,387,311,291,-347
3,3,0.0588278,SAN- 2,387,311,294,-350
3,3,0.058851,SAN- 2,387,311,297,-353
3,3,0.05888,SAN- 2,387,311,300,-356
3,3,0.0589206,SAN- 2,387,311,303,-359
3,3,0.058938,SAN- 2,387,311,306,-362
2,2,0.0589555,SAN- 2,387,311,308,-364
3,3,0.0589787,SAN- 2,387,311,311,-367
3,3,0.0590019,SAN- 2,387,311,314,-370
3,3,0.0590367,SAN- 2,387,311,317,-373
3,3,0.0590658,SAN- 2,387,311,320,-376
2,3,0.0591006,SAN- 2,387,311,322,-379
6,2,0.0591296,SAN- 2,387,311,328,-381
3,2,0.0591528,SAN- 2,387,311,331,-383
3,2,0.0591761,SAN- 2,387,311,334,-385
2,1,0.0592051,SAN- 2,387,311,336,-386
3,1,0.0592399,SAN- 2,387,311,339,-387
3,1,0.0592457,SAN- 2,387,311,342,-388
3,1,0.0592631,SAN- 2,387,311,345,-389
3,1,0.0592922,SAN- 2,387,311,348,-390
2,1,0.059327,SAN- 2,387,311,350,-391
3,1,0.0593588,SAN- 2,387,311,353,-392
3,1,0.0593908,SAN- 2,387,311,356,-393
3,2,0.0594024,SAN- 2,387,311,359,-395
3,2,0.0594199,SAN- 2,387,311,362,-397
3,3,0.0594547,SAN- 2,387,311,365,-400
2,3,0.0594953,SAN- 2,387,311,367,-403
3,3,0.0595127,SAN- 2,387,311,370,-406
3,5,0.0595418,SAN- 2,387,311,373,-411
6,3,0.0595766,SAN- 2,387,311,379,-414
2,3,0.0595998,SAN- 2,387,311,381,-417
3,3,0.059623,SAN- 2,387,311,384,-420
3,2,0.0596521,SAN- 2,387,311,387,-422
3,3,0.0596985,SAN- 2,387,311,390,-425
3,2,0.0596999,SAN- 2,387,311,393,-427
2,2,0.0597173,SAN- 2,387,311,395,-429
3,1,0.0597507,SAN- 2,387,311,398,-430
3,1,0.059774,SAN- 2,387,311,401,-431
3,-1,0.0598552,SAN- 2,387,311,404,-430
2,-1,0.0598727,SAN- 2,387,311,406,-429
3,-1,0.0598959,SAN- 2,387,311,409,-428
3,-1,0.0599249,SAN- 2,387,311,412,-427
3,-1,0.0599597,SAN- 2,387,311,415,-426
3,-1,0.0599888,SAN- 2,387,311,418,-425
1,-1,0.0600062,SAN- 2,387,311,419,-424
2,-1,0.0600236,SAN- 2,387,311,421,-423
1,-1,0.06007,SAN- 2,387,311,422,-422
1,-1,0.0601861,SAN- 2,387,311,423,-421
1,-1,0.0602384,SAN- 2,387,311,424,-420
1,-2,0.0602449,SAN- 2,387,311,425,-418
1,-2,0.060279,SAN- 2,387,311,426,-416
1,-2,0.0603022,SAN- 2,387,311,427,-414
1,-1,0.0603254,SAN- 2,387,311,428,-413
1,-2,0.0603603,SAN- 2,387,311,429,-411
1,-2,0.0603893,SAN- 2,387,311,430,-409
1,-2,0.0604241,SAN- 2,387,311,431,-407
1,-2,0.0604299,SAN- 2,387,311,432,-405
1,-2,0.0604648,SAN- 2,387,311,433,-403
1,-2,0.0604764,SAN- 2,387,311,434,-401
-1,-2,0.0605112,SAN- 2,387,311,433,-399
-1,-1,0.060546,SAN- 2,387,311,432,-398
-2,-4,0.0605867,SAN- 2,387,311,430,-394
-4,-2,0.0606099,SAN- 2,387,311,426,-392
-2,-1,0.0606389,SAN- 2,387,311,424,-391
-1,-1,0.0606621,SAN- 2,387,311,423,-390
-1,-1,0.060697,SAN- 2,387,311,422,-389
1,1,0.0607724,SAN- 2,387,311,423,-390
1,1,0.0607988,SAN- 2,387,311,424,-391
1,-1,0.0702578,-TIA- 3,329,115,425,-390
1,-1,0.0703158,-TIA- 3,329,115,426,-389
1,-2,0.070339,-TIA- 3,329,115,427,-387
2,-4,0.0703797,-TIA- 3,329,115,429,-383
3,-1,0.0704087,-TIA- 3,329,115,432,-382
2,-2,0.0704377,-TIA- 3,329,115,434,-380
2,-2,0.0704784,-TIA- 3,329,115,436,-378
2,-2,0.0705074,-TIA- 3,329,115,438,-376
2,-2,0.0705248,-TIA- 3,329,115,440,-374
2,-2,0.0705364,-TIA- 3,329,115,442,-372
2,-2,0.0705654,-TIA- 3,329,115,444,-370
2,-2,0.0705887,-TIA- 3,329,115,446,-368
1,-1,0.0706525,-TIA- 3,329,115,447,-367
1,-1,0.070966,-TIA- 3,329,115,448,-366
1,-2,0.0710124,-TIA- 3,329,115,449,-364
1,-2,0.0710473,-TIA- 3,329,115,450,-362
1,-2,0.0710705,-TIA- 3,329,115,451,-360
-1,-3,0.0710995,-TIA- 3,329,115,450,-357
-1,-2,0.0711111,-TIA- 3,329,115,449,-355
-1,-3,0.0711459,-TIA- 3,329,115,448,-352
-2,-3,0.0711708,-TIA- 3,329,115,446,-349
-1,-3,0.071204,-TIA- 3,329,115,445,-346
-2,-3,0.0712388,-TIA- 3,329,115,443,-343
-2,-2,0.0712493,-TIA- 3,329,115,441,-341
-2,-3,0.0712795,-TIA- 3,329,115,439,-338
-2,-3,0.0712969,-TIA- 3,329,115,437,-335
-2,-3,0.0713259,-TIA- 3,329,115,435,-332
-2,-3,0.0713549,-TIA- 3,329,115,433,-329
-2,-2,0.0713665,-TIA- 3,329,115,431,-327
-1,-3,0.0713956,-TIA- 3,329,115,430,-324
-2,-3,0.0714188,-TIA- 3,329,115,428,-321
-2,-3,0.0714536,-TIA- 3,329,115,426,-318
-3,-3,0.071471,-TIA- 3,329,115,423,-315
-3,-3,0.0715,-TIA- 3,329,115,420,-312
-3,-2,0.0715175,-TIA- 3,329,115,417,-310
-2,-3,0.0715349,-TIA- 3,329,115,415,-307
-3,-3,0.0715639,-TIA- 3,329,115,412,-304
-3,-3,0.0715987,-TIA- 3,329,115,409,-301
-3,-3,0.0716278,-TIA- 3,329,115,406,-298
-3,-2,0.0716452,-TIA- 3,329,115,403,-296
-3,-3,0.071651,-TIA- 3,329,115,400,-293
-2,-3,0.071682,-TIA- 3,329,115,398,-290
-3,-3,0.071709,-TIA- 3,329,115,395,-287
-3,-3,0.0717439,-TIA- 3,329,115,392,-284
-3,-2,0.0717729,-TIA- 3,329,115,389,-282
-3,-3,0.0718019,-TIA- 3,329,115,386,-279
-2,-3,0.0718135,-TIA- 3,329,115,384,-276
-3,-3,0.0718367,-TIA- 3,329,115,381,-273
-3,-3,0.07186,-TIA- 3,329,115,378,-270
-3,-3,0.0718832,-TIA- 3,329,115,375,-267
-2,-2,0.0719122,-TIA- 3,329,115,373,-265
-2,-3,0.071947,-TIA- 3,329,115,371,-262
-1,-3,0.0719528,-TIA- 3,329,115,370,-259
-2,-3,0.0719819,-TIA- 3,329,115,368,-256
-2,-3,0.0720051,-TIA- 3,329,115,366,-253
-2,-2,0.0720341,-TIA- 3,329,115,364,-251
-2,-3,0.0720399,-TIA- 3,329,115,362,-248
-2,-3,0.0720922,-TIA- 3,329,115,360,-245
-2,-3,0.072098,-TIA- 3,329,115,358,-242
-1,-3,0.0721328,-TIA- 3,329,115,357,-239
-1,-2,0.0721618,-TIA- 3,329,115,356,-237
-1,-3,0.0721792,-TIA- 3,329,115,355,-234
-1,-3,0.0722024,-TIA- 3,329,115,354,-231
-1,-3,0.0722257,-TIA- 3,329,115,353,-228
1,-3,0.0722605,-TIA- 3,329,115,354,-225
1,-3,0.0722837,-TIA- 3,329,115,355,-222
1,-2,0.0723127,-TIA- 3,329,115,356,-220
1,-3,0.0723476,-TIA- 3,329,115,357,-217
1,-3,0.0723592,-TIA- 3,329,115,358,-214
1,-3,0.0723824,-TIA- 3,329,115,359,-211
1,-3,0.0724114,-TIA- 3,329,115,360,-208
1,-2,0.0724346,-TIA- 3,329,115,361,-206
1,-3,0.0724637,-TIA- 3,329,115,362,-203
1,-3,0.0724985,-TIA- 3,329,115,363,-200
1,-3,0.0725043,-TIA- 3,329,115,364,-197
1,-3,0.0725333,-TIA- 3,329,115,365,-194
1,-2,0.0725548,-TIA- 3,329,115,366,-192
1,-3,0.0725798,-TIA- 3,329,115,367,-189
1,-3,0.0726088,-TIA- 3,329,115,368,-186
1,-3,0.0726494,-TIA- 3,329,115,369,-183
1,-3,0.0726577,-TIA- 3,329,115,370,-180
1,-3,0.0726843,-TIA- 3,329,115,371,-177
1,-2,0.0727133,-TIA- 3,329,115,372,-175
1,-3,0.0727365,-TIA- 3,329,115,373,-172
1,-3,0.0727597,-TIA- 3,329,115,374,-169
1,-3,0.0727946,-TIA- 3,329,115,375,-166
1,-3,0.072812,-TIA- 3,329,115,376,-163
1,-2,0.0728352,-TIA- 3,329,115,377,-161
1,-3,0.0728642,-TIA- 3,329,115,378,-158
1,-3,0.0728932,-TIA- 3,329,115,379,-155
1,-3,0.0729165,-TIA- 3,329,115,380,-152
1,-3,0.0729455,-TIA- 3,329,115,381,-149
2,-2,0.0729629,-TIA- 3,329,115,383,-147
1,-3,0.0729803,-TIA- 3,329,115,384,-144
2,-3,0.0730093,-TIA- 3,329,115,386,-141
2,-3,0.0730442,-TIA- 3,329,115,388,-138
2,-3,0.0730674,-TIA- 3,329,115,390,-135
2,-3,0.0730964,-TIA- 3,329,115,392,-132
2,-2,0.073108,-TIA- 3,329,115,394,-130
2,-3,0.0731138,-TIA- 3,329,115,396,-127
1,-3,0.0731487,-TIA- 3,329,115,397,-124
1,-3,0.0731719,-TIA- 3,329,115,398,-121
-1,-3,0.0732009,-TIA- 3,329,115,397,-118
-1,-2,0.0732241,-TIA- 3,329,115,396,-116
-2,-3,0.0732473,-TIA- 3,329,115,394,-113
-3,-3,0.0732648,-TIA- 3,329,115,391,-110
-3,-3,0.0732996,-TIA- 3,329,115,388,-107
-3,-3,0.0733286,-TIA- 3,329,115,385,-104
-2,-2,0.0733518,-TIA- 3,329,115,383,-102
-4,-3,0.0733867,-TIA- 3,329,115,379,-99
-4,-3,0.0733983,-TIA- 3,329,115,375,-96
-4,-3,0.0734273,-TIA- 3,329,115,371,-93
-3,-3,0.0734505,-TIA- 3,329,115,368,-90
-4,-3,0.0734795,-TIA- 3,329,115,364,-87
-4,-2,0.0735144,-TIA- 3,329,115,360,-85
-3,-6,0.0735434,-TIA- 3,329,115,357,-79
-5,-3,0.0735782,-TIA- 3,329,115,352,-76
-3,-3,0.0736015,-TIA- 3,329,115,349,-73
-3,-2,0.0736363,-TIA- 3,329,115,346,-71
-3,-3,0.0736479,-TIA- 3,329,115,343,-68
-3,-3,0.0736711,-TIA- 3,329,115,340,-65
-2,-3,0.0736885,-TIA- 3,329,115,338,-62
-3,-3,0.0737234,-TIA- 3,329,115,335,-59
-3,-2,0.0737466,-TIA- 3,329,115,332,-57
-3,-3,0.0737756,-TIA- 3,329,115,329,-54
-3,-3,0.073793,-TIA- 3,329,115,326,-51
-2,-3,0.0738104,-TIA- 3,329,115,324,-48
-3,-3,0.0738511,-TIA- 3,329,115,321,-45
-3,-3,0.0738801,-TIA- 3,329,115,318,-42
-3,-2,0.0739033,-TIA- 3,329,115,315,-40
-3,-3,0.0739207,-TIA- 3,329,115,312,-37
-2,-3,0.0739381,-TIA- 3,329,115,310,-34
-2,-3,0.073973,-TIA- 3,329,115,308,-31
-2,-3,0.074002,-TIA- 3,329,115,306,-28
-2,-2,0.0740252,-TIA- 3,329,115,304,-26
-2,-3,0.07406,-TIA- 3,329,115,302,-23
-2,-6,0.0740891,-TIA- 3,329,115,300,-17
-2,-3,0.0741239,-TIA- 3,329,115,298,-14
-2,-2,0.0741446,-TIA- 3,329,115,296,-12
-2,-2,0.0741761,-TIA- 3,329,115,294,-10
1,-2,0.0741994,-TIA- 3,329,115,295,-8
1,-1,0.07424,-TIA- 3,329,115,296,-7
1,-1,0.0742516,-TIA- 3,329,115,297,-6
2,1,0.0743387,-TIA- 3,329,115,299,-7
1,1,0.0743561,-TIA- 3,329,115,300,-8
2,2,0.0743851,-TIA- 3,329,115,302,-10
2,2,0.0744025,-TIA- 3,329,115,304,-12
2,2,0.07442,-TIA- 3,329,115,306,-14
2,1,0.074449,-TIA- 3,329,115,308,-15
2,2,0.0744838,-TIA- 3,329,115,310,-17
2,2,0.0745128,-TIA- 3,329,115,312,-19
2,2,0.0745361,-TIA- 3,329,115,314,-21
1,2,0.0745535,-TIA- 3,329,115,315,-23
2,2,0.0745709,-TIA- 3,329,115,317,-25
2,3,0.0746115,-TIA- 3,329,115,319,-28
2,2,0.0746405,-TIA- 3,329,115,321,-30
1,3,0.074658,-TIA- 3,329,115,322,-33
1,3,0.0746928,-TIA- 3,329,115,323,-36
1,2,0.0747044,-TIA- 3,329,115,324,-38
1,2,0.0747276,-TIA- 3,329,115,325,-40
1,1,0.0747566,-TIA- 3,329,115,326,-41
1,1,0.0748089,-TIA- 3,329,115,327,-42
1,1,0.0748205,-TIA- 3,329,115,328,-43
1,2,0.0748727,-TIA- 3,329,115,329,-45
1,2,0.074896,-TIA- 3,329,115,330,-47
1,2,0.0749308,-TIA- 3,329,115,331,-49
1,1,0.0749482,-TIA- 3,329,115,332,-50
1,1,0.0750005,-TIA- 3,329,115,333,-51
1,1,0.075028,-TIA- 3,329,115,334,-52
-1,1,0.0854843,GO 4,282,431,333,-53
-2,1,0.0855133,GO 4,282,431,331,-54
-2,1,0.0855341,GO 4,282,431,329,-55
-3,1,0.0855888,GO 4,282,431,326,-56
-2,1,0.0856236,GO 4,282,431,324,-57
-2,2,0.0856352,GO 4,282,431,322,-59
-2,2,0.0856642,GO 4,282,431,320,-61
-2,2,0.0856874,GO 4,282,431,318,-63
-2,2,0.0857165,GO 4,282,431,316,-65
2,3,0.0857571,GO 4,282,431,318,-68
2,2,0.0857803,GO 4,282,431,320,-70
2,3,0.0857919,GO 4,282,431,322,-73
3,3,0.0858151,GO 4,282,431,325,-76
3,3,0.0858384,GO 4,282,431,328,-79
3,4,0.0858674,GO 4,282,431,331,-83
2,3,0.0859022,GO 4,282,431,333,-86
3,4,0.085908,GO 4,282,431,336,-90
3,4,0.0859429,GO 4,282,431,339,-94
3,4,0.0859661,GO 4,282,431,342,-98
3,3,0.0859893,GO 4,282,431,345,-101
2,4,0.0860195,GO 4,282,431,347,-105
3,4,0.0860357,GO 4,282,431,350,-109
3,4,0.0860648,GO 4,282,431,353,-113
3,3,0.0860938,GO 4,282,431,356,-116
3,4,0.086117,GO 4,282,431,359,-120
2,4,0.0861402,GO 4,282,431,361,-124
3,4,0.0861751,GO 4,282,431,364,-128
3,3,0.0861925,GO 4,282,431,367,-131
3,4,0.0862157,GO 4,282,431,370,-135
3,4,0.0862389,GO 4,282,431,373,-139
3,4,0.0862679,GO 4,282,431,376,-143
2,3,0.0863028,GO 4,282,431,378,-146
3,4,0.086326,GO 4,282,431,381,-150
3,4,0.0863434,GO 4,282,431,384,-154
3,4,0.0863724,GO 4,282,431,387,-158
3,3,0.0864073,GO 4,282,431,390,-161
2,4,0.0864189,GO 4,282,431,392,-165
3,4,0.0864537,GO 4,282,431,395,-169
3,4,0.0864871,GO 4,282,431,398,-173
3,3,0.0864943,GO 4,282,431,401,-176
3,4,0.0865176,GO 4,282,431,404,-180
2,4,0.0865408,GO 4,282,431,406,-184
3,4,0.0865737,GO 4,282,431,409,-188
3,3,0.0865988,GO 4,282,431,412,-191
3,4,0.0866278,GO 4,282,431,415,-195
3,4,0.0866453,GO 4,282,431,418,-199
2,4,0.0866685,GO 4,282,431,420,-203
3,3,0.0867033,GO 4,282,431,423,-206
3,4,0.0867149,GO 4,282,431,426,-210
2,4,0.0867498,GO 4,282,431,428,-214
1,4,0.0867788,GO 4,282,431,429,-218
1,3,0.0867962,GO 4,282,431,430,-221
1,4,0.0868194,GO 4,282,431,431,-225
-1,4,0.0868542,GO 4,282,431,430,-229
-2,4,0.0868706,GO 4,282,431,428,-233
-2,3,0.0869007,GO 4,282,431,426,-236
-2,4,0.0869355,GO 4,282,431,424,-240
-2,4,0.0869471,GO 4,282,431,422,-244
-1,4,0.0869703,GO 4,282,431,421,-248
-2,3,0.0870052,GO 4,282,431,419,-251
-2,4,0.0870226,GO 4,282,431,417,-255
-2,4,0.0870516,GO 4,282,431,415,-259
-2,4,0.0870864,GO 4,282,431,413,-263
-2,3,0.0871029,GO 4,282,431,411,-266
-2,4,0.0871271,GO 4,282,431,409,-270
-2,4,0.0871445,GO 4,282,431,407,-274
-1,4,0.0871677,GO 4,282,431,406,-278
-1,3,0.0871967,GO 4,282,431,405,-281
-1,4,0.0872258,GO 4,282,431,404,-285
-1,4,0.0872432,GO 4,282,431,403,-289
-2,4,0.0872664,GO 4,282,431,401,-293
-2,3,0.0872896,GO 4,282,431,399,-296
-2,4,0.0873244,GO 4,282,431,397,-300
-3,8,0.0873651,GO 4,282,431,394,-308
-6,3,0.0873941,GO 4,282,431,388,-311
-4,4,0.0874173,GO 4,282,431,384,-315
-4,4,0.0874405,GO 4,282,431,380,-319
-4,4,0.0874754,GO 4,282,431,376,-323
-3,3,0.087488,GO 4,282,431,373,-326
-4,4,0.087516,GO 4,282,431,369,-330
-4,4,0.0875508,GO 4,282,431,365,-334
-4,4,0.0875683,GO 4,282,431,361,-338
-3,3,0.0875915,GO 4,282,431,358,-341
-4,4,0.0876263,GO 4,282,431,354,-345
-4,4,0.0876437,GO 4,282,431,350,-349
-4,4,0.0876669,GO 4,282,431,346,-353
-3,3,0.0876902,GO 4,282,431,343,-356
-4,4,0.0877192,GO 4,282,431,339,-360
-4,4,0.0877482,GO 4,282,431,335,-364
-4,4,0.0877772,GO 4,282,431,331,-368
-3,3,0.0877946,GO 4,282,431,328,-371
-4,4,0.0878179,GO 4,282,431,324,-375
-4,4,0.0878411,GO 4,282,431,320,-379
-4,4,0.0878759,GO 4,282,431,316,-383
-3,3,0.0879049,GO 4,282,431,313,-386
-4,4,0.0879282,GO 4,282,431,309,-390
-4,4,0.0879456,GO 4,282,431,305,-394
-4,4,0.0879707,GO 4,282,431,301,-398
-3,3,0.087992,GO 4,282,431,298,-401
-4,4,0.0880268,GO 4,282,431,294,-405
-4,4,0.0880559,GO 4,282,431,290,-409
-4,4,0.0880907,GO 4,282,431,286,-413
-3,3,0.0881023,GO 4,282,431,283,-416
-4,4,0.0881255,GO 4,282,431,279,-420
-4,3,0.0881429,GO 4,282,431,275,-423
-4,3,0.0881778,GO 4,282,431,271,-426
-3,3,0.088201,GO 4,282,431,268,-429
-4,2,0.0882416,GO 4,282,431,264,-431
-4,3,0.088259,GO 4,282,431,260,-434
-4,2,0.0882765,GO 4,282,431,256,-436
-3,2,0.0882997,GO 4,282,431,253,-438
-3,2,0.0883229,GO 4,282,431,250,-440
-3,2,0.0883519,GO 4,282,431,247,-442
-3,2,0.0883984,GO 4,282,431,244,-444
-2,1,0.0884037,GO 4,282,431,242,-445
-3,2,0.0884202,GO 4,282,431,239,-447
-3,2,0.0884506,GO 4,282,431,236,-449
-3,3,0.0884738,GO 4,282,431,233,-452
-3,3,0.0885029,GO 4,282,431,230,-455
-2,3,0.0885377,GO 4,282,431,228,-458
-1,2,0.0885551,GO 4,282,431,227,-460
-1,1,0.0886132,GO 4,282,431,226,-461
-1,1,0.0886248,GO 4,282,431,225,-462
-1,1,0.089124,GO 4,282,431,224,-463
-1,1,0.0891704,GO 4,282,431,223,-464
-1,1,0.0891937,GO 4,282,431,222,-465
-1,1,0.0892517,GO 4,282,431,221,-466
-1,1,0.0892981,GO 4,282,431,220,-467
-1,1,0.0893214,GO 4,282,431,219,-468
-1,1,0.0893449,GO 4,282,431,218,-469
1,-1,0.0895768,GO 4,282,431,219,-468
1,-1,0.0896058,GO 4,282,431,220,-467
1,-1,0.0896406,GO 4,282,431,221,-466
1,-1,0.0896697,GO 4,282,431,222,-465
1,-1,0.0896813,GO 4,282,431,223,-464
1,-1,0.0897335,GO 4,282,431,224,-463
1,-1,0.0897567,GO 4,282,431,225,-462
1,-1,0.08978,GO 4,282,431,226,-461
1,-1,0.0898206,GO 4,282,431,227,-460
2,1,0.0898496,GO 4,282,431,229,-461
3,2,0.0898844,GO 4,282,431,232,-463
3,2,0.0899077,GO 4,282,431,235,-465
3,3,0.0899309,GO 4,282,431,238,-468
2,3,0.0899657,GO 4,282,431,240,-471
3,2,0.0899773,GO 4,282,431,243,-473
3,3,0.0900063,GO 4,282,431,246,-476
3,3,0.0900296,GO 4,282,431,249,-479
3,4,0.0900586,GO 4,282,431,252,-483
2,3,0.0900818,GO 4,282,431,254,-486
2,4,0.0901166,GO 4,282,431,256,-490
2,3,0.0901341,GO 4,282,431,258,-493
1,3,0.0901573,GO 4,282,431,259,-496
1,3,0.0901805,GO 4,282,431,260,-499
-1,2,0.0902095,GO 4,282,431,259,-501
-2,2,0.0902385,GO 4,282,431,257,-503
-1,1,0.0902676,GO 4,282,431,256,-504
-1,1,0.090285,GO 4,282,431,255,-505
3,-1,0.101088,FRAY 5,338,307,258,-504
2,-1,0.1011,FRAY 5,338,307,260,-503
3,-1,0.101123,FRAY 5,338,307,263,-502
3,-1,0.101146,FRAY 5,338,307,266,-501
3,-2,0.101175,FRAY 5,338,307,269,-499
3,-2,0.10121,FRAY 5,338,307,272,-497
2,-2,0.101227,FRAY 5,338,307,274,-495
3,-2,0.101251,FRAY 5,338,307,277,-493
2,-3,0.101274,FRAY 5,338,307,279,-490
2,-3,0.101303,FRAY 5,338,307,281,-487
1,-3,0.101332,FRAY 5,338,307,282,-484
1,-3,0.101361,FRAY 5,338,307,283,-481
1,-2,0.101394,FRAY 5,338,307,284,-479
1,-3,0.101407,FRAY 5,338,307,285,-476
1,-3,0.101425,FRAY 5,338,307,286,-473
1,-3,0.10146,FRAY 5,338,307,287,-470
1,-3,0.101489,FRAY 5,338,307,288,-467
1,-2,0.101506,FRAY 5,338,307,289,-465
1,-3,0.101541,FRAY 5,338,307,290,-462
2,-3,0.101552,FRAY 5,338,307,292,-459
2,-3,0.101576,FRAY 5,338,307,294,-456
2,-3,0.101611,FRAY 5,338,307,296,-453
3,-3,0.10164,FRAY 5,338,307,299,-450
3,-1,0.101674,FRAY 5,338,307,302,-449
2,-2,0.101698,FRAY 5,338,307,304,-447
3,-1,0.101703,FRAY 5,338,307,307,-446
3,-1,0.101732,FRAY 5,338,307,310,-445
3,-1,0.101744,FRAY 5,338,307,313,-444
3,-1,0.101773,FRAY 5,338,307,316,-443
3,-1,0.101895,FRAY 5,338,307,319,-442
3,-1,0.101924,FRAY 5,338,307,322,-441
2,-1,0.101941,FRAY 5,338,307,324,-440
3,-1,0.10197,FRAY 5,338,307,327,-439
3,-2,0.101999,FRAY 5,338,307,330,-437
3,-2,0.102023,FRAY 5,338,307,333,-435
3,-1,0.102063,FRAY 5,338,307,336,-434
2,-3,0.102079,FRAY 5,338,307,338,-431
3,-3,0.102092,FRAY 5,338,307,341,-428
3,-3,0.102116,FRAY 5,338,307,344,-425
2,-3,0.10215,FRAY 5,338,307,346,-422
2,-2,0.102179,FRAY 5,338,307,348,-420
1,-3,0.102207,FRAY 5,338,307,349,-417
1,-3,0.102232,FRAY 5,338,307,350,-414
1,-3,0.102249,FRAY 5,338,307,351,-411
1,-3,0.102261,FRAY 5,338,307,352,-408
1,-3,0.102296,FRAY 5,338,307,353,-405
1,-2,0.102319,FRAY 5,338,307,354,-403
1,-3,0.102359,FRAY 5,338,307,355,-400
1,-3,0.102365,FRAY 5,338,307,356,-397
1,-3,0.102394,FRAY 5,338,307,357,-394
1,-3,0.102412,FRAY 5,338,307,358,-391
2,-2,0.102441,FRAY 5,338,307,360,-389
1,-3,0.10247,FRAY 5,338,307,361,-386
2,-3,0.102504,FRAY 5,338,307,363,-383
2,-3,0.102516,FRAY 5,338,307,365,-380
2,-3,0.102545,FRAY 5,338,307,367,-377
2,-2,0.102563,FRAY 5,338,307,369,-375
2,-3,0.102592,FRAY 5,338,307,371,-372
2,-3,0.102621,FRAY 5,338,307,373,-369
2,-3,0.102655,FRAY 5,338,307,375,-366
1,-3,0.102667,FRAY 5,338,307,376,-363
2,-3,0.102696,FRAY 5,338,307,378,-360
2,-2,0.102719,FRAY 5,338,307,380,-358
1,-3,0.102742,FRAY 5,338,307,381,-355
1,-3,0.102766,FRAY 5,338,307,382,-352
1,-3,0.102795,FRAY 5,338,307,383,-349
1,-3,0.10283,FRAY 5,338,307,384,-346
1,-2,0.102835,FRAY 5,338,307,385,-344
1,-3,0.102859,FRAY 5,338,307,386,-341
-1,-3,0.102893,FRAY 5,338,307,385,-338
-1,-3,0.102911,FRAY 5,338,307,384,-335
-1,-3,0.10294,FRAY 5,338,307,383,-332
-1,-2,0.10298,FRAY 5,338,307,382,-330
-1,-3,0.102986,FRAY 5,338,307,381,-327
-1,-3,0.103015,FRAY 5,338,307,380,-324
-1,-3,0.103044,FRAY 5,338,307,379,-321
-1,-3,0.103068,FRAY 5,338,307,378,-318
1,-3,0.103091,FRAY 5,338,307,379,-315
1,-2,0.103131,FRAY 5,338,307,380,-313
1,-2,0.103143,FRAY 5,338,307,381,-311
1,-2,0.103166,FRAY 5,338,307,382,-309
1,-2,0.103195,FRAY 5,338,307,383,-307
1,-2,0.103236,FRAY 5,338,307,384,-305
1,-2,0.103248,FRAY 5,338,307,385,-303
1,-2,0.103277,FRAY 5,338,307,386,-301
1,-1,0.103294,FRAY 5,338,307,387,-300
1,-3,0.103318,FRAY 5,338,307,388,-297
1,-3,0.10335,FRAY 5,338,307,389,-294
-1,-3,0.103381,FRAY 5,338,307,388,-291
-1,-3,0.103393,FRAY 5,338,307,387,-288
-1,-2,0.103422,FRAY 5,338,307,386,-286
-1,-3,0.103445,FRAY 5,338,307,385,-283
-1,-3,0.103468,FRAY 5,338,307,384,-280
-1,-3,0.103491,FRAY 5,338,307,383,-277
-1,-3,0.103526,FRAY 5,338,307,382,-274
-1,-3,0.103538,FRAY 5,338,307,381,-271
-1,-2,0.103567,FRAY 5,338,307,380,-269
-1,-3,0.103596,FRAY 5,338,307,379,-266
-1,-2,0.103619,FRAY 5,338,307,378,-264
-1,-2,0.103642,FRAY 5,338,307,377,-262
1,-1,0.103677,FRAY 5,338,307,378,-261
1,-1,0.103695,FRAY 5,338,307,379,-260
1,1,0.103753,FRAY 5,338,307,380,-261
1,1,0.10377,FRAY 5,338,307,381,-262
1,1,0.103787,FRAY 5,338,307,382,-263
1,1,0.103821,FRAY 5,338,307,383,-264
1,1,0.103834,FRAY 5,338,307,384,-265
1,1,0.103857,FRAY 5,338,307,385,-266
1,-1,0.115363,SAN- 6,280,234,386,-265
1,-1,0.115386,SAN- 6,280,234,387,-264
2,-1,0.115421,SAN- 6,280,234,389,-263
2,-1,0.115438,SAN- 6,280,234,391,-262
1,-2,0.115653,SAN- 6,280,234,392,-260
-1,-4,0.115693,SAN- 6,280,234,391,-256
-4,-3,0.115722,SAN- 6,280,234,387,-253
-2,-3,0.115743,SAN- 6,280,234,385,-250
-2,-3,0.115769,SAN- 6,280,234,383,-247
-1,-3,0.115786,SAN- 6,280,234,382,-244
-3,-2,0.115821,SAN- 6,280,234,379,-242
-3,-3,0.115839,SAN- 6,280,234,376,-239
-3,-3,0.115868,SAN- 6,280,234,373,-236
-3,-3,0.115897,SAN- 6,280,234,370,-233
-3,-3,0.115914,SAN- 6,280,234,367,-230
-2,-3,0.115955,SAN- 6,280,234,365,-227
-3,-2,0.115972,SAN- 6,280,234,362,-225
-3,-3,0.115989,SAN- 6,280,234,359,-222
-3,-3,0.116019,SAN- 6,280,234,356,-219
-3,-3,0.116042,SAN- 6,280,234,353,-216
-2,-3,0.116066,SAN- 6,280,234,351,-213
-3,-2,0.1161,SAN- 6,280,234,348,-211
-3,-3,0.116111,SAN- 6,280,234,345,-208
-3,-3,0.116129,SAN- 6,280,234,342,-205
-3,-3,0.116152,SAN- 6,280,234,339,-202
-2,-3,0.116175,SAN- 6,280,234,337,-199
-3,-2,0.116204,SAN- 6,280,234,334,-197
-3,-3,0.116233,SAN- 6,280,234,331,-194
-3,-6,0.116274,SAN- 6,280,234,328,-188
-5,-3,0.116297,SAN- 6,280,234,323,-185
-2,-3,0.116338,SAN- 6,280,234,321,-182
-2,-2,0.116344,SAN- 6,280,234,319,-180
-2,-3,0.116373,SAN- 6,280,234,317,-177
-2,-3,0.116402,SAN- 6,280,234,315,-174
-2,-3,0.116407,SAN- 6,280,234,313,-171
-2,-3,0.116431,SAN- 6,280,234,311,-168
-2,-2,0.116465,SAN- 6,280,234,309,-166
-1,-3,0.116503,SAN- 6,280,234,308,-163
-3,-3,0.116518,SAN- 6,280,234,305,-160
-3,-2,0.116535,SAN- 6,280,234,302,-158
-3,-2,0.116558,SAN- 6,280,234,299,-156
-3,-2,0.116582,SAN- 6,280,234,296,-154
-3,-2,0.116616,SAN- 6,280,234,293,-152
-3,-1,0.116663,SAN- 6,280,234,290,-151
-3,-1,0.116698,SAN- 6,280,234,287,-150
-1,-1,0.129161,-TIA- 7,121,109,286,-149
-1,-2,0.129213,-TIA- 7,121,109,285,-147
-1,-2,0.129242,-TIA- 7,121,109,284,-145
-2,-3,0.129271,-TIA- 7,121,109,282,-142
-2,-2,0.129289,-TIA- 7,121,109,280,-140
-3,-3,0.129312,-TIA- 7,121,109,277,-137
-3,-3,0.129335,-TIA- 7,121,109,274,-134
-2,-3,0.129376,-TIA- 7,121,109,272,-131
-3,-3,0.129399,-TIA- 7,121,109,269,-128
-3,-2,0.129434,-TIA- 7,121,109,266,-126
-3,-3,0.129445,-TIA- 7,121,109,263,-123
-3,-3,0.129463,-TIA- 7,121,109,260,-120
-3,-3,0.129486,-TIA- 7,121,109,257,-117
-3,-3,0.129521,-TIA- 7,121,109,254,-114
-4,-3,0.12955,-TIA- 7,121,109,250,-111
-4,-2,0.129585,-TIA- 7,121,109,246,-109
-4,-3,0.129596,-TIA- 7,121,109,242,-106
-3,-3,0.129614,-TIA- 7,121,109,239,-103
-4,-3,0.129649,-TIA- 7,121,109,235,-100
-4,-3,0.129666,-TIA- 7,121,109,231,-97
-3,-2,0.129695,-TIA- 7,121,109,228,-95
-2,-3,0.129712,-TIA- 7,121,109,226,-92
-2,-3,0.129736,-TIA- 7,121,109,224,-89
-2,-3,0.129759,-TIA- 7,121,109,222,-86
-1,-3,0.129794,-TIA- 7,121,109,221,-83
-1,-2,0.129823,-TIA- 7,121,109,220,-81
-1,-3,0.129834,-TIA- 7,121,109,219,-78
-1,-3,0.129863,-TIA- 7,121,109,218,-75
1,-3,0.129887,-TIA- 7,121,109,219,-72
1,-3,0.12991,-TIA- 7,121,109,220,-69
1,-2,0.129945,-TIA- 7,121,109,221,-67
1,-1,0.129974,-TIA- 7,121,109,222,-66
1,-2,0.129985,-TIA- 7,121,109,223,-64
1,-2,0.130014,-TIA- 7,121,109,224,-62
1,-2,0.130038,-TIA- 7,121,109,225,-60
-1,-2,0.130061,-TIA- 7,121,109,224,-58
-1,-2,0.130096,-TIA- 7,121,109,223,-56
-2,-2,0.130125,-TIA- 7,121,109,221,-54
-2,-2,0.130136,-TIA- 7,121,109,219,-52
-3,-1,0.130159,-TIA- 7,121,109,216,-51
-3,-3,0.130194,-TIA- 7,121,109,213,-48
-2,-3,0.130223,-TIA- 7,121,109,211,-45
-3,-3,0.130247,-TIA- 7,121,109,208,-42
-4,-3,0.130264,-TIA- 7,121,109,204,-39
-4,-3,0.130287,-TIA- 7,121,109,200,-36
-3,-2,0.13031,-TIA- 7,121,109,197,-34
-4,-3,0.130345,-TIA- 7,121,109,193,-31
-4,-3,0.130374,-TIA- 7,121,109,189,-28
-4,-3,0.130409,-TIA- 7,121,109,185,-25
-3,-3,0.130415,-TIA- 7,121,109,182,-22
-4,-2,0.130444,-TIA- 7,121,109,178,-20
-4,-3,0.130461,-TIA- 7,121,109,174,-17
-3,-3,0.130496,-TIA- 7,121,109,171,-14
-3,-3,0.130525,-TIA- 7,121,109,168,-11
-2,-3,0.130554,-TIA- 7,121,109,166,-8
-3,-2,0.130566,-TIA- 7,121,109,163,-6
-3,-3,0.130589,-TIA- 7,121,109,160,-3
-3,-3,0.130616,-TIA- 7,121,109,157,0
-3,-3,0.130641,-TIA- 7,121,109,154,3
-2,-3,0.130682,-TIA- 7,121,109,152,6
-3,-3,0.130711,-TIA- 7,121,109,149,9
-3,-2,0.130723,-TIA- 7,121,109,146,11
-3,-3,0.130746,-TIA- 7,121,109,143,14
-3,-2,0.130775,-TIA- 7,121,109,140,16
-2,-2,0.130808,-TIA- 7,121,109,138,18
-2,-2,0.130815,-TIA- 7,121,109,136,20
-2,-4,0.130879,-TIA- 7,121,109,134,24
-4,-3,0.130897,-TIA- 7,121,109,130,27
-3,-3,0.130926,-TIA- 7,121,109,127,30
-3,-3,0.130961,-TIA- 7,121,109,124,33
-2,-3,0.130966,-TIA- 7,121,109,122,36
-3,-3,0.131001,-TIA- 7,121,109,119,39
-4,-2,0.131024,-TIA- 7,121,109,115,41
-4,-3,0.131048,-TIA- 7,121,109,111,44
-3,-3,0.131082,-TIA- 7,121,109,108,47
-4,-3,0.131111,-TIA- 7,121,109,104,50
-4,-2,0.131117,-TIA- 7,121,109,100,52
-4,-2,0.131152,-TIA- 7,121,109,96,54
-3,-1,0.131175,-TIA- 7,121,109,93,55
-4,-1,0.13121,-TIA- 7,121,109,89,56
-3,-1,0.131239,-TIA- 7,121,109,86,57
-1,1,0.131471,-TIA- 7,121,109,85,56
-1,1,0.131506,-TIA- 7,121,109,84,55
-2,1,0.131535,-TIA- 7,121,109,82,54
-2,1,0.131547,-TIA- 7,121,109,80,53
-3,1,0.13157,-TIA- 7,121,109,77,52
-3,1,0.131599,-TIA- 7,121,109,74,51
-3,1,0.131634,-TIA- 7,121,109,71,50
-1,1,0.144614,GO 8,142,496,70,49
-1,1,0.144643,GO 8,142,496,69,48
-1,3,0.144666,GO 8,142,496,68,45
1,3,0.144695,GO 8,142,496,69,42
1,3,0.144713,GO 8,142,496,70,39
1,4,0.144736,GO 8,142,496,71,35
1,3,0.144771,GO 8,142,496,72,32
1,4,0.144794,GO 8,142,496,73,28
1,4,0.144823,GO 8,142,496,74,24
1,7,0.144863,GO 8,142,496,75,17
2,4,0.144887,GO 8,142,496,77,13
2,4,0.144922,GO 8,142,496,79,9
1,4,0.144945,GO 8,142,496,80,5
2,3,0.144976,GO 8,142,496,82,2
2,4,0.145009,GO 8,142,496,84,-2
2,4,0.14502,GO 8,142,496,86,-6
2,4,0.145043,GO 8,142,496,88,-10
2,3,0.145072,GO 8,142,496,90,-13
2,4,0.145096,GO 8,142,496,92,-17
1,4,0.145131,GO 8,142,496,93,-21
1,4,0.145148,GO 8,142,496,94,-25
1,3,0.145171,GO 8,142,496,95,-28
1,4,0.145194,GO 8,142,496,96,-32
1,4,0.145223,GO 8,142,496,97,-36
1,4,0.145252,GO 8,142,496,98,-40
-1,3,0.145281,GO 8,142,496,97,-43
-1,4,0.145299,GO 8,142,496,96,-47
-1,4,0.145328,GO 8,142,496,95,-51
-1,4,0.145345,GO 8,142,496,94,-55
-2,3,0.14538,GO 8,142,496,92,-58
-2,4,0.145409,GO 8,142,496,90,-62
-2,4,0.145432,GO 8,142,496,88,-66
-2,4,0.14545,GO 8,142,496,86,-70
-2,3,0.145473,GO 8,142,496,84,-73
-1,4,0.145496,GO 8,142,496,83,-77
-2,4,0.145531,GO 8,142,496,81,-81
-2,4,0.145572,GO 8,142,496,79,-85
-2,3,0.145595,GO 8,142,496,77,-88
-2,4,0.145601,GO 8,142,496,75,-92
-2,4,0.145636,GO 8,142,496,73,-96
-2,4,0.145665,GO 8,142,496,71,-100
-2,3,0.145682,GO 8,142,496,69,-103
-2,4,0.145711,GO 8,142,496,67,-107
-1,4,0.145746,GO 8,142,496,66,-111
-1,4,0.145752,GO 8,142,496,65,-115
-1,3,0.145781,GO 8,142,496,64,-118
1,4,0.14581,GO 8,142,496,65,-122
1,4,0.145845,GO 8,142,496,66,-126
1,4,0.145868,GO 8,142,496,67,-130
1,3,0.145874,GO 8,142,496,68,-133
1,4,0.145903,GO 8,142,496,69,-137
1,4,0.145932,GO 8,142,496,70,-141
1,4,0.145966,GO 8,142,496,71,-145
1,3,0.145984,GO 8,142,496,72,-148
1,4,0.146019,GO 8,142,496,73,-152
1,4,0.146024,GO 8,142,496,74,-156
1,4,0.146059,GO 8,142,496,75,-160
1,3,0.146083,GO 8,142,496,76,-163
1,4,0.146112,GO 8,142,496,77,-167
1,4,0.146146,GO 8,142,496,78,-171
1,4,0.146164,GO 8,142,496,79,-175
1,3,0.146175,GO 8,142,496,80,-178
1,4,0.14621,GO 8,142,496,81,-182
1,4,0.146233,GO 8,142,496,82,-186
1,4,0.146257,GO 8,142,496,83,-190
1,3,0.146292,GO 8,142,496,84,-193
1,4,0.146321,GO 8,142,496,85,-197
1,4,0.146332,GO 8,142,496,86,-201
1,4,0.146355,GO 8,142,496,87,-205
1,3,0.146384,GO 8,142,496,88,-208
-1,4,0.146408,GO 8,142,496,87,-212
-2,4,0.146442,GO 8,142,496,85,-216
-2,4,0.14646,GO 8,142,496,83,-220
-2,3,0.146483,GO 8,142,496,81,-223
-2,4,0.1465,GO 8,142,496,79,-227
-2,4,0.14653,GO 8,142,496,77,-231
-2,4,0.146553,GO 8,142,496,75,-235
-1,3,0.146582,GO 8,142,496,74,-238
-2,4,0.146599,GO 8,142,496,72,-242
-2,4,0.146622,GO 8,142,496,70,-246
-1,4,0.146646,GO 8,142,496,69,-250
-1,3,0.146663,GO 8,142,496,68,-253
-1,4,0.146686,GO 8,142,496,67,-257
-1,4,0.14672,GO 8,142,496,66,-261
-1,4,0.146733,GO 8,142,496,65,-265
-1,3,0.146762,GO 8,142,496,64,-268
-1,4,0.146785,GO 8,142,496,63,-272
-1,4,0.146814,GO 8,142,496,62,-276
-1,4,0.146837,GO 8,142,496,61,-280
-1,3,0.146872,GO 8,142,496,60,-283
-1,4,0.146889,GO 8,142,496,59,-287
-1,4,0.146913,GO 8,142,496,58,-291
1,4,0.146936,GO 8,142,496,59,-295
1,3,0.146965,GO 8,142,496,60,-298
1,4,0.147,GO 8,142,496,61,-302
1,4,0.147023,GO 8,142,496,62,-306
1,4,0.14704,GO 8,142,496,63,-310
1,3,0.147069,GO 8,142,496,64,-313
1,4,0.147087,GO 8,142,496,65,-317
1,4,0.147122,GO 8,142,496,66,-321
1,4,0.147151,GO 8,142,496,67,-325
1,3,0.147185,GO 8,142,496,68,-328
1,4,0.147191,GO 8,142,496,69,-332
1,4,0.147215,GO 8,142,496,70,-336
1,4,0.147238,GO 8,142,496,71,-340
1,3,0.147261,GO 8,142,496,72,-343
1,4,0.147302,GO 8,142,496,73,-347
1,4,0.147311,GO 8,142,496,74,-351
1,4,0.147342,GO 8,142,496,75,-355
1,3,0.147371,GO 8,142,496,76,-358
1,4,0.147389,GO 8,142,496,77,-362
1,4,0.147423,GO 8,142,496,78,-366
1,4,0.147443,GO 8,142,496,79,-370
2,3,0.147458,GO 8,142,496,81,-373
2,4,0.147487,GO 8,142,496,83,-377
2,4,0.147511,GO 8,142,496,85,-381
2,4,0.14754,GO 8,142,496,87,-385
1,3,0.147569,GO 8,142,496,88,-388
2,4,0.147592,GO 8,142,496,90,-392
2,4,0.147603,GO 8,142,496,92,-396
2,4,0.147638,GO 8,142,496,94,-400
2,3,0.147661,GO 8,142,496,96,-403
2,4,0.147696,GO 8,142,496,98,-407
2,4,0.14772,GO 8,142,496,100,-411
2,4,0.147749,GO 8,142,496,102,-415
1,3,0.14776,GO 8,142,496,103,-418
2,4,0.147783,GO 8,142,496,105,-422
2,4,0.147812,GO 8,142,496,107,-426
2,4,0.147847,GO 8,142,496,109,-430
2,3,0.14787,GO 8,142,496,111,-433
2,4,0.147876,GO 8,142,496,113,-437
2,4,0.147905,GO 8,142,496,115,-441
2,4,0.147923,GO 8,142,496,117,-445
1,3,0.147958,GO 8,142,496,118,-448
2,4,0.147981,GO 8,142,496,120,-452
2,4,0.148016,GO 8,142,496,122,-456
2,4,0.148027,GO 8,142,496,124,-460
2,3,0.14805,GO 8,142,496,126,-463
2,4,0.148085,GO 8,142,496,128,-467
2,4,0.148103,GO 8,142,496,130,-471
2,4,0.148132,GO 8,142,496,132,-475
1,3,0.148167,GO 8,142,496,133,-478
2,4,0.148178,GO 8,142,496,135,-482
2,4,0.148203,GO 8,142,496,137,-486
2,4,0.148236,GO 8,142,496,139,-490
2,3,0.148271,GO 8,142,496,141,-493
2,4,0.148288,GO 8,142,496,143,-497
1,4,0.148317,GO 8,142,496,144,-501
1,4,0.148335,GO 8,142,496,145,-505
1,3,0.148358,GO 8,142,496,146,-508
1,4,0.148393,GO 8,142,496,147,-512
1,4,0.14841,GO 8,142,496,148,-516
1,4,0.148434,GO 8,142,496,149,-520
1,3,0.148463,GO 8,142,496,150,-523
1,4,0.14848,GO 8,142,496,151,-527
-1,4,0.148503,GO 8,142,496,150,-531
-1,4,0.148526,GO 8,142,496,149,-535
-1,3,0.148555,GO 8,142,496,148,-538
-1,4,0.148573,GO 8,142,496,147,-542
-1,4,0.148614,GO 8,142,496,146,-546
-1,4,0.148631,GO 8,142,496,145,-550
-1,3,0.148654,GO 8,142,496,144,-553
-1,4,0.148677,GO 8,142,496,143,-557
-1,4,0.148706,GO 8,142,496,142,-561
-1,4,0.148741,GO 8,142,496,141,-565
-1,3,0.148776,GO 8,142,496,140,-568
-1,4,0.148782,GO 8,142,496,139,-572
-1,4,0.148805,GO 8,142,496,138,-576
-1,4,0.148828,GO 8,142,496,137,-580
-1,3,0.148863,GO 8,142,496,136,-583
-1,4,0.148892,GO 8,142,496,135,-587
-1,4,0.148904,GO 8,142,496,134,-591
-1,4,0.148933,GO 8,142,496,133,-595
-1,3,0.14895,GO 8,142,496,132,-598
-1,4,0.148973,GO 8,142,496,131,-602
-1,4,0.149008,GO 8,142,496,130,-606
-1,4,0.149026,GO 8,142,496,129,-610
-1,3,0.149047,GO 8,142,496,128,-613
-1,4,0.149078,GO 8,142,496,127,-617
-1,4,0.149101,GO 8,142,496,126,-621
-1,3,0.149136,GO 8,142,496,125,-624
-1,2,0.149165,GO 8,142,496,124,-626
-1,3,0.149177,GO 8,142,496,123,-629
-1,1,0.1492,GO 8,142,496,122,-630
-1,1,0.149223,GO 8,142,496,121,-631
-1,1,0.149252,GO 8,142,496,120,-632
-1,-1,0.149328,GO 8,142,496,119,-631
-1,-1,0.149351,GO 8,142,496,118,-630
-1,-1,0.14938,GO 8,142,496,117,-629
-1,-1,0.149432,GO 8,142,496,116,-628
-1,-1,0.149449,GO 8,142,496,115,-627
-2,-1,0.149473,GO 8,142,496,113,-626
-2,-1,0.149496,GO 8,142,496,111,-625
-2,-1,0.149525,GO 8,142,496,109,-624
-2,-1,0.149542,GO 8,142,496,107,-623
-3,-1,0.149583,GO 8,142,496,104,-622
-4,-1,0.1496,GO 8,142,496,100,-621
-4,-2,0.149629,GO 8,142,496,96,-619
-4,-1,0.149647,GO 8,142,496,92,-618
-3,-2,0.149678,GO 8,142,496,89,-616
-4,-2,0.149711,GO 8,142,496,85,-614
-4,-3,0.149728,GO 8,142,496,81,-611
-4,-3,0.149751,GO 8,142,496,77,-608
-3,-3,0.149775,GO 8,142,496,74,-605
-4,-2,0.149798,GO 8,142,496,70,-603
-4,-3,0.149833,GO 8,142,496,66,-600
-4,-3,0.149856,GO 8,142,496,62,-597
-2,-3,0.149873,GO 8,142,496,60,-594
-3,-3,0.149902,GO 8,142,496,57,-591
-2,-3,0.149925,GO 8,142,496,55,-588
-2,-2,0.149966,GO 8,142,496,53,-586
-2,-3,0.149983,GO 8,142,496,51,-583
-1,-3,0.150001,GO 8,142,496,50,-580
-1,-3,0.150024,GO 8,142,496,49,-577
-1,-3,0.150059,GO 8,142,496,48,-574
-1,-2,0.150076,GO 8,142,496,47,-572
-1,-3,0.150111,GO 8,142,496,46,-569
-1,-2,0.150129,GO 8,142,496,45,-567
-1,-2,0.150152,GO 8,142,496,44,-565
-1,-1,0.150175,GO 8,142,496,43,-564
-1,-1,0.150204,GO 8,142,496,42,-563
-1,1,0.150303,GO 8,142,496,41,-564
2,1,0.150326,GO 8,142,496,43,-565
2,1,0.150361,GO 8,142,496,45,-566
2,1,0.150384,GO 8,142,496,47,-567
3,1,0.150413,GO 8,142,496,50,-568
3,-1,0.150512,GO 8,142,496,53,-567
2,-1,0.150547,GO 8,142,496,55,-566
3,-1,0.150576,GO 8,142,496,58,-565
3,-1,0.150581,GO 8,142,496,61,-564
3,-2,0.150616,GO 8,142,496,64,-562
3,-2,0.150634,GO 8,142,496,67,-560
2,-1,0.150663,GO 8,142,496,69,-559
3,-2,0.15068,GO 8,142,496,72,-557
3,-2,0.150727,GO 8,142,496,75,-555
3,-2,0.150738,GO 8,142,496,78,-553
3,-2,0.150761,GO 8,142,496,81,-551
2,-2,0.150802,GO 8,142,496,83,-549
3,-1,0.150814,GO 8,142,496,86,-548
2,-1,0.150831,GO 8,142,496,88,-547
2,-1,0.150877,GO 8,142,496,90,-546
