deltaX,deltaY,WHEN,SYLLABLE,XofButton,YofButton,XofTrace,YofTrace
1,-1,0.0633382,Yield,0,0,1,1
2,-1,0.0633731,Yield,0,0,3,2
2,-1,0.0634021,Yield,0,0,5,3
2,-1,0.0634079,Yield,0,0,7,4
2,-1,0.0634601,Yield,0,0,9,5
2,-1,0.0634776,Yield,0,0,11,6
-1,-1,0.0640406,Yield,0,0,10,7
-1,-1,0.0640929,Yield,0,0,9,8
-1,-2,0.0640987,Yield,0,0,8,10
-1,-3,0.0641277,Yield,0,0,7,13
-2,-3,0.0641567,Yield,0,0,5,16
-2,-3,0.0641683,Yield,0,0,3,19
-3,-3,0.0641858,Yield,0,0,0,22
-4,-1,0.064209,Yield,0,0,-4,23
-4,-2,0.0642206,Yield,0,0,-8,25
-4,-1,0.0642496,Yield,0,0,-12,26
-3,-1,0.0642844,Yield,0,0,-15,27
-4,-1,0.0643077,Yield,0,0,-19,28
-4,1,0.0643947,Yield,0,0,-23,27
-4,1,0.0644354,Yield,0,0,-27,26
-4,1,0.0644425,Yield,0,0,-31,25
-3,1,0.064476,Yield,0,0,-34,24
-4,1,0.0644992,Yield,0,0,-38,23
-4,1,0.0645573,Yield,0,0,-42,22
-3,1,0.0645863,Yield,0,0,-45,21
-4,1,0.0647488,Yield,0,0,-49,20
-3,1,0.0647721,Yield,0,0,-52,19
-4,2,0.0647779,Yield,0,0,-56,17
-4,2,0.0648185,Yield,0,0,-60,15
-4,2,0.0648243,Yield,0,0,-64,13
-3,2,0.0648417,Yield,0,0,-67,11
-4,2,0.0648766,Yield,0,0,-71,9
-4,2,0.0649114,Yield,0,0,-75,7
-3,3,0.0649288,Yield,0,0,-78,4
-4,3,0.0649404,Yield,0,0,-82,1
-4,3,0.0649694,Yield,0,0,-86,-2
-4,3,0.0650101,Yield,0,0,-90,-5
-3,2,0.0650333,Yield,0,0,-93,-7
-4,6,0.0650623,Yield,0,0,-97,-13
-8,3,0.0650913,Yield,0,0,-105,-16
-3,3,0.0651029,Yield,0,0,-108,-19
-4,3,0.065132,Yield,0,0,-112,-22
-4,2,0.065161,Yield,0,0,-116,-24
-4,3,0.0651958,Yield,0,0,-120,-27
-3,3,0.0652016,Yield,0,0,-123,-30
-4,3,0.0652365,Yield,0,0,-127,-33
-4,3,0.0652423,Yield,0,0,-131,-36
-4,2,0.0652771,Yield,0,0,-135,-38
-3,2,0.0653061,Yield,0,0,-138,-40
-4,1,0.0653293,Yield,0,0,-142,-41
-4,1,0.0653351,Yield,0,0,-146,-42
-4,1,0.06537,Yield,0,0,-150,-43
-4,-1,0.0654338,Yield,0,0,-154,-42
-4,-1,0.0654571,Yield,0,0,-158,-41
-3,-2,0.0654803,Yield,0,0,-161,-39
-4,-2,0.0654977,Yield,0,0,-165,-37
-4,-1,0.0655267,Yield,0,0,-169,-36
-4,-2,0.0655615,Yield,0,0,-173,-34
-3,-2,0.065579,Yield,0,0,-176,-32
-4,-3,0.0655964,Yield,0,0,-180,-29
-4,-3,0.0656254,Yield,0,0,-184,-26
-4,-3,0.065637,Yield,0,0,-188,-23
-3,-2,0.0656718,Yield,0,0,-191,-21
-4,-2,0.0656951,Yield,0,0,-195,-19
-4,-2,0.0657241,Yield,0,0,-199,-17
-4,-1,0.0657415,Yield,0,0,-203,-16
-3,-1,0.0657589,Yield,0,0,-206,-15
-4,1,0.0657937,Yield,0,0,-210,-16
-4,2,0.0658228,Yield,0,0,-214,-18
-4,2,0.0658344,Yield,0,0,-218,-20
-2,2,0.0658634,Yield,0,0,-220,-22
-2,3,0.0658692,Yield,0,0,-222,-25
-2,3,0.065904,Yield,0,0,-224,-28
1,4,0.0659331,Yield,0,0,-223,-32
1,4,0.0659505,Yield,0,0,-222,-36
2,2,0.0659853,Yield,0,0,-220,-38
2,3,0.0659969,Yield,0,0,-218,-41
3,3,0.0660376,Yield,0,0,-215,-44
3,3,0.0660724,Yield,0,0,-212,-47
1,-1,0.0661478,Yield,0,0,-211,-46
1,-1,0.0661769,Yield,0,0,-210,-45
1,-1,0.0662117,Yield,0,0,-209,-44
-1,1,0.0663104,Yield,0,0,-210,-45
1,1,0.0663394,Yield,0,0,-209,-46
2,1,0.0663626,Yield,0,0,-207,-47
1,1,0.0663975,Yield,0,0,-206,-48
2,1,0.0664265,Yield,0,0,-204,-49
3,1,0.0664729,Yield,0,0,-201,-50
3,1,0.0664729,Yield,0,0,-198,-51
3,-1,0.0665832,Yield,0,0,-195,-50
2,-2,0.0666122,Yield,0,0,-193,-48
2,-2,0.0666239,Yield,0,0,-191,-46
2,-2,0.0666471,Yield,0,0,-189,-44
1,-2,0.0666761,Yield,0,0,-188,-42
1,-2,0.0667109,Yield,0,0,-187,-40
2,-2,0.0667341,Yield,0,0,-185,-38
1,-3,0.0667574,Yield,0,0,-184,-35
2,-3,0.0667748,Yield,0,0,-182,-32
2,-3,0.066798,Yield,0,0,-180,-29
3,-3,0.066827,Yield,0,0,-177,-26
3,-2,0.0668619,Yield,0,0,-174,-24
3,-3,0.0668735,Yield,0,0,-171,-21
2,-2,0.0668964,Yield,0,0,-169,-19
3,-2,0.0669141,Yield,0,0,-166,-17
3,-2,0.0669489,Yield,0,0,-163,-15
3,-1,0.0669722,Yield,0,0,-160,-14
3,-1,0.067007,Yield,0,0,-157,-13
2,-1,0.0670128,Yield,0,0,-155,-12
3,-1,0.0670476,Yield,0,0,-152,-11
3,-1,0.067065,Yield,0,0,-149,-10
3,-1,0.0670999,Yield,0,0,-146,-9
2,-1,0.0671405,Yield,0,0,-144,-8
3,-1,0.0671637,Yield,0,0,-141,-7
3,-1,0.0671869,Yield,0,0,-138,-6
2,-2,0.0672334,Yield,0,0,-136,-4
2,-2,0.0672508,Yield,0,0,-134,-2
1,-2,0.0672856,Yield,0,0,-133,0
1,-2,0.0672914,Yield,0,0,-132,2
-1,-3,0.0673146,Yield,0,0,-133,5
-2,-2,0.0673495,Yield,0,0,-135,7
-2,-3,0.0673785,Yield,0,0,-137,10
-2,-3,0.0673901,Yield,0,0,-139,13
-2,-3,0.0674112,Yield,0,0,-141,16
-2,-3,0.0674366,Yield,0,0,-143,19
-2,-2,0.0674482,Yield,0,0,-145,21
-2,-3,0.0674788,Yield,0,0,-147,24
-2,-3,0.0675062,Yield,0,0,-149,27
-2,-3,0.0675352,Yield,0,0,-151,30
1,-3,0.067541,Yield,0,0,-150,33
2,-2,0.0675759,Yield,0,0,-148,35
2,-1,0.0676049,Yield,0,0,-146,36
1,1,0.0777462,FRAY 1,87,416,-145,35
1,2,0.0777985,FRAY 1,87,416,-144,33
2,2,0.0778217,FRAY 1,87,416,-142,31
2,2,0.0778507,FRAY 1,87,416,-140,29
2,1,0.0778739,FRAY 1,87,416,-138,28
2,1,0.0778971,FRAY 1,87,416,-136,27
2,1,0.0779088,FRAY 1,87,416,-134,26
1,1,0.0782048,FRAY 1,87,416,-133,25
1,2,0.078228,FRAY 1,87,416,-132,23
2,2,0.0782615,FRAY 1,87,416,-130,21
2,3,0.0782745,FRAY 1,87,416,-128,18
2,3,0.0783093,FRAY 1,87,416,-126,15
3,4,0.0783209,FRAY 1,87,416,-123,11
2,4,0.0783441,FRAY 1,87,416,-121,7
3,3,0.0783673,FRAY 1,87,416,-118,4
3,4,0.0783964,FRAY 1,87,416,-115,0
3,4,0.0784138,FRAY 1,87,416,-112,-4
3,4,0.078437,FRAY 1,87,416,-109,-8
3,3,0.0784776,FRAY 1,87,416,-106,-11
2,4,0.0784893,FRAY 1,87,416,-104,-15
3,4,0.0785241,FRAY 1,87,416,-101,-19
3,4,0.0785531,FRAY 1,87,416,-98,-23
3,3,0.0785705,FRAY 1,87,416,-95,-26
3,4,0.0785937,FRAY 1,87,416,-92,-30
2,4,0.078617,FRAY 1,87,416,-90,-34
3,4,0.078646,FRAY 1,87,416,-87,-38
3,3,0.0786692,FRAY 1,87,416,-84,-41
3,4,0.0786924,FRAY 1,87,416,-81,-45
3,4,0.0787156,FRAY 1,87,416,-78,-49
2,4,0.0787331,FRAY 1,87,416,-76,-53
3,3,0.0787563,FRAY 1,87,416,-73,-56
3,4,0.0787853,FRAY 1,87,416,-70,-60
3,4,0.0788201,FRAY 1,87,416,-67,-64
3,4,0.0788666,FRAY 1,87,416,-64,-68
2,3,0.0788666,FRAY 1,87,416,-62,-71
3,4,0.0788898,FRAY 1,87,416,-59,-75
3,4,0.0789188,FRAY 1,87,416,-56,-79
3,4,0.0789362,FRAY 1,87,416,-53,-83
3,3,0.0789595,FRAY 1,87,416,-50,-86
3,4,0.0790046,FRAY 1,87,416,-47,-90
2,4,0.0790059,FRAY 1,87,416,-45,-94
2,4,0.0790244,FRAY 1,87,416,-43,-98
2,3,0.0790523,FRAY 1,87,416,-41,-101
1,4,0.0790756,FRAY 1,87,416,-40,-105
1,4,0.0791162,FRAY 1,87,416,-39,-109
1,4,0.079122,FRAY 1,87,416,-38,-113
-1,3,0.0791568,FRAY 1,87,416,-39,-116
-2,4,0.07918,FRAY 1,87,416,-41,-120
-3,4,0.0792207,FRAY 1,87,416,-44,-124
-2,4,0.0792323,FRAY 1,87,416,-46,-128
-3,3,0.0792671,FRAY 1,87,416,-49,-131
-3,4,0.0792729,FRAY 1,87,416,-52,-135
-3,4,0.0793078,FRAY 1,87,416,-55,-139
-3,4,0.0793542,FRAY 1,87,416,-58,-143
-3,3,0.0793542,FRAY 1,87,416,-61,-146
-1,4,0.0793716,FRAY 1,87,416,-62,-150
-2,4,0.0794122,FRAY 1,87,416,-64,-154
-2,4,0.079418,FRAY 1,87,416,-66,-158
-1,3,0.0794413,FRAY 1,87,416,-67,-161
-1,4,0.0794761,FRAY 1,87,416,-68,-165
-1,4,0.0795051,FRAY 1,87,416,-69,-169
-1,4,0.0795225,FRAY 1,87,416,-70,-173
-1,3,0.0795458,FRAY 1,87,416,-71,-176
-1,4,0.0795806,FRAY 1,87,416,-72,-180
-1,4,0.079598,FRAY 1,87,416,-73,-184
-1,4,0.0796328,FRAY 1,87,416,-74,-188
-1,3,0.0796502,FRAY 1,87,416,-75,-191
-1,4,0.0796909,FRAY 1,87,416,-76,-195
-1,4,0.0797083,FRAY 1,87,416,-77,-199
-2,4,0.0797315,FRAY 1,87,416,-79,-203
-2,3,0.0797489,FRAY 1,87,416,-81,-206
-2,4,0.0797838,FRAY 1,87,416,-83,-210
-3,4,0.0798012,FRAY 1,87,416,-86,-214
-3,4,0.0798186,FRAY 1,87,416,-89,-218
-2,3,0.0798476,FRAY 1,87,416,-91,-221
-3,4,0.0798592,FRAY 1,87,416,-94,-225
-3,4,0.0798824,FRAY 1,87,416,-97,-229
-3,4,0.0799057,FRAY 1,87,416,-100,-233
-3,3,0.0799289,FRAY 1,87,416,-103,-236
-2,4,0.0799405,FRAY 1,87,416,-105,-240
-2,4,0.0799637,FRAY 1,87,416,-107,-244
-2,4,0.0799811,FRAY 1,87,416,-109,-248
-2,3,0.0799985,FRAY 1,87,416,-111,-251
-1,4,0.0800392,FRAY 1,87,416,-112,-255
-1,4,0.080045,FRAY 1,87,416,-113,-259
-1,4,0.0800798,FRAY 1,87,416,-114,-263
-1,3,0.080103,FRAY 1,87,416,-115,-266
-1,4,0.0801263,FRAY 1,87,416,-116,-270
-1,4,0.0801611,FRAY 1,87,416,-117,-274
-1,4,0.0801843,FRAY 1,87,416,-118,-278
-1,3,0.0801959,FRAY 1,87,416,-119,-281
-1,4,0.0802424,FRAY 1,87,416,-120,-285
-1,4,0.0802598,FRAY 1,87,416,-121,-289
-1,4,0.0802772,FRAY 1,87,416,-122,-293
-1,3,0.0803039,FRAY 1,87,416,-123,-296
-1,4,0.0803352,FRAY 1,87,416,-124,-300
-1,4,0.0803527,FRAY 1,87,416,-125,-304
-1,4,0.0803817,FRAY 1,87,416,-126,-308
-1,3,0.0804107,FRAY 1,87,416,-127,-311
-1,4,0.0804223,FRAY 1,87,416,-128,-315
-1,4,0.0804397,FRAY 1,87,416,-129,-319
-1,4,0.0804688,FRAY 1,87,416,-130,-323
-1,3,0.0804862,FRAY 1,87,416,-131,-326
-1,4,0.0805152,FRAY 1,87,416,-132,-330
-1,4,0.0805384,FRAY 1,87,416,-133,-334
-1,4,0.08055,FRAY 1,87,416,-134,-338
-1,3,0.0805732,FRAY 1,87,416,-135,-341
-1,4,0.0806081,FRAY 1,87,416,-136,-345
-1,4,0.0806371,FRAY 1,87,416,-137,-349
-1,4,0.0806487,FRAY 1,87,416,-138,-353
-1,3,0.0806835,FRAY 1,87,416,-139,-356
1,4,0.080701,FRAY 1,87,416,-138,-360
1,4,0.08073,FRAY 1,87,416,-137,-364
2,4,0.0807416,FRAY 1,87,416,-135,-368
2,3,0.0807706,FRAY 1,87,416,-133,-371
2,4,0.0807938,FRAY 1,87,416,-131,-375
3,4,0.0808112,FRAY 1,87,416,-128,-379
3,4,0.0808461,FRAY 1,87,416,-125,-383
2,3,0.0808751,FRAY 1,87,416,-123,-386
3,4,0.0809099,FRAY 1,87,416,-120,-390
3,4,0.0809157,FRAY 1,87,416,-117,-394
3,4,0.0809506,FRAY 1,87,416,-114,-398
3,3,0.080968,FRAY 1,87,416,-111,-401
2,4,0.080997,FRAY 1,87,416,-109,-405
3,4,0.0810318,FRAY 1,87,416,-106,-409
3,4,0.0810551,FRAY 1,87,416,-103,-413
3,3,0.0810625,FRAY 1,87,416,-100,-416
3,4,0.0810899,FRAY 1,87,416,-97,-420
2,4,0.0811131,FRAY 1,87,416,-95,-424
3,4,0.0811247,FRAY 1,87,416,-92,-428
3,3,0.0811479,FRAY 1,87,416,-89,-431
3,4,0.081177,FRAY 1,87,416,-86,-435
3,4,0.0811828,FRAY 1,87,416,-83,-439
2,4,0.0812176,FRAY 1,87,416,-81,-443
3,3,0.081235,FRAY 1,87,416,-78,-446
3,4,0.0812466,FRAY 1,87,416,-75,-450
3,4,0.0812698,FRAY 1,87,416,-72,-454
3,4,0.0813047,FRAY 1,87,416,-69,-458
3,3,0.0813163,FRAY 1,87,416,-66,-461
2,4,0.0813453,FRAY 1,87,416,-64,-465
3,4,0.0813685,FRAY 1,87,416,-61,-469
3,4,0.0814034,FRAY 1,87,416,-58,-473
3,3,0.081415,FRAY 1,87,416,-55,-476
3,4,0.0814498,FRAY 1,87,416,-52,-480
2,4,0.0814672,FRAY 1,87,416,-50,-484
3,4,0.0814904,FRAY 1,87,416,-47,-488
3,4,0.0815078,FRAY 1,87,416,-44,-492
2,4,0.0815427,FRAY 1,87,416,-42,-496
2,3,0.0815659,FRAY 1,87,416,-40,-499
2,4,0.0816007,FRAY 1,87,416,-38,-503
2,4,0.0816181,FRAY 1,87,416,-36,-507
2,4,0.0816414,FRAY 1,87,416,-34,-511
2,3,0.0816646,FRAY 1,87,416,-32,-514
1,4,0.0816936,FRAY 1,87,416,-31,-518
1,4,0.08174,FRAY 1,87,416,-30,-522
1,4,0.0817575,FRAY 1,87,416,-29,-526
1,3,0.0817691,FRAY 1,87,416,-28,-529
2,4,0.0817807,FRAY 1,87,416,-26,-533
2,4,0.0818155,FRAY 1,87,416,-24,-537
2,4,0.0818445,FRAY 1,87,416,-22,-541
3,7,0.0818794,FRAY 1,87,416,-19,-548
5,4,0.0819142,FRAY 1,87,416,-14,-552
3,3,0.0819606,FRAY 1,87,416,-11,-555
3,2,0.0819664,FRAY 1,87,416,-8,-557
3,3,0.0819839,FRAY 1,87,416,-5,-560
3,2,0.0820187,FRAY 1,87,416,-2,-562
3,2,0.0820303,FRAY 1,87,416,1,-564
1,1,0.0820593,FRAY 1,87,416,2,-565
1,-1,0.0823205,FRAY 1,87,416,3,-564
1,-1,0.0823786,FRAY 1,87,416,4,-563
1,-1,0.0824308,FRAY 1,87,416,5,-562
1,-1,0.0824424,FRAY 1,87,416,6,-561
-1,1,0.0864421,FRAY 1,87,416,5,-562
-1,1,0.0864885,FRAY 1,87,416,4,-563
-2,1,0.0865059,FRAY 1,87,416,2,-564
-1,1,0.086535,FRAY 1,87,416,1,-565
-2,1,0.0865408,FRAY 1,87,416,-1,-566
-2,1,0.0865756,FRAY 1,87,416,-3,-567
-2,1,0.0865988,FRAY 1,87,416,-5,-568
-1,-1,0.0921658,SAN- 2,387,311,-6,-567
-1,-1,0.092189,SAN- 2,387,311,-7,-566
1,-2,0.0922122,SAN- 2,387,311,-6,-564
1,-3,0.0922355,SAN- 2,387,311,-5,-561
1,-3,0.0922645,SAN- 2,387,311,-4,-558
1,-2,0.0922761,SAN- 2,387,311,-3,-556
1,-1,0.0922877,SAN- 2,387,311,-2,-555
2,-1,0.092574,SAN- 2,387,311,0,-554
2,-1,0.0926009,SAN- 2,387,311,2,-553
1,-1,0.0926302,SAN- 2,387,311,3,-552
2,-1,0.0926534,SAN- 2,387,311,5,-551
2,-1,0.092665,SAN- 2,387,311,7,-550
2,-1,0.0926999,SAN- 2,387,311,9,-549
3,-1,0.0927289,SAN- 2,387,311,12,-548
3,-1,0.0927289,SAN- 2,387,311,15,-547
2,-1,0.0927637,SAN- 2,387,311,17,-546
3,-1,0.0927985,SAN- 2,387,311,20,-545
3,-1,0.0928044,SAN- 2,387,311,23,-544
3,-1,0.0928276,SAN- 2,387,311,26,-543
3,-1,0.0928682,SAN- 2,387,311,29,-542
2,-1,0.0929088,SAN- 2,387,311,31,-541
3,-1,0.0929495,SAN- 2,387,311,34,-540
3,-1,0.0929553,SAN- 2,387,311,37,-539
3,-1,0.0929785,SAN- 2,387,311,40,-538
3,-1,0.0930249,SAN- 2,387,311,43,-537
2,-1,0.0930424,SAN- 2,387,311,45,-536
3,-1,0.0930598,SAN- 2,387,311,48,-535
3,-1,0.093083,SAN- 2,387,311,51,-534
3,-1,0.093112,SAN- 2,387,311,54,-533
3,-1,0.0931352,SAN- 2,387,311,57,-532
2,-1,0.0931643,SAN- 2,387,311,59,-531
3,-1,0.0934545,SAN- 2,387,311,62,-530
3,-1,0.0934893,SAN- 2,387,311,65,-529
3,-1,0.0935184,SAN- 2,387,311,68,-528
2,-1,0.0935242,SAN- 2,387,311,70,-527
1,-1,0.0935764,SAN- 2,387,311,71,-526
2,-1,0.0935996,SAN- 2,387,311,73,-525
2,-1,0.0936403,SAN- 2,387,311,75,-524
2,-1,0.0936635,SAN- 2,387,311,77,-523
2,-2,0.0936751,SAN- 2,387,311,79,-521
2,-2,0.0936983,SAN- 2,387,311,81,-519
3,-2,0.0937202,SAN- 2,387,311,84,-517
2,-2,0.0937448,SAN- 2,387,311,86,-515
3,-2,0.0937796,SAN- 2,387,311,89,-513
3,-2,0.0937912,SAN- 2,387,311,92,-511
3,-3,0.0938202,SAN- 2,387,311,95,-508
3,-3,0.0938434,SAN- 2,387,311,98,-505
2,-3,0.0938609,SAN- 2,387,311,100,-502
3,-3,0.0939015,SAN- 2,387,311,103,-499
3,-2,0.0939247,SAN- 2,387,311,106,-497
3,-3,0.0939421,SAN- 2,387,311,109,-494
3,-3,0.0939712,SAN- 2,387,311,112,-491
3,-3,0.0939886,SAN- 2,387,311,115,-488
2,-3,0.0940234,SAN- 2,387,311,117,-485
2,-3,0.0940524,SAN- 2,387,311,119,-482
2,-2,0.0940756,SAN- 2,387,311,121,-480
2,-3,0.0940931,SAN- 2,387,311,123,-477
2,-3,0.0941279,SAN- 2,387,311,125,-474
1,-3,0.0941511,SAN- 2,387,311,126,-471
1,-3,0.0941743,SAN- 2,387,311,127,-468
1,-2,0.0942034,SAN- 2,387,311,128,-466
1,-6,0.0942382,SAN- 2,387,311,129,-460
1,-3,0.0942672,SAN- 2,387,311,130,-457
1,-3,0.0942962,SAN- 2,387,311,131,-454
-1,-2,0.0943253,SAN- 2,387,311,130,-452
-1,-3,0.0943369,SAN- 2,387,311,129,-449
-1,-5,0.0943717,SAN- 2,387,311,128,-444
2,1,0.0944356,SAN- 2,387,311,130,-445
1,2,0.0944588,SAN- 2,387,311,131,-447
3,3,0.094482,SAN- 2,387,311,134,-450
3,2,0.0945226,SAN- 2,387,311,137,-452
3,3,0.0945334,SAN- 2,387,311,140,-455
3,3,0.0945691,SAN- 2,387,311,143,-458
3,3,0.0945807,SAN- 2,387,311,146,-461
2,3,0.0946039,SAN- 2,387,311,148,-464
3,3,0.0946155,SAN- 2,387,311,151,-467
3,2,0.0946503,SAN- 2,387,311,154,-469
3,2,0.0946678,SAN- 2,387,311,157,-471
3,2,0.094691,SAN- 2,387,311,160,-473
2,2,0.0947142,SAN- 2,387,311,162,-475
3,1,0.094749,SAN- 2,387,311,165,-476
3,1,0.0947722,SAN- 2,387,311,168,-477
3,-1,0.0949232,SAN- 2,387,311,171,-476
3,-1,0.0949464,SAN- 2,387,311,174,-475
3,-1,0.0949696,SAN- 2,387,311,177,-474
2,-1,0.0949928,SAN- 2,387,311,179,-473
3,-1,0.0950219,SAN- 2,387,311,182,-472
3,-1,0.0950393,SAN- 2,387,311,185,-471
3,-1,0.0950741,SAN- 2,387,311,188,-470
3,1,0.0954921,SAN- 2,387,311,191,-471
3,1,0.0954979,SAN- 2,387,311,194,-472
2,1,0.0955327,SAN- 2,387,311,196,-473
3,1,0.0955501,SAN- 2,387,311,199,-474
3,1,0.0955675,SAN- 2,387,311,202,-475
3,1,0.0955966,SAN- 2,387,311,205,-476
3,1,0.095614,SAN- 2,387,311,208,-477
2,1,0.095643,SAN- 2,387,311,210,-478
3,1,0.095672,SAN- 2,387,311,213,-479
3,1,0.0956778,SAN- 2,387,311,216,-480
3,1,0.0957127,SAN- 2,387,311,219,-481
3,1,0.0957359,SAN- 2,387,311,222,-482
3,1,0.0957765,SAN- 2,387,311,225,-483
3,1,0.0958171,SAN- 2,387,311,228,-484
3,1,0.0958229,SAN- 2,387,311,231,-485
3,1,0.095852,SAN- 2,387,311,234,-486
3,1,0.0958834,SAN- 2,387,311,237,-487
2,1,0.0959042,SAN- 2,387,311,239,-488
3,1,0.0959274,SAN- 2,387,311,242,-489
3,1,0.0959507,SAN- 2,387,311,245,-490
3,1,0.0959681,SAN- 2,387,311,248,-491
3,1,0.0959913,SAN- 2,387,311,251,-492
2,1,0.0960145,SAN- 2,387,311,253,-493
2,-1,0.0961358,SAN- 2,387,311,255,-492
3,-1,0.0961712,SAN- 2,387,311,258,-491
3,-2,0.0962003,SAN- 2,387,311,261,-489
3,-2,0.0962003,SAN- 2,387,311,264,-487
3,-2,0.0962293,SAN- 2,387,311,267,-485
2,-3,0.0962525,SAN- 2,387,311,269,-482
3,-2,0.0962641,SAN- 2,387,311,272,-480
3,-3,0.096299,SAN- 2,387,311,275,-477
3,-3,0.0963222,SAN- 2,387,311,278,-474
3,-3,0.0963454,SAN- 2,387,311,281,-471
3,-3,0.0963918,SAN- 2,387,311,284,-468
2,-2,0.0963976,SAN- 2,387,311,286,-466
3,-3,0.0964209,SAN- 2,387,311,289,-463
3,-3,0.0964441,SAN- 2,387,311,292,-460
3,-3,0.0964731,SAN- 2,387,311,295,-457
3,-3,0.0965079,SAN- 2,387,311,298,-454
2,-2,0.0965195,SAN- 2,387,311,300,-452
3,-3,0.096537,SAN- 2,387,311,303,-449
3,-3,0.0965602,SAN- 2,387,311,306,-446
3,-3,0.0965834,SAN- 2,387,311,309,-443
3,-3,0.0966124,SAN- 2,387,311,312,-440
2,-3,0.0966473,SAN- 2,387,311,314,-437
3,-1,0.0966647,SAN- 2,387,311,317,-436
3,-2,0.0966879,SAN- 2,387,311,320,-434
3,-2,0.0967051,SAN- 2,387,311,323,-432
3,-1,0.0967576,SAN- 2,387,311,326,-431
3,-1,0.0967576,SAN- 2,387,311,329,-430
2,-1,0.0967924,SAN- 2,387,311,331,-429
3,-1,0.0968272,SAN- 2,387,311,334,-428
3,-1,0.0968272,SAN- 2,387,311,337,-427
3,-1,0.0968446,SAN- 2,387,311,340,-426
3,-1,0.0968737,SAN- 2,387,311,343,-425
2,-1,0.0968911,SAN- 2,387,311,345,-424
3,-1,0.0969224,SAN- 2,387,311,348,-423
3,-1,0.0969665,SAN- 2,387,311,351,-422
3,-1,0.0969956,SAN- 2,387,311,354,-421
3,-1,0.0971291,SAN- 2,387,311,357,-420
2,-1,0.0971639,SAN- 2,387,311,359,-419
3,-1,0.0971871,SAN- 2,387,311,362,-418
3,-2,0.097222,SAN- 2,387,311,365,-416
3,-2,0.097251,SAN- 2,387,311,368,-414
2,-2,0.0972684,SAN- 2,387,311,370,-412
1,-5,0.097309,SAN- 2,387,311,371,-407
-1,-3,0.0973439,SAN- 2,387,311,370,-404
-2,-3,0.0973497,SAN- 2,387,311,368,-401
-3,-3,0.0973671,SAN- 2,387,311,365,-398
-3,-3,0.0974135,SAN- 2,387,311,362,-395
-4,-3,0.0974251,SAN- 2,387,311,358,-392
-3,-2,0.0974483,SAN- 2,387,311,355,-390
-4,-3,0.0974716,SAN- 2,387,311,351,-387
-4,-3,0.0975064,SAN- 2,387,311,347,-384
-4,-3,0.097518,SAN- 2,387,311,343,-381
-2,-3,0.097563,SAN- 2,387,311,341,-378
-2,-1,0.0975702,SAN- 2,387,311,339,-377
-2,-2,0.0975935,SAN- 2,387,311,337,-375
1,-2,0.0976109,SAN- 2,387,311,338,-373
1,-2,0.0976399,SAN- 2,387,311,339,-371
1,-2,0.0976747,SAN- 2,387,311,340,-369
2,-2,0.0977096,SAN- 2,387,311,342,-367
2,-2,0.0977212,SAN- 2,387,311,344,-365
2,-2,0.0977444,SAN- 2,387,311,346,-363
2,-1,0.0977792,SAN- 2,387,311,348,-362
2,-2,0.0977966,SAN- 2,387,311,350,-360
2,-2,0.0978257,SAN- 2,387,311,352,-358
1,-2,0.0978315,SAN- 2,387,311,353,-356
1,-2,0.0978721,SAN- 2,387,311,354,-354
1,-2,0.0979069,SAN- 2,387,311,355,-352
1,-2,0.0979185,SAN- 2,387,311,356,-350
-1,-2,0.097936,SAN- 2,387,311,355,-348
-2,-2,0.097965,SAN- 2,387,311,353,-346
-2,-3,0.0979766,SAN- 2,387,311,351,-343
-3,-3,0.0980172,SAN- 2,387,311,348,-340
-3,-3,0.0980172,SAN- 2,387,311,345,-337
-3,-3,0.0980521,SAN- 2,387,311,342,-334
-4,-2,0.0980811,SAN- 2,387,311,338,-332
-4,-3,0.0981159,SAN- 2,387,311,334,-329
-4,-2,0.0981217,SAN- 2,387,311,330,-327
-3,-2,0.0981449,SAN- 2,387,311,327,-325
-4,-1,0.0981682,SAN- 2,387,311,323,-324
-3,-1,0.098203,SAN- 2,387,311,320,-323
1,2,0.0993234,SAN- 2,387,311,321,-325
2,3,0.0993466,SAN- 2,387,311,323,-328
1,3,0.0993872,SAN- 2,387,311,324,-331
2,3,0.0994046,SAN- 2,387,311,326,-334
2,2,0.0994162,SAN- 2,387,311,328,-336
2,4,0.0994453,SAN- 2,387,311,330,-340
3,4,0.0994685,SAN- 2,387,311,333,-344
3,4,0.0994917,SAN- 2,387,311,336,-348
3,3,0.0995207,SAN- 2,387,311,339,-351
1,4,0.0995556,SAN- 2,387,311,340,-355
2,4,0.0995846,SAN- 2,387,311,342,-359
2,4,0.0995962,SAN- 2,387,311,344,-363
2,3,0.0996194,SAN- 2,387,311,346,-366
2,3,0.0996426,SAN- 2,387,311,348,-369
2,3,0.0996659,SAN- 2,387,311,350,-372
2,3,0.0997007,SAN- 2,387,311,352,-375
2,2,0.0997297,SAN- 2,387,311,354,-377
2,2,0.0997471,SAN- 2,387,311,356,-379
1,1,0.0997936,SAN- 2,387,311,357,-380
1,1,0.0998168,SAN- 2,387,311,358,-381
1,-1,0.100124,SAN- 2,387,311,359,-380
1,-1,0.100153,SAN- 2,387,311,360,-379
1,-1,0.100171,SAN- 2,387,311,361,-378
1,-2,0.1002,SAN- 2,387,311,362,-376
2,-2,0.100217,SAN- 2,387,311,364,-374
2,-2,0.100252,SAN- 2,387,311,366,-372
2,-2,0.100275,SAN- 2,387,311,368,-370
2,-2,0.100304,SAN- 2,387,311,370,-368
2,-1,0.100322,SAN- 2,387,311,372,-367
1,-1,0.100339,SAN- 2,387,311,373,-366
1,-1,0.107454,-TIA- 3,329,115,374,-365
1,-1,0.107485,-TIA- 3,329,115,375,-364
2,-2,0.107514,-TIA- 3,329,115,377,-362
2,-2,0.107537,-TIA- 3,329,115,379,-360
1,-2,0.107584,-TIA- 3,329,115,380,-358
2,-2,0.10759,-TIA- 3,329,115,382,-356
2,-1,0.107613,-TIA- 3,329,115,384,-355
2,-1,0.107636,-TIA- 3,329,115,386,-354
2,-1,0.107683,-TIA- 3,329,115,388,-353
2,-1,0.107688,-TIA- 3,329,115,390,-352
-1,-1,0.108037,-TIA- 3,329,115,389,-351
-1,-2,0.10806,-TIA- 3,329,115,388,-349
-1,-2,0.108095,-TIA- 3,329,115,387,-347
-1,-2,0.108112,-TIA- 3,329,115,386,-345
-2,-3,0.10813,-TIA- 3,329,115,384,-342
-2,-2,0.108153,-TIA- 3,329,115,382,-340
-2,-3,0.108188,-TIA- 3,329,115,380,-337
-3,-3,0.108205,-TIA- 3,329,115,377,-334
-4,-3,0.108234,-TIA- 3,329,115,373,-331
-4,-3,0.108263,-TIA- 3,329,115,369,-328
-4,-2,0.108263,-TIA- 3,329,115,365,-326
-3,-3,0.108298,-TIA- 3,329,115,362,-323
-4,-3,0.108315,-TIA- 3,329,115,358,-320
-4,-3,0.108356,-TIA- 3,329,115,354,-317
-4,-3,0.108368,-TIA- 3,329,115,350,-314
-3,-2,0.108397,-TIA- 3,329,115,347,-312
-4,-3,0.10842,-TIA- 3,329,115,343,-309
-4,-3,0.108443,-TIA- 3,329,115,339,-306
-4,-3,0.10846,-TIA- 3,329,115,335,-303
-3,-3,0.108489,-TIA- 3,329,115,332,-300
-4,-3,0.108524,-TIA- 3,329,115,328,-297
-4,-2,0.10853,-TIA- 3,329,115,324,-295
-4,-3,0.108559,-TIA- 3,329,115,320,-292
-3,-3,0.108588,-TIA- 3,329,115,317,-289
-4,-3,0.108635,-TIA- 3,329,115,313,-286
-4,-3,0.108646,-TIA- 3,329,115,309,-283
-4,-2,0.108675,-TIA- 3,329,115,305,-281
-3,-3,0.108682,-TIA- 3,329,115,302,-278
-4,-3,0.108733,-TIA- 3,329,115,298,-275
-4,-3,0.108733,-TIA- 3,329,115,294,-272
-4,-3,0.108756,-TIA- 3,329,115,290,-269
-3,-2,0.10878,-TIA- 3,329,115,287,-267
-4,-3,0.108803,-TIA- 3,329,115,283,-264
-4,-3,0.10882,-TIA- 3,329,115,279,-261
-4,-3,0.108849,-TIA- 3,329,115,275,-258
-3,-3,0.108873,-TIA- 3,329,115,272,-255
-4,-3,0.108896,-TIA- 3,329,115,268,-252
-3,-2,0.108925,-TIA- 3,329,115,265,-250
-3,-2,0.108971,-TIA- 3,329,115,262,-248
-1,-2,0.108971,-TIA- 3,329,115,261,-246
-1,-2,0.108989,-TIA- 3,329,115,260,-244
-1,-2,0.109029,-TIA- 3,329,115,259,-242
-1,-3,0.109047,-TIA- 3,329,115,258,-239
1,-2,0.109064,-TIA- 3,329,115,259,-237
1,-3,0.109128,-TIA- 3,329,115,260,-234
2,-3,0.109128,-TIA- 3,329,115,262,-231
2,-3,0.10914,-TIA- 3,329,115,264,-228
2,-3,0.109163,-TIA- 3,329,115,266,-225
2,-2,0.109186,-TIA- 3,329,115,268,-223
2,-3,0.109209,-TIA- 3,329,115,270,-220
2,-3,0.109273,-TIA- 3,329,115,272,-217
2,-3,0.109273,-TIA- 3,329,115,274,-214
1,-3,0.109273,-TIA- 3,329,115,275,-211
2,-3,0.109307,-TIA- 3,329,115,277,-208
2,-2,0.109337,-TIA- 3,329,115,279,-206
2,-3,0.10936,-TIA- 3,329,115,281,-203
2,-3,0.109418,-TIA- 3,329,115,283,-200
2,-3,0.109418,-TIA- 3,329,115,285,-197
2,-3,0.109436,-TIA- 3,329,115,287,-194
2,-2,0.109459,-TIA- 3,329,115,289,-192
1,-3,0.109488,-TIA- 3,329,115,290,-189
2,-3,0.109523,-TIA- 3,329,115,292,-186
1,-3,0.109552,-TIA- 3,329,115,293,-183
1,-3,0.109558,-TIA- 3,329,115,294,-180
1,-2,0.109581,-TIA- 3,329,115,295,-178
1,-3,0.10961,-TIA- 3,329,115,296,-175
1,-3,0.109633,-TIA- 3,329,115,297,-172
1,-3,0.109674,-TIA- 3,329,115,298,-169
1,-3,0.109679,-TIA- 3,329,115,299,-166
2,-2,0.109708,-TIA- 3,329,115,301,-164
2,-1,0.10972,-TIA- 3,329,115,303,-163
3,1,0.109823,-TIA- 3,329,115,306,-164
3,2,0.109854,-TIA- 3,329,115,309,-166
3,2,0.109877,-TIA- 3,329,115,312,-168
3,2,0.109894,-TIA- 3,329,115,315,-170
2,2,0.109917,-TIA- 3,329,115,317,-172
1,2,0.109941,-TIA- 3,329,115,318,-174
2,2,0.109958,-TIA- 3,329,115,320,-176
2,1,0.109987,-TIA- 3,329,115,322,-177
2,1,0.11001,-TIA- 3,329,115,324,-178
1,-1,0.110097,-TIA- 3,329,115,325,-177
2,-2,0.110121,-TIA- 3,329,115,327,-175
2,-2,0.11014,-TIA- 3,329,115,329,-173
2,-2,0.110173,-TIA- 3,329,115,331,-171
2,-3,0.11019,-TIA- 3,329,115,333,-168
2,-3,0.110202,-TIA- 3,329,115,335,-165
2,-2,0.110237,-TIA- 3,329,115,337,-163
2,-3,0.110254,-TIA- 3,329,115,339,-160
1,-3,0.110295,-TIA- 3,329,115,340,-157
2,-3,0.110301,-TIA- 3,329,115,342,-154
2,-3,0.110334,-TIA- 3,329,115,344,-151
2,-3,0.11037,-TIA- 3,329,115,346,-148
2,-5,0.110399,-TIA- 3,329,115,348,-143
4,-3,0.110422,-TIA- 3,329,115,352,-140
2,-3,0.110428,-TIA- 3,329,115,354,-137
1,-3,0.110457,-TIA- 3,329,115,355,-134
2,-2,0.110469,-TIA- 3,329,115,357,-132
2,-3,0.110515,-TIA- 3,329,115,359,-129
2,-3,0.110527,-TIA- 3,329,115,361,-126
2,-3,0.11055,-TIA- 3,329,115,363,-123
1,-3,0.110585,-TIA- 3,329,115,364,-120
1,-2,0.110602,-TIA- 3,329,115,365,-118
1,-3,0.110637,-TIA- 3,329,115,366,-115
1,-3,0.110643,-TIA- 3,329,115,367,-112
1,-3,0.110672,-TIA- 3,329,115,368,-109
1,-2,0.110684,-TIA- 3,329,115,369,-107
1,-2,0.110713,-TIA- 3,329,115,370,-105
1,-2,0.110748,-TIA- 3,329,115,371,-103
-1,-1,0.110788,-TIA- 3,329,115,370,-102
-2,-3,0.110788,-TIA- 3,329,115,368,-99
-2,-3,0.110811,-TIA- 3,329,115,366,-96
-3,-3,0.110835,-TIA- 3,329,115,363,-93
-3,-3,0.110859,-TIA- 3,329,115,360,-90
-3,-2,0.110899,-TIA- 3,329,115,357,-88
-4,-3,0.110904,-TIA- 3,329,115,353,-85
-4,-3,0.110933,-TIA- 3,329,115,349,-82
-4,-3,0.110957,-TIA- 3,329,115,345,-79
-3,-3,0.11098,-TIA- 3,329,115,342,-76
-4,-3,0.11102,-TIA- 3,329,115,338,-73
-4,-2,0.111044,-TIA- 3,329,115,334,-71
-3,-3,0.111049,-TIA- 3,329,115,331,-68
-3,-3,0.111078,-TIA- 3,329,115,328,-65
-1,-3,0.111107,-TIA- 3,329,115,327,-62
-2,-3,0.111113,-TIA- 3,329,115,325,-59
-1,-2,0.111137,-TIA- 3,329,115,324,-57
-1,-3,0.111171,-TIA- 3,329,115,323,-54
-1,-2,0.111189,-TIA- 3,329,115,322,-52
-1,-2,0.1112,-TIA- 3,329,115,321,-50
-1,-1,0.111247,-TIA- 3,329,115,320,-49
-1,-1,0.111276,-TIA- 3,329,115,319,-48
-1,1,0.111386,-TIA- 3,329,115,318,-49
-1,1,0.122584,GO 4,282,431,317,-50
-1,1,0.122625,GO 4,282,431,316,-51
-1,2,0.122648,GO 4,282,431,315,-53
-1,2,0.122659,GO 4,282,431,314,-55
-1,2,0.122683,GO 4,282,431,313,-57
-1,3,0.122712,GO 4,282,431,312,-60
-1,3,0.122735,GO 4,282,431,311,-63
-1,3,0.122758,GO 4,282,431,310,-66
-1,7,0.122787,GO 4,282,431,309,-73
-1,4,0.122822,GO 4,282,431,308,-77
-1,4,0.122845,GO 4,282,431,307,-81
-1,4,0.122874,GO 4,282,431,306,-85
-1,3,0.122903,GO 4,282,431,305,-88
1,4,0.122909,GO 4,282,431,306,-92
1,4,0.122938,GO 4,282,431,307,-96
1,4,0.122979,GO 4,282,431,308,-100
1,3,0.122996,GO 4,282,431,309,-103
1,4,0.123031,GO 4,282,431,310,-107
1,8,0.123072,GO 4,282,431,311,-115
1,3,0.123106,GO 4,282,431,312,-118
1,4,0.123118,GO 4,282,431,313,-122
1,4,0.123159,GO 4,282,431,314,-126
1,4,0.123182,GO 4,282,431,315,-130
1,3,0.123217,GO 4,282,431,316,-133
1,4,0.123222,GO 4,282,431,317,-137
1,4,0.123246,GO 4,282,431,318,-141
1,4,0.123286,GO 4,282,431,319,-145
1,7,0.123292,GO 4,282,431,320,-152
1,4,0.123321,GO 4,282,431,321,-156
-1,4,0.123356,GO 4,282,431,320,-160
-2,3,0.123385,GO 4,282,431,318,-163
-2,4,0.123414,GO 4,282,431,316,-167
-3,8,0.123437,GO 4,282,431,313,-175
-6,3,0.123472,GO 4,282,431,307,-178
-4,4,0.123513,GO 4,282,431,303,-182
-4,4,0.123524,GO 4,282,431,299,-186
-3,4,0.123559,GO 4,282,431,296,-190
-4,3,0.123594,GO 4,282,431,292,-193
-4,8,0.123623,GO 4,282,431,288,-201
-7,4,0.123652,GO 4,282,431,281,-205
-2,3,0.123681,GO 4,282,431,279,-208
-2,4,0.12371,GO 4,282,431,277,-212
-2,8,0.123739,GO 4,282,431,275,-220
-3,3,0.123774,GO 4,282,431,272,-223
-1,4,0.123797,GO 4,282,431,271,-227
-1,4,0.12382,GO 4,282,431,270,-231
-1,4,0.123861,GO 4,282,431,269,-235
-1,3,0.123884,GO 4,282,431,268,-238
-1,4,0.123907,GO 4,282,431,267,-242
-1,4,0.123919,GO 4,282,431,266,-246
-2,4,0.123948,GO 4,282,431,264,-250
-2,3,0.123971,GO 4,282,431,262,-253
-2,4,0.123993,GO 4,282,431,260,-257
-2,4,0.124024,GO 4,282,431,258,-261
-2,4,0.124041,GO 4,282,431,256,-265
-2,3,0.12407,GO 4,282,431,254,-268
-2,4,0.124087,GO 4,282,431,252,-272
-1,4,0.124116,GO 4,282,431,251,-276
-2,4,0.124175,GO 4,282,431,249,-280
-2,3,0.124175,GO 4,282,431,247,-283
-2,4,0.124192,GO 4,282,431,245,-287
-2,4,0.124221,GO 4,282,431,243,-291
-2,4,0.12425,GO 4,282,431,241,-295
-3,3,0.124291,GO 4,282,431,238,-298
-2,4,0.124296,GO 4,282,431,236,-302
-3,4,0.124331,GO 4,282,431,233,-306
-2,4,0.124343,GO 4,282,431,231,-310
-2,3,0.124354,GO 4,282,431,229,-313
-2,4,0.124383,GO 4,282,431,227,-317
-1,4,0.124413,GO 4,282,431,226,-321
-1,4,0.124447,GO 4,282,431,225,-325
-1,3,0.124459,GO 4,282,431,224,-328
1,4,0.124476,GO 4,282,431,225,-332
1,4,0.1245,GO 4,282,431,226,-336
1,4,0.124517,GO 4,282,431,227,-340
1,3,0.124546,GO 4,282,431,228,-343
1,4,0.124581,GO 4,282,431,229,-347
1,4,0.124604,GO 4,282,431,230,-351
1,4,0.124627,GO 4,282,431,231,-355
1,3,0.124662,GO 4,282,431,232,-358
1,4,0.12468,GO 4,282,431,233,-362
1,4,0.124691,GO 4,282,431,234,-366
1,4,0.124714,GO 4,282,431,235,-370
1,3,0.124732,GO 4,282,431,236,-373
1,4,0.124772,GO 4,282,431,237,-377
-1,4,0.124801,GO 4,282,431,236,-381
-1,4,0.124825,GO 4,282,431,235,-385
-1,3,0.124842,GO 4,282,431,234,-388
-1,4,0.124871,GO 4,282,431,233,-392
-1,3,0.124904,GO 4,282,431,232,-395
-1,3,0.124923,GO 4,282,431,231,-398
1,3,0.124947,GO 4,282,431,232,-401
1,1,0.124976,GO 4,282,431,233,-402
1,2,0.124987,GO 4,282,431,234,-404
1,1,0.12501,GO 4,282,431,235,-405
1,1,0.125034,GO 4,282,431,236,-406
1,1,0.125068,GO 4,282,431,237,-407
1,1,0.125121,GO 4,282,431,238,-408
1,1,0.125138,GO 4,282,431,239,-409
1,1,0.125185,GO 4,282,431,240,-410
1,1,0.125219,GO 4,282,431,241,-411
1,1,0.125266,GO 4,282,431,242,-412
1,2,0.125277,GO 4,282,431,243,-414
1,2,0.125318,GO 4,282,431,244,-416
1,2,0.125329,GO 4,282,431,245,-418
1,2,0.125382,GO 4,282,431,246,-420
1,3,0.125394,GO 4,282,431,247,-423
1,3,0.125399,GO 4,282,431,248,-426
1,3,0.125423,GO 4,282,431,249,-429
1,3,0.125457,GO 4,282,431,250,-432
-1,2,0.125481,GO 4,282,431,249,-434
-1,3,0.125521,GO 4,282,431,248,-437
-1,2,0.125544,GO 4,282,431,247,-439
-1,2,0.125568,GO 4,282,431,246,-441
-1,1,0.125585,GO 4,282,431,245,-442
-1,1,0.125637,GO 4,282,431,244,-443
1,2,0.125666,GO 4,282,431,245,-445
1,2,0.125695,GO 4,282,431,246,-447
2,2,0.125731,GO 4,282,431,248,-449
2,3,0.125736,GO 4,282,431,250,-452
2,2,0.125765,GO 4,282,431,252,-454
2,3,0.125782,GO 4,282,431,254,-457
1,3,0.125817,GO 4,282,431,255,-460
2,3,0.125858,GO 4,282,431,257,-463
2,2,0.125858,GO 4,282,431,259,-465
2,2,0.125875,GO 4,282,431,261,-467
2,1,0.125893,GO 4,282,431,263,-468
2,1,0.125916,GO 4,282,431,265,-469
1,1,0.125951,GO 4,282,431,266,-470
1,1,0.125962,GO 4,282,431,267,-471
1,1,0.12598,GO 4,282,431,268,-472
1,1,0.126363,GO 4,282,431,269,-473
1,1,0.126415,GO 4,282,431,270,-474
1,1,0.12645,GO 4,282,431,271,-475
1,-1,0.137671,FRAY 5,338,307,272,-474
1,-2,0.137689,FRAY 5,338,307,273,-472
1,-2,0.137717,FRAY 5,338,307,274,-470
1,-1,0.137735,FRAY 5,338,307,275,-469
2,-3,0.137793,FRAY 5,338,307,277,-466
2,-3,0.137793,FRAY 5,338,307,279,-463
2,-3,0.137839,FRAY 5,338,307,281,-460
2,-3,0.137839,FRAY 5,338,307,283,-457
2,-2,0.137863,FRAY 5,338,307,285,-455
2,-3,0.137898,FRAY 5,338,307,287,-452
3,-3,0.137921,FRAY 5,338,307,290,-449
3,-3,0.13795,FRAY 5,338,307,293,-446
3,-3,0.137996,FRAY 5,338,307,296,-443
3,-3,0.137996,FRAY 5,338,307,299,-440
3,-2,0.138019,FRAY 5,338,307,302,-438
2,-3,0.138041,FRAY 5,338,307,304,-435
3,-3,0.138072,FRAY 5,338,307,307,-432
3,-3,0.138095,FRAY 5,338,307,310,-429
3,-3,0.138136,FRAY 5,338,307,313,-426
3,-2,0.138147,FRAY 5,338,307,316,-424
2,-3,0.13817,FRAY 5,338,307,318,-421
3,-3,0.138205,FRAY 5,338,307,321,-418
3,-2,0.138223,FRAY 5,338,307,324,-416
2,-2,0.138257,FRAY 5,338,307,326,-414
2,-2,0.138275,FRAY 5,338,307,328,-412
2,-2,0.138298,FRAY 5,338,307,330,-410
2,-1,0.138333,FRAY 5,338,307,332,-409
1,-2,0.138344,FRAY 5,338,307,333,-407
2,-2,0.138385,FRAY 5,338,307,335,-405
2,-2,0.138397,FRAY 5,338,307,337,-403
2,-2,0.138432,FRAY 5,338,307,339,-401
2,-1,0.138432,FRAY 5,338,307,341,-400
2,-1,0.138455,FRAY 5,338,307,343,-399
2,-1,0.138484,FRAY 5,338,307,345,-398
1,-1,0.138902,FRAY 5,338,307,346,-397
1,-1,0.138902,FRAY 5,338,307,347,-396
1,-2,0.138919,FRAY 5,338,307,348,-394
-1,-2,0.138937,FRAY 5,338,307,347,-392
-1,-3,0.138966,FRAY 5,338,307,346,-389
-1,-3,0.138995,FRAY 5,338,307,345,-386
-1,-3,0.139041,FRAY 5,338,307,344,-383
-1,-2,0.139064,FRAY 5,338,307,343,-381
1,-3,0.13907,FRAY 5,338,307,344,-378
1,-3,0.139104,FRAY 5,338,307,345,-375
1,-2,0.139117,FRAY 5,338,307,346,-373
1,-2,0.139151,FRAY 5,338,307,347,-371
1,-2,0.139175,FRAY 5,338,307,348,-369
1,-2,0.139204,FRAY 5,338,307,349,-367
1,-1,0.139227,FRAY 5,338,307,350,-366
1,-1,0.139244,FRAY 5,338,307,351,-365
1,-1,0.139267,FRAY 5,338,307,352,-364
1,-1,0.139285,FRAY 5,338,307,353,-363
1,-1,0.139349,FRAY 5,338,307,354,-362
-1,-1,0.13936,FRAY 5,338,307,353,-361
-1,-1,0.139389,FRAY 5,338,307,352,-360
-1,-1,0.139447,FRAY 5,338,307,351,-359
-1,-1,0.139453,FRAY 5,338,307,350,-358
-1,-1,0.139488,FRAY 5,338,307,349,-357
-1,-2,0.139505,FRAY 5,338,307,348,-355
-1,-2,0.139546,FRAY 5,338,307,347,-353
-1,-1,0.139569,FRAY 5,338,307,346,-352
-1,-2,0.139598,FRAY 5,338,307,345,-350
-1,-2,0.139633,FRAY 5,338,307,344,-348
-1,-2,0.139633,FRAY 5,338,307,343,-346
-1,-2,0.139668,FRAY 5,338,307,342,-344
-1,-2,0.139691,FRAY 5,338,307,341,-342
-1,-2,0.139749,FRAY 5,338,307,340,-340
-1,-1,0.139749,FRAY 5,338,307,339,-339
-1,-1,0.139778,FRAY 5,338,307,338,-338
-1,-1,0.139819,FRAY 5,338,307,337,-337
-1,-1,0.13986,FRAY 5,338,307,336,-336
-1,-1,0.1399,FRAY 5,338,307,335,-335
-1,-1,0.139935,FRAY 5,338,307,334,-334
-1,-1,0.13997,FRAY 5,338,307,333,-333
-1,-1,0.140005,FRAY 5,338,307,332,-332
-1,-1,0.140115,FRAY 5,338,307,331,-331
-1,-1,0.140185,FRAY 5,338,307,330,-330
-1,-1,0.14019,FRAY 5,338,307,329,-329
-1,-1,0.14026,FRAY 5,338,307,328,-328
-1,-1,0.14026,FRAY 5,338,307,327,-327
-1,-1,0.140324,FRAY 5,338,307,326,-326
1,-1,0.140341,FRAY 5,338,307,327,-325
1,-1,0.140365,FRAY 5,338,307,328,-324
1,-1,0.140399,FRAY 5,338,307,329,-323
2,-1,0.140428,FRAY 5,338,307,331,-322
2,-1,0.140452,FRAY 5,338,307,333,-321
2,-1,0.140469,FRAY 5,338,307,335,-320
2,-2,0.140498,FRAY 5,338,307,337,-318
2,-2,0.140516,FRAY 5,338,307,339,-316
2,-2,0.140533,FRAY 5,338,307,341,-314
1,-2,0.140579,FRAY 5,338,307,342,-312
2,-2,0.140591,FRAY 5,338,307,344,-310
2,-2,0.140626,FRAY 5,338,307,346,-308
2,-2,0.140643,FRAY 5,338,307,348,-306
2,-1,0.140678,FRAY 5,338,307,350,-305
2,-2,0.140684,FRAY 5,338,307,352,-303
2,-2,0.140707,FRAY 5,338,307,354,-301
1,-3,0.140742,FRAY 5,338,307,355,-298
2,-3,0.140754,FRAY 5,338,307,357,-295
2,-3,0.140783,FRAY 5,338,307,359,-292
2,-2,0.140806,FRAY 5,338,307,361,-290
2,-3,0.140858,FRAY 5,338,307,363,-287
2,-3,0.140864,FRAY 5,338,307,365,-284
2,-3,0.140875,FRAY 5,338,307,367,-281
2,-3,0.140893,FRAY 5,338,307,369,-278
1,-2,0.140922,FRAY 5,338,307,370,-276
2,-1,0.140951,FRAY 5,338,307,372,-275
2,-2,0.140997,FRAY 5,338,307,374,-273
2,-2,0.141003,FRAY 5,338,307,376,-271
2,-2,0.141009,FRAY 5,338,307,378,-269
1,-2,0.141044,FRAY 5,338,307,379,-267
1,-1,0.141096,FRAY 5,338,307,380,-266
-1,1,0.141212,FRAY 5,338,307,379,-267
-1,1,0.141276,FRAY 5,338,307,378,-268
-1,1,0.141299,FRAY 5,338,307,377,-269
-1,-1,0.153786,SAN- 6,280,234,376,-268
1,-2,0.153821,SAN- 6,280,234,377,-266
2,-2,0.153838,SAN- 6,280,234,379,-264
1,-2,0.153873,SAN- 6,280,234,380,-262
2,-3,0.153884,SAN- 6,280,234,382,-259
2,-3,0.153913,SAN- 6,280,234,384,-256
2,-3,0.153937,SAN- 6,280,234,386,-253
1,-6,0.153989,SAN- 6,280,234,387,-247
1,-2,0.154035,SAN- 6,280,234,388,-245
1,-3,0.154041,SAN- 6,280,234,389,-242
-1,-2,0.15407,SAN- 6,280,234,388,-240
-1,-1,0.154093,SAN- 6,280,234,387,-239
-1,-1,0.154122,SAN- 6,280,234,386,-238
-3,1,0.154865,SAN- 6,280,234,383,-239
-2,1,0.154906,SAN- 6,280,234,381,-240
-4,1,0.154918,SAN- 6,280,234,377,-241
-2,1,0.155347,SAN- 6,280,234,375,-242
-2,1,0.155371,SAN- 6,280,234,373,-243
-2,1,0.155411,SAN- 6,280,234,371,-244
-2,1,0.155429,SAN- 6,280,234,369,-245
-1,1,0.155458,SAN- 6,280,234,368,-246
-2,1,0.155487,SAN- 6,280,234,366,-247
-3,-1,0.155585,SAN- 6,280,234,363,-246
-3,-1,0.155609,SAN- 6,280,234,360,-245
-2,-1,0.155655,SAN- 6,280,234,358,-244
-3,-2,0.155661,SAN- 6,280,234,355,-242
-3,-2,0.155678,SAN- 6,280,234,352,-240
-3,-2,0.155701,SAN- 6,280,234,349,-238
-3,-1,0.155725,SAN- 6,280,234,346,-237
-2,-2,0.155754,SAN- 6,280,234,344,-235
-3,-3,0.155771,SAN- 6,280,234,341,-232
-2,-3,0.155812,SAN- 6,280,234,339,-229
-2,-3,0.155829,SAN- 6,280,234,337,-226
-1,-3,0.155852,SAN- 6,280,234,336,-223
-1,-2,0.155876,SAN- 6,280,234,335,-221
-1,-3,0.155905,SAN- 6,280,234,334,-218
-1,-3,0.155934,SAN- 6,280,234,333,-215
-1,-3,0.155945,SAN- 6,280,234,332,-212
-1,-3,0.155975,SAN- 6,280,234,331,-209
-1,-2,0.155986,SAN- 6,280,234,330,-207
-1,-3,0.156015,SAN- 6,280,234,329,-204
-1,-2,0.156044,SAN- 6,280,234,328,-202
-1,-2,0.156085,SAN- 6,280,234,327,-200
-1,-2,0.156096,SAN- 6,280,234,326,-198
-1,-2,0.156131,SAN- 6,280,234,325,-196
-1,-2,0.156137,SAN- 6,280,234,324,-194
-1,-1,0.156172,SAN- 6,280,234,323,-193
-1,-2,0.156195,SAN- 6,280,234,322,-191
-1,-2,0.15623,SAN- 6,280,234,321,-189
-1,-2,0.156241,SAN- 6,280,234,320,-187
-1,-1,0.15627,SAN- 6,280,234,319,-186
-1,-1,0.156294,SAN- 6,280,234,318,-185
-1,-1,0.156346,SAN- 6,280,234,317,-184
-1,-1,0.156352,SAN- 6,280,234,316,-183
-1,-1,0.156413,SAN- 6,280,234,315,-182
-1,-1,0.156456,SAN- 6,280,234,314,-181
-1,-1,0.156485,SAN- 6,280,234,313,-180
-1,-1,0.15652,SAN- 6,280,234,312,-179
-1,-2,0.156532,SAN- 6,280,234,311,-177
-1,-2,0.156555,SAN- 6,280,234,310,-175
-1,-2,0.156601,SAN- 6,280,234,309,-173
-1,-2,0.156613,SAN- 6,280,234,308,-171
-1,-2,0.156642,SAN- 6,280,234,307,-169
-1,-2,0.156665,SAN- 6,280,234,306,-167
-1,-2,0.156677,SAN- 6,280,234,305,-165
-1,-1,0.15677,SAN- 6,280,234,304,-164
-1,-1,0.15677,SAN- 6,280,234,303,-163
-1,-1,0.156822,SAN- 6,280,234,302,-162
-1,-1,0.156833,SAN- 6,280,234,301,-161
-1,-1,0.156886,SAN- 6,280,234,300,-160
-1,-1,0.156915,SAN- 6,280,234,299,-159
-1,-1,0.156967,SAN- 6,280,234,298,-158
-1,-1,0.15699,SAN- 6,280,234,297,-157
-1,-1,0.157013,SAN- 6,280,234,296,-156
-1,-2,0.157037,SAN- 6,280,234,295,-154
-1,-2,0.157071,SAN- 6,280,234,294,-152
-1,-2,0.1571,SAN- 6,280,234,293,-150
-1,-2,0.157124,SAN- 6,280,234,292,-148
-1,-2,0.157141,SAN- 6,280,234,291,-146
-1,-2,0.157164,SAN- 6,280,234,290,-144
-1,-3,0.157187,SAN- 6,280,234,289,-141
-1,-3,0.157234,SAN- 6,280,234,288,-138
-1,-3,0.157251,SAN- 6,280,234,287,-135
-1,-2,0.15728,SAN- 6,280,234,286,-133
-1,-2,0.157286,SAN- 6,280,234,285,-131
1,-2,0.157315,SAN- 6,280,234,286,-129
1,-1,0.157344,SAN- 6,280,234,287,-128
1,-2,0.157362,SAN- 6,280,234,288,-126
1,-2,0.157396,SAN- 6,280,234,289,-124
1,-2,0.157431,SAN- 6,280,234,290,-122
2,-1,0.157472,SAN- 6,280,234,292,-121
1,-1,0.167451,-TIA- 7,121,109,293,-120
-1,-2,0.16752,-TIA- 7,121,109,292,-118
-2,-2,0.16752,-TIA- 7,121,109,290,-116
-2,-2,0.167549,-TIA- 7,121,109,288,-114
-1,-2,0.167561,-TIA- 7,121,109,287,-112
-2,-2,0.167602,-TIA- 7,121,109,285,-110
-3,-3,0.167625,-TIA- 7,121,109,282,-107
-3,-2,0.16766,-TIA- 7,121,109,279,-105
-3,-3,0.167671,-TIA- 7,121,109,276,-102
-3,-3,0.1677,-TIA- 7,121,109,273,-99
-1,-3,0.167724,-TIA- 7,121,109,272,-96
-2,-3,0.167753,-TIA- 7,121,109,270,-93
-2,-2,0.167787,-TIA- 7,121,109,268,-91
-2,-2,0.167799,-TIA- 7,121,109,266,-89
-2,-2,0.167811,-TIA- 7,121,109,264,-87
-2,-1,0.16784,-TIA- 7,121,109,262,-86
-1,-1,0.168078,-TIA- 7,121,109,261,-85
-1,-1,0.16809,-TIA- 7,121,109,260,-84
-1,-1,0.168124,-TIA- 7,121,109,259,-83
-2,-2,0.168141,-TIA- 7,121,109,257,-81
-3,-2,0.168165,-TIA- 7,121,109,254,-79
-3,-1,0.168194,-TIA- 7,121,109,251,-78
-3,-2,0.168211,-TIA- 7,121,109,248,-76
-3,-2,0.168252,-TIA- 7,121,109,245,-74
-4,-3,0.168269,-TIA- 7,121,109,241,-71
-4,-3,0.168298,-TIA- 7,121,109,237,-68
-4,-3,0.16831,-TIA- 7,121,109,233,-65
-3,-2,0.168333,-TIA- 7,121,109,230,-63
-4,-3,0.168368,-TIA- 7,121,109,226,-60
-4,-3,0.168385,-TIA- 7,121,109,222,-57
-4,-3,0.168403,-TIA- 7,121,109,218,-54
-3,-3,0.168438,-TIA- 7,121,109,215,-51
-4,-2,0.168461,-TIA- 7,121,109,211,-49
-4,-3,0.16849,-TIA- 7,121,109,207,-46
-4,-3,0.168513,-TIA- 7,121,109,203,-43
-3,-3,0.168519,-TIA- 7,121,109,200,-40
-4,-3,0.168554,-TIA- 7,121,109,196,-37
-4,-3,0.168577,-TIA- 7,121,109,192,-34
-4,-2,0.1686,-TIA- 7,121,109,188,-32
-3,-3,0.168612,-TIA- 7,121,109,185,-29
-4,-6,0.168652,-TIA- 7,121,109,181,-23
-8,-3,0.168681,-TIA- 7,121,109,173,-20
-3,-2,0.168716,-TIA- 7,121,109,170,-18
-4,-3,0.168751,-TIA- 7,121,109,166,-15
-4,-3,0.168774,-TIA- 7,121,109,162,-12
-4,-3,0.168774,-TIA- 7,121,109,158,-9
-3,-3,0.168786,-TIA- 7,121,109,155,-6
-4,-2,0.168826,-TIA- 7,121,109,151,-4
-4,-3,0.16885,-TIA- 7,121,109,147,-1
-4,-3,0.168876,-TIA- 7,121,109,143,2
-3,-3,0.16889,-TIA- 7,121,109,140,5
-4,-3,0.168902,-TIA- 7,121,109,136,8
-4,-3,0.168914,-TIA- 7,121,109,132,11
-4,-2,0.168943,-TIA- 7,121,109,128,13
-3,-3,0.168983,-TIA- 7,121,109,125,16
-4,-3,0.168995,-TIA- 7,121,109,121,19
-4,-3,0.16903,-TIA- 7,121,109,117,22
-4,-3,0.169053,-TIA- 7,121,109,113,25
-3,-2,0.16907,-TIA- 7,121,109,110,27
-4,-3,0.169094,-TIA- 7,121,109,106,30
-4,-3,0.169111,-TIA- 7,121,109,102,33
-4,-3,0.16914,-TIA- 7,121,109,98,36
-3,-3,0.169163,-TIA- 7,121,109,95,39
-4,-2,0.169198,-TIA- 7,121,109,91,41
-3,-2,0.169227,-TIA- 7,121,109,88,43
-3,-3,0.16925,-TIA- 7,121,109,85,46
-2,-3,0.169273,-TIA- 7,121,109,83,49
-2,-2,0.169308,-TIA- 7,121,109,81,51
-2,-3,0.169332,-TIA- 7,121,109,79,54
-1,-3,0.169343,-TIA- 7,121,109,78,57
-1,-2,0.169365,-TIA- 7,121,109,77,59
-1,-2,0.16939,-TIA- 7,121,109,76,61
-1,-2,0.169419,-TIA- 7,121,109,75,63
-1,-2,0.169453,-TIA- 7,121,109,74,65
-1,-1,0.169482,-TIA- 7,121,109,73,66
-1,-1,0.169494,-TIA- 7,121,109,72,67
-1,-1,0.169523,-TIA- 7,121,109,71,68
-1,-1,0.169546,-TIA- 7,121,109,70,69
-1,1,0.183188,GO 8,142,496,69,68
1,2,0.183229,GO 8,142,496,70,66
1,2,0.183252,GO 8,142,496,71,64
1,2,0.183287,GO 8,142,496,72,62
1,3,0.183304,GO 8,142,496,73,59
1,3,0.183333,GO 8,142,496,74,56
1,2,0.183368,GO 8,142,496,75,54
1,4,0.183374,GO 8,142,496,76,50
-1,4,0.183414,GO 8,142,496,75,46
-2,4,0.18342,GO 8,142,496,73,42
-1,3,0.183447,GO 8,142,496,72,39
-2,4,0.183478,GO 8,142,496,70,35
-2,4,0.183501,GO 8,142,496,68,31
-2,4,0.183531,GO 8,142,496,66,27
-2,3,0.183554,GO 8,142,496,64,24
-2,8,0.183589,GO 8,142,496,62,16
-2,4,0.183612,GO 8,142,496,60,12
-2,3,0.183635,GO 8,142,496,58,9
1,4,0.183658,GO 8,142,496,59,5
1,4,0.18367,GO 8,142,496,60,1
1,7,0.183714,GO 8,142,496,61,-6
4,4,0.183734,GO 8,142,496,65,-10
2,4,0.18378,GO 8,142,496,67,-14
2,7,0.183809,GO 8,142,496,69,-21
2,4,0.18385,GO 8,142,496,71,-25
1,4,0.183885,GO 8,142,496,72,-29
1,4,0.183896,GO 8,142,496,73,-33
1,3,0.183925,GO 8,142,496,74,-36
1,4,0.183954,GO 8,142,496,75,-40
-1,4,0.183972,GO 8,142,496,74,-44
-1,4,0.183983,GO 8,142,496,73,-48
-1,3,0.184012,GO 8,142,496,72,-51
-2,4,0.184024,GO 8,142,496,70,-55
-2,4,0.184065,GO 8,142,496,68,-59
-2,4,0.184082,GO 8,142,496,66,-63
-2,3,0.184088,GO 8,142,496,64,-66
-3,4,0.184111,GO 8,142,496,61,-70
-3,4,0.184157,GO 8,142,496,58,-74
-2,4,0.184175,GO 8,142,496,56,-78
-3,3,0.184199,GO 8,142,496,53,-81
-3,4,0.184233,GO 8,142,496,50,-85
-4,4,0.184234,GO 8,142,496,46,-89
-4,4,0.184262,GO 8,142,496,42,-93
-3,3,0.184279,GO 8,142,496,39,-96
-4,4,0.184308,GO 8,142,496,35,-100
-4,4,0.184337,GO 8,142,496,31,-104
-4,4,0.184372,GO 8,142,496,27,-108
-3,3,0.184384,GO 8,142,496,24,-111
-4,4,0.184401,GO 8,142,496,20,-115
-3,4,0.184436,GO 8,142,496,17,-119
-3,4,0.184465,GO 8,142,496,14,-123
-1,3,0.184488,GO 8,142,496,13,-126
-2,4,0.184512,GO 8,142,496,11,-130
-1,4,0.184535,GO 8,142,496,10,-134
-1,4,0.184552,GO 8,142,496,9,-138
-1,3,0.184587,GO 8,142,496,8,-141
-1,4,0.184616,GO 8,142,496,7,-145
-1,4,0.184639,GO 8,142,496,6,-149
-1,4,0.184674,GO 8,142,496,5,-153
-1,3,0.18468,GO 8,142,496,4,-156
-1,4,0.184707,GO 8,142,496,3,-160
-1,4,0.184738,GO 8,142,496,2,-164
-1,4,0.184773,GO 8,142,496,1,-168
1,3,0.184802,GO 8,142,496,2,-171
1,4,0.184825,GO 8,142,496,3,-175
1,4,0.184848,GO 8,142,496,4,-179
1,4,0.184859,GO 8,142,496,5,-183
2,3,0.184883,GO 8,142,496,7,-186
2,4,0.184912,GO 8,142,496,9,-190
2,4,0.184941,GO 8,142,496,11,-194
2,4,0.184976,GO 8,142,496,13,-198
2,3,0.184993,GO 8,142,496,15,-201
2,4,0.185011,GO 8,142,496,17,-205
2,4,0.185034,GO 8,142,496,19,-209
1,4,0.185069,GO 8,142,496,20,-213
3,3,0.18508,GO 8,142,496,23,-216
3,4,0.185127,GO 8,142,496,26,-220
3,4,0.185139,GO 8,142,496,29,-224
3,4,0.185162,GO 8,142,496,32,-228
2,3,0.185185,GO 8,142,496,34,-231
3,4,0.185208,GO 8,142,496,37,-235
3,4,0.185243,GO 8,142,496,40,-239
3,4,0.185272,GO 8,142,496,43,-243
3,3,0.185289,GO 8,142,496,46,-246
3,4,0.185318,GO 8,142,496,49,-250
2,4,0.185336,GO 8,142,496,51,-254
2,4,0.185363,GO 8,142,496,53,-258
2,3,0.185382,GO 8,142,496,55,-261
2,4,0.1854,GO 8,142,496,57,-265
2,4,0.18544,GO 8,142,496,59,-269
2,4,0.185446,GO 8,142,496,61,-273
2,3,0.185464,GO 8,142,496,63,-276
1,4,0.185487,GO 8,142,496,64,-280
2,4,0.185504,GO 8,142,496,66,-284
2,4,0.185516,GO 8,142,496,68,-288
3,3,0.185556,GO 8,142,496,71,-291
3,4,0.185574,GO 8,142,496,74,-295
3,4,0.185603,GO 8,142,496,77,-299
2,4,0.185626,GO 8,142,496,79,-303
1,3,0.185661,GO 8,142,496,80,-306
2,4,0.185678,GO 8,142,496,82,-310
2,4,0.18569,GO 8,142,496,84,-314
2,4,0.185731,GO 8,142,496,86,-318
2,3,0.185748,GO 8,142,496,88,-321
1,4,0.185765,GO 8,142,496,89,-325
1,4,0.185806,GO 8,142,496,90,-329
1,4,0.185812,GO 8,142,496,91,-333
1,3,0.185835,GO 8,142,496,92,-336
1,4,0.18587,GO 8,142,496,93,-340
1,4,0.185899,GO 8,142,496,94,-344
1,4,0.18594,GO 8,142,496,95,-348
1,3,0.185957,GO 8,142,496,96,-351
1,4,0.18598,GO 8,142,496,97,-355
1,4,0.185998,GO 8,142,496,98,-359
1,4,0.186021,GO 8,142,496,99,-363
1,3,0.186044,GO 8,142,496,100,-366
1,4,0.186085,GO 8,142,496,101,-370
1,4,0.186091,GO 8,142,496,102,-374
1,4,0.186125,GO 8,142,496,103,-378
1,3,0.186131,GO 8,142,496,104,-381
1,4,0.186154,GO 8,142,496,105,-385
1,4,0.186189,GO 8,142,496,106,-389
1,4,0.186212,GO 8,142,496,107,-393
1,3,0.186253,GO 8,142,496,108,-396
-1,4,0.186276,GO 8,142,496,107,-400
-2,3,0.186288,GO 8,142,496,105,-403
-1,3,0.186311,GO 8,142,496,104,-406
-2,2,0.186352,GO 8,142,496,102,-408
-2,2,0.186374,GO 8,142,496,100,-410
-2,1,0.186404,GO 8,142,496,98,-411
-2,1,0.186973,GO 8,142,496,96,-412
-2,1,0.187002,GO 8,142,496,94,-413
-2,1,0.187037,GO 8,142,496,92,-414
-2,1,0.187095,GO 8,142,496,90,-415
-2,1,0.187124,GO 8,142,496,88,-416
-2,1,0.187234,GO 8,142,496,86,-417
-1,1,0.187281,GO 8,142,496,85,-418
-1,1,0.187286,GO 8,142,496,84,-419
-1,2,0.187327,GO 8,142,496,83,-421
-1,2,0.187344,GO 8,142,496,82,-423
-1,3,0.187373,GO 8,142,496,81,-426
-1,3,0.187401,GO 8,142,496,80,-429
-1,2,0.187431,GO 8,142,496,79,-431
-1,4,0.187437,GO 8,142,496,78,-435
-2,4,0.187462,GO 8,142,496,76,-439
-2,4,0.187495,GO 8,142,496,74,-443
-2,3,0.187527,GO 8,142,496,72,-446
-2,3,0.187559,GO 8,142,496,70,-449
-2,2,0.187577,GO 8,142,496,68,-451
-1,1,0.187582,GO 8,142,496,67,-452
-2,1,0.187606,GO 8,142,496,65,-453
-2,1,0.187623,GO 8,142,496,63,-454
-1,1,0.187652,GO 8,142,496,62,-455
1,1,0.188192,GO 8,142,496,63,-456
1,1,0.188227,GO 8,142,496,64,-457
1,1,0.188256,GO 8,142,496,65,-458
1,1,0.188296,GO 8,142,496,66,-459
1,1,0.188325,GO 8,142,496,67,-460
1,1,0.188378,GO 8,142,496,68,-461
1,1,0.188401,GO 8,142,496,69,-462
1,1,0.188442,GO 8,142,496,70,-463
1,1,0.1885,GO 8,142,496,71,-464
1,1,0.188523,GO 8,142,496,72,-465
1,1,0.188552,GO 8,142,496,73,-466
1,1,0.189556,GO 8,142,496,74,-467
1,1,0.189626,GO 8,142,496,75,-468
2,1,0.189626,GO 8,142,496,77,-469
1,1,0.189661,GO 8,142,496,78,-470
1,1,0.18969,GO 8,142,496,79,-471
1,1,0.189707,GO 8,142,496,80,-472
1,1,0.18973,GO 8,142,496,81,-473
1,1,0.189771,GO 8,142,496,82,-474
1,1,0.189806,GO 8,142,496,83,-475
