dX,dY,WHEN,SYLLABLE,X,Y,cX,cY
-2,-1,0.24803,Yield,0,0,-2,1
-2,-1,0.248053,Yield,0,0,-4,2
-2,-1,0.248059,Yield,0,0,-6,3
-3,1,0.248181,Yield,0,0,-9,2
-4,1,0.248192,Yield,0,0,-13,1
-4,1,0.24821,Yield,0,0,-17,0
-4,2,0.248245,Yield,0,0,-21,-2
-3,1,0.248268,Yield,0,0,-24,-3
-4,2,0.248303,Yield,0,0,-28,-5
-4,2,0.248308,Yield,0,0,-32,-7
-4,2,0.248332,Yield,0,0,-36,-9
-3,2,0.248366,Yield,0,0,-39,-11
-4,2,0.248395,Yield,0,0,-43,-13
-4,4,0.248436,Yield,0,0,-47,-17
-7,1,0.248471,Yield,0,0,-54,-18
-4,2,0.248494,Yield,0,0,-58,-20
-4,2,0.248517,Yield,0,0,-62,-22
-4,2,0.248546,Yield,0,0,-66,-24
-3,2,0.248558,Yield,0,0,-69,-26
-4,2,0.248581,Yield,0,0,-73,-28
-4,2,0.248616,Yield,0,0,-77,-30
-4,2,0.248645,Yield,0,0,-81,-32
-3,1,0.24868,Yield,0,0,-84,-33
-4,3,0.248686,Yield,0,0,-88,-36
-4,3,0.248709,Yield,0,0,-92,-39
-4,3,0.248726,Yield,0,0,-96,-42
-3,3,0.248755,Yield,0,0,-99,-45
-4,3,0.24879,Yield,0,0,-103,-48
-4,4,0.248819,Yield,0,0,-107,-52
-4,4,0.248837,Yield,0,0,-111,-56
-3,4,0.248848,Yield,0,0,-114,-60
-4,3,0.248877,Yield,0,0,-118,-63
-4,4,0.248918,Yield,0,0,-122,-67
-4,4,0.248941,Yield,0,0,-126,-71
-3,4,0.248953,Yield,0,0,-129,-75
-4,3,0.248976,Yield,0,0,-133,-78
-4,4,0.248999,Yield,0,0,-137,-82
-4,4,0.249022,Yield,0,0,-141,-86
-3,4,0.249028,Yield,0,0,-144,-90
-4,3,0.249075,Yield,0,0,-148,-93
-4,3,0.249086,Yield,0,0,-152,-96
-4,3,0.249121,Yield,0,0,-156,-99
-2,2,0.24915,Yield,0,0,-158,-101
-3,3,0.249179,Yield,0,0,-161,-104
-6,1,0.249202,Yield,0,0,-167,-105
-2,-1,0.249301,Yield,0,0,-169,-104
-2,-1,0.249318,Yield,0,0,-171,-103
-2,-1,0.249353,Yield,0,0,-173,-102
-2,-2,0.249388,Yield,0,0,-175,-100
-2,-2,0.249417,Yield,0,0,-177,-98
-2,-2,0.249435,Yield,0,0,-179,-96
-1,-2,0.249452,Yield,0,0,-180,-94
-2,-2,0.249469,Yield,0,0,-182,-92
-2,-3,0.249498,Yield,0,0,-184,-89
-2,-3,0.249533,Yield,0,0,-186,-86
-1,-3,0.249568,Yield,0,0,-187,-83
-1,-3,0.249574,Yield,0,0,-188,-80
-1,-3,0.249597,Yield,0,0,-189,-77
1,-2,0.24962,Yield,0,0,-188,-75
2,-3,0.249655,Yield,0,0,-186,-72
2,-3,0.249661,Yield,0,0,-184,-69
2,-3,0.249696,Yield,0,0,-182,-66
2,-3,0.249719,Yield,0,0,-180,-63
3,-2,0.249742,Yield,0,0,-177,-61
3,-3,0.249771,Yield,0,0,-174,-58
3,-3,0.249806,Yield,0,0,-171,-55
3,-3,0.249823,Yield,0,0,-168,-52
2,-3,0.249835,Yield,0,0,-166,-49
3,-2,0.249877,Yield,0,0,-163,-47
3,-1,0.249911,Yield,0,0,-160,-46
3,-2,0.249945,Yield,0,0,-157,-44
5,-1,0.249974,Yield,0,0,-152,-43
2,-1,0.250009,Yield,0,0,-150,-42
2,-1,0.250038,Yield,0,0,-148,-41
1,-2,0.250064,Yield,0,0,-147,-39
1,-3,0.250096,Yield,0,0,-146,-36
-1,-3,0.250125,Yield,0,0,-147,-33
-1,-3,0.25016,Yield,0,0,-148,-30
-1,-3,0.250183,Yield,0,0,-149,-27
-1,-3,0.250212,Yield,0,0,-150,-24
-1,-3,0.250224,Yield,0,0,-151,-21
-1,-2,0.250247,Yield,0,0,-152,-19
-1,-3,0.250276,Yield,0,0,-153,-16
-1,-3,0.250311,Yield,0,0,-154,-13
1,-3,0.25034,Yield,0,0,-153,-10
1,-5,0.250369,Yield,0,0,-152,-5
2,-3,0.250398,Yield,0,0,-150,-2
1,-3,0.250439,Yield,0,0,-149,1
1,-5,0.250474,Yield,0,0,-148,6
2,-1,0.250503,Yield,0,0,-146,7
1,1,0.260191,FRAY 1,87,416,-145,6
1,1,0.260255,FRAY 1,87,416,-144,5
1,1,0.26029,FRAY 1,87,416,-143,4
1,1,0.260296,FRAY 1,87,416,-142,3
1,1,0.260307,FRAY 1,87,416,-141,2
1,1,0.260382,FRAY 1,87,416,-140,1
1,1,0.260574,FRAY 1,87,416,-139,0
1,1,0.260586,FRAY 1,87,416,-138,-1
1,2,0.260632,FRAY 1,87,416,-137,-3
1,4,0.260661,FRAY 1,87,416,-136,-7
1,3,0.26069,FRAY 1,87,416,-135,-10
2,3,0.260725,FRAY 1,87,416,-133,-13
2,3,0.260754,FRAY 1,87,416,-131,-16
1,3,0.260778,FRAY 1,87,416,-130,-19
1,3,0.260789,FRAY 1,87,416,-129,-22
1,4,0.260812,FRAY 1,87,416,-128,-26
1,4,0.260841,FRAY 1,87,416,-127,-30
1,4,0.260876,FRAY 1,87,416,-126,-34
1,2,0.260905,FRAY 1,87,416,-125,-36
1,8,0.26094,FRAY 1,87,416,-124,-44
2,4,0.260969,FRAY 1,87,416,-122,-48
1,3,0.260992,FRAY 1,87,416,-121,-51
1,4,0.261027,FRAY 1,87,416,-120,-55
1,4,0.261057,FRAY 1,87,416,-119,-59
1,4,0.261068,FRAY 1,87,416,-118,-63
1,3,0.261091,FRAY 1,87,416,-117,-66
1,4,0.261126,FRAY 1,87,416,-116,-70
-1,4,0.261155,FRAY 1,87,416,-117,-74
-1,4,0.26119,FRAY 1,87,416,-118,-78
-1,3,0.261195,FRAY 1,87,416,-119,-81
-2,4,0.261224,FRAY 1,87,416,-121,-85
-2,4,0.26123,FRAY 1,87,416,-123,-89
-2,4,0.261259,FRAY 1,87,416,-125,-93
-2,3,0.2613,FRAY 1,87,416,-127,-96
-1,4,0.261306,FRAY 1,87,416,-128,-100
-1,4,0.261335,FRAY 1,87,416,-129,-104
-1,4,0.261358,FRAY 1,87,416,-130,-108
-1,3,0.261387,FRAY 1,87,416,-131,-111
-1,8,0.261433,FRAY 1,87,416,-132,-119
-1,4,0.261451,FRAY 1,87,416,-133,-123
-1,3,0.261486,FRAY 1,87,416,-134,-126
-1,4,0.261503,FRAY 1,87,416,-135,-130
-1,4,0.261521,FRAY 1,87,416,-136,-134
-1,4,0.261555,FRAY 1,87,416,-137,-138
-1,3,0.261561,FRAY 1,87,416,-138,-141
-1,4,0.261584,FRAY 1,87,416,-139,-145
-1,4,0.261629,FRAY 1,87,416,-140,-149
-1,4,0.261654,FRAY 1,87,416,-141,-153
-1,3,0.261666,FRAY 1,87,416,-142,-156
-1,4,0.261683,FRAY 1,87,416,-143,-160
-2,4,0.261706,FRAY 1,87,416,-145,-164
-2,4,0.261718,FRAY 1,87,416,-147,-168
-2,3,0.261759,FRAY 1,87,416,-149,-171
-2,4,0.261793,FRAY 1,87,416,-151,-175
-2,8,0.261822,FRAY 1,87,416,-153,-183
-1,3,0.261857,FRAY 1,87,416,-154,-186
-1,4,0.26188,FRAY 1,87,416,-155,-190
1,4,0.261904,FRAY 1,87,416,-154,-194
1,4,0.261935,FRAY 1,87,416,-153,-198
2,3,0.26195,FRAY 1,87,416,-151,-201
2,4,0.261973,FRAY 1,87,416,-149,-205
2,4,0.261998,FRAY 1,87,416,-147,-209
2,4,0.262031,FRAY 1,87,416,-145,-213
2,3,0.262055,FRAY 1,87,416,-143,-216
2,4,0.262072,FRAY 1,87,416,-141,-220
2,4,0.262118,FRAY 1,87,416,-139,-224
1,4,0.26213,FRAY 1,87,416,-138,-228
2,3,0.262153,FRAY 1,87,416,-136,-231
2,4,0.262182,FRAY 1,87,416,-134,-235
1,8,0.262217,FRAY 1,87,416,-133,-243
2,3,0.262264,FRAY 1,87,416,-131,-246
1,4,0.262269,FRAY 1,87,416,-130,-250
1,4,0.262293,FRAY 1,87,416,-129,-254
1,4,0.262327,FRAY 1,87,416,-128,-258
1,3,0.262358,FRAY 1,87,416,-127,-261
1,4,0.262368,FRAY 1,87,416,-126,-265
1,4,0.262391,FRAY 1,87,416,-125,-269
1,4,0.262426,FRAY 1,87,416,-124,-273
1,3,0.262449,FRAY 1,87,416,-123,-276
1,4,0.262478,FRAY 1,87,416,-122,-280
1,4,0.262513,FRAY 1,87,416,-121,-284
1,4,0.262519,FRAY 1,87,416,-120,-288
1,3,0.262542,FRAY 1,87,416,-119,-291
1,4,0.262577,FRAY 1,87,416,-118,-295
1,4,0.2626,FRAY 1,87,416,-117,-299
1,4,0.262629,FRAY 1,87,416,-116,-303
1,3,0.262664,FRAY 1,87,416,-115,-306
1,4,0.26267,FRAY 1,87,416,-114,-310
1,4,0.262693,FRAY 1,87,416,-113,-314
1,4,0.262728,FRAY 1,87,416,-112,-318
1,2,0.262751,FRAY 1,87,416,-111,-320
1,3,0.262774,FRAY 1,87,416,-110,-323
1,3,0.262815,FRAY 1,87,416,-109,-326
1,3,0.262821,FRAY 1,87,416,-108,-329
1,3,0.262847,FRAY 1,87,416,-107,-332
1,2,0.262873,FRAY 1,87,416,-106,-334
1,3,0.262902,FRAY 1,87,416,-105,-337
1,3,0.262925,FRAY 1,87,416,-104,-340
1,3,0.26296,FRAY 1,87,416,-103,-343
1,3,0.262978,FRAY 1,87,416,-102,-346
1,3,0.263001,FRAY 1,87,416,-101,-349
1,2,0.26303,FRAY 1,87,416,-100,-351
1,3,0.263047,FRAY 1,87,416,-99,-354
1,3,0.263082,FRAY 1,87,416,-98,-357
1,4,0.263111,FRAY 1,87,416,-97,-361
1,3,0.26314,FRAY 1,87,416,-96,-364
1,4,0.263152,FRAY 1,87,416,-95,-368
1,4,0.263175,FRAY 1,87,416,-94,-372
1,4,0.263221,FRAY 1,87,416,-93,-376
1,3,0.263233,FRAY 1,87,416,-92,-379
1,4,0.263262,FRAY 1,87,416,-91,-383
1,4,0.263297,FRAY 1,87,416,-90,-387
1,3,0.263303,FRAY 1,87,416,-89,-390
1,3,0.263326,FRAY 1,87,416,-88,-393
1,2,0.263361,FRAY 1,87,416,-87,-395
1,3,0.263384,FRAY 1,87,416,-86,-398
1,4,0.263413,FRAY 1,87,416,-85,-402
1,4,0.26343,FRAY 1,87,416,-84,-406
1,3,0.263454,FRAY 1,87,416,-83,-409
1,4,0.263477,FRAY 1,87,416,-82,-413
1,4,0.263512,FRAY 1,87,416,-81,-417
1,4,0.263535,FRAY 1,87,416,-80,-421
1,3,0.263558,FRAY 1,87,416,-79,-424
1,3,0.263589,FRAY 1,87,416,-78,-427
1,3,0.263599,FRAY 1,87,416,-77,-430
-1,3,0.263622,FRAY 1,87,416,-78,-433
-1,3,0.263657,FRAY 1,87,416,-79,-436
-1,3,0.263686,FRAY 1,87,416,-80,-439
-1,2,0.263715,FRAY 1,87,416,-81,-441
-2,2,0.263726,FRAY 1,87,416,-83,-443
-2,2,0.26375,FRAY 1,87,416,-85,-445
-2,2,0.263779,FRAY 1,87,416,-87,-447
-1,2,0.263796,FRAY 1,87,416,-88,-449
-2,2,0.263831,FRAY 1,87,416,-90,-451
-1,2,0.263847,FRAY 1,87,416,-91,-453
-1,1,0.263877,FRAY 1,87,416,-92,-454
-1,2,0.263901,FRAY 1,87,416,-93,-456
-1,2,0.263935,FRAY 1,87,416,-94,-458
1,2,0.263959,FRAY 1,87,416,-93,-460
1,2,0.263988,FRAY 1,87,416,-92,-462
1,3,0.263999,FRAY 1,87,416,-91,-465
2,3,0.264022,FRAY 1,87,416,-89,-468
1,2,0.264046,FRAY 1,87,416,-88,-470
2,3,0.264075,FRAY 1,87,416,-86,-473
2,3,0.264092,FRAY 1,87,416,-84,-476
2,3,0.264127,FRAY 1,87,416,-82,-479
2,3,0.264144,FRAY 1,87,416,-80,-482
2,2,0.264168,FRAY 1,87,416,-78,-484
1,3,0.264197,FRAY 1,87,416,-77,-487
1,3,0.264231,FRAY 1,87,416,-76,-490
1,3,0.264249,FRAY 1,87,416,-75,-493
1,3,0.264278,FRAY 1,87,416,-74,-496
1,2,0.264295,FRAY 1,87,416,-73,-498
1,3,0.264319,FRAY 1,87,416,-72,-501
1,3,0.264348,FRAY 1,87,416,-71,-504
1,3,0.264371,FRAY 1,87,416,-70,-507
1,3,0.264417,FRAY 1,87,416,-69,-510
1,3,0.264429,FRAY 1,87,416,-68,-513
1,2,0.264446,FRAY 1,87,416,-67,-515
1,3,0.264469,FRAY 1,87,416,-66,-518
1,2,0.264499,FRAY 1,87,416,-65,-520
1,2,0.264528,FRAY 1,87,416,-64,-522
1,2,0.264557,FRAY 1,87,416,-63,-524
1,2,0.26458,FRAY 1,87,416,-62,-526
1,2,0.264597,FRAY 1,87,416,-61,-528
1,1,0.26462,FRAY 1,87,416,-60,-529
1,2,0.264649,FRAY 1,87,416,-59,-531
1,2,0.264678,FRAY 1,87,416,-58,-533
1,2,0.264707,FRAY 1,87,416,-57,-535
1,1,0.264742,FRAY 1,87,416,-56,-536
1,1,0.264771,FRAY 1,87,416,-55,-537
1,1,0.2648,FRAY 1,87,416,-54,-538
1,1,0.265015,FRAY 1,87,416,-53,-539
1,1,0.265033,FRAY 1,87,416,-52,-540
1,3,0.265079,FRAY 1,87,416,-51,-543
3,2,0.265102,FRAY 1,87,416,-48,-545
2,3,0.265125,FRAY 1,87,416,-46,-548
2,3,0.265166,FRAY 1,87,416,-44,-551
2,2,0.265201,FRAY 1,87,416,-42,-553
2,6,0.26523,FRAY 1,87,416,-40,-559
3,3,0.265253,FRAY 1,87,416,-37,-562
2,3,0.265288,FRAY 1,87,416,-35,-565
2,3,0.265311,FRAY 1,87,416,-33,-568
2,2,0.265346,FRAY 1,87,416,-31,-570
2,3,0.265375,FRAY 1,87,416,-29,-573
2,2,0.265387,FRAY 1,87,416,-27,-575
1,2,0.265416,FRAY 1,87,416,-26,-577
1,2,0.265439,FRAY 1,87,416,-25,-579
1,2,0.265462,FRAY 1,87,416,-24,-581
1,1,0.26552,FRAY 1,87,416,-23,-582
1,1,0.265526,FRAY 1,87,416,-22,-583
1,1,0.265549,FRAY 1,87,416,-21,-584
1,1,0.265584,FRAY 1,87,416,-20,-585
1,1,0.265607,FRAY 1,87,416,-19,-586
1,1,0.265671,FRAY 1,87,416,-18,-587
1,1,0.265677,FRAY 1,87,416,-17,-588
1,1,0.265705,FRAY 1,87,416,-16,-589
1,1,0.265735,FRAY 1,87,416,-15,-590
1,1,0.265973,FRAY 1,87,416,-14,-591
1,1,0.266037,FRAY 1,87,416,-13,-592
1,1,0.266054,FRAY 1,87,416,-12,-593
1,1,0.266095,FRAY 1,87,416,-11,-594
1,1,0.266101,FRAY 1,87,416,-10,-595
1,1,0.266159,FRAY 1,87,416,-9,-596
1,1,0.266194,FRAY 1,87,416,-8,-597
1,1,0.266217,FRAY 1,87,416,-7,-598
1,1,0.26624,FRAY 1,87,416,-6,-599
1,1,0.266252,FRAY 1,87,416,-5,-600
1,1,0.266304,FRAY 1,87,416,-4,-601
1,1,0.266327,FRAY 1,87,416,-3,-602
1,1,0.266362,FRAY 1,87,416,-2,-603
1,2,0.266374,FRAY 1,87,416,-1,-605
1,1,0.266403,FRAY 1,87,416,0,-606
1,1,0.266426,FRAY 1,87,416,1,-607
1,1,0.266449,FRAY 1,87,416,2,-608
1,1,0.266478,FRAY 1,87,416,3,-609
1,1,0.266519,FRAY 1,87,416,4,-610
1,1,0.266553,FRAY 1,87,416,5,-611
1,1,0.266728,FRAY 1,87,416,6,-612
1,1,0.266751,FRAY 1,87,416,7,-613
1,1,0.266786,FRAY 1,87,416,8,-614
1,1,0.266815,FRAY 1,87,416,9,-615
1,1,0.26685,FRAY 1,87,416,10,-616
1,2,0.266873,FRAY 1,87,416,11,-618
1,2,0.266879,FRAY 1,87,416,12,-620
1,2,0.266907,FRAY 1,87,416,13,-622
1,2,0.266937,FRAY 1,87,416,14,-624
1,2,0.266967,FRAY 1,87,416,15,-626
1,2,0.266995,FRAY 1,87,416,16,-628
1,3,0.267035,FRAY 1,87,416,17,-631
2,2,0.267058,FRAY 1,87,416,19,-633
1,2,0.267088,FRAY 1,87,416,20,-635
1,2,0.267122,FRAY 1,87,416,21,-637
1,1,0.267151,FRAY 1,87,416,22,-638
1,1,0.267186,FRAY 1,87,416,23,-639
1,1,0.267209,FRAY 1,87,416,24,-640
1,1,0.267535,FRAY 1,87,416,25,-641
1,2,0.267593,FRAY 1,87,416,26,-643
1,2,0.26761,FRAY 1,87,416,27,-645
1,2,0.267633,FRAY 1,87,416,28,-647
1,2,0.267662,FRAY 1,87,416,29,-649
1,2,0.267685,FRAY 1,87,416,30,-651
1,2,0.26772,FRAY 1,87,416,31,-653
1,3,0.267743,FRAY 1,87,416,32,-656
1,3,0.267761,FRAY 1,87,416,33,-659
1,2,0.267784,FRAY 1,87,416,34,-661
2,2,0.267813,FRAY 1,87,416,36,-663
2,2,0.267842,FRAY 1,87,416,38,-665
2,1,0.267865,FRAY 1,87,416,40,-666
2,1,0.267894,FRAY 1,87,416,42,-667
3,1,0.267935,FRAY 1,87,416,45,-668
2,1,0.267958,FRAY 1,87,416,47,-669
3,1,0.267999,FRAY 1,87,416,50,-670
3,1,0.268016,FRAY 1,87,416,53,-671
1,-1,0.275482,SAN- 2,387,311,54,-670
2,-1,0.275511,SAN- 2,387,311,56,-669
2,-1,0.275534,SAN- 2,387,311,58,-668
2,-2,0.275569,SAN- 2,387,311,60,-666
3,-2,0.275603,SAN- 2,387,311,63,-664
3,-3,0.275609,SAN- 2,387,311,66,-661
2,-3,0.275632,SAN- 2,387,311,68,-658
3,-3,0.275661,SAN- 2,387,311,71,-655
3,-2,0.275696,SAN- 2,387,311,74,-653
3,-3,0.275731,SAN- 2,387,311,77,-650
3,-3,0.275737,SAN- 2,387,311,80,-647
2,-3,0.275766,SAN- 2,387,311,82,-644
3,-3,0.275789,SAN- 2,387,311,85,-641
3,-2,0.275818,SAN- 2,387,311,88,-639
3,-1,0.275847,SAN- 2,387,311,91,-638
3,-2,0.275882,SAN- 2,387,311,94,-636
2,-1,0.275894,SAN- 2,387,311,96,-635
3,-1,0.275911,SAN- 2,387,311,99,-634
3,-1,0.275934,SAN- 2,387,311,102,-633
3,-1,0.275969,SAN- 2,387,311,105,-632
3,-2,0.27601,SAN- 2,387,311,108,-630
5,-1,0.276045,SAN- 2,387,311,113,-629
3,-2,0.276062,SAN- 2,387,311,116,-627
3,-2,0.276097,SAN- 2,387,311,119,-625
3,-2,0.276126,SAN- 2,387,311,122,-623
3,-1,0.276155,SAN- 2,387,311,125,-622
2,-2,0.276161,SAN- 2,387,311,127,-620
3,-2,0.276192,SAN- 2,387,311,130,-618
3,-2,0.276219,SAN- 2,387,311,133,-616
3,-3,0.276248,SAN- 2,387,311,136,-613
3,-2,0.276283,SAN- 2,387,311,139,-611
3,-3,0.276288,SAN- 2,387,311,142,-608
2,-3,0.276312,SAN- 2,387,311,144,-605
3,-3,0.276335,SAN- 2,387,311,147,-602
3,-3,0.27637,SAN- 2,387,311,150,-599
3,-2,0.276399,SAN- 2,387,311,153,-597
3,-3,0.276434,SAN- 2,387,311,156,-594
2,-3,0.276439,SAN- 2,387,311,158,-591
3,-3,0.276463,SAN- 2,387,311,161,-588
3,-3,0.276492,SAN- 2,387,311,164,-585
3,-2,0.276521,SAN- 2,387,311,167,-583
3,-2,0.276544,SAN- 2,387,311,170,-581
3,-2,0.276579,SAN- 2,387,311,173,-579
2,-2,0.27659,SAN- 2,387,311,175,-577
3,-2,0.276618,SAN- 2,387,311,178,-575
3,-1,0.276648,SAN- 2,387,311,181,-574
3,-1,0.276672,SAN- 2,387,311,184,-573
3,-1,0.276695,SAN- 2,387,311,187,-572
2,-1,0.276735,SAN- 2,387,311,189,-571
3,-3,0.27677,SAN- 2,387,311,192,-568
6,-1,0.276799,SAN- 2,387,311,198,-567
3,-2,0.276834,SAN- 2,387,311,201,-565
2,-2,0.276852,SAN- 2,387,311,203,-563
3,-2,0.276881,SAN- 2,387,311,206,-561
3,-2,0.27691,SAN- 2,387,311,209,-559
3,-2,0.276921,SAN- 2,387,311,212,-557
3,-2,0.276944,SAN- 2,387,311,215,-555
2,-2,0.276973,SAN- 2,387,311,217,-553
3,-1,0.276999,SAN- 2,387,311,220,-552
3,-2,0.277031,SAN- 2,387,311,223,-550
3,-2,0.27706,SAN- 2,387,311,226,-548
3,-1,0.277072,SAN- 2,387,311,229,-547
3,-1,0.277095,SAN- 2,387,311,232,-546
2,-1,0.27713,SAN- 2,387,311,234,-545
3,-1,0.277142,SAN- 2,387,311,237,-544
3,-1,0.278094,SAN- 2,387,311,240,-543
3,-1,0.2781,SAN- 2,387,311,243,-542
2,-1,0.278129,SAN- 2,387,311,245,-541
3,-1,0.278158,SAN- 2,387,311,248,-540
3,-1,0.278181,SAN- 2,387,311,251,-539
3,-1,0.27821,SAN- 2,387,311,254,-538
3,-1,0.278256,SAN- 2,387,311,257,-537
2,-1,0.27828,SAN- 2,387,311,259,-536
3,-1,0.278311,SAN- 2,387,311,262,-535
2,-1,0.278558,SAN- 2,387,311,264,-534
1,-1,0.278581,SAN- 2,387,311,265,-533
2,-1,0.278616,SAN- 2,387,311,267,-532
3,-1,0.278639,SAN- 2,387,311,270,-531
3,-2,0.278663,SAN- 2,387,311,273,-529
3,-2,0.278698,SAN- 2,387,311,276,-527
3,-2,0.278727,SAN- 2,387,311,279,-525
2,-2,0.278744,SAN- 2,387,311,281,-523
3,-1,0.278761,SAN- 2,387,311,284,-522
3,-2,0.278802,SAN- 2,387,311,287,-520
3,-2,0.278814,SAN- 2,387,311,290,-518
3,-1,0.278848,SAN- 2,387,311,293,-517
2,-1,0.278877,SAN- 2,387,311,295,-516
3,-1,0.278889,SAN- 2,387,311,298,-515
3,-1,0.278912,SAN- 2,387,311,301,-514
3,1,0.279028,SAN- 2,387,311,304,-515
3,1,0.27904,SAN- 2,387,311,307,-516
3,1,0.279063,SAN- 2,387,311,310,-517
3,2,0.279092,SAN- 2,387,311,313,-519
2,2,0.279127,SAN- 2,387,311,315,-521
3,2,0.279156,SAN- 2,387,311,318,-523
3,1,0.279179,SAN- 2,387,311,321,-524
3,2,0.279191,SAN- 2,387,311,324,-526
3,2,0.279214,SAN- 2,387,311,327,-528
3,1,0.279248,SAN- 2,387,311,330,-529
2,1,0.279278,SAN- 2,387,311,332,-530
3,-1,0.279342,SAN- 2,387,311,335,-529
3,-1,0.279365,SAN- 2,387,311,338,-528
2,-1,0.279388,SAN- 2,387,311,340,-527
3,-1,0.279429,SAN- 2,387,311,343,-526
3,-1,0.279452,SAN- 2,387,311,346,-525
3,-1,0.279481,SAN- 2,387,311,349,-524
3,-1,0.279499,SAN- 2,387,311,352,-523
3,-1,0.27954,SAN- 2,387,311,355,-522
3,-1,0.279574,SAN- 2,387,311,358,-521
2,-1,0.279615,SAN- 2,387,311,360,-520
2,-1,0.279632,SAN- 2,387,311,362,-519
2,-1,0.279648,SAN- 2,387,311,364,-518
1,-1,0.279673,SAN- 2,387,311,365,-517
1,-1,0.279696,SAN- 2,387,311,366,-516
1,-1,0.279725,SAN- 2,387,311,367,-515
1,-1,0.279777,SAN- 2,387,311,368,-514
1,-1,0.279824,SAN- 2,387,311,369,-513
1,-1,0.279853,SAN- 2,387,311,370,-512
1,-2,0.279911,SAN- 2,387,311,371,-510
1,-2,0.279928,SAN- 2,387,311,372,-508
1,-1,0.279963,SAN- 2,387,311,373,-507
1,-1,0.279975,SAN- 2,387,311,374,-506
2,-1,0.279998,SAN- 2,387,311,376,-505
2,-1,0.280033,SAN- 2,387,311,378,-504
2,-1,0.28005,SAN- 2,387,311,380,-503
2,-1,0.280073,SAN- 2,387,311,382,-502
2,-1,0.280102,SAN- 2,387,311,384,-501
3,-1,0.280126,SAN- 2,387,311,387,-500
3,-2,0.280178,SAN- 2,387,311,390,-498
3,-2,0.280184,SAN- 2,387,311,393,-496
3,-2,0.280201,SAN- 2,387,311,396,-494
2,-1,0.280224,SAN- 2,387,311,398,-493
3,-3,0.280259,SAN- 2,387,311,401,-490
3,-3,0.280282,SAN- 2,387,311,404,-487
3,-3,0.280311,SAN- 2,387,311,407,-484
3,-3,0.280346,SAN- 2,387,311,410,-481
2,-2,0.280352,SAN- 2,387,311,412,-479
3,-3,0.280375,SAN- 2,387,311,415,-476
3,-3,0.280403,SAN- 2,387,311,418,-473
3,-2,0.280433,SAN- 2,387,311,421,-471
3,-2,0.280462,SAN- 2,387,311,424,-469
2,-2,0.280497,SAN- 2,387,311,426,-467
3,-2,0.280503,SAN- 2,387,311,429,-465
3,-1,0.280526,SAN- 2,387,311,432,-464
3,-1,0.280584,SAN- 2,387,311,435,-463
2,1,0.280718,SAN- 2,387,311,437,-464
1,-1,0.290141,-TIA- 3,329,115,438,-463
1,-2,0.290191,-TIA- 3,329,115,439,-461
-2,-2,0.290215,-TIA- 3,329,115,437,-459
-1,-2,0.290244,-TIA- 3,329,115,436,-457
-1,-2,0.290273,-TIA- 3,329,115,435,-455
-1,-1,0.290302,-TIA- 3,329,115,434,-454
-1,-1,0.290325,-TIA- 3,329,115,433,-453
-1,-1,0.290813,-TIA- 3,329,115,432,-452
-1,-1,0.290847,-TIA- 3,329,115,431,-451
-1,-1,0.290859,-TIA- 3,329,115,430,-450
-2,-1,0.290894,-TIA- 3,329,115,428,-449
-2,-1,0.290911,-TIA- 3,329,115,426,-448
-1,-1,0.291027,-TIA- 3,329,115,425,-447
-1,-1,0.291062,-TIA- 3,329,115,424,-446
-1,-1,0.291109,-TIA- 3,329,115,423,-445
-1,-2,0.29112,-TIA- 3,329,115,422,-443
-2,-2,0.291143,-TIA- 3,329,115,420,-441
-2,-2,0.291184,-TIA- 3,329,115,418,-439
-2,-1,0.291196,-TIA- 3,329,115,416,-438
-2,-3,0.291213,-TIA- 3,329,115,414,-435
-1,-3,0.291236,-TIA- 3,329,115,413,-432
-3,-3,0.291271,-TIA- 3,329,115,410,-429
-3,-3,0.291294,-TIA- 3,329,115,407,-426
-3,-2,0.291323,-TIA- 3,329,115,404,-424
-3,-3,0.291347,-TIA- 3,329,115,401,-421
-2,-3,0.291381,-TIA- 3,329,115,399,-418
-2,-3,0.291387,-TIA- 3,329,115,397,-415
-2,-3,0.291422,-TIA- 3,329,115,395,-412
-2,-3,0.291445,-TIA- 3,329,115,393,-409
-2,-2,0.291474,-TIA- 3,329,115,391,-407
-1,-3,0.291509,-TIA- 3,329,115,390,-404
-1,-3,0.291521,-TIA- 3,329,115,389,-401
-1,-3,0.291543,-TIA- 3,329,115,388,-398
1,-3,0.291567,-TIA- 3,329,115,389,-395
1,-1,0.291596,-TIA- 3,329,115,390,-394
2,-1,0.291631,-TIA- 3,329,115,392,-393
2,-1,0.29166,-TIA- 3,329,115,394,-392
2,-1,0.291683,-TIA- 3,329,115,396,-391
1,-1,0.291869,-TIA- 3,329,115,397,-390
-1,-2,0.291927,-TIA- 3,329,115,396,-388
-2,-2,0.291962,-TIA- 3,329,115,394,-386
-1,-6,0.291997,-TIA- 3,329,115,393,-380
-6,-3,0.292032,-TIA- 3,329,115,387,-377
-3,-2,0.292055,-TIA- 3,329,115,384,-375
-3,-3,0.29209,-TIA- 3,329,115,381,-372
-3,-3,0.292113,-TIA- 3,329,115,378,-369
-2,-3,0.29213,-TIA- 3,329,115,376,-366
-3,-3,0.292153,-TIA- 3,329,115,373,-363
-3,-2,0.292177,-TIA- 3,329,115,370,-361
-2,-3,0.2922,-TIA- 3,329,115,368,-358
-2,-3,0.292235,-TIA- 3,329,115,366,-355
-2,-3,0.292248,-TIA- 3,329,115,364,-352
-1,-3,0.29227,-TIA- 3,329,115,363,-349
-2,-3,0.292287,-TIA- 3,329,115,361,-346
-2,-2,0.29231,-TIA- 3,329,115,359,-344
-3,-3,0.292351,-TIA- 3,329,115,356,-341
-3,-3,0.292362,-TIA- 3,329,115,353,-338
-3,-3,0.292403,-TIA- 3,329,115,350,-335
-2,-3,0.29242,-TIA- 3,329,115,348,-332
-3,-2,0.292444,-TIA- 3,329,115,345,-330
-3,-3,0.292467,-TIA- 3,329,115,342,-327
-3,-3,0.292496,-TIA- 3,329,115,339,-324
-3,-3,0.292531,-TIA- 3,329,115,336,-321
-2,-3,0.292554,-TIA- 3,329,115,334,-318
-3,-2,0.292571,-TIA- 3,329,115,331,-316
-3,-3,0.2926,-TIA- 3,329,115,328,-313
-3,-3,0.292618,-TIA- 3,329,115,325,-310
-3,-3,0.292647,-TIA- 3,329,115,322,-307
-3,-3,0.292682,-TIA- 3,329,115,319,-304
-2,-3,0.292699,-TIA- 3,329,115,317,-301
-3,-2,0.292722,-TIA- 3,329,115,314,-299
-3,-3,0.292751,-TIA- 3,329,115,311,-296
-3,-3,0.292769,-TIA- 3,329,115,308,-293
-3,-3,0.292804,-TIA- 3,329,115,305,-290
-2,-3,0.292833,-TIA- 3,329,115,303,-287
-3,-2,0.292844,-TIA- 3,329,115,300,-285
-3,-3,0.292856,-TIA- 3,329,115,297,-282
-3,-3,0.292891,-TIA- 3,329,115,294,-279
-2,-3,0.292902,-TIA- 3,329,115,292,-276
-2,-3,0.292937,-TIA- 3,329,115,290,-273
-1,-2,0.292966,-TIA- 3,329,115,289,-271
-1,-3,0.292978,-TIA- 3,329,115,288,-268
-1,-3,0.293001,-TIA- 3,329,115,287,-265
-1,-3,0.293024,-TIA- 3,329,115,286,-262
-1,-3,0.293065,-TIA- 3,329,115,285,-259
-1,-3,0.293077,-TIA- 3,329,115,284,-256
-1,-2,0.293111,-TIA- 3,329,115,283,-254
-1,-3,0.293117,-TIA- 3,329,115,282,-251
-2,-3,0.293146,-TIA- 3,329,115,280,-248
-2,-3,0.293175,-TIA- 3,329,115,278,-245
-2,-3,0.29321,-TIA- 3,329,115,276,-242
-2,-2,0.293239,-TIA- 3,329,115,274,-240
-2,-6,0.293274,-TIA- 3,329,115,272,-234
-6,-3,0.293297,-TIA- 3,329,115,266,-231
-3,-3,0.293326,-TIA- 3,329,115,263,-228
-2,-2,0.293361,-TIA- 3,329,115,261,-226
-2,-3,0.29339,-TIA- 3,329,115,259,-223
-2,-6,0.293431,-TIA- 3,329,115,257,-217
-2,-3,0.29346,-TIA- 3,329,115,255,-214
2,-3,0.293477,-TIA- 3,329,115,257,-211
2,-2,0.293512,-TIA- 3,329,115,259,-209
3,-3,0.293541,-TIA- 3,329,115,262,-206
3,-6,0.293576,-TIA- 3,329,115,265,-200
5,-3,0.293599,-TIA- 3,329,115,270,-197
3,-2,0.293634,-TIA- 3,329,115,273,-195
3,-3,0.293657,-TIA- 3,329,115,276,-192
3,-3,0.293698,-TIA- 3,329,115,279,-189
3,-3,0.293703,-TIA- 3,329,115,282,-186
3,-3,0.293727,-TIA- 3,329,115,285,-183
2,-2,0.293761,-TIA- 3,329,115,287,-181
3,-3,0.29379,-TIA- 3,329,115,290,-178
2,-3,0.293808,-TIA- 3,329,115,292,-175
2,-3,0.293849,-TIA- 3,329,115,294,-172
2,-3,0.293854,-TIA- 3,329,115,296,-169
2,-3,0.293889,-TIA- 3,329,115,298,-166
2,-2,0.293912,-TIA- 3,329,115,300,-164
1,-3,0.293941,-TIA- 3,329,115,301,-161
2,-3,0.293976,-TIA- 3,329,115,303,-158
2,-3,0.293999,-TIA- 3,329,115,305,-155
2,-3,0.294011,-TIA- 3,329,115,307,-152
2,-2,0.294023,-TIA- 3,329,115,309,-150
2,-3,0.294052,-TIA- 3,329,115,311,-147
2,-2,0.294087,-TIA- 3,329,115,313,-145
2,-4,0.294116,-TIA- 3,329,115,315,-141
3,-1,0.29415,-TIA- 3,329,115,318,-140
1,-1,0.294191,-TIA- 3,329,115,319,-139
1,1,0.294574,-TIA- 3,329,115,320,-140
2,1,0.305964,GO 4,282,431,322,-141
1,2,0.306004,GO 4,282,431,323,-143
4,2,0.306033,GO 4,282,431,327,-145
2,2,0.306068,GO 4,282,431,329,-147
2,5,0.306109,GO 4,282,431,331,-152
4,4,0.306132,GO 4,282,431,335,-156
2,4,0.306173,GO 4,282,431,337,-160
1,3,0.306196,GO 4,282,431,338,-163
2,4,0.306219,GO 4,282,431,340,-167
2,4,0.306252,GO 4,282,431,342,-171
2,7,0.306283,GO 4,282,431,344,-178
4,3,0.306306,GO 4,282,431,348,-181
2,2,0.306329,GO 4,282,431,350,-183
1,1,0.30637,GO 4,282,431,351,-184
1,1,0.306405,GO 4,282,431,352,-185
1,-1,0.306945,GO 4,282,431,353,-184
1,-1,0.307003,GO 4,282,431,354,-183
1,-1,0.307026,GO 4,282,431,355,-182
1,-1,0.307049,GO 4,282,431,356,-181
1,-1,0.307078,GO 4,282,431,357,-180
1,1,0.307142,GO 4,282,431,358,-181
1,4,0.307177,GO 4,282,431,359,-185
2,3,0.3072,GO 4,282,431,361,-188
2,3,0.307223,GO 4,282,431,363,-191
2,4,0.307264,GO 4,282,431,365,-195
2,4,0.307287,GO 4,282,431,367,-199
2,7,0.307328,GO 4,282,431,369,-206
-2,4,0.307363,GO 4,282,431,367,-210
-1,4,0.307386,GO 4,282,431,366,-214
-1,3,0.307409,GO 4,282,431,365,-217
-1,4,0.307432,GO 4,282,431,364,-221
-1,4,0.307473,GO 4,282,431,363,-225
-1,4,0.30749,GO 4,282,431,362,-229
1,3,0.307513,GO 4,282,431,363,-232
1,4,0.307537,GO 4,282,431,364,-236
1,4,0.30756,GO 4,282,431,365,-240
2,4,0.307583,GO 4,282,431,367,-244
2,3,0.307624,GO 4,282,431,369,-247
1,4,0.30763,GO 4,282,431,370,-251
1,4,0.307659,GO 4,282,431,371,-255
1,4,0.307699,GO 4,282,431,372,-259
1,7,0.307728,GO 4,282,431,373,-266
-2,4,0.307763,GO 4,282,431,371,-270
-2,4,0.307792,GO 4,282,431,369,-274
-3,3,0.30781,GO 4,282,431,366,-277
-3,4,0.307839,GO 4,282,431,363,-281
-3,4,0.307873,GO 4,282,431,360,-285
-2,4,0.307891,GO 4,282,431,358,-289
-3,3,0.307914,GO 4,282,431,355,-292
-3,4,0.307937,GO 4,282,431,352,-296
-2,4,0.307966,GO 4,282,431,350,-300
-2,4,0.307995,GO 4,282,431,348,-304
-1,3,0.308024,GO 4,282,431,347,-307
-1,4,0.308042,GO 4,282,431,346,-311
-1,4,0.308065,GO 4,282,431,345,-315
-1,4,0.3081,GO 4,282,431,344,-319
-1,3,0.308111,GO 4,282,431,343,-322
1,4,0.308146,GO 4,282,431,344,-326
1,4,0.308175,GO 4,282,431,345,-330
1,4,0.308193,GO 4,282,431,346,-334
1,3,0.30821,GO 4,282,431,347,-337
1,4,0.308239,GO 4,282,431,348,-341
1,4,0.308274,GO 4,282,431,349,-345
1,4,0.308297,GO 4,282,431,350,-349
1,3,0.308332,GO 4,282,431,351,-352
1,4,0.308344,GO 4,282,431,352,-356
1,4,0.308373,GO 4,282,431,353,-360
1,4,0.308396,GO 4,282,431,354,-364
1,3,0.308407,GO 4,282,431,355,-367
1,4,0.308448,GO 4,282,431,356,-371
1,4,0.308471,GO 4,282,431,357,-375
-1,4,0.3085,GO 4,282,431,356,-379
-1,3,0.308524,GO 4,282,431,355,-382
-2,4,0.308547,GO 4,282,431,353,-386
-3,4,0.308576,GO 4,282,431,350,-390
-3,4,0.308593,GO 4,282,431,347,-394
-2,3,0.308628,GO 4,282,431,345,-397
-4,4,0.308651,GO 4,282,431,341,-401
-4,4,0.308674,GO 4,282,431,337,-405
-4,4,0.308691,GO 4,282,431,333,-409
-3,3,0.308733,GO 4,282,431,330,-412
-4,4,0.308762,GO 4,282,431,326,-416
-3,4,0.308779,GO 4,282,431,323,-420
-3,4,0.308802,GO 4,282,431,320,-424
-3,3,0.30882,GO 4,282,431,317,-427
-2,4,0.308843,GO 4,282,431,315,-431
-1,4,0.308883,GO 4,282,431,314,-435
-2,4,0.308912,GO 4,282,431,312,-439
-1,3,0.30893,GO 4,282,431,311,-442
-1,4,0.308959,GO 4,282,431,310,-446
-1,4,0.308976,GO 4,282,431,309,-450
-1,4,0.308994,GO 4,282,431,308,-454
-1,3,0.309023,GO 4,282,431,307,-457
-1,4,0.309058,GO 4,282,431,306,-461
-2,4,0.309081,GO 4,282,431,304,-465
-2,4,0.309116,GO 4,282,431,302,-469
-2,3,0.309128,GO 4,282,431,300,-472
-1,4,0.309145,GO 4,282,431,299,-476
-2,4,0.30918,GO 4,282,431,297,-480
-2,4,0.309209,GO 4,282,431,295,-484
-2,3,0.309232,GO 4,282,431,293,-487
-2,4,0.309267,GO 4,282,431,291,-491
-2,4,0.309272,GO 4,282,431,289,-495
-2,4,0.309307,GO 4,282,431,287,-499
-2,3,0.30933,GO 4,282,431,285,-502
-1,4,0.309359,GO 4,282,431,284,-506
-2,4,0.309394,GO 4,282,431,282,-510
-3,7,0.309435,GO 4,282,431,279,-517
-6,4,0.309464,GO 4,282,431,273,-521
-2,4,0.309476,GO 4,282,431,271,-525
-1,4,0.309509,GO 4,282,431,270,-529
-2,3,0.309539,GO 4,282,431,268,-532
-1,4,0.309545,GO 4,282,431,267,-536
-1,4,0.30958,GO 4,282,431,266,-540
1,4,0.309592,GO 4,282,431,267,-544
1,3,0.309626,GO 4,282,431,268,-547
1,4,0.309656,GO 4,282,431,269,-551
1,8,0.30969,GO 4,282,431,270,-559
4,3,0.309719,GO 4,282,431,274,-562
2,4,0.309754,GO 4,282,431,276,-566
2,4,0.309777,GO 4,282,431,278,-570
2,4,0.309801,GO 4,282,431,280,-574
2,3,0.309835,GO 4,282,431,282,-577
1,4,0.309847,GO 4,282,431,283,-581
1,4,0.309864,GO 4,282,431,284,-585
1,4,0.309905,GO 4,282,431,285,-589
1,3,0.309928,GO 4,282,431,286,-592
1,4,0.309952,GO 4,282,431,287,-596
1,4,0.309986,GO 4,282,431,288,-600
1,4,0.309992,GO 4,282,431,289,-604
1,3,0.310015,GO 4,282,431,290,-607
1,4,0.310056,GO 4,282,431,291,-611
1,4,0.310079,GO 4,282,431,292,-615
1,4,0.310102,GO 4,282,431,293,-619
1,3,0.310137,GO 4,282,431,294,-622
1,4,0.310149,GO 4,282,431,295,-626
1,3,0.310167,GO 4,282,431,296,-629
1,3,0.310213,GO 4,282,431,297,-632
1,2,0.310236,GO 4,282,431,298,-634
1,1,0.310259,GO 4,282,431,299,-635
1,1,0.310288,GO 4,282,431,300,-636
1,1,0.310306,GO 4,282,431,301,-637
1,1,0.310329,GO 4,282,431,302,-638
1,-1,0.310658,GO 4,282,431,303,-637
1,-1,0.310689,GO 4,282,431,304,-636
-1,-2,0.310724,GO 4,282,431,303,-634
-1,-3,0.310735,GO 4,282,431,302,-631
-1,-3,0.31077,GO 4,282,431,301,-628
-1,-3,0.310776,GO 4,282,431,300,-625
1,-2,0.310799,GO 4,282,431,301,-623
1,-3,0.31084,GO 4,282,431,302,-620
1,-3,0.310863,GO 4,282,431,303,-617
2,-3,0.31088,GO 4,282,431,305,-614
2,-3,0.310921,GO 4,282,431,307,-611
2,-2,0.310927,GO 4,282,431,309,-609
1,-3,0.310962,GO 4,282,431,310,-606
1,-2,0.310985,GO 4,282,431,311,-604
1,-2,0.311016,GO 4,282,431,312,-602
1,-1,0.311027,GO 4,282,431,313,-601
1,-1,0.320354,FRAY 5,338,307,314,-600
1,-1,0.320377,FRAY 5,338,307,315,-599
1,-1,0.320406,FRAY 5,338,307,316,-598
1,-2,0.320435,FRAY 5,338,307,317,-596
1,-2,0.320459,FRAY 5,338,307,318,-594
1,-2,0.320488,FRAY 5,338,307,319,-592
-1,-2,0.320522,FRAY 5,338,307,318,-590
-1,-1,0.320528,FRAY 5,338,307,317,-589
-1,-1,0.320563,FRAY 5,338,307,316,-588
-1,-1,0.320592,FRAY 5,338,307,315,-587
-1,-1,0.320958,FRAY 5,338,307,314,-586
-1,-1,0.320975,FRAY 5,338,307,313,-585
-1,-2,0.321022,FRAY 5,338,307,312,-583
-1,-2,0.321051,FRAY 5,338,307,311,-581
-1,-2,0.32108,FRAY 5,338,307,310,-579
1,-1,0.321115,FRAY 5,338,307,311,-578
1,-2,0.321126,FRAY 5,338,307,312,-576
1,-2,0.321144,FRAY 5,338,307,313,-574
1,-2,0.321178,FRAY 5,338,307,314,-572
1,-1,0.321207,FRAY 5,338,307,315,-571
1,-1,0.321225,FRAY 5,338,307,316,-570
1,-1,0.321283,FRAY 5,338,307,317,-569
1,-1,0.321306,FRAY 5,338,307,318,-568
1,-1,0.321649,FRAY 5,338,307,319,-567
1,-2,0.321683,FRAY 5,338,307,320,-565
1,-2,0.321701,FRAY 5,338,307,321,-563
1,-3,0.321724,FRAY 5,338,307,322,-560
1,-3,0.321747,FRAY 5,338,307,323,-557
1,-3,0.321765,FRAY 5,338,307,324,-554
1,-2,0.321794,FRAY 5,338,307,325,-552
1,-3,0.321823,FRAY 5,338,307,326,-549
1,-3,0.32184,FRAY 5,338,307,327,-546
1,-2,0.321863,FRAY 5,338,307,328,-544
1,-2,0.321898,FRAY 5,338,307,329,-542
1,-1,0.321921,FRAY 5,338,307,330,-541
1,-1,0.321974,FRAY 5,338,307,331,-540
1,-1,0.321991,FRAY 5,338,307,332,-539
-1,-1,0.322049,FRAY 5,338,307,331,-538
-1,-1,0.322072,FRAY 5,338,307,330,-537
-1,-1,0.322096,FRAY 5,338,307,329,-536
-2,-1,0.322125,FRAY 5,338,307,327,-535
-2,-2,0.322142,FRAY 5,338,307,325,-533
-2,-2,0.322165,FRAY 5,338,307,323,-531
-2,-2,0.3222,FRAY 5,338,307,321,-529
-2,-2,0.322235,FRAY 5,338,307,319,-527
-2,-1,0.322258,FRAY 5,338,307,317,-526
-2,-2,0.322281,FRAY 5,338,307,315,-524
-1,-2,0.322293,FRAY 5,338,307,314,-522
-1,-1,0.322322,FRAY 5,338,307,313,-521
-1,-1,0.322345,FRAY 5,338,307,312,-520
-1,-1,0.322374,FRAY 5,338,307,311,-519
2,-1,0.322798,FRAY 5,338,307,313,-518
2,-1,0.322833,FRAY 5,338,307,315,-517
2,-1,0.322862,FRAY 5,338,307,317,-516
2,-1,0.322897,FRAY 5,338,307,319,-515
1,-2,0.322902,FRAY 5,338,307,320,-513
1,-2,0.322926,FRAY 5,338,307,321,-511
1,-2,0.322949,FRAY 5,338,307,322,-509
1,-2,0.322972,FRAY 5,338,307,323,-507
1,-1,0.323007,FRAY 5,338,307,324,-506
1,-3,0.323048,FRAY 5,338,307,325,-503
-1,-3,0.323053,FRAY 5,338,307,324,-500
-1,-3,0.323082,FRAY 5,338,307,323,-497
-1,-3,0.323106,FRAY 5,338,307,322,-494
-1,-3,0.323129,FRAY 5,338,307,321,-491
-1,-2,0.323158,FRAY 5,338,307,320,-489
-1,-3,0.323175,FRAY 5,338,307,319,-486
-1,-3,0.323222,FRAY 5,338,307,318,-483
-1,-2,0.323233,FRAY 5,338,307,317,-481
-1,-2,0.323257,FRAY 5,338,307,316,-479
1,-2,0.32328,FRAY 5,338,307,317,-477
1,-1,0.323309,FRAY 5,338,307,318,-476
1,-2,0.323326,FRAY 5,338,307,319,-474
1,-2,0.323373,FRAY 5,338,307,320,-472
1,-2,0.323384,FRAY 5,338,307,321,-470
1,-2,0.323408,FRAY 5,338,307,322,-468
1,-2,0.323431,FRAY 5,338,307,323,-466
1,-2,0.323466,FRAY 5,338,307,324,-464
1,-2,0.323477,FRAY 5,338,307,325,-462
1,-1,0.323506,FRAY 5,338,307,326,-461
1,-2,0.323535,FRAY 5,338,307,327,-459
-1,-2,0.323558,FRAY 5,338,307,326,-457
-1,-2,0.323582,FRAY 5,338,307,325,-455
-1,-3,0.323599,FRAY 5,338,307,324,-452
-2,-3,0.323622,FRAY 5,338,307,322,-449
-1,-3,0.323646,FRAY 5,338,307,321,-446
-2,-2,0.32368,FRAY 5,338,307,319,-444
-1,-3,0.323704,FRAY 5,338,307,318,-441
-1,-3,0.323727,FRAY 5,338,307,317,-438
-1,-3,0.32375,FRAY 5,338,307,316,-435
-1,-3,0.323783,FRAY 5,338,307,315,-432
-1,-2,0.323796,FRAY 5,338,307,314,-430
-1,-3,0.323825,FRAY 5,338,307,313,-427
-1,-3,0.323855,FRAY 5,338,307,312,-424
1,-3,0.323889,FRAY 5,338,307,313,-421
1,-3,0.323901,FRAY 5,338,307,314,-418
1,-2,0.32393,FRAY 5,338,307,315,-416
1,-3,0.323942,FRAY 5,338,307,316,-413
1,-3,0.323971,FRAY 5,338,307,317,-410
2,-3,0.324,FRAY 5,338,307,319,-407
1,-3,0.324023,FRAY 5,338,307,320,-404
2,-3,0.324052,FRAY 5,338,307,322,-401
2,-2,0.324081,FRAY 5,338,307,324,-399
2,-3,0.324098,FRAY 5,338,307,326,-396
2,-3,0.324122,FRAY 5,338,307,328,-393
2,-3,0.324151,FRAY 5,338,307,330,-390
2,-3,0.324174,FRAY 5,338,307,332,-387
2,-2,0.324203,FRAY 5,338,307,334,-385
3,-3,0.324232,FRAY 5,338,307,337,-382
3,-3,0.324249,FRAY 5,338,307,340,-379
3,-3,0.324272,FRAY 5,338,307,343,-376
3,-2,0.324296,FRAY 5,338,307,346,-374
3,-2,0.324325,FRAY 5,338,307,349,-372
2,-1,0.32436,FRAY 5,338,307,351,-371
3,-2,0.324383,FRAY 5,338,307,354,-369
3,-2,0.3244,FRAY 5,338,307,357,-367
3,-2,0.324423,FRAY 5,338,307,360,-365
3,-2,0.324447,FRAY 5,338,307,363,-363
2,-2,0.324481,FRAY 5,338,307,365,-361
3,-2,0.32451,FRAY 5,338,307,368,-359
2,-2,0.324543,FRAY 5,338,307,370,-357
2,-1,0.324551,FRAY 5,338,307,372,-356
1,-2,0.324574,FRAY 5,338,307,373,-354
1,-2,0.324598,FRAY 5,338,307,374,-352
1,-2,0.324632,FRAY 5,338,307,375,-350
-1,-2,0.324661,FRAY 5,338,307,374,-348
-1,-2,0.324696,FRAY 5,338,307,373,-346
-1,-2,0.324702,FRAY 5,338,307,372,-344
-1,-2,0.324725,FRAY 5,338,307,371,-342
-1,-1,0.324754,FRAY 5,338,307,370,-341
-1,-1,0.324774,FRAY 5,338,307,369,-340
-1,-1,0.324818,FRAY 5,338,307,368,-339
-1,-1,0.334942,SAN- 6,280,234,367,-338
-1,-2,0.334965,SAN- 6,280,234,366,-336
-1,-1,0.334988,SAN- 6,280,234,365,-335
-1,-3,0.335012,SAN- 6,280,234,364,-332
-1,-3,0.335041,SAN- 6,280,234,363,-329
-1,-3,0.33507,SAN- 6,280,234,362,-326
-1,-3,0.335103,SAN- 6,280,234,361,-323
-1,-3,0.335134,SAN- 6,280,234,360,-320
-1,-2,0.335139,SAN- 6,280,234,359,-318
-1,-3,0.335168,SAN- 6,280,234,358,-315
-1,-3,0.335192,SAN- 6,280,234,357,-312
-1,-3,0.335215,SAN- 6,280,234,356,-309
-1,-3,0.335244,SAN- 6,280,234,355,-306
-1,-2,0.33527,SAN- 6,280,234,354,-304
-1,-3,0.335296,SAN- 6,280,234,353,-301
-1,-3,0.335319,SAN- 6,280,234,352,-298
-1,-3,0.335343,SAN- 6,280,234,351,-295
-1,-2,0.335366,SAN- 6,280,234,350,-293
-1,-2,0.335398,SAN- 6,280,234,349,-291
-1,-1,0.335447,SAN- 6,280,234,348,-290
-1,-1,0.335795,SAN- 6,280,234,347,-289
-1,-1,0.335853,SAN- 6,280,234,346,-288
1,-1,0.335871,SAN- 6,280,234,347,-287
1,-1,0.335894,SAN- 6,280,234,348,-286
1,-1,0.335929,SAN- 6,280,234,349,-285
1,-1,0.335975,SAN- 6,280,234,350,-284
1,-1,0.336004,SAN- 6,280,234,351,-283
-1,-2,0.336051,SAN- 6,280,234,350,-281
-1,-2,0.336068,SAN- 6,280,234,349,-279
-2,-2,0.336103,SAN- 6,280,234,347,-277
-2,-2,0.336126,SAN- 6,280,234,345,-275
-1,-3,0.336149,SAN- 6,280,234,344,-272
-2,-3,0.336184,SAN- 6,280,234,342,-269
-2,-2,0.336198,SAN- 6,280,234,340,-267
-2,-3,0.336219,SAN- 6,280,234,338,-264
-1,-3,0.33626,SAN- 6,280,234,337,-261
-1,-3,0.336277,SAN- 6,280,234,336,-258
-1,-3,0.3363,SAN- 6,280,234,335,-255
-1,-1,0.336335,SAN- 6,280,234,334,-254
-1,-2,0.336353,SAN- 6,280,234,333,-252
-1,-2,0.336376,SAN- 6,280,234,332,-250
-1,-2,0.336411,SAN- 6,280,234,331,-248
-1,-2,0.336434,SAN- 6,280,234,330,-246
-2,-2,0.336457,SAN- 6,280,234,328,-244
-2,-2,0.336486,SAN- 6,280,234,326,-242
-2,-2,0.336504,SAN- 6,280,234,324,-240
-3,-1,0.336527,SAN- 6,280,234,321,-239
-3,-2,0.33655,SAN- 6,280,234,318,-237
-3,-2,0.336585,SAN- 6,280,234,315,-235
-3,-2,0.336608,SAN- 6,280,234,312,-233
-3,-2,0.336637,SAN- 6,280,234,309,-231
-2,-2,0.336655,SAN- 6,280,234,307,-229
-3,-2,0.336678,SAN- 6,280,234,304,-227
-3,-2,0.336701,SAN- 6,280,234,301,-225
-2,-1,0.336736,SAN- 6,280,234,299,-224
-2,-2,0.336765,SAN- 6,280,234,297,-222
-2,-2,0.336794,SAN- 6,280,234,295,-220
-1,-2,0.336805,SAN- 6,280,234,294,-218
-2,-2,0.33683,SAN- 6,280,234,292,-216
-2,-1,0.336858,SAN- 6,280,234,290,-215
-2,-1,0.336887,SAN- 6,280,234,288,-214
-1,-2,0.350372,-TIA- 7,121,109,287,-212
-1,-2,0.350383,-TIA- 7,121,109,286,-210
-1,-3,0.350407,-TIA- 7,121,109,285,-207
-1,-3,0.350436,-TIA- 7,121,109,284,-204
-2,-3,0.350459,-TIA- 7,121,109,282,-201
-2,-2,0.350488,-TIA- 7,121,109,280,-199
-2,-2,0.350511,-TIA- 7,121,109,278,-197
-1,-1,0.350528,-TIA- 7,121,109,277,-196
-1,-1,0.350581,-TIA- 7,121,109,276,-195
-1,-1,0.35083,-TIA- 7,121,109,275,-194
-1,-2,0.350854,-TIA- 7,121,109,274,-192
-1,-2,0.350877,-TIA- 7,121,109,273,-190
-1,-1,0.350912,-TIA- 7,121,109,272,-189
-1,-2,0.350941,-TIA- 7,121,109,271,-187
-1,-3,0.350964,-TIA- 7,121,109,270,-184
-1,-3,0.350981,-TIA- 7,121,109,269,-181
-1,-3,0.351004,-TIA- 7,121,109,268,-178
-2,-2,0.351028,-TIA- 7,121,109,266,-176
-1,-3,0.351062,-TIA- 7,121,109,265,-173
-2,-3,0.351092,-TIA- 7,121,109,263,-170
-3,-3,0.351126,-TIA- 7,121,109,260,-167
-3,-3,0.351132,-TIA- 7,121,109,257,-164
-3,-3,0.351161,-TIA- 7,121,109,254,-161
-3,-2,0.351184,-TIA- 7,121,109,251,-159
-2,-3,0.351213,-TIA- 7,121,109,249,-156
-4,-3,0.351248,-TIA- 7,121,109,245,-153
-4,-2,0.351277,-TIA- 7,121,109,241,-151
-4,-2,0.351289,-TIA- 7,121,109,237,-149
-3,-2,0.351312,-TIA- 7,121,109,234,-147
-4,-1,0.351335,-TIA- 7,121,109,230,-146
-4,-1,0.351382,-TIA- 7,121,109,226,-145
-3,-1,0.351422,-TIA- 7,121,109,223,-144
-4,-1,0.35144,-TIA- 7,121,109,219,-143
-4,-1,0.351463,-TIA- 7,121,109,215,-142
-4,-1,0.351492,-TIA- 7,121,109,211,-141
-3,-1,0.351509,-TIA- 7,121,109,208,-140
-4,-1,0.351533,-TIA- 7,121,109,204,-139
-4,-1,0.351581,-TIA- 7,121,109,200,-138
-3,1,0.351649,-TIA- 7,121,109,197,-139
-2,1,0.351678,-TIA- 7,121,109,195,-140
-2,1,0.351689,-TIA- 7,121,109,193,-141
-1,-1,0.351916,-TIA- 7,121,109,192,-140
-1,-2,0.351974,-TIA- 7,121,109,191,-138
-1,-2,0.351991,-TIA- 7,121,109,190,-136
-1,-2,0.352015,-TIA- 7,121,109,189,-134
-1,-2,0.352044,-TIA- 7,121,109,188,-132
-1,-3,0.352073,-TIA- 7,121,109,187,-129
-1,-3,0.352096,-TIA- 7,121,109,186,-126
-1,-3,0.352125,-TIA- 7,121,109,185,-123
-1,-3,0.352142,-TIA- 7,121,109,184,-120
-2,-2,0.352165,-TIA- 7,121,109,182,-118
-2,-3,0.3522,-TIA- 7,121,109,180,-115
-2,-3,0.352229,-TIA- 7,121,109,178,-112
-2,-3,0.352247,-TIA- 7,121,109,176,-109
-1,-3,0.352287,-TIA- 7,121,109,175,-106
-1,-2,0.352293,-TIA- 7,121,109,174,-104
-1,-1,0.352316,-TIA- 7,121,109,173,-103
-1,-2,0.352345,-TIA- 7,121,109,172,-101
1,-1,0.352386,-TIA- 7,121,109,173,-100
1,-1,0.352415,-TIA- 7,121,109,174,-99
-2,-1,0.35252,-TIA- 7,121,109,172,-98
-2,-1,0.35256,-TIA- 7,121,109,170,-97
-2,-1,0.352589,-TIA- 7,121,109,168,-96
-1,-1,0.352595,-TIA- 7,121,109,167,-95
-2,-1,0.352612,-TIA- 7,121,109,165,-94
-2,-1,0.352641,-TIA- 7,121,109,163,-93
-1,-1,0.352711,-TIA- 7,121,109,162,-92
-1,-1,0.352729,-TIA- 7,121,109,161,-91
-1,-1,0.352746,-TIA- 7,121,109,160,-90
-1,-1,0.352792,-TIA- 7,121,109,159,-89
-1,-1,0.352816,-TIA- 7,121,109,158,-88
-1,-1,0.352856,-TIA- 7,121,109,157,-87
-2,-2,0.352897,-TIA- 7,121,109,155,-85
-2,-2,0.35292,-TIA- 7,121,109,153,-83
-2,-2,0.352943,-TIA- 7,121,109,151,-81
-2,-2,0.352972,-TIA- 7,121,109,149,-79
-2,-2,0.353007,-TIA- 7,121,109,147,-77
-2,-2,0.353013,-TIA- 7,121,109,145,-75
-1,-2,0.353048,-TIA- 7,121,109,144,-73
-2,-1,0.353071,-TIA- 7,121,109,142,-72
-2,-2,0.353094,-TIA- 7,121,109,140,-70
-2,-2,0.353129,-TIA- 7,121,109,138,-68
-3,-3,0.353152,-TIA- 7,121,109,135,-65
-3,-3,0.353167,-TIA- 7,121,109,132,-62
-3,-3,0.353193,-TIA- 7,121,109,129,-59
-2,-2,0.353222,-TIA- 7,121,109,127,-57
-3,-3,0.353241,-TIA- 7,121,109,124,-54
-3,-3,0.353263,-TIA- 7,121,109,121,-51
-2,-3,0.353274,-TIA- 7,121,109,119,-48
-2,-3,0.353292,-TIA- 7,121,109,117,-45
-2,-2,0.35335,-TIA- 7,121,109,115,-43
-1,-3,0.353373,-TIA- 7,121,109,114,-40
-3,-3,0.353396,-TIA- 7,121,109,111,-37
-3,-2,0.353419,-TIA- 7,121,109,108,-35
-3,-3,0.353443,-TIA- 7,121,109,105,-32
-3,-3,0.353477,-TIA- 7,121,109,102,-29
-2,-3,0.353518,-TIA- 7,121,109,100,-26
-3,-3,0.353535,-TIA- 7,121,109,97,-23
-3,-2,0.353547,-TIA- 7,121,109,94,-21
-3,-1,0.353572,-TIA- 7,121,109,91,-20
-3,-2,0.353599,-TIA- 7,121,109,88,-18
-2,-2,0.353628,-TIA- 7,121,109,86,-16
-3,-2,0.353669,-TIA- 7,121,109,83,-14
-3,-2,0.353698,-TIA- 7,121,109,80,-12
-3,-2,0.353699,-TIA- 7,121,109,77,-10
-3,-2,0.353733,-TIA- 7,121,109,74,-8
-3,-2,0.353768,-TIA- 7,121,109,71,-6
-2,-3,0.353797,-TIA- 7,121,109,69,-3
-8,-2,0.353831,-TIA- 7,121,109,61,-1
-4,-2,0.35386,-TIA- 7,121,109,57,1
-3,-2,0.353884,-TIA- 7,121,109,54,3
-4,-3,0.353919,-TIA- 7,121,109,50,6
-4,-5,0.353948,-TIA- 7,121,109,46,11
-7,-3,0.353982,-TIA- 7,121,109,39,14
-4,-3,0.354006,-TIA- 7,121,109,35,17
-4,-2,0.354035,-TIA- 7,121,109,31,19
-4,-2,0.354064,-TIA- 7,121,109,27,21
-3,-2,0.354093,-TIA- 7,121,109,24,23
-3,-1,0.354103,-TIA- 7,121,109,21,24
-2,-1,0.354157,-TIA- 7,121,109,19,25
-1,1,0.354621,-TIA- 7,121,109,18,24
-1,1,0.354691,-TIA- 7,121,109,17,23
1,2,0.354702,-TIA- 7,121,109,18,21
1,2,0.354725,-TIA- 7,121,109,19,19
1,1,0.35476,-TIA- 7,121,109,20,18
1,2,0.354772,-TIA- 7,121,109,21,16
1,2,0.354807,-TIA- 7,121,109,22,14
1,2,0.35482,-TIA- 7,121,109,23,12
1,2,0.354853,-TIA- 7,121,109,24,10
1,1,0.354876,-TIA- 7,121,109,25,9
1,1,0.354923,-TIA- 7,121,109,26,8
1,1,0.365726,GO 8,142,496,27,7
1,2,0.365772,GO 8,142,496,28,5
1,2,0.365796,GO 8,142,496,29,3
1,2,0.365819,GO 8,142,496,30,1
1,3,0.365842,GO 8,142,496,31,-2
1,3,0.365877,GO 8,142,496,32,-5
2,4,0.365894,GO 8,142,496,34,-9
2,3,0.365912,GO 8,142,496,36,-12
2,4,0.365941,GO 8,142,496,38,-16
1,4,0.365958,GO 8,142,496,39,-20
1,4,0.365987,GO 8,142,496,40,-24
1,3,0.366022,GO 8,142,496,41,-27
1,4,0.366051,GO 8,142,496,42,-31
1,4,0.366063,GO 8,142,496,43,-35
1,4,0.366086,GO 8,142,496,44,-39
1,3,0.366109,GO 8,142,496,45,-42
1,4,0.366138,GO 8,142,496,46,-46
1,4,0.366155,GO 8,142,496,47,-50
2,4,0.36619,GO 8,142,496,49,-54
2,3,0.366214,GO 8,142,496,51,-57
2,4,0.366237,GO 8,142,496,53,-61
1,4,0.366277,GO 8,142,496,54,-65
2,4,0.366295,GO 8,142,496,56,-69
2,3,0.366307,GO 8,142,496,58,-72
2,4,0.366341,GO 8,142,496,60,-76
2,4,0.366364,GO 8,142,496,62,-80
3,4,0.366388,GO 8,142,496,65,-84
3,3,0.366422,GO 8,142,496,68,-87
2,4,0.366452,GO 8,142,496,70,-91
3,4,0.366463,GO 8,142,496,73,-95
3,4,0.366492,GO 8,142,496,76,-99
3,3,0.366515,GO 8,142,496,79,-102
3,4,0.366539,GO 8,142,496,82,-106
2,4,0.366573,GO 8,142,496,84,-110
2,4,0.366602,GO 8,142,496,86,-114
2,3,0.366614,GO 8,142,496,88,-117
1,4,0.366637,GO 8,142,496,89,-121
1,4,0.366672,GO 8,142,496,90,-125
-2,4,0.366695,GO 8,142,496,88,-129
-2,3,0.366724,GO 8,142,496,86,-132
-2,4,0.366759,GO 8,142,496,84,-136
-3,4,0.366765,GO 8,142,496,81,-140
-4,4,0.366788,GO 8,142,496,77,-144
-4,3,0.36682,GO 8,142,496,73,-147
-4,4,0.366846,GO 8,142,496,69,-151
-3,4,0.366869,GO 8,142,496,66,-155
-4,4,0.36691,GO 8,142,496,62,-159
-3,3,0.366916,GO 8,142,496,59,-162
-3,4,0.366939,GO 8,142,496,56,-166
-2,4,0.366974,GO 8,142,496,54,-170
-2,4,0.366997,GO 8,142,496,52,-174
-1,3,0.36702,GO 8,142,496,51,-177
-1,4,0.367055,GO 8,142,496,50,-181
1,4,0.367073,GO 8,142,496,51,-185
1,4,0.367096,GO 8,142,496,52,-189
1,3,0.367125,GO 8,142,496,53,-192
2,4,0.367156,GO 8,142,496,55,-196
2,4,0.367171,GO 8,142,496,57,-200
3,4,0.367206,GO 8,142,496,60,-204
3,3,0.367224,GO 8,142,496,63,-207
3,4,0.367246,GO 8,142,496,66,-211
2,4,0.36727,GO 8,142,496,68,-215
1,4,0.367311,GO 8,142,496,69,-219
2,3,0.36734,GO 8,142,496,71,-222
2,4,0.367357,GO 8,142,496,73,-226
1,4,0.367375,GO 8,142,496,74,-230
1,4,0.367398,GO 8,142,496,75,-234
1,3,0.367421,GO 8,142,496,76,-237
-1,4,0.367456,GO 8,142,496,75,-241
-2,4,0.367485,GO 8,142,496,73,-245
-2,4,0.367502,GO 8,142,496,71,-249
-2,3,0.367525,GO 8,142,496,69,-252
-3,4,0.367549,GO 8,142,496,66,-256
-4,4,0.367572,GO 8,142,496,62,-260
-4,4,0.367595,GO 8,142,496,58,-264
-4,3,0.367624,GO 8,142,496,54,-267
-3,3,0.367642,GO 8,142,496,51,-270
-4,3,0.367665,GO 8,142,496,47,-273
-4,3,0.367688,GO 8,142,496,43,-276
-4,3,0.367717,GO 8,142,496,39,-279
-3,3,0.367746,GO 8,142,496,36,-282
-4,3,0.367775,GO 8,142,496,32,-285
-4,4,0.36781,GO 8,142,496,28,-289
-3,4,0.367816,GO 8,142,496,25,-293
-2,4,0.367833,GO 8,142,496,23,-297
-2,3,0.367862,GO 8,142,496,21,-300
-1,4,0.367891,GO 8,142,496,20,-304
-1,4,0.367914,GO 8,142,496,19,-308
-1,4,0.367932,GO 8,142,496,18,-312
-1,3,0.367967,GO 8,142,496,17,-315
-1,4,0.36799,GO 8,142,496,16,-319
-1,4,0.368013,GO 8,142,496,15,-323
1,4,0.368042,GO 8,142,496,16,-327
1,2,0.368065,GO 8,142,496,17,-329
1,3,0.368083,GO 8,142,496,18,-332
1,3,0.368118,GO 8,142,496,19,-335
1,3,0.368141,GO 8,142,496,20,-338
1,3,0.368164,GO 8,142,496,21,-341
1,2,0.368187,GO 8,142,496,22,-343
1,3,0.368222,GO 8,142,496,23,-346
1,3,0.368234,GO 8,142,496,24,-349
1,3,0.368268,GO 8,142,496,25,-352
-1,3,0.368292,GO 8,142,496,24,-355
-1,3,0.368321,GO 8,142,496,23,-358
-1,4,0.368338,GO 8,142,496,22,-362
-2,4,0.368373,GO 8,142,496,20,-366
-2,4,0.368389,GO 8,142,496,18,-370
-2,3,0.368414,GO 8,142,496,16,-373
-1,4,0.368443,GO 8,142,496,15,-377
-1,4,0.368477,GO 8,142,496,14,-381
-1,4,0.368501,GO 8,142,496,13,-385
-1,3,0.368524,GO 8,142,496,12,-388
1,4,0.368541,GO 8,142,496,13,-392
1,4,0.368565,GO 8,142,496,14,-396
2,4,0.368588,GO 8,142,496,16,-400
2,3,0.368617,GO 8,142,496,18,-403
2,4,0.368646,GO 8,142,496,20,-407
2,4,0.368669,GO 8,142,496,22,-411
3,4,0.368686,GO 8,142,496,25,-415
3,3,0.368698,GO 8,142,496,28,-418
3,4,0.368721,GO 8,142,496,31,-422
3,4,0.368756,GO 8,142,496,34,-426
3,4,0.368785,GO 8,142,496,37,-430
2,3,0.368803,GO 8,142,496,39,-433
2,4,0.368826,GO 8,142,496,41,-437
2,4,0.368843,GO 8,142,496,43,-441
1,4,0.368866,GO 8,142,496,44,-445
1,2,0.368901,GO 8,142,496,45,-447
1,3,0.36893,GO 8,142,496,46,-450
-1,3,0.368965,GO 8,142,496,45,-453
-2,3,0.368977,GO 8,142,496,43,-456
-2,3,0.368994,GO 8,142,496,41,-459
-2,3,0.369017,GO 8,142,496,39,-462
-3,2,0.369041,GO 8,142,496,36,-464
-2,3,0.369075,GO 8,142,496,34,-467
-2,3,0.369116,GO 8,142,496,32,-470
-1,3,0.369122,GO 8,142,496,31,-473
-1,3,0.369145,GO 8,142,496,30,-476
-1,1,0.369174,GO 8,142,496,29,-477
-1,2,0.369197,GO 8,142,496,28,-479
-1,1,0.369226,GO 8,142,496,27,-480
-1,1,0.369261,GO 8,142,496,26,-481
-1,1,0.369429,GO 8,142,496,25,-482
-1,2,0.369476,GO 8,142,496,24,-484
-1,2,0.369499,GO 8,142,496,23,-486
1,2,0.369529,GO 8,142,496,24,-488
1,3,0.369563,GO 8,142,496,25,-491
1,3,0.369598,GO 8,142,496,26,-494
1,2,0.369604,GO 8,142,496,27,-496
2,2,0.369627,GO 8,142,496,29,-498
2,2,0.36965,GO 8,142,496,31,-500
1,2,0.369685,GO 8,142,496,32,-502
2,2,0.369714,GO 8,142,496,34,-504
2,2,0.369749,GO 8,142,496,36,-506
2,2,0.369755,GO 8,142,496,38,-508
2,1,0.369778,GO 8,142,496,40,-509
2,2,0.369801,GO 8,142,496,42,-511
3,2,0.369836,GO 8,142,496,45,-513
2,2,0.369865,GO 8,142,496,47,-515
3,2,0.369876,GO 8,142,496,50,-517
3,2,0.369911,GO 8,142,496,53,-519
3,2,0.369929,GO 8,142,496,56,-521
3,2,0.369964,GO 8,142,496,59,-523
2,1,0.369987,GO 8,142,496,61,-524
3,2,0.370022,GO 8,142,496,64,-526
3,2,0.370027,GO 8,142,496,67,-528
3,2,0.370062,GO 8,142,496,70,-530
3,2,0.370085,GO 8,142,496,73,-532
2,2,0.370114,GO 8,142,496,75,-534
1,2,0.370149,GO 8,142,496,76,-536
2,3,0.370155,GO 8,142,496,78,-539
1,2,0.370178,GO 8,142,496,79,-541
1,3,0.370213,GO 8,142,496,80,-544
1,2,0.370236,GO 8,142,496,81,-546
1,2,0.370265,GO 8,142,496,82,-548
1,1,0.3703,GO 8,142,496,83,-549
1,1,0.370329,GO 8,142,496,84,-550
1,1,0.371506,GO 8,142,496,85,-551
1,1,0.37156,GO 8,142,496,86,-552
1,1,0.371595,GO 8,142,496,87,-553
1,2,0.371624,GO 8,142,496,88,-555
1,2,0.371635,GO 8,142,496,89,-557
1,2,0.37167,GO 8,142,496,90,-559
1,3,0.371688,GO 8,142,496,91,-562
1,3,0.371711,GO 8,142,496,92,-565
1,2,0.371746,GO 8,142,496,93,-567
1,2,0.37178,GO 8,142,496,94,-569
1,2,0.371786,GO 8,142,496,95,-571
1,1,0.37181,GO 8,142,496,96,-572
1,1,0.371833,GO 8,142,496,97,-573
1,1,0.37304,GO 8,142,496,98,-574
-1,1,0.373087,GO 8,142,496,97,-575
-1,2,0.37311,GO 8,142,496,96,-577
-1,2,0.373139,GO 8,142,496,95,-579
-1,3,0.373168,GO 8,142,496,94,-582
-1,2,0.373191,GO 8,142,496,93,-584
-1,3,0.373226,GO 8,142,496,92,-587
-1,3,0.373255,GO 8,142,496,91,-590
-1,3,0.373266,GO 8,142,496,90,-593
-1,3,0.37329,GO 8,142,496,89,-596
-1,2,0.373319,GO 8,142,496,88,-598
-1,1,0.373348,GO 8,142,496,87,-599
-1,2,0.373377,GO 8,142,496,86,-601
-1,2,0.373412,GO 8,142,496,85,-603
-1,2,0.373418,GO 8,142,496,84,-605
-1,2,0.373452,GO 8,142,496,83,-607
-1,2,0.373464,GO 8,142,496,82,-609
-1,1,0.373499,GO 8,142,496,81,-610
-1,1,0.373563,GO 8,142,496,80,-611
-1,1,0.373568,GO 8,142,496,79,-612
