deltaX,deltaY,WHEN,SYLLABLE,XofButton,YofButton,XofTrace,YofTrace
0,1,0.0303078,Yield,0,0,0,-1
-1,-1,0.0304762,Yield,0,0,-1,0
-1,-1,0.0304994,Yield,0,0,-2,1
-3,-2,0.0305459,Yield,0,0,-5,3
-4,-2,0.0305807,Yield,0,0,-9,5
-4,-2,0.0306213,Yield,0,0,-13,7
-3,-2,0.0306271,Yield,0,0,-16,9
-4,-2,0.0306503,Yield,0,0,-20,11
-4,-2,0.0306852,Yield,0,0,-24,13
-4,-2,0.03072,Yield,0,0,-28,15
-3,-1,0.030749,Yield,0,0,-31,16
-4,-5,0.0307839,Yield,0,0,-35,21
-7,-2,0.0308129,Yield,0,0,-42,23
-4,-2,0.0308303,Yield,0,0,-46,25
-4,-2,0.0308651,Yield,0,0,-50,27
-4,-2,0.0308941,Yield,0,0,-54,29
-3,-2,0.0309058,Yield,0,0,-57,31
-4,-1,0.030929,Yield,0,0,-61,32
-4,-2,0.0309638,Yield,0,0,-65,34
-3,-1,0.0310044,Yield,0,0,-68,35
-3,-1,0.0310335,Yield,0,0,-71,36
-1,1,0.0311322,Yield,0,0,-72,35
1,2,0.0311554,Yield,0,0,-71,33
1,2,0.0311844,Yield,0,0,-70,31
1,2,0.0312192,Yield,0,0,-69,29
1,1,0.0312366,Yield,0,0,-68,28
1,2,0.0312657,Yield,0,0,-67,26
1,2,0.0313005,Yield,0,0,-66,24
1,2,0.0313063,Yield,0,0,-65,22
-1,2,0.0313295,Yield,0,0,-66,20
-2,2,0.0313644,Yield,0,0,-68,18
-1,1,0.0313992,Yield,0,0,-69,17
-3,1,0.031434,Yield,0,0,-72,16
-3,1,0.031434,Yield,0,0,-75,15
-3,1,0.031463,Yield,0,0,-78,14
-3,1,0.0314858,Yield,0,0,-81,13
-2,1,0.0315449,Yield,0,0,-83,12
-2,1,0.0315849,Yield,0,0,-85,11
-2,1,0.0315907,Yield,0,0,-87,10
-2,1,0.031614,Yield,0,0,-89,9
-1,1,0.031643,Yield,0,0,-90,8
-1,1,0.0316604,Yield,0,0,-91,7
-1,1,0.0316778,Yield,0,0,-92,6
-1,2,0.0317359,Yield,0,0,-93,4
-1,2,0.0317591,Yield,0,0,-94,2
-1,2,0.0317881,Yield,0,0,-95,0
-1,2,0.0318229,Yield,0,0,-96,-2
-1,2,0.0318288,Yield,0,0,-97,-4
-1,2,0.0318752,Yield,0,0,-98,-6
-1,2,0.0318823,Yield,0,0,-99,-8
-1,1,0.03191,Yield,0,0,-100,-9
-1,2,0.0319449,Yield,0,0,-101,-11
-1,3,0.0319739,Yield,0,0,-102,-14
-1,3,0.0319797,Yield,0,0,-103,-17
-1,2,0.0320145,Yield,0,0,-104,-19
-1,2,0.0320319,Yield,0,0,-105,-21
-1,2,0.0320493,Yield,0,0,-106,-23
-1,1,0.0320784,Yield,0,0,-107,-24
-2,2,0.032119,Yield,0,0,-109,-26
-2,2,0.0321248,Yield,0,0,-111,-28
-3,2,0.032148,Yield,0,0,-114,-30
-3,2,0.0321887,Yield,0,0,-117,-32
-2,2,0.0322177,Yield,0,0,-119,-34
-4,2,0.0322351,Yield,0,0,-123,-36
-4,2,0.0322641,Yield,0,0,-127,-38
-3,1,0.0323048,Yield,0,0,-130,-39
-2,1,0.0323222,Yield,0,0,-132,-40
-2,1,0.032357,Yield,0,0,-134,-41
-2,1,0.032386,Yield,0,0,-136,-42
-2,1,0.0323918,Yield,0,0,-138,-43
-2,1,0.0324093,Yield,0,0,-140,-44
-2,1,0.0324325,Yield,0,0,-142,-45
-2,1,0.0324557,Yield,0,0,-144,-46
-1,1,0.0324963,Yield,0,0,-145,-47
-2,1,0.0325312,Yield,0,0,-147,-48
-2,1,0.0325312,Yield,0,0,-149,-49
-1,1,0.0439089,FRAY 1,87,416,-150,-50
1,2,0.0439322,FRAY 1,87,416,-149,-52
1,2,0.0439612,FRAY 1,87,416,-148,-54
1,2,0.0439728,FRAY 1,87,416,-147,-56
2,3,0.043996,FRAY 1,87,416,-145,-59
2,3,0.044025,FRAY 1,87,416,-143,-62
2,3,0.0440483,FRAY 1,87,416,-141,-65
1,3,0.0440599,FRAY 1,87,416,-140,-68
1,3,0.0440831,FRAY 1,87,416,-139,-71
1,4,0.0441063,FRAY 1,87,416,-138,-75
1,4,0.0441411,FRAY 1,87,416,-137,-79
-1,4,0.0441702,FRAY 1,87,416,-138,-83
-1,3,0.0441992,FRAY 1,87,416,-139,-86
-1,4,0.0442108,FRAY 1,87,416,-140,-90
-1,4,0.0442398,FRAY 1,87,416,-141,-94
-1,4,0.044263,FRAY 1,87,416,-142,-98
-1,3,0.0442863,FRAY 1,87,416,-143,-101
1,4,0.0443269,FRAY 1,87,416,-142,-105
1,4,0.0443559,FRAY 1,87,416,-141,-109
1,4,0.0443675,FRAY 1,87,416,-140,-113
1,3,0.0443966,FRAY 1,87,416,-139,-116
1,4,0.0444198,FRAY 1,87,416,-138,-120
1,4,0.0444372,FRAY 1,87,416,-137,-124
1,4,0.0444546,FRAY 1,87,416,-136,-128
1,3,0.0444778,FRAY 1,87,416,-135,-131
1,4,0.0445127,FRAY 1,87,416,-134,-135
1,4,0.0445359,FRAY 1,87,416,-133,-139
2,4,0.0445649,FRAY 1,87,416,-131,-143
1,3,0.0445997,FRAY 1,87,416,-130,-146
1,4,0.0446055,FRAY 1,87,416,-129,-150
1,4,0.0446288,FRAY 1,87,416,-128,-154
1,4,0.0446636,FRAY 1,87,416,-127,-158
1,3,0.0446868,FRAY 1,87,416,-126,-161
-1,4,0.0447158,FRAY 1,87,416,-127,-165
-1,4,0.0447332,FRAY 1,87,416,-128,-169
-2,4,0.0447623,FRAY 1,87,416,-130,-173
-1,3,0.0447913,FRAY 1,87,416,-131,-176
-1,4,0.0448145,FRAY 1,87,416,-132,-180
-1,4,0.0448377,FRAY 1,87,416,-133,-184
-1,4,0.0448668,FRAY 1,87,416,-134,-188
-1,3,0.0448842,FRAY 1,87,416,-135,-191
1,4,0.0449074,FRAY 1,87,416,-134,-195
1,4,0.0449306,FRAY 1,87,416,-133,-199
1,4,0.0449654,FRAY 1,87,416,-132,-203
1,3,0.0449945,FRAY 1,87,416,-131,-206
2,4,0.0450293,FRAY 1,87,416,-129,-210
2,4,0.0450409,FRAY 1,87,416,-127,-214
2,4,0.0450699,FRAY 1,87,416,-125,-218
2,3,0.0450873,FRAY 1,87,416,-123,-221
2,4,0.0451164,FRAY 1,87,416,-121,-225
2,4,0.0451512,FRAY 1,87,416,-119,-229
2,4,0.0451628,FRAY 1,87,416,-117,-233
1,3,0.045186,FRAY 1,87,416,-116,-236
3,4,0.0452151,FRAY 1,87,416,-113,-240
3,4,0.0452383,FRAY 1,87,416,-110,-244
3,4,0.0452673,FRAY 1,87,416,-107,-248
3,3,0.0452847,FRAY 1,87,416,-104,-251
2,4,0.0453195,FRAY 1,87,416,-102,-255
3,4,0.0453428,FRAY 1,87,416,-99,-259
3,4,0.045366,FRAY 1,87,416,-96,-263
3,3,0.0453892,FRAY 1,87,416,-93,-266
3,4,0.0454182,FRAY 1,87,416,-90,-270
3,4,0.0454356,FRAY 1,87,416,-87,-274
1,4,0.0454705,FRAY 1,87,416,-86,-278
2,3,0.0454937,FRAY 1,87,416,-84,-281
1,4,0.0455169,FRAY 1,87,416,-83,-285
1,4,0.0455497,FRAY 1,87,416,-82,-289
1,4,0.0455634,FRAY 1,87,416,-81,-293
1,3,0.0455924,FRAY 1,87,416,-80,-296
-1,4,0.0456156,FRAY 1,87,416,-81,-300
-1,4,0.0456446,FRAY 1,87,416,-82,-304
-1,4,0.0456678,FRAY 1,87,416,-83,-308
-1,3,0.0457027,FRAY 1,87,416,-84,-311
-1,4,0.0457317,FRAY 1,87,416,-85,-315
1,4,0.0457433,FRAY 1,87,416,-84,-319
1,4,0.0457665,FRAY 1,87,416,-83,-323
1,3,0.0458014,FRAY 1,87,416,-82,-326
1,4,0.0458188,FRAY 1,87,416,-81,-330
1,4,0.045842,FRAY 1,87,416,-80,-334
1,4,0.0458884,FRAY 1,87,416,-79,-338
1,3,0.0458942,FRAY 1,87,416,-78,-341
-1,4,0.0459175,FRAY 1,87,416,-79,-345
-1,4,0.0459291,FRAY 1,87,416,-80,-349
-2,4,0.0459639,FRAY 1,87,416,-82,-353
-2,3,0.0459929,FRAY 1,87,416,-84,-356
-2,4,0.0460161,FRAY 1,87,416,-86,-360
-3,4,0.0460336,FRAY 1,87,416,-89,-364
-3,4,0.0460568,FRAY 1,87,416,-92,-368
-3,3,0.0460916,FRAY 1,87,416,-95,-371
-3,4,0.0461148,FRAY 1,87,416,-98,-375
-2,4,0.046138,FRAY 1,87,416,-100,-379
-1,4,0.0461671,FRAY 1,87,416,-101,-383
-1,3,0.0461845,FRAY 1,87,416,-102,-386
-1,4,0.0462135,FRAY 1,87,416,-103,-390
-1,4,0.0462328,FRAY 1,87,416,-104,-394
-1,4,0.0462658,FRAY 1,87,416,-105,-398
-1,3,0.046289,FRAY 1,87,416,-106,-401
-1,4,0.0463238,FRAY 1,87,416,-107,-405
-1,4,0.0463354,FRAY 1,87,416,-108,-409
-1,4,0.0463644,FRAY 1,87,416,-109,-413
1,3,0.0463877,FRAY 1,87,416,-108,-416
1,4,0.0464167,FRAY 1,87,416,-107,-420
1,4,0.0464573,FRAY 1,87,416,-106,-424
1,4,0.0464747,FRAY 1,87,416,-105,-428
1,3,0.0464922,FRAY 1,87,416,-104,-431
1,4,0.0465154,FRAY 1,87,416,-103,-435
1,4,0.0465386,FRAY 1,87,416,-102,-439
1,4,0.0465676,FRAY 1,87,416,-101,-443
-1,3,0.0466024,FRAY 1,87,416,-102,-446
-1,4,0.0466373,FRAY 1,87,416,-103,-450
-2,4,0.0466431,FRAY 1,87,416,-105,-454
-2,4,0.0466663,FRAY 1,87,416,-107,-458
-2,3,0.0466895,FRAY 1,87,416,-109,-461
-2,4,0.0467244,FRAY 1,87,416,-111,-465
-1,2,0.046736,FRAY 1,87,416,-112,-467
-1,4,0.0467708,FRAY 1,87,416,-113,-471
-1,4,0.046794,FRAY 1,87,416,-114,-475
-1,3,0.0468172,FRAY 1,87,416,-115,-478
-1,4,0.0468405,FRAY 1,87,416,-116,-482
-1,4,0.0468753,FRAY 1,87,416,-117,-486
1,4,0.0468927,FRAY 1,87,416,-116,-490
1,3,0.0469217,FRAY 1,87,416,-115,-493
1,4,0.0469449,FRAY 1,87,416,-114,-497
1,4,0.0469682,FRAY 1,87,416,-113,-501
1,4,0.0470204,FRAY 1,87,416,-112,-505
1,3,0.047032,FRAY 1,87,416,-111,-508
1,4,0.0470436,FRAY 1,87,416,-110,-512
2,4,0.0470668,FRAY 1,87,416,-108,-516
2,4,0.0470901,FRAY 1,87,416,-106,-520
2,3,0.0471133,FRAY 1,87,416,-104,-523
2,4,0.0471481,FRAY 1,87,416,-102,-527
2,4,0.0471655,FRAY 1,87,416,-100,-531
2,4,0.0471888,FRAY 1,87,416,-98,-535
1,3,0.047212,FRAY 1,87,416,-97,-538
2,4,0.047241,FRAY 1,87,416,-95,-542
2,4,0.0472642,FRAY 1,87,416,-93,-546
2,4,0.047299,FRAY 1,87,416,-91,-550
2,3,0.0473165,FRAY 1,87,416,-89,-553
2,4,0.0473397,FRAY 1,87,416,-87,-557
2,4,0.0473629,FRAY 1,87,416,-85,-561
2,4,0.0474035,FRAY 1,87,416,-83,-565
1,3,0.047421,FRAY 1,87,416,-82,-568
2,4,0.04745,FRAY 1,87,416,-80,-572
3,4,0.0474674,FRAY 1,87,416,-77,-576
3,4,0.0474906,FRAY 1,87,416,-74,-580
3,3,0.0475138,FRAY 1,87,416,-71,-583
3,4,0.0475487,FRAY 1,87,416,-68,-587
2,4,0.0475719,FRAY 1,87,416,-66,-591
3,4,0.0476009,FRAY 1,87,416,-63,-595
3,3,0.0476183,FRAY 1,87,416,-60,-598
3,4,0.0476415,FRAY 1,87,416,-57,-602
3,4,0.0476648,FRAY 1,87,416,-54,-606
2,4,0.0476996,FRAY 1,87,416,-52,-610
3,3,0.0477286,FRAY 1,87,416,-49,-613
2,4,0.047746,FRAY 1,87,416,-47,-617
2,4,0.0477693,FRAY 1,87,416,-45,-621
2,3,0.0477983,FRAY 1,87,416,-43,-624
2,2,0.0478215,FRAY 1,87,416,-41,-626
1,1,0.0478737,FRAY 1,87,416,-40,-627
1,1,0.0479028,FRAY 1,87,416,-39,-628
1,1,0.0479202,FRAY 1,87,416,-38,-629
1,-1,0.0590119,SAN- 2,387,311,-37,-628
1,-1,0.05906,SAN- 2,387,311,-36,-627
1,1,0.0591412,SAN- 2,387,311,-35,-628
1,1,0.0591877,SAN- 2,387,311,-34,-629
1,1,0.0592109,SAN- 2,387,311,-33,-630
1,1,0.0592399,SAN- 2,387,311,-32,-631
2,1,0.0592747,SAN- 2,387,311,-30,-632
2,1,0.0593096,SAN- 2,387,311,-28,-633
3,-1,0.0593618,SAN- 2,387,311,-25,-632
2,-1,0.059385,SAN- 2,387,311,-23,-631
3,-1,0.0594257,SAN- 2,387,311,-20,-630
3,-2,0.0594605,SAN- 2,387,311,-17,-628
3,-2,0.0594663,SAN- 2,387,311,-14,-626
3,-2,0.0594953,SAN- 2,387,311,-11,-624
2,-2,0.0595127,SAN- 2,387,311,-9,-622
3,-2,0.059536,SAN- 2,387,311,-6,-620
3,-1,0.0595708,SAN- 2,387,311,-3,-619
3,-2,0.0595882,SAN- 2,387,311,0,-617
3,-2,0.0596172,SAN- 2,387,311,3,-615
3,-2,0.0596405,SAN- 2,387,311,6,-613
2,-2,0.0596753,SAN- 2,387,311,8,-611
3,-2,0.0596927,SAN- 2,387,311,11,-609
3,-2,0.0597217,SAN- 2,387,311,14,-607
3,-3,0.0597391,SAN- 2,387,311,17,-604
3,-2,0.059774,SAN- 2,387,311,20,-602
2,-3,0.0597972,SAN- 2,387,311,22,-599
3,-3,0.0598204,SAN- 2,387,311,25,-596
3,-3,0.0598494,SAN- 2,387,311,28,-593
3,-3,0.0598668,SAN- 2,387,311,31,-590
3,-2,0.0598843,SAN- 2,387,311,34,-588
2,-3,0.0599075,SAN- 2,387,311,36,-585
3,-3,0.0599423,SAN- 2,387,311,39,-582
3,-3,0.0599655,SAN- 2,387,311,42,-579
3,-2,0.0599946,SAN- 2,387,311,45,-577
3,-2,0.0600178,SAN- 2,387,311,48,-575
2,-1,0.0600352,SAN- 2,387,311,50,-574
3,-2,0.0600584,SAN- 2,387,311,53,-572
3,-3,0.0600932,SAN- 2,387,311,56,-569
3,-3,0.0601165,SAN- 2,387,311,59,-566
3,-3,0.0601513,SAN- 2,387,311,62,-563
3,-3,0.0601803,SAN- 2,387,311,65,-560
2,-2,0.0601861,SAN- 2,387,311,67,-558
3,-3,0.0602093,SAN- 2,387,311,70,-555
3,-3,0.0602384,SAN- 2,387,311,73,-552
3,-3,0.0602674,SAN- 2,387,311,76,-549
3,-3,0.0603022,SAN- 2,387,311,79,-546
2,-2,0.0603312,SAN- 2,387,311,81,-544
3,-3,0.0603429,SAN- 2,387,311,84,-541
3,-3,0.0603719,SAN- 2,387,311,87,-538
3,-3,0.0603893,SAN- 2,387,311,90,-535
3,-3,0.0604183,SAN- 2,387,311,93,-532
2,-3,0.0604532,SAN- 2,387,311,95,-529
3,-1,0.0604822,SAN- 2,387,311,98,-528
3,-2,0.0604938,SAN- 2,387,311,101,-526
3,-2,0.060517,SAN- 2,387,311,104,-524
3,-1,0.0605402,SAN- 2,387,311,107,-523
3,-1,0.0605634,SAN- 2,387,311,110,-522
2,-1,0.0605983,SAN- 2,387,311,112,-521
3,-1,0.0606273,SAN- 2,387,311,115,-520
3,-1,0.0606447,SAN- 2,387,311,118,-519
3,-1,0.0606679,SAN- 2,387,311,121,-518
3,-1,0.0606912,SAN- 2,387,311,124,-517
2,-1,0.0607144,SAN- 2,387,311,126,-516
3,-1,0.0607492,SAN- 2,387,311,129,-515
3,-1,0.0607782,SAN- 2,387,311,132,-514
3,-1,0.0608189,SAN- 2,387,311,135,-513
2,-1,0.0608421,SAN- 2,387,311,137,-512
3,-1,0.0608711,SAN- 2,387,311,140,-511
3,-1,0.0609001,SAN- 2,387,311,143,-510
3,-1,0.060935,SAN- 2,387,311,146,-509
3,-1,0.0609466,SAN- 2,387,311,149,-508
3,-1,0.0609698,SAN- 2,387,311,152,-507
2,-1,0.0609933,SAN- 2,387,311,154,-506
3,-1,0.0610278,SAN- 2,387,311,157,-505
3,-1,0.0610453,SAN- 2,387,311,160,-504
3,-1,0.0610743,SAN- 2,387,311,163,-503
3,-1,0.0611033,SAN- 2,387,311,166,-502
2,-1,0.0611265,SAN- 2,387,311,168,-501
3,-1,0.0611498,SAN- 2,387,311,171,-500
3,-1,0.0611904,SAN- 2,387,311,174,-499
3,-1,0.061231,SAN- 2,387,311,177,-498
2,-1,0.06126,SAN- 2,387,311,179,-497
3,-1,0.0612775,SAN- 2,387,311,182,-496
3,-1,0.0613065,SAN- 2,387,311,185,-495
3,-1,0.0613239,SAN- 2,387,311,188,-494
3,-1,0.0613529,SAN- 2,387,311,191,-493
2,-1,0.0613703,SAN- 2,387,311,193,-492
3,-1,0.0614052,SAN- 2,387,311,196,-491
3,-1,0.0614342,SAN- 2,387,311,199,-490
3,-1,0.0614632,SAN- 2,387,311,202,-489
3,-2,0.0614864,SAN- 2,387,311,205,-487
3,-2,0.0615039,SAN- 2,387,311,208,-485
2,-1,0.0615271,SAN- 2,387,311,210,-484
3,-1,0.0615561,SAN- 2,387,311,213,-483
3,-1,0.0615793,SAN- 2,387,311,216,-482
3,-1,0.06162,SAN- 2,387,311,219,-481
3,-1,0.0616258,SAN- 2,387,311,222,-480
2,1,0.0617651,SAN- 2,387,311,224,-481
3,1,0.0617883,SAN- 2,387,311,227,-482
3,1,0.0618115,SAN- 2,387,311,230,-483
3,1,0.0618347,SAN- 2,387,311,233,-484
3,1,0.0618986,SAN- 2,387,311,236,-485
2,1,0.061916,SAN- 2,387,311,238,-486
3,1,0.0619392,SAN- 2,387,311,241,-487
2,1,0.0624501,SAN- 2,387,311,243,-488
3,1,0.0624849,SAN- 2,387,311,246,-489
3,1,0.0624907,SAN- 2,387,311,249,-490
3,1,0.0625255,SAN- 2,387,311,252,-491
3,1,0.0625488,SAN- 2,387,311,255,-492
2,1,0.062572,SAN- 2,387,311,257,-493
2,1,0.062601,SAN- 2,387,311,259,-494
2,1,0.0626242,SAN- 2,387,311,261,-495
1,-1,0.0627461,SAN- 2,387,311,262,-494
1,-1,0.0627868,SAN- 2,387,311,263,-493
1,-1,0.0627926,SAN- 2,387,311,264,-492
2,-2,0.0628158,SAN- 2,387,311,266,-490
2,-2,0.0628506,SAN- 2,387,311,268,-488
3,-1,0.0628738,SAN- 2,387,311,271,-487
3,-2,0.0628971,SAN- 2,387,311,274,-485
3,-2,0.0629203,SAN- 2,387,311,277,-483
2,-2,0.0629493,SAN- 2,387,311,279,-481
3,-2,0.0629725,SAN- 2,387,311,282,-479
3,-2,0.0630015,SAN- 2,387,311,285,-477
3,-2,0.0630364,SAN- 2,387,311,288,-475
3,-1,0.0630537,SAN- 2,387,311,291,-474
2,-1,0.0630828,SAN- 2,387,311,293,-473
3,1,0.0634485,SAN- 2,387,311,296,-474
2,1,0.0634834,SAN- 2,387,311,298,-475
3,1,0.0635124,SAN- 2,387,311,301,-476
3,1,0.0635298,SAN- 2,387,311,304,-477
3,2,0.063553,SAN- 2,387,311,307,-479
3,2,0.0635878,SAN- 2,387,311,310,-481
3,2,0.0636053,SAN- 2,387,311,313,-483
2,2,0.0636343,SAN- 2,387,311,315,-485
3,2,0.0636575,SAN- 2,387,311,318,-487
3,1,0.0636807,SAN- 2,387,311,321,-488
3,2,0.0637039,SAN- 2,387,311,324,-490
3,2,0.063733,SAN- 2,387,311,327,-492
2,2,0.063762,SAN- 2,387,311,329,-494
3,2,0.0637965,SAN- 2,387,311,332,-496
3,1,0.06382,SAN- 2,387,311,335,-497
3,1,0.0638375,SAN- 2,387,311,338,-498
3,1,0.0638607,SAN- 2,387,311,341,-499
3,-1,0.064029,SAN- 2,387,311,344,-498
3,-1,0.0640639,SAN- 2,387,311,347,-497
3,-1,0.0640813,SAN- 2,387,311,350,-496
3,-1,0.0641103,SAN- 2,387,311,353,-495
3,-1,0.0641393,SAN- 2,387,311,356,-494
3,1,0.0642554,SAN- 2,387,311,359,-495
2,1,0.0642786,SAN- 2,387,311,361,-496
2,1,0.0643077,SAN- 2,387,311,363,-497
1,1,0.0643309,SAN- 2,387,311,364,-498
1,1,0.0643571,SAN- 2,387,311,365,-499
1,-1,0.0743735,-TIA- 3,329,115,366,-498
1,-2,0.0744281,-TIA- 3,329,115,367,-496
1,-2,0.0744548,-TIA- 3,329,115,368,-494
1,-2,0.0744838,-TIA- 3,329,115,369,-492
1,-3,0.074508,-TIA- 3,329,115,370,-489
1,-3,0.0745244,-TIA- 3,329,115,371,-486
1,-2,0.0745593,-TIA- 3,329,115,372,-484
1,-3,0.0745825,-TIA- 3,329,115,373,-481
1,-3,0.0746115,-TIA- 3,329,115,374,-478
1,-2,0.0746463,-TIA- 3,329,115,375,-476
1,-2,0.0746696,-TIA- 3,329,115,376,-474
1,-1,0.0746754,-TIA- 3,329,115,377,-473
1,-1,0.0750063,-TIA- 3,329,115,378,-472
1,-2,0.0750585,-TIA- 3,329,115,379,-470
2,-2,0.0750933,-TIA- 3,329,115,381,-468
2,-2,0.0751166,-TIA- 3,329,115,383,-466
1,-3,0.075134,-TIA- 3,329,115,384,-463
2,-3,0.0751572,-TIA- 3,329,115,386,-460
2,-2,0.0751804,-TIA- 3,329,115,388,-458
2,-3,0.0752036,-TIA- 3,329,115,390,-455
2,-3,0.0752443,-TIA- 3,329,115,392,-452
1,-3,0.0752733,-TIA- 3,329,115,393,-449
1,-3,0.0752849,-TIA- 3,329,115,394,-446
1,-2,0.0753081,-TIA- 3,329,115,395,-444
1,-3,0.0753313,-TIA- 3,329,115,396,-441
1,-3,0.0753662,-TIA- 3,329,115,397,-438
1,-3,0.0753778,-TIA- 3,329,115,398,-435
1,-3,0.0754184,-TIA- 3,329,115,399,-432
1,-3,0.0754358,-TIA- 3,329,115,400,-429
1,-2,0.075459,-TIA- 3,329,115,401,-427
1,-3,0.0754823,-TIA- 3,329,115,402,-424
1,-3,0.0755171,-TIA- 3,329,115,403,-421
1,-3,0.0755403,-TIA- 3,329,115,404,-418
1,-3,0.0755693,-TIA- 3,329,115,405,-415
1,-2,0.0755868,-TIA- 3,329,115,406,-413
1,-3,0.07561,-TIA- 3,329,115,407,-410
1,-3,0.0756448,-TIA- 3,329,115,408,-407
1,-3,0.0756738,-TIA- 3,329,115,409,-404
1,-3,0.0756854,-TIA- 3,329,115,410,-401
-1,-2,0.0757145,-TIA- 3,329,115,409,-399
-1,-3,0.0757377,-TIA- 3,329,115,408,-396
-2,-3,0.0757667,-TIA- 3,329,115,406,-393
-2,-3,0.0757899,-TIA- 3,329,115,404,-390
-2,-3,0.075829,-TIA- 3,329,115,402,-387
-2,-3,0.0758364,-TIA- 3,329,115,400,-384
-2,-2,0.0758596,-TIA- 3,329,115,398,-382
-1,-3,0.0758944,-TIA- 3,329,115,397,-379
-2,-3,0.0759176,-TIA- 3,329,115,395,-376
-1,-3,0.0759409,-TIA- 3,329,115,394,-373
-1,-3,0.0759699,-TIA- 3,329,115,393,-370
-1,-2,0.0759873,-TIA- 3,329,115,392,-368
-1,-3,0.0760105,-TIA- 3,329,115,391,-365
-1,-3,0.0760454,-TIA- 3,329,115,390,-362
-1,-3,0.0760686,-TIA- 3,329,115,389,-359
-1,-3,0.0760918,-TIA- 3,329,115,388,-356
-1,-2,0.0761266,-TIA- 3,329,115,387,-354
-1,-3,0.0761382,-TIA- 3,329,115,386,-351
-1,-3,0.0761673,-TIA- 3,329,115,385,-348
-1,-3,0.0761847,-TIA- 3,329,115,384,-345
-1,-3,0.0762079,-TIA- 3,329,115,383,-342
-1,-3,0.0762311,-TIA- 3,329,115,382,-339
-1,-2,0.0762601,-TIA- 3,329,115,381,-337
-1,-3,0.0762776,-TIA- 3,329,115,380,-334
-1,-3,0.0763008,-TIA- 3,329,115,379,-331
-1,-3,0.076324,-TIA- 3,329,115,378,-328
-1,-3,0.0763588,-TIA- 3,329,115,377,-325
-1,-2,0.0763878,-TIA- 3,329,115,376,-323
-1,-3,0.0764111,-TIA- 3,329,115,375,-320
-1,-3,0.0764285,-TIA- 3,329,115,374,-317
1,-3,0.0764517,-TIA- 3,329,115,375,-314
1,-3,0.0764749,-TIA- 3,329,115,376,-311
1,-2,0.0765098,-TIA- 3,329,115,377,-309
1,-3,0.0765388,-TIA- 3,329,115,378,-306
1,-3,0.0765736,-TIA- 3,329,115,379,-303
1,-3,0.0765794,-TIA- 3,329,115,380,-300
1,-3,0.0766026,-TIA- 3,329,115,381,-297
1,-3,0.0766259,-TIA- 3,329,115,382,-294
1,-2,0.0766607,-TIA- 3,329,115,383,-292
1,-3,0.0766897,-TIA- 3,329,115,384,-289
1,-3,0.0767245,-TIA- 3,329,115,385,-286
1,-3,0.0767303,-TIA- 3,329,115,386,-283
1,-3,0.0767536,-TIA- 3,329,115,387,-280
1,-2,0.0767826,-TIA- 3,329,115,388,-278
1,-3,0.0768116,-TIA- 3,329,115,389,-275
1,-3,0.076829,-TIA- 3,329,115,390,-272
1,-3,0.0768639,-TIA- 3,329,115,391,-269
1,-3,0.0768871,-TIA- 3,329,115,392,-266
1,-2,0.0769103,-TIA- 3,329,115,393,-264
1,-3,0.0769393,-TIA- 3,329,115,394,-261
1,-3,0.0769625,-TIA- 3,329,115,395,-258
1,-3,0.07698,-TIA- 3,329,115,396,-255
1,-3,0.0770148,-TIA- 3,329,115,397,-252
1,-3,0.077038,-TIA- 3,329,115,398,-249
1,-2,0.0770612,-TIA- 3,329,115,399,-247
1,-3,0.0770902,-TIA- 3,329,115,400,-244
-1,-3,0.0771251,-TIA- 3,329,115,399,-241
-1,-3,0.0771309,-TIA- 3,329,115,398,-238
-2,-3,0.0771541,-TIA- 3,329,115,396,-235
-2,-2,0.0771889,-TIA- 3,329,115,394,-233
-3,-3,0.0772122,-TIA- 3,329,115,391,-230
-3,-3,0.077247,-TIA- 3,329,115,388,-227
-3,-3,0.077276,-TIA- 3,329,115,385,-224
-4,-3,0.0772876,-TIA- 3,329,115,381,-221
-4,-2,0.0773108,-TIA- 3,329,115,377,-219
-4,-3,0.0773399,-TIA- 3,329,115,373,-216
-3,-3,0.0773631,-TIA- 3,329,115,370,-213
-4,-2,0.0773979,-TIA- 3,329,115,366,-211
-4,-2,0.0774269,-TIA- 3,329,115,362,-209
-4,-2,0.0774385,-TIA- 3,329,115,358,-207
-3,-2,0.0774618,-TIA- 3,329,115,355,-205
-4,-1,0.0774908,-TIA- 3,329,115,351,-204
-4,-2,0.077514,-TIA- 3,329,115,347,-202
-4,-3,0.0775372,-TIA- 3,329,115,343,-199
-3,-3,0.0775721,-TIA- 3,329,115,340,-196
-4,-3,0.0775895,-TIA- 3,329,115,336,-193
-4,-3,0.0776127,-TIA- 3,329,115,332,-190
-4,-2,0.0776359,-TIA- 3,329,115,328,-188
-3,-3,0.0776766,-TIA- 3,329,115,325,-185
-4,-3,0.077694,-TIA- 3,329,115,321,-182
-4,-3,0.0777172,-TIA- 3,329,115,317,-179
-4,-3,0.0777404,-TIA- 3,329,115,313,-176
-3,-2,0.0777636,-TIA- 3,329,115,310,-174
-4,-3,0.0777927,-TIA- 3,329,115,306,-171
-4,-3,0.0778275,-TIA- 3,329,115,302,-168
-4,-3,0.0778565,-TIA- 3,329,115,298,-165
-3,-3,0.0778681,-TIA- 3,329,115,295,-162
-4,-3,0.0778855,-TIA- 3,329,115,291,-159
-4,-2,0.0779029,-TIA- 3,329,115,287,-157
-4,-3,0.0779378,-TIA- 3,329,115,283,-154
-3,-3,0.0779726,-TIA- 3,329,115,280,-151
-4,-2,0.0779958,-TIA- 3,329,115,276,-149
-4,-2,0.0780089,-TIA- 3,329,115,272,-147
-3,-1,0.0780365,-TIA- 3,329,115,269,-146
-3,-1,0.0780713,-TIA- 3,329,115,266,-145
-1,1,0.0781061,-TIA- 3,329,115,265,-146
-1,1,0.0781468,-TIA- 3,329,115,264,-147
-1,1,0.0781642,-TIA- 3,329,115,263,-148
2,2,0.0781874,-TIA- 3,329,115,265,-150
2,1,0.0782164,-TIA- 3,329,115,267,-151
2,1,0.0782512,-TIA- 3,329,115,269,-152
3,1,0.0782745,-TIA- 3,329,115,272,-153
3,1,0.0782861,-TIA- 3,329,115,275,-154
2,1,0.0783151,-TIA- 3,329,115,277,-155
2,1,0.0783383,-TIA- 3,329,115,279,-156
2,1,0.0783615,-TIA- 3,329,115,281,-157
1,1,0.0784022,-TIA- 3,329,115,282,-158
1,1,0.078408,-TIA- 3,329,115,283,-159
1,1,0.078466,-TIA- 3,329,115,284,-160
1,1,0.0786634,-TIA- 3,329,115,285,-161
1,1,0.0787156,-TIA- 3,329,115,286,-162
1,1,0.0787389,-TIA- 3,329,115,287,-163
1,1,0.0787737,-TIA- 3,329,115,288,-164
2,1,0.0787853,-TIA- 3,329,115,290,-165
2,1,0.0788085,-TIA- 3,329,115,292,-166
2,1,0.0788387,-TIA- 3,329,115,294,-167
1,1,0.078855,-TIA- 3,329,115,295,-168
1,1,0.089542,GO 4,282,431,296,-169
-1,1,0.0896,GO 4,282,431,295,-170
-1,2,0.0896174,GO 4,282,431,294,-172
-1,2,0.0896464,GO 4,282,431,293,-174
-1,2,0.0896813,GO 4,282,431,292,-176
1,3,0.0896971,GO 4,282,431,293,-179
1,3,0.0897219,GO 4,282,431,294,-182
1,4,0.0897451,GO 4,282,431,295,-186
2,3,0.0897858,GO 4,282,431,297,-189
2,4,0.089809,GO 4,282,431,299,-193
2,4,0.0898322,GO 4,282,431,301,-197
2,4,0.0898496,GO 4,282,431,303,-201
1,3,0.0898728,GO 4,282,431,304,-204
2,4,0.0898961,GO 4,282,431,306,-208
2,4,0.0899251,GO 4,282,431,308,-212
2,4,0.0899483,GO 4,282,431,310,-216
1,3,0.0899831,GO 4,282,431,311,-219
1,4,0.0900005,GO 4,282,431,312,-223
1,4,0.0900238,GO 4,282,431,313,-227
1,7,0.0900702,GO 4,282,431,314,-234
-2,4,0.0900934,GO 4,282,431,312,-238
-1,4,0.0901283,GO 4,282,431,311,-242
-1,4,0.0901573,GO 4,282,431,310,-246
-1,3,0.0901747,GO 4,282,431,309,-249
-1,4,0.0902095,GO 4,282,431,308,-253
-1,4,0.0902327,GO 4,282,431,307,-257
-1,4,0.0902502,GO 4,282,431,306,-261
-1,3,0.0902734,GO 4,282,431,305,-264
-1,4,0.0903024,GO 4,282,431,304,-268
1,4,0.0903256,GO 4,282,431,305,-272
1,4,0.0903605,GO 4,282,431,306,-276
2,3,0.0903837,GO 4,282,431,308,-279
2,4,0.0904011,GO 4,282,431,310,-283
2,4,0.0904243,GO 4,282,431,312,-287
3,4,0.0904533,GO 4,282,431,315,-291
3,3,0.0904766,GO 4,282,431,318,-294
2,4,0.0905114,GO 4,282,431,320,-298
3,4,0.0905288,GO 4,282,431,323,-302
3,4,0.090552,GO 4,282,431,326,-306
3,3,0.0905868,GO 4,282,431,329,-309
3,4,0.0906043,GO 4,282,431,332,-313
2,4,0.0906333,GO 4,282,431,334,-317
1,4,0.0906623,GO 4,282,431,335,-321
1,3,0.0906797,GO 4,282,431,336,-324
-1,4,0.0907029,GO 4,282,431,335,-328
-1,4,0.0907262,GO 4,282,431,334,-332
-3,4,0.0907595,GO 4,282,431,331,-336
-3,3,0.0907842,GO 4,282,431,328,-339
-4,4,0.0908132,GO 4,282,431,324,-343
-4,4,0.0908307,GO 4,282,431,320,-347
-3,4,0.0908539,GO 4,282,431,317,-351
-4,3,0.0908771,GO 4,282,431,313,-354
-4,4,0.0909119,GO 4,282,431,309,-358
-4,4,0.0909526,GO 4,282,431,305,-362
-3,7,0.0909816,GO 4,282,431,302,-369
-8,4,0.0910048,GO 4,282,431,294,-373
-4,4,0.091028,GO 4,282,431,290,-377
-2,4,0.0910629,GO 4,282,431,288,-381
-3,3,0.0910977,GO 4,282,431,285,-384
-3,4,0.0911267,GO 4,282,431,282,-388
-3,4,0.0911325,GO 4,282,431,279,-392
-3,4,0.0911615,GO 4,282,431,276,-396
-2,3,0.0911848,GO 4,282,431,274,-399
-3,4,0.0912138,GO 4,282,431,271,-403
-3,4,0.0912486,GO 4,282,431,268,-407
-3,4,0.0912718,GO 4,282,431,265,-411
-3,3,0.0912776,GO 4,282,431,262,-414
-2,4,0.0913125,GO 4,282,431,260,-418
-3,4,0.0913357,GO 4,282,431,257,-422
-3,4,0.0913589,GO 4,282,431,254,-426
-3,3,0.0913763,GO 4,282,431,251,-429
-2,4,0.0913995,GO 4,282,431,249,-433
-2,4,0.0914344,GO 4,282,431,247,-437
-2,4,0.0914576,GO 4,282,431,245,-441
-1,3,0.0914866,GO 4,282,431,244,-444
-2,4,0.0915098,GO 4,282,431,242,-448
-2,4,0.0915273,GO 4,282,431,240,-452
-2,4,0.0915563,GO 4,282,431,238,-456
-2,3,0.0915853,GO 4,282,431,236,-459
-2,4,0.0916085,GO 4,282,431,234,-463
-2,4,0.0916376,GO 4,282,431,232,-467
-1,4,0.0916724,GO 4,282,431,231,-471
-2,3,0.0916782,GO 4,282,431,229,-474
-2,4,0.0917014,GO 4,282,431,227,-478
-2,4,0.0917304,GO 4,282,431,225,-482
-2,4,0.0917595,GO 4,282,431,223,-486
-2,3,0.0917943,GO 4,282,431,221,-489
-2,4,0.0918233,GO 4,282,431,219,-493
-2,4,0.0918291,GO 4,282,431,217,-497
-1,4,0.0918581,GO 4,282,431,216,-501
-2,3,0.0918814,GO 4,282,431,214,-504
-2,4,0.0919104,GO 4,282,431,212,-508
-2,4,0.0919336,GO 4,282,431,210,-512
-2,4,0.0919742,GO 4,282,431,208,-516
-2,3,0.0919859,GO 4,282,431,206,-519
-2,4,0.0920091,GO 4,282,431,204,-523
-2,4,0.0920439,GO 4,282,431,202,-527
-1,4,0.0920613,GO 4,282,431,201,-531
-2,3,0.0920961,GO 4,282,431,199,-534
-1,4,0.0921252,GO 4,282,431,198,-538
-1,4,0.0921368,GO 4,282,431,197,-542
-1,4,0.09216,GO 4,282,431,196,-546
1,3,0.0921832,GO 4,282,431,197,-549
1,4,0.0922239,GO 4,282,431,198,-553
2,4,0.0922471,GO 4,282,431,200,-557
1,4,0.0922645,GO 4,282,431,201,-561
2,3,0.0922819,GO 4,282,431,203,-564
3,4,0.0922993,GO 4,282,431,206,-568
3,4,0.0923283,GO 4,282,431,209,-572
3,4,0.0923574,GO 4,282,431,212,-576
3,3,0.0923922,GO 4,282,431,215,-579
2,4,0.0924038,GO 4,282,431,217,-583
3,4,0.0924303,GO 4,282,431,220,-587
3,4,0.0924502,GO 4,282,431,223,-591
3,3,0.0924735,GO 4,282,431,226,-594
3,4,0.0925141,GO 4,282,431,229,-598
2,4,0.0925256,GO 4,282,431,231,-602
3,4,0.0925547,GO 4,282,431,234,-606
2,3,0.0925838,GO 4,282,431,236,-609
2,4,0.0926012,GO 4,282,431,238,-613
2,4,0.0926302,GO 4,282,431,240,-617
1,4,0.0926592,GO 4,282,431,241,-621
1,3,0.0926766,GO 4,282,431,242,-624
1,4,0.0927057,GO 4,282,431,243,-628
1,4,0.0927289,GO 4,282,431,244,-632
1,4,0.0927579,GO 4,282,431,245,-636
1,3,0.0927869,GO 4,282,431,246,-639
2,4,0.0928102,GO 4,282,431,248,-643
2,4,0.0928276,GO 4,282,431,250,-647
2,4,0.0928508,GO 4,282,431,252,-651
2,3,0.092874,GO 4,282,431,254,-654
3,2,0.0928972,GO 4,282,431,257,-656
3,4,0.0929437,GO 4,282,431,260,-660
3,3,0.0929669,GO 4,282,431,263,-663
3,2,0.0929727,GO 4,282,431,266,-665
3,3,0.0929959,GO 4,282,431,269,-668
3,2,0.0930307,GO 4,282,431,272,-670
3,2,0.093054,GO 4,282,431,275,-672
2,1,0.0930946,GO 4,282,431,277,-673
2,1,0.0931004,GO 4,282,431,279,-674
2,-1,0.0931701,GO 4,282,431,281,-673
1,-1,0.0932049,GO 4,282,431,282,-672
1,-1,0.0932688,GO 4,282,431,283,-671
1,-1,0.0932746,GO 4,282,431,284,-670
-1,-1,0.0932978,GO 4,282,431,283,-669
-1,-1,0.0933326,GO 4,282,431,282,-668
-2,-1,0.0933616,GO 4,282,431,280,-667
-2,-1,0.0933965,GO 4,282,431,278,-666
-2,-1,0.0934255,GO 4,282,431,276,-665
-3,-1,0.0934603,GO 4,282,431,273,-664
-3,-1,0.0934835,GO 4,282,431,270,-663
-3,-1,0.0935184,GO 4,282,431,267,-662
-3,-1,0.0935416,GO 4,282,431,264,-661
-3,-2,0.0935532,GO 4,282,431,261,-659
-2,-2,0.0935822,GO 4,282,431,259,-657
-3,-2,0.0936054,GO 4,282,431,256,-655
-3,-2,0.0936345,GO 4,282,431,253,-653
-3,-2,0.0936519,GO 4,282,431,250,-651
-3,-1,0.0936809,GO 4,282,431,247,-650
-2,-2,0.0937099,GO 4,282,431,245,-648
-3,-2,0.0937328,GO 4,282,431,242,-646
-3,-2,0.0937564,GO 4,282,431,239,-644
-3,-2,0.0937912,GO 4,282,431,236,-642
-2,-2,0.0938028,GO 4,282,431,234,-640
-2,-2,0.0938376,GO 4,282,431,232,-638
-1,-2,0.0938667,GO 4,282,431,231,-636
-1,-1,0.0938957,GO 4,282,431,230,-635
-1,-2,0.0939189,GO 4,282,431,229,-633
-1,-2,0.0939305,GO 4,282,431,228,-631
-1,-2,0.0939479,GO 4,282,431,227,-629
-1,-2,0.0939712,GO 4,282,431,226,-627
-1,-2,0.0940002,GO 4,282,431,225,-625
-1,-2,0.0940292,GO 4,282,431,224,-623
-1,-1,0.094064,GO 4,282,431,223,-622
-1,-1,0.0940756,GO 4,282,431,222,-621
-1,-1,0.0940989,GO 4,282,431,221,-620
-1,-1,0.0941337,GO 4,282,431,220,-619
-1,-1,0.0944239,GO 4,282,431,219,-618
-1,-1,0.0944994,GO 4,282,431,218,-617
-1,-1,0.0945115,GO 4,282,431,217,-616
-1,-1,0.0945575,GO 4,282,431,216,-615
-1,-1,0.0945807,GO 4,282,431,215,-614
-1,-1,0.0946097,GO 4,282,431,214,-613
-1,-1,0.0946678,GO 4,282,431,213,-612
-1,-1,0.0946852,GO 4,282,431,212,-611
-1,-1,0.0947084,GO 4,282,431,211,-610
1,-1,0.104153,FRAY 5,338,307,212,-609
1,-1,0.104269,FRAY 5,338,307,213,-608
-1,-1,0.104287,FRAY 5,338,307,212,-607
-1,-2,0.104333,FRAY 5,338,307,211,-605
-2,-3,0.104345,FRAY 5,338,307,209,-602
-2,-3,0.104368,FRAY 5,338,307,207,-599
-2,-3,0.104397,FRAY 5,338,307,205,-596
-2,-2,0.104432,FRAY 5,338,307,203,-594
-2,-3,0.104438,FRAY 5,338,307,201,-591
-2,-6,0.104501,FRAY 5,338,307,199,-585
-3,-3,0.104519,FRAY 5,338,307,196,-582
-2,-2,0.104548,FRAY 5,338,307,194,-580
-2,-3,0.104583,FRAY 5,338,307,192,-577
-1,-3,0.104588,FRAY 5,338,307,191,-574
-1,-3,0.104612,FRAY 5,338,307,190,-571
-1,-3,0.104647,FRAY 5,338,307,189,-568
-1,-3,0.10467,FRAY 5,338,307,188,-565
-1,-2,0.104699,FRAY 5,338,307,187,-563
1,-3,0.104728,FRAY 5,338,307,188,-560
1,-3,0.104739,FRAY 5,338,307,189,-557
1,-3,0.104768,FRAY 5,338,307,190,-554
1,-3,0.104797,FRAY 5,338,307,191,-551
2,-2,0.104821,FRAY 5,338,307,193,-549
1,-3,0.104856,FRAY 5,338,307,194,-546
2,-3,0.104879,FRAY 5,338,307,196,-543
2,-3,0.104896,FRAY 5,338,307,198,-540
3,-3,0.104919,FRAY 5,338,307,201,-537
3,-2,0.104948,FRAY 5,338,307,204,-535
3,-3,0.104983,FRAY 5,338,307,207,-532
2,-3,0.105006,FRAY 5,338,307,209,-529
3,-3,0.105024,FRAY 5,338,307,212,-526
3,-3,0.105047,FRAY 5,338,307,215,-523
3,-3,0.10507,FRAY 5,338,307,218,-520
3,-2,0.105099,FRAY 5,338,307,221,-518
3,-3,0.105134,FRAY 5,338,307,224,-515
1,-3,0.105169,FRAY 5,338,307,225,-512
2,-3,0.105175,FRAY 5,338,307,227,-509
1,-2,0.105198,FRAY 5,338,307,228,-507
1,-2,0.105221,FRAY 5,338,307,229,-505
-1,-2,0.105244,FRAY 5,338,307,228,-503
-2,-3,0.105279,FRAY 5,338,307,226,-500
-1,-3,0.10532,FRAY 5,338,307,225,-497
-3,-3,0.105326,FRAY 5,338,307,222,-494
-3,-3,0.105349,FRAY 5,338,307,219,-491
-3,-2,0.105372,FRAY 5,338,307,216,-489
-3,-3,0.105407,FRAY 5,338,307,213,-486
-3,-3,0.105419,FRAY 5,338,307,210,-483
-1,-3,0.105459,FRAY 5,338,307,209,-480
-1,-3,0.105477,FRAY 5,338,307,208,-477
-1,-2,0.1055,FRAY 5,338,307,207,-475
1,-3,0.105525,FRAY 5,338,307,208,-472
1,-3,0.105552,FRAY 5,338,307,209,-469
2,-3,0.105581,FRAY 5,338,307,211,-466
3,-3,0.105599,FRAY 5,338,307,214,-463
3,-3,0.105628,FRAY 5,338,307,217,-460
3,-2,0.105657,FRAY 5,338,307,220,-458
3,-3,0.10568,FRAY 5,338,307,223,-455
2,-3,0.105703,FRAY 5,338,307,225,-452
3,-3,0.105732,FRAY 5,338,307,228,-449
3,-3,0.105755,FRAY 5,338,307,231,-446
3,-2,0.105784,FRAY 5,338,307,234,-444
3,-3,0.105808,FRAY 5,338,307,237,-441
2,-2,0.105831,FRAY 5,338,307,239,-439
3,-2,0.105866,FRAY 5,338,307,242,-437
2,-4,0.1059,FRAY 5,338,307,244,-433
1,-2,0.105935,FRAY 5,338,307,245,-431
-1,-1,0.105958,FRAY 5,338,307,244,-430
-1,-1,0.105982,FRAY 5,338,307,243,-429
-2,-1,0.106017,FRAY 5,338,307,241,-428
1,-1,0.106359,FRAY 5,338,307,242,-427
2,-1,0.106388,FRAY 5,338,307,244,-426
2,-1,0.106405,FRAY 5,338,307,246,-425
1,-1,0.10644,FRAY 5,338,307,247,-424
2,-1,0.106463,FRAY 5,338,307,249,-423
3,-1,0.106504,FRAY 5,338,307,252,-422
3,-1,0.10651,FRAY 5,338,307,255,-421
3,-1,0.106533,FRAY 5,338,307,258,-420
3,-1,0.106574,FRAY 5,338,307,261,-419
2,-1,0.10658,FRAY 5,338,307,263,-418
3,-1,0.106614,FRAY 5,338,307,266,-417
3,-1,0.106638,FRAY 5,338,307,269,-416
3,1,0.106812,FRAY 5,338,307,272,-417
3,2,0.106829,FRAY 5,338,307,275,-419
2,2,0.106852,FRAY 5,338,307,277,-421
3,2,0.106887,FRAY 5,338,307,280,-423
3,2,0.10691,FRAY 5,338,307,283,-425
3,2,0.106945,FRAY 5,338,307,286,-427
3,2,0.106957,FRAY 5,338,307,289,-429
2,2,0.10698,FRAY 5,338,307,291,-431
3,1,0.107009,FRAY 5,338,307,294,-432
3,2,0.107038,FRAY 5,338,307,297,-434
3,2,0.107056,FRAY 5,338,307,300,-436
3,2,0.107114,FRAY 5,338,307,303,-438
3,-1,0.10716,FRAY 5,338,307,306,-437
3,-1,0.107189,FRAY 5,338,307,309,-436
3,-2,0.107207,FRAY 5,338,307,312,-434
3,-2,0.107236,FRAY 5,338,307,315,-432
1,-2,0.107261,FRAY 5,338,307,316,-430
2,-3,0.107288,FRAY 5,338,307,318,-427
1,-3,0.107311,FRAY 5,338,307,319,-424
1,-3,0.10734,FRAY 5,338,307,320,-421
1,-3,0.107357,FRAY 5,338,307,321,-418
1,-2,0.107381,FRAY 5,338,307,322,-416
1,-3,0.107416,FRAY 5,338,307,323,-413
1,-3,0.107445,FRAY 5,338,307,324,-410
-1,-3,0.107479,FRAY 5,338,307,323,-407
-1,-6,0.107508,FRAY 5,338,307,322,-401
-3,-2,0.107537,FRAY 5,338,307,319,-399
-1,-3,0.107566,FRAY 5,338,307,318,-396
-2,-3,0.10759,FRAY 5,338,307,316,-393
-2,-3,0.107622,FRAY 5,338,307,314,-390
-2,-3,0.107648,FRAY 5,338,307,312,-387
-3,-2,0.107659,FRAY 5,338,307,309,-385
-3,-3,0.107683,FRAY 5,338,307,306,-382
-3,-3,0.107712,FRAY 5,338,307,303,-379
-2,-2,0.107741,FRAY 5,338,307,301,-377
-2,-1,0.107775,FRAY 5,338,307,299,-376
-1,-1,0.119385,SAN- 6,280,234,298,-375
-1,-2,0.119391,SAN- 6,280,234,297,-373
-1,-2,0.119414,SAN- 6,280,234,296,-371
-1,-1,0.119438,SAN- 6,280,234,295,-370
-1,-3,0.119472,SAN- 6,280,234,294,-367
-1,-3,0.119504,SAN- 6,280,234,293,-364
-1,-3,0.119536,SAN- 6,280,234,292,-361
-1,-3,0.119542,SAN- 6,280,234,291,-358
-1,-2,0.119571,SAN- 6,280,234,290,-356
-1,-3,0.119594,SAN- 6,280,234,289,-353
-2,-3,0.119623,SAN- 6,280,234,287,-350
-2,-3,0.119647,SAN- 6,280,234,285,-347
-3,-3,0.119687,SAN- 6,280,234,282,-344
-3,-3,0.119699,SAN- 6,280,234,279,-341
-2,-2,0.119722,SAN- 6,280,234,277,-339
-3,-3,0.119751,SAN- 6,280,234,274,-336
-3,-3,0.119786,SAN- 6,280,234,271,-333
-3,-3,0.119792,SAN- 6,280,234,268,-330
-2,-3,0.119827,SAN- 6,280,234,266,-327
-2,-2,0.11985,SAN- 6,280,234,264,-325
-1,-3,0.119873,SAN- 6,280,234,263,-322
-1,-3,0.119896,SAN- 6,280,234,262,-319
-1,-3,0.119937,SAN- 6,280,234,261,-316
-1,-3,0.119943,SAN- 6,280,234,260,-313
-1,-2,0.119966,SAN- 6,280,234,259,-311
-1,-3,0.120001,SAN- 6,280,234,258,-308
-1,-3,0.120024,SAN- 6,280,234,257,-305
-2,-3,0.120041,SAN- 6,280,234,255,-302
-3,-3,0.120076,SAN- 6,280,234,252,-299
-3,-3,0.120082,SAN- 6,280,234,249,-296
-3,-2,0.120105,SAN- 6,280,234,246,-294
-3,-3,0.12014,SAN- 6,280,234,243,-291
-4,-3,0.120163,SAN- 6,280,234,239,-288
-4,-3,0.120192,SAN- 6,280,234,235,-285
-4,-3,0.120227,SAN- 6,280,234,231,-282
-3,-2,0.120239,SAN- 6,280,234,228,-280
-4,-3,0.120259,SAN- 6,280,234,224,-277
-4,-3,0.120285,SAN- 6,280,234,220,-274
-3,-3,0.12032,SAN- 6,280,234,217,-271
-3,-3,0.120355,SAN- 6,280,234,214,-268
-2,-2,0.120361,SAN- 6,280,234,212,-266
-3,-3,0.12039,SAN- 6,280,234,209,-263
-2,-3,0.120413,SAN- 6,280,234,207,-260
-2,-3,0.120442,SAN- 6,280,234,205,-257
-2,-3,0.120477,SAN- 6,280,234,203,-254
-1,-3,0.1205,SAN- 6,280,234,202,-251
-1,-1,0.120516,SAN- 6,280,234,201,-250
-1,-2,0.120546,SAN- 6,280,234,200,-248
-1,-2,0.120575,SAN- 6,280,234,199,-246
-1,-2,0.120587,SAN- 6,280,234,198,-244
-1,-1,0.120622,SAN- 6,280,234,197,-243
-1,-2,0.13424,-TIA- 7,121,109,196,-241
-1,-2,0.134258,-TIA- 7,121,109,195,-239
-1,-2,0.134286,-TIA- 7,121,109,194,-237
-1,-2,0.134316,-TIA- 7,121,109,193,-235
-1,-3,0.134333,-TIA- 7,121,109,192,-232
-1,-3,0.134385,-TIA- 7,121,109,191,-229
-1,-3,0.134397,-TIA- 7,121,109,190,-226
-1,-3,0.134415,-TIA- 7,121,109,189,-223
-1,-2,0.134444,-TIA- 7,121,109,188,-221
-1,-1,0.134467,-TIA- 7,121,109,187,-220
-1,-2,0.134484,-TIA- 7,121,109,186,-218
-1,-2,0.134513,-TIA- 7,121,109,185,-216
-1,-2,0.134542,-TIA- 7,121,109,184,-214
1,-1,0.134565,-TIA- 7,121,109,185,-213
1,-1,0.134594,-TIA- 7,121,109,186,-212
2,-1,0.134629,-TIA- 7,121,109,188,-211
2,-1,0.134635,-TIA- 7,121,109,190,-210
2,-2,0.13467,-TIA- 7,121,109,192,-208
1,-2,0.134693,-TIA- 7,121,109,193,-206
2,-1,0.134716,-TIA- 7,121,109,195,-205
1,-2,0.134745,-TIA- 7,121,109,196,-203
1,-2,0.13478,-TIA- 7,121,109,197,-201
-1,-2,0.134786,-TIA- 7,121,109,196,-199
-2,-2,0.134809,-TIA- 7,121,109,194,-197
-2,-2,0.134844,-TIA- 7,121,109,192,-195
-3,-1,0.134867,-TIA- 7,121,109,189,-194
-4,-1,0.134902,-TIA- 7,121,109,185,-193
-4,-1,0.134931,-TIA- 7,121,109,181,-192
-3,-1,0.134943,-TIA- 7,121,109,178,-191
-4,-2,0.135001,-TIA- 7,121,109,174,-189
-4,-2,0.135018,-TIA- 7,121,109,170,-187
-3,-2,0.135053,-TIA- 7,121,109,167,-185
-4,-2,0.135082,-TIA- 7,121,109,163,-183
-4,-2,0.135094,-TIA- 7,121,109,159,-181
-4,-2,0.135117,-TIA- 7,121,109,155,-179
-3,-2,0.135146,-TIA- 7,121,109,152,-177
-4,-1,0.135181,-TIA- 7,121,109,148,-176
-4,-2,0.135198,-TIA- 7,121,109,144,-174
-4,-2,0.135227,-TIA- 7,121,109,140,-172
-3,-2,0.135245,-TIA- 7,121,109,137,-170
-4,-2,0.135268,-TIA- 7,121,109,133,-168
-4,-2,0.135303,-TIA- 7,121,109,129,-166
-4,-2,0.135332,-TIA- 7,121,109,125,-164
-3,-2,0.135355,-TIA- 7,121,109,122,-162
-4,-1,0.135372,-TIA- 7,121,109,118,-161
-4,-3,0.135396,-TIA- 7,121,109,114,-158
-4,-3,0.135436,-TIA- 7,121,109,110,-155
-3,-3,0.135448,-TIA- 7,121,109,107,-152
-4,-3,0.135483,-TIA- 7,121,109,103,-149
-4,-3,0.135517,-TIA- 7,121,109,99,-146
-4,-2,0.135523,-TIA- 7,121,109,95,-144
-2,-3,0.135541,-TIA- 7,121,109,93,-141
-3,-3,0.135564,-TIA- 7,121,109,90,-138
-3,-2,0.135587,-TIA- 7,121,109,87,-136
-3,-2,0.135622,-TIA- 7,121,109,84,-134
-3,-2,0.135661,-TIA- 7,121,109,81,-132
-2,-1,0.135668,-TIA- 7,121,109,79,-131
-1,-2,0.135692,-TIA- 7,121,109,78,-129
-2,-2,0.135715,-TIA- 7,121,109,76,-127
-2,-2,0.13575,-TIA- 7,121,109,74,-125
-2,-2,0.135761,-TIA- 7,121,109,72,-123
-2,-2,0.135802,-TIA- 7,121,109,70,-121
-2,-2,0.135819,-TIA- 7,121,109,68,-119
-2,-1,0.135843,-TIA- 7,121,109,66,-118
-2,-2,0.135877,-TIA- 7,121,109,64,-116
-2,-3,0.135906,-TIA- 7,121,109,62,-113
-1,-3,0.135924,-TIA- 7,121,109,61,-110
-2,-3,0.135941,-TIA- 7,121,109,59,-107
-3,-3,0.13597,-TIA- 7,121,109,56,-104
-3,-2,0.135993,-TIA- 7,121,109,53,-102
-4,-3,0.136021,-TIA- 7,121,109,49,-99
-3,-3,0.136063,-TIA- 7,121,109,46,-96
-4,-3,0.136075,-TIA- 7,121,109,42,-93
-4,-3,0.136092,-TIA- 7,121,109,38,-90
-4,-2,0.136121,-TIA- 7,121,109,34,-88
-3,-3,0.13615,-TIA- 7,121,109,31,-85
-3,-2,0.136173,-TIA- 7,121,109,28,-83
-3,-2,0.136202,-TIA- 7,121,109,25,-81
-3,-4,0.136243,-TIA- 7,121,109,22,-77
-5,-2,0.136266,-TIA- 7,121,109,17,-75
-1,-2,0.136301,-TIA- 7,121,109,16,-73
-2,-1,0.136324,-TIA- 7,121,109,14,-72
-2,-1,0.136353,-TIA- 7,121,109,12,-71
-2,-1,0.136388,-TIA- 7,121,109,10,-70
-2,-1,0.136394,-TIA- 7,121,109,8,-69
-2,-1,0.136417,-TIA- 7,121,109,6,-68
-3,-2,0.136452,-TIA- 7,121,109,3,-66
-2,-2,0.136469,-TIA- 7,121,109,1,-64
-3,-2,0.136499,-TIA- 7,121,109,-2,-62
-3,-2,0.136533,-TIA- 7,121,109,-5,-60
-3,-2,0.136539,-TIA- 7,121,109,-8,-58
-3,-1,0.136562,-TIA- 7,121,109,-11,-57
-2,-2,0.136606,-TIA- 7,121,109,-13,-55
-3,-2,0.136638,-TIA- 7,121,109,-16,-53
-2,-2,0.136655,-TIA- 7,121,109,-18,-51
-2,-2,0.136684,-TIA- 7,121,109,-20,-49
-1,-2,0.13669,-TIA- 7,121,109,-21,-47
-1,-1,0.136717,-TIA- 7,121,109,-22,-46
1,-1,0.136789,-TIA- 7,121,109,-21,-45
1,1,0.149844,GO 8,142,496,-20,-46
1,1,0.149867,GO 8,142,496,-19,-47
1,2,0.149908,GO 8,142,496,-18,-49
1,3,0.149914,GO 8,142,496,-17,-52
1,3,0.149943,GO 8,142,496,-16,-55
1,3,0.149972,GO 8,142,496,-15,-58
1,3,0.149995,GO 8,142,496,-14,-61
1,4,0.150013,GO 8,142,496,-13,-65
1,4,0.150042,GO 8,142,496,-12,-69
1,4,0.150076,GO 8,142,496,-11,-73
1,3,0.150111,GO 8,142,496,-10,-76
1,4,0.150123,GO 8,142,496,-9,-80
1,4,0.150158,GO 8,142,496,-8,-84
1,4,0.150163,GO 8,142,496,-7,-88
1,3,0.150198,GO 8,142,496,-6,-91
1,4,0.150221,GO 8,142,496,-5,-95
1,4,0.150251,GO 8,142,496,-4,-99
-1,4,0.150274,GO 8,142,496,-5,-103
-2,3,0.150309,GO 8,142,496,-7,-106
-2,4,0.15032,GO 8,142,496,-9,-110
-3,4,0.150338,GO 8,142,496,-12,-114
-3,4,0.150378,GO 8,142,496,-15,-118
-3,3,0.150401,GO 8,142,496,-18,-121
-4,4,0.150425,GO 8,142,496,-22,-125
-4,4,0.15046,GO 8,142,496,-26,-129
-4,4,0.150465,GO 8,142,496,-30,-133
-3,3,0.150489,GO 8,142,496,-33,-136
-4,4,0.150523,GO 8,142,496,-37,-140
-4,4,0.150552,GO 8,142,496,-41,-144
-3,4,0.150581,GO 8,142,496,-44,-148
-3,3,0.15061,GO 8,142,496,-47,-151
-2,4,0.150622,GO 8,142,496,-49,-155
-3,4,0.150639,GO 8,142,496,-52,-159
-3,4,0.150674,GO 8,142,496,-55,-163
-3,3,0.150709,GO 8,142,496,-58,-166
-3,4,0.150738,GO 8,142,496,-61,-170
-1,4,0.150761,GO 8,142,496,-62,-174
-2,4,0.150773,GO 8,142,496,-64,-178
-1,3,0.150796,GO 8,142,496,-65,-181
-1,4,0.150819,GO 8,142,496,-66,-185
-1,4,0.150848,GO 8,142,496,-67,-189
-1,4,0.150877,GO 8,142,496,-68,-193
-1,3,0.150912,GO 8,142,496,-69,-196
1,4,0.150924,GO 8,142,496,-68,-200
1,4,0.150947,GO 8,142,496,-67,-204
1,4,0.15097,GO 8,142,496,-66,-208
2,3,0.151005,GO 8,142,496,-64,-211
1,4,0.151046,GO 8,142,496,-63,-215
2,4,0.151069,GO 8,142,496,-61,-219
2,4,0.151075,GO 8,142,496,-59,-223
1,3,0.151098,GO 8,142,496,-58,-226
1,4,0.151121,GO 8,142,496,-57,-230
1,4,0.151156,GO 8,142,496,-56,-234
-1,4,0.151185,GO 8,142,496,-57,-238
-2,7,0.151226,GO 8,142,496,-59,-245
-4,4,0.151266,GO 8,142,496,-63,-249
-3,4,0.151272,GO 8,142,496,-66,-253
-3,3,0.151307,GO 8,142,496,-69,-256
-3,4,0.151336,GO 8,142,496,-72,-260
-3,4,0.151371,GO 8,142,496,-75,-264
-3,4,0.151377,GO 8,142,496,-78,-268
-1,3,0.1514,GO 8,142,496,-79,-271
-2,4,0.151429,GO 8,142,496,-81,-275
-1,4,0.151458,GO 8,142,496,-82,-279
-1,4,0.151475,GO 8,142,496,-83,-283
-1,3,0.151504,GO 8,142,496,-84,-286
-1,4,0.151528,GO 8,142,496,-85,-290
-1,4,0.151557,GO 8,142,496,-86,-294
-1,4,0.151586,GO 8,142,496,-87,-298
-1,3,0.15162,GO 8,142,496,-88,-301
-1,4,0.151626,GO 8,142,496,-89,-305
-1,4,0.151661,GO 8,142,496,-90,-309
-1,4,0.151684,GO 8,142,496,-91,-313
-1,3,0.151708,GO 8,142,496,-92,-316
-1,4,0.151737,GO 8,142,496,-93,-320
-1,4,0.151771,GO 8,142,496,-94,-324
-1,4,0.151777,GO 8,142,496,-95,-328
1,3,0.151812,GO 8,142,496,-94,-331
1,4,0.151835,GO 8,142,496,-93,-335
2,4,0.151859,GO 8,142,496,-91,-339
2,4,0.151882,GO 8,142,496,-89,-343
1,3,0.151922,GO 8,142,496,-88,-346
3,4,0.151934,GO 8,142,496,-85,-350
3,4,0.151957,GO 8,142,496,-82,-354
3,4,0.151986,GO 8,142,496,-79,-358
3,3,0.152009,GO 8,142,496,-76,-361
2,4,0.152044,GO 8,142,496,-74,-365
3,4,0.152073,GO 8,142,496,-71,-369
3,4,0.152085,GO 8,142,496,-68,-373
3,3,0.152108,GO 8,142,496,-65,-376
3,4,0.152137,GO 8,142,496,-62,-380
3,4,0.152172,GO 8,142,496,-59,-384
1,4,0.152195,GO 8,142,496,-58,-388
2,3,0.152218,GO 8,142,496,-56,-391
2,4,0.152236,GO 8,142,496,-54,-395
1,4,0.152259,GO 8,142,496,-53,-399
1,4,0.152294,GO 8,142,496,-52,-403
1,3,0.152323,GO 8,142,496,-51,-406
1,4,0.152346,GO 8,142,496,-50,-410
-1,4,0.152369,GO 8,142,496,-51,-414
-1,4,0.152387,GO 8,142,496,-52,-418
-1,3,0.152416,GO 8,142,496,-53,-421
-1,4,0.152427,GO 8,142,496,-54,-425
-1,4,0.152462,GO 8,142,496,-55,-429
-1,4,0.152497,GO 8,142,496,-56,-433
-1,3,0.15252,GO 8,142,496,-57,-436
1,4,0.152532,GO 8,142,496,-56,-440
1,4,0.152549,GO 8,142,496,-55,-444
2,4,0.152578,GO 8,142,496,-53,-448
2,3,0.152607,GO 8,142,496,-51,-451
2,4,0.152642,GO 8,142,496,-49,-455
3,4,0.152671,GO 8,142,496,-46,-459
3,4,0.152683,GO 8,142,496,-43,-463
2,3,0.152706,GO 8,142,496,-41,-466
3,4,0.152735,GO 8,142,496,-38,-470
3,4,0.152758,GO 8,142,496,-35,-474
3,4,0.152799,GO 8,142,496,-32,-478
3,3,0.152822,GO 8,142,496,-29,-481
2,4,0.152834,GO 8,142,496,-27,-485
3,4,0.152863,GO 8,142,496,-24,-489
3,4,0.152886,GO 8,142,496,-21,-493
3,3,0.152915,GO 8,142,496,-18,-496
3,4,0.152927,GO 8,142,496,-15,-500
2,4,0.152978,GO 8,142,496,-13,-504
1,4,0.152985,GO 8,142,496,-12,-508
2,3,0.153008,GO 8,142,496,-10,-511
2,4,0.153031,GO 8,142,496,-8,-515
2,4,0.153066,GO 8,142,496,-6,-519
2,4,0.153078,GO 8,142,496,-4,-523
1,3,0.15313,GO 8,142,496,-3,-526
1,4,0.153136,GO 8,142,496,-2,-530
1,3,0.153159,GO 8,142,496,-1,-533
1,3,0.153188,GO 8,142,496,0,-536
-1,3,0.153217,GO 8,142,496,-1,-539
-1,2,0.153234,GO 8,142,496,-2,-541
-1,2,0.153252,GO 8,142,496,-3,-543
-2,2,0.153287,GO 8,142,496,-5,-545
-2,2,0.153304,GO 8,142,496,-7,-547
-2,2,0.153333,GO 8,142,496,-9,-549
-1,2,0.153368,GO 8,142,496,-10,-551
-1,2,0.153374,GO 8,142,496,-11,-553
-1,1,0.153408,GO 8,142,496,-12,-554
-1,2,0.153432,GO 8,142,496,-13,-556
-1,2,0.153455,GO 8,142,496,-14,-558
-1,2,0.15349,GO 8,142,496,-15,-560
1,3,0.153519,GO 8,142,496,-14,-563
1,3,0.15353,GO 8,142,496,-13,-566
1,3,0.153554,GO 8,142,496,-12,-569
1,2,0.153583,GO 8,142,496,-11,-571
1,3,0.153606,GO 8,142,496,-10,-574
1,4,0.153641,GO 8,142,496,-9,-578
1,4,0.15367,GO 8,142,496,-8,-582
1,3,0.153681,GO 8,142,496,-7,-585
1,4,0.153704,GO 8,142,496,-6,-589
-1,4,0.153734,GO 8,142,496,-7,-593
-2,4,0.153768,GO 8,142,496,-9,-597
-2,3,0.153792,GO 8,142,496,-11,-600
-2,4,0.153824,GO 8,142,496,-13,-604
-3,4,0.153832,GO 8,142,496,-16,-608
-3,4,0.153855,GO 8,142,496,-19,-612
-4,3,0.153884,GO 8,142,496,-23,-615
-4,4,0.153919,GO 8,142,496,-27,-619
-3,4,0.153942,GO 8,142,496,-30,-623
-4,4,0.153977,GO 8,142,496,-34,-627
-4,3,0.153989,GO 8,142,496,-38,-630
-3,3,0.154006,GO 8,142,496,-41,-633
-2,3,0.154041,GO 8,142,496,-43,-636
-1,1,0.15407,GO 8,142,496,-44,-637
-1,1,0.154105,GO 8,142,496,-45,-638
-1,1,0.154134,GO 8,142,496,-46,-639
