deltaX,deltaY,WHEN,SYLLABLE,XofButton,YofButton,XofTrace,YofTrace
-3,-1,0.0312889,Yield,0,0,-3,1
-3,-1,0.0313237,Yield,0,0,-6,2
-3,-2,0.0313469,Yield,0,0,-9,4
-5,-2,0.0313702,Yield,0,0,-14,6
-3,-2,0.0314108,Yield,0,0,-17,8
-3,-4,0.0314514,Yield,0,0,-20,12
-5,-1,0.0314812,Yield,0,0,-25,13
-3,-2,0.0315153,Yield,0,0,-28,15
-3,-2,0.0315269,Yield,0,0,-31,17
-3,-2,0.0315617,Yield,0,0,-34,19
-3,-1,0.0315849,Yield,0,0,-37,20
-3,-1,0.0315966,Yield,0,0,-40,21
-2,-1,0.0316256,Yield,0,0,-42,22
-3,-1,0.0316604,Yield,0,0,-45,23
-3,-2,0.0316952,Yield,0,0,-48,25
-6,-1,0.0317243,Yield,0,0,-54,26
-2,-1,0.0317591,Yield,0,0,-56,27
-2,1,0.0320261,Yield,0,0,-58,26
-5,1,0.032061,Yield,0,0,-63,25
-2,1,0.0320958,Yield,0,0,-65,24
-2,2,0.0321306,Yield,0,0,-67,22
-2,1,0.0321596,Yield,0,0,-69,21
-2,1,0.0321945,Yield,0,0,-71,20
-1,-1,0.0335528,Yield,0,0,-72,21
-2,-1,0.0335802,Yield,0,0,-74,22
-1,-1,0.0336019,Yield,0,0,-75,23
-1,1,0.046498,FRAY 1,22,359,-76,22
-1,2,0.0465212,FRAY 1,22,359,-77,20
-1,2,0.0465618,FRAY 1,22,359,-78,18
-1,4,0.0465966,FRAY 1,22,359,-79,14
-2,2,0.0466257,FRAY 1,22,359,-81,12
-1,1,0.0466605,FRAY 1,22,359,-82,11
-1,2,0.0467011,FRAY 1,22,359,-83,9
-1,4,0.0467244,FRAY 1,22,359,-84,5
-1,2,0.046765,FRAY 1,22,359,-85,3
-1,2,0.046794,FRAY 1,22,359,-86,1
-1,2,0.0468056,FRAY 1,22,359,-87,-1
-1,2,0.0468346,FRAY 1,22,359,-88,-3
-1,2,0.0468521,FRAY 1,22,359,-89,-5
-1,3,0.0468695,FRAY 1,22,359,-90,-8
-1,3,0.0468985,FRAY 1,22,359,-91,-11
-1,6,0.0469391,FRAY 1,22,359,-92,-17
-2,2,0.0469682,FRAY 1,22,359,-94,-19
-2,3,0.047003,FRAY 1,22,359,-96,-22
-2,3,0.047032,FRAY 1,22,359,-98,-25
-1,3,0.047061,FRAY 1,22,359,-99,-28
-1,3,0.0470727,FRAY 1,22,359,-100,-31
-1,2,0.0470901,FRAY 1,22,359,-101,-33
-2,3,0.0471211,FRAY 1,22,359,-103,-36
-2,3,0.0471655,FRAY 1,22,359,-105,-39
-2,3,0.0471771,FRAY 1,22,359,-107,-42
-2,2,0.0471946,FRAY 1,22,359,-109,-44
-3,2,0.0472178,FRAY 1,22,359,-112,-46
-3,2,0.0472526,FRAY 1,22,359,-115,-48
-3,3,0.0472816,FRAY 1,22,359,-118,-51
-3,3,0.0473165,FRAY 1,22,359,-121,-54
-2,3,0.0473397,FRAY 1,22,359,-123,-57
-3,3,0.0473487,FRAY 1,22,359,-126,-60
-3,3,0.0473687,FRAY 1,22,359,-129,-63
-3,2,0.0474035,FRAY 1,22,359,-132,-65
-3,3,0.0474326,FRAY 1,22,359,-135,-68
-3,3,0.0474674,FRAY 1,22,359,-138,-71
-1,3,0.0474732,FRAY 1,22,359,-139,-74
-2,4,0.0475022,FRAY 1,22,359,-141,-78
-1,3,0.0475312,FRAY 1,22,359,-142,-81
-1,4,0.0475641,FRAY 1,22,359,-143,-85
-1,4,0.0475719,FRAY 1,22,359,-144,-89
-1,4,0.0475835,FRAY 1,22,359,-145,-93
1,3,0.0476143,FRAY 1,22,359,-144,-96
1,4,0.0476415,FRAY 1,22,359,-143,-100
1,4,0.0476706,FRAY 1,22,359,-142,-104
1,4,0.0477054,FRAY 1,22,359,-141,-108
1,3,0.047717,FRAY 1,22,359,-140,-111
2,4,0.047746,FRAY 1,22,359,-138,-115
2,4,0.0477751,FRAY 1,22,359,-136,-119
2,4,0.0478099,FRAY 1,22,359,-134,-123
2,3,0.0478331,FRAY 1,22,359,-132,-126
2,4,0.0478563,FRAY 1,22,359,-130,-130
3,4,0.0478621,FRAY 1,22,359,-127,-134
2,4,0.0478854,FRAY 1,22,359,-125,-138
3,3,0.0479202,FRAY 1,22,359,-122,-141
2,4,0.0479608,FRAY 1,22,359,-120,-145
2,8,0.0479956,FRAY 1,22,359,-118,-153
4,3,0.0480247,FRAY 1,22,359,-114,-156
2,4,0.0480421,FRAY 1,22,359,-112,-160
2,4,0.0480711,FRAY 1,22,359,-110,-164
1,4,0.0481045,FRAY 1,22,359,-109,-168
2,3,0.048135,FRAY 1,22,359,-107,-171
2,4,0.0481466,FRAY 1,22,359,-105,-175
2,4,0.0481756,FRAY 1,22,359,-103,-179
2,4,0.0481988,FRAY 1,22,359,-101,-183
2,3,0.048222,FRAY 1,22,359,-99,-186
2,4,0.0482569,FRAY 1,22,359,-97,-190
2,4,0.0482743,FRAY 1,22,359,-95,-194
1,4,0.0482975,FRAY 1,22,359,-94,-198
2,3,0.0483207,FRAY 1,22,359,-92,-201
2,2,0.0483498,FRAY 1,22,359,-90,-203
1,4,0.0483846,FRAY 1,22,359,-89,-207
1,4,0.0483904,FRAY 1,22,359,-88,-211
1,3,0.0484252,FRAY 1,22,359,-87,-214
1,4,0.0484542,FRAY 1,22,359,-86,-218
1,4,0.0484717,FRAY 1,22,359,-85,-222
1,4,0.0485065,FRAY 1,22,359,-84,-226
1,3,0.0485123,FRAY 1,22,359,-83,-229
1,4,0.0485355,FRAY 1,22,359,-82,-233
1,4,0.0485703,FRAY 1,22,359,-81,-237
1,4,0.0485936,FRAY 1,22,359,-80,-241
1,3,0.0486284,FRAY 1,22,359,-79,-244
1,4,0.0486516,FRAY 1,22,359,-78,-248
1,4,0.048669,FRAY 1,22,359,-77,-252
1,4,0.0486922,FRAY 1,22,359,-76,-256
1,3,0.0487213,FRAY 1,22,359,-75,-259
1,4,0.0487445,FRAY 1,22,359,-74,-263
1,4,0.0487677,FRAY 1,22,359,-73,-267
1,4,0.0487851,FRAY 1,22,359,-72,-271
2,3,0.0488083,FRAY 1,22,359,-70,-274
2,4,0.0488374,FRAY 1,22,359,-68,-278
2,4,0.0488664,FRAY 1,22,359,-66,-282
2,4,0.0488838,FRAY 1,22,359,-64,-286
2,3,0.0489012,FRAY 1,22,359,-62,-289
1,4,0.0489244,FRAY 1,22,359,-61,-293
2,4,0.0489302,FRAY 1,22,359,-59,-297
2,4,0.0489651,FRAY 1,22,359,-57,-301
2,3,0.0489941,FRAY 1,22,359,-55,-304
2,4,0.0490057,FRAY 1,22,359,-53,-308
2,4,0.0490347,FRAY 1,22,359,-51,-312
2,4,0.049058,FRAY 1,22,359,-49,-316
2,3,0.0490928,FRAY 1,22,359,-47,-319
1,4,0.0491102,FRAY 1,22,359,-46,-323
1,4,0.0491508,FRAY 1,22,359,-45,-327
1,4,0.0491566,FRAY 1,22,359,-44,-331
1,3,0.0491915,FRAY 1,22,359,-43,-334
1,4,0.0492147,FRAY 1,22,359,-42,-338
1,4,0.0492379,FRAY 1,22,359,-41,-342
1,4,0.0492611,FRAY 1,22,359,-40,-346
1,3,0.0492902,FRAY 1,22,359,-39,-349
1,4,0.0493076,FRAY 1,22,359,-38,-353
1,4,0.0493308,FRAY 1,22,359,-37,-357
1,4,0.0493656,FRAY 1,22,359,-36,-361
1,3,0.0493946,FRAY 1,22,359,-35,-364
1,4,0.0494179,FRAY 1,22,359,-34,-368
1,4,0.0494469,FRAY 1,22,359,-33,-372
1,4,0.0494585,FRAY 1,22,359,-32,-376
1,3,0.0494817,FRAY 1,22,359,-31,-379
1,4,0.0495166,FRAY 1,22,359,-30,-383
1,4,0.0495398,FRAY 1,22,359,-29,-387
1,4,0.049563,FRAY 1,22,359,-28,-391
1,4,0.0495978,FRAY 1,22,359,-27,-395
1,4,0.0496152,FRAY 1,22,359,-26,-399
1,3,0.0496385,FRAY 1,22,359,-25,-402
1,4,0.0496617,FRAY 1,22,359,-24,-406
1,4,0.0496907,FRAY 1,22,359,-23,-410
1,4,0.0497255,FRAY 1,22,359,-22,-414
1,3,0.0497488,FRAY 1,22,359,-21,-417
1,4,0.0497662,FRAY 1,22,359,-20,-421
1,4,0.0497836,FRAY 1,22,359,-19,-425
1,3,0.0498068,FRAY 1,22,359,-18,-428
1,2,0.0498358,FRAY 1,22,359,-17,-430
-1,3,0.0498707,FRAY 1,22,359,-18,-433
-1,3,0.0498997,FRAY 1,22,359,-19,-436
-1,3,0.0499113,FRAY 1,22,359,-20,-439
-1,3,0.0499345,FRAY 1,22,359,-21,-442
-1,3,0.0499577,FRAY 1,22,359,-22,-445
-1,2,0.0499868,FRAY 1,22,359,-23,-447
-1,3,0.0500158,FRAY 1,22,359,-24,-450
-1,3,0.0500506,FRAY 1,22,359,-25,-453
-1,3,0.0500622,FRAY 1,22,359,-26,-456
-1,3,0.0500854,FRAY 1,22,359,-27,-459
-1,2,0.0501087,FRAY 1,22,359,-28,-461
-1,3,0.0501319,FRAY 1,22,359,-29,-464
-1,3,0.0501725,FRAY 1,22,359,-30,-467
-1,3,0.0501957,FRAY 1,22,359,-31,-470
-1,3,0.0502132,FRAY 1,22,359,-32,-473
-1,2,0.0502364,FRAY 1,22,359,-33,-475
-1,3,0.0502596,FRAY 1,22,359,-34,-478
-1,3,0.0502944,FRAY 1,22,359,-35,-481
-1,3,0.0503176,FRAY 1,22,359,-36,-484
-1,3,0.0503467,FRAY 1,22,359,-37,-487
-1,3,0.0503641,FRAY 1,22,359,-38,-490
-1,2,0.0503873,FRAY 1,22,359,-39,-492
-1,3,0.0504105,FRAY 1,22,359,-40,-495
-1,3,0.0504395,FRAY 1,22,359,-41,-498
-1,3,0.0504686,FRAY 1,22,359,-42,-501
-1,3,0.0505034,FRAY 1,22,359,-43,-504
-1,2,0.050515,FRAY 1,22,359,-44,-506
-1,3,0.0505405,FRAY 1,22,359,-45,-509
-1,3,0.0505673,FRAY 1,22,359,-46,-512
-1,3,0.0505963,FRAY 1,22,359,-47,-515
-2,3,0.0506195,FRAY 1,22,359,-49,-518
-2,2,0.0506543,FRAY 1,22,359,-51,-520
-2,3,0.0506665,FRAY 1,22,359,-53,-523
-1,3,0.050695,FRAY 1,22,359,-54,-526
-1,3,0.0507182,FRAY 1,22,359,-55,-529
-1,3,0.0507472,FRAY 1,22,359,-56,-532
-1,3,0.050782,FRAY 1,22,359,-57,-535
-1,1,0.0507878,FRAY 1,22,359,-58,-536
-1,2,0.0508227,FRAY 1,22,359,-59,-538
-1,2,0.0508459,FRAY 1,22,359,-60,-540
-1,2,0.0508633,FRAY 1,22,359,-61,-542
-1,2,0.0508923,FRAY 1,22,359,-62,-544
-1,1,0.0509272,FRAY 1,22,359,-63,-545
-1,1,0.050933,FRAY 1,22,359,-64,-546
-1,1,0.050991,FRAY 1,22,359,-65,-547
-1,1,0.0510142,FRAY 1,22,359,-66,-548
-1,1,0.0609292,SAN- 2,372,457,-67,-549
-1,1,0.0609756,SAN- 2,372,457,-68,-550
-1,1,0.0609988,SAN- 2,372,457,-69,-551
1,2,0.0610395,SAN- 2,372,457,-68,-553
1,3,0.0610453,SAN- 2,372,457,-67,-556
1,3,0.0610975,SAN- 2,372,457,-66,-559
1,3,0.0611033,SAN- 2,372,457,-65,-562
1,3,0.0611265,SAN- 2,372,457,-64,-565
1,2,0.0611605,SAN- 2,372,457,-63,-567
1,4,0.0611904,SAN- 2,372,457,-62,-571
1,4,0.061202,SAN- 2,372,457,-61,-575
1,4,0.0612252,SAN- 2,372,457,-60,-579
1,3,0.0612542,SAN- 2,372,457,-59,-582
1,3,0.0612775,SAN- 2,372,457,-58,-585
1,3,0.0613123,SAN- 2,372,457,-57,-588
1,2,0.0613297,SAN- 2,372,457,-56,-590
1,3,0.0613529,SAN- 2,372,457,-55,-593
1,4,0.0613761,SAN- 2,372,457,-54,-597
1,4,0.0614052,SAN- 2,372,457,-53,-601
2,3,0.06144,SAN- 2,372,457,-51,-604
2,4,0.0614558,SAN- 2,372,457,-49,-608
2,4,0.0614864,SAN- 2,372,457,-47,-612
3,4,0.0615039,SAN- 2,372,457,-44,-616
3,3,0.0615271,SAN- 2,372,457,-41,-619
3,4,0.0615561,SAN- 2,372,457,-38,-623
2,4,0.0615909,SAN- 2,372,457,-36,-627
3,4,0.06162,SAN- 2,372,457,-33,-631
3,3,0.0616374,SAN- 2,372,457,-30,-634
3,4,0.0616548,SAN- 2,372,457,-27,-638
3,4,0.061678,SAN- 2,372,457,-24,-642
2,4,0.0617012,SAN- 2,372,457,-22,-646
3,3,0.0617361,SAN- 2,372,457,-19,-649
3,4,0.0617651,SAN- 2,372,457,-16,-653
3,4,0.0617883,SAN- 2,372,457,-13,-657
3,4,0.0618057,SAN- 2,372,457,-10,-661
2,3,0.0618289,SAN- 2,372,457,-8,-664
3,4,0.0618522,SAN- 2,372,457,-5,-668
3,4,0.061887,SAN- 2,372,457,-2,-672
3,4,0.061916,SAN- 2,372,457,1,-676
3,3,0.0619508,SAN- 2,372,457,4,-679
3,4,0.0619566,SAN- 2,372,457,7,-683
2,4,0.0619799,SAN- 2,372,457,9,-687
3,4,0.0620089,SAN- 2,372,457,12,-691
3,3,0.0620379,SAN- 2,372,457,15,-694
3,4,0.0620727,SAN- 2,372,457,18,-698
3,4,0.0621018,SAN- 2,372,457,21,-702
2,4,0.0621076,SAN- 2,372,457,23,-706
3,3,0.0621366,SAN- 2,372,457,26,-709
3,4,0.0621598,SAN- 2,372,457,29,-713
3,4,0.0621888,SAN- 2,372,457,32,-717
3,4,0.0622121,SAN- 2,372,457,35,-721
2,3,0.0622527,SAN- 2,372,457,37,-724
3,4,0.0622643,SAN- 2,372,457,40,-728
3,4,0.0622875,SAN- 2,372,457,43,-732
3,4,0.0623107,SAN- 2,372,457,46,-736
3,3,0.062334,SAN- 2,372,457,49,-739
2,4,0.062363,SAN- 2,372,457,51,-743
3,4,0.062392,SAN- 2,372,457,54,-747
3,4,0.0624152,SAN- 2,372,457,57,-751
3,2,0.0624385,SAN- 2,372,457,60,-753
3,3,0.0624617,SAN- 2,372,457,63,-756
3,3,0.0624849,SAN- 2,372,457,66,-759
2,3,0.0625197,SAN- 2,372,457,68,-762
3,3,0.0625488,SAN- 2,372,457,71,-765
3,2,0.0625662,SAN- 2,372,457,74,-767
3,3,0.0625894,SAN- 2,372,457,77,-770
3,3,0.0626242,SAN- 2,372,457,80,-773
2,3,0.0626474,SAN- 2,372,457,82,-776
3,2,0.0626707,SAN- 2,372,457,85,-778
3,3,0.0626881,SAN- 2,372,457,88,-781
3,3,0.0627171,SAN- 2,372,457,91,-784
3,3,0.0627403,SAN- 2,372,457,94,-787
2,3,0.0627635,SAN- 2,372,457,96,-790
3,2,0.0627984,SAN- 2,372,457,99,-792
3,3,0.0628216,SAN- 2,372,457,102,-795
3,2,0.062839,SAN- 2,372,457,105,-797
3,2,0.062868,SAN- 2,372,457,108,-799
3,2,0.0628971,SAN- 2,372,457,111,-801
2,2,0.0629203,SAN- 2,372,457,113,-803
3,2,0.0629493,SAN- 2,372,457,116,-805
3,1,0.0629841,SAN- 2,372,457,119,-806
3,2,0.0629899,SAN- 2,372,457,122,-808
3,2,0.0630132,SAN- 2,372,457,125,-810
2,2,0.063048,SAN- 2,372,457,127,-812
3,1,0.0630712,SAN- 2,372,457,130,-813
3,1,0.0631002,SAN- 2,372,457,133,-814
3,1,0.0631351,SAN- 2,372,457,136,-815
3,2,0.0631409,SAN- 2,372,457,139,-817
2,2,0.0631641,SAN- 2,372,457,141,-819
3,2,0.0631989,SAN- 2,372,457,144,-821
3,1,0.0632221,SAN- 2,372,457,147,-822
3,2,0.063257,SAN- 2,372,457,150,-824
3,2,0.063286,SAN- 2,372,457,153,-826
2,2,0.0633009,SAN- 2,372,457,155,-828
3,2,0.063315,SAN- 2,372,457,158,-830
3,1,0.0633382,SAN- 2,372,457,161,-831
3,1,0.0633731,SAN- 2,372,457,164,-832
3,1,0.0634021,SAN- 2,372,457,167,-833
3,1,0.0634195,SAN- 2,372,457,170,-834
2,1,0.0634485,SAN- 2,372,457,172,-835
3,1,0.0634659,SAN- 2,372,457,175,-836
3,-1,0.0639245,SAN- 2,372,457,178,-835
3,-1,0.0639478,SAN- 2,372,457,181,-834
2,-1,0.0639884,SAN- 2,372,457,183,-833
3,-1,0.0640174,SAN- 2,372,457,186,-832
3,-2,0.0640522,SAN- 2,372,457,189,-830
6,-2,0.0640755,SAN- 2,372,457,195,-828
2,-2,0.0640987,SAN- 2,372,457,197,-826
3,-2,0.0641335,SAN- 2,372,457,200,-824
2,-2,0.0641451,SAN- 2,372,457,202,-822
2,-1,0.06418,SAN- 2,372,457,204,-821
2,-2,0.0642032,SAN- 2,372,457,206,-819
3,-2,0.064238,SAN- 2,372,457,209,-817
3,-2,0.0642612,SAN- 2,372,457,212,-815
2,-2,0.0642844,SAN- 2,372,457,214,-813
3,-2,0.0643019,SAN- 2,372,457,217,-811
3,-2,0.0643367,SAN- 2,372,457,220,-809
3,-2,0.0643541,SAN- 2,372,457,223,-807
3,-1,0.0643773,SAN- 2,372,457,226,-806
2,-2,0.064418,SAN- 2,372,457,228,-804
3,-2,0.0644296,SAN- 2,372,457,231,-802
3,-2,0.0644528,SAN- 2,372,457,234,-800
3,-2,0.064476,SAN- 2,372,457,237,-798
3,-2,0.064505,SAN- 2,372,457,240,-796
2,-2,0.0645283,SAN- 2,372,457,242,-794
3,-2,0.0645631,SAN- 2,372,457,245,-792
3,-1,0.0645805,SAN- 2,372,457,248,-791
3,-2,0.0646037,SAN- 2,372,457,251,-789
3,-2,0.0646311,SAN- 2,372,457,254,-787
2,-2,0.064656,SAN- 2,372,457,256,-785
2,-2,0.0646908,SAN- 2,372,457,258,-783
2,-2,0.064714,SAN- 2,372,457,260,-781
2,-2,0.0647314,SAN- 2,372,457,262,-779
2,-2,0.0647546,SAN- 2,372,457,264,-777
1,-1,0.0647855,SAN- 2,372,457,265,-776
1,-2,0.0648011,SAN- 2,372,457,266,-774
2,-2,0.0648417,SAN- 2,372,457,268,-772
2,-1,0.0648591,SAN- 2,372,457,270,-771
1,-1,0.0648824,SAN- 2,372,457,271,-770
2,-1,0.0649056,SAN- 2,372,457,273,-769
2,-1,0.0649288,SAN- 2,372,457,275,-768
3,-1,0.0649752,SAN- 2,372,457,278,-767
3,-1,0.0649868,SAN- 2,372,457,281,-766
3,-1,0.0650159,SAN- 2,372,457,284,-765
2,-1,0.0650333,SAN- 2,372,457,286,-764
3,-1,0.0650565,SAN- 2,372,457,289,-763
3,-1,0.0650797,SAN- 2,372,457,292,-762
2,-1,0.0651146,SAN- 2,372,457,294,-761
2,-1,0.0651726,SAN- 2,372,457,296,-760
2,-1,0.0651842,SAN- 2,372,457,298,-759
2,-1,0.0652074,SAN- 2,372,457,300,-758
1,-1,0.0652307,SAN- 2,372,457,301,-757
1,-2,0.0652655,SAN- 2,372,457,302,-755
1,-2,0.0653003,SAN- 2,372,457,303,-753
2,-2,0.0653235,SAN- 2,372,457,305,-751
2,-1,0.0653526,SAN- 2,372,457,307,-750
2,-2,0.0653641,SAN- 2,372,457,309,-748
2,-2,0.0653874,SAN- 2,372,457,311,-746
1,-2,0.0654164,SAN- 2,372,457,312,-744
2,-2,0.0654512,SAN- 2,372,457,314,-742
2,-2,0.0654571,SAN- 2,372,457,316,-740
2,-2,0.0654919,SAN- 2,372,457,318,-738
2,-1,0.0655151,SAN- 2,372,457,320,-737
2,-1,0.0655383,SAN- 2,372,457,322,-736
2,-1,0.0655673,SAN- 2,372,457,324,-735
1,-1,0.0656138,SAN- 2,372,457,325,-734
2,-1,0.0656428,SAN- 2,372,457,327,-733
2,-1,0.065666,SAN- 2,372,457,329,-732
2,-1,0.0656893,SAN- 2,372,457,331,-731
2,-1,0.0657183,SAN- 2,372,457,333,-730
2,-1,0.0657473,SAN- 2,372,457,335,-729
2,-1,0.0657647,SAN- 2,372,457,337,-728
2,-1,0.0657821,SAN- 2,372,457,339,-727
1,-1,0.065817,SAN- 2,372,457,340,-726
2,-2,0.0658402,SAN- 2,372,457,342,-724
1,-2,0.0658692,SAN- 2,372,457,343,-722
1,-2,0.0658982,SAN- 2,372,457,344,-720
1,-1,0.0659156,SAN- 2,372,457,345,-719
1,-2,0.0659389,SAN- 2,372,457,346,-717
1,-2,0.0659679,SAN- 2,372,457,347,-715
1,-2,0.0659911,SAN- 2,372,457,348,-713
2,-2,0.0660143,SAN- 2,372,457,350,-711
2,-2,0.0660492,SAN- 2,372,457,352,-709
2,-2,0.0660666,SAN- 2,372,457,354,-707
1,-2,0.0660898,SAN- 2,372,457,355,-705
2,-1,0.0661188,SAN- 2,372,457,357,-704
2,-1,0.066142,SAN- 2,372,457,359,-703
2,-1,0.0661711,SAN- 2,372,457,361,-702
2,-1,0.0662001,SAN- 2,372,457,363,-701
2,-1,0.0662175,SAN- 2,372,457,365,-700
2,-1,0.0662407,SAN- 2,372,457,367,-699
2,-1,0.0662639,SAN- 2,372,457,369,-698
1,-1,0.0662988,SAN- 2,372,457,370,-697
2,-1,0.066322,SAN- 2,372,457,372,-696
2,-1,0.0663568,SAN- 2,372,457,374,-695
3,-1,0.06638,SAN- 2,372,457,377,-694
3,-1,0.0663975,SAN- 2,372,457,380,-693
3,-1,0.0664207,SAN- 2,372,457,383,-692
3,-1,0.0665078,SAN- 2,372,457,386,-691
3,-1,0.066531,SAN- 2,372,457,389,-690
2,-1,0.0665716,SAN- 2,372,457,391,-689
3,-1,0.0666006,SAN- 2,372,457,394,-688
2,-1,0.0666297,SAN- 2,372,457,396,-687
2,-1,0.0666587,SAN- 2,372,457,398,-686
2,-1,0.0666935,SAN- 2,372,457,400,-685
1,-1,0.0666993,SAN- 2,372,457,401,-684
1,-1,0.0667225,SAN- 2,372,457,402,-683
1,-1,0.0667458,SAN- 2,372,457,403,-682
1,-1,0.0668038,SAN- 2,372,457,404,-681
1,-1,0.0668328,SAN- 2,372,457,405,-680
1,-1,0.0668444,SAN- 2,372,457,406,-679
1,-1,0.0668677,SAN- 2,372,457,407,-678
1,-1,0.0669257,SAN- 2,372,457,408,-677
1,-1,0.0669547,SAN- 2,372,457,409,-676
1,-1,0.066978,SAN- 2,372,457,410,-675
1,-1,0.0670012,SAN- 2,372,457,411,-674
1,-1,0.0670186,SAN- 2,372,457,412,-673
1,-1,0.0672914,SAN- 2,372,457,413,-672
1,-1,0.0673205,SAN- 2,372,457,414,-671
1,-1,0.0673495,SAN- 2,372,457,415,-670
1,-1,0.0674017,SAN- 2,372,457,416,-669
1,-1,0.0674424,SAN- 2,372,457,417,-668
1,-1,0.0674772,SAN- 2,372,457,418,-667
1,-1,0.0675062,SAN- 2,372,457,419,-666
1,-1,0.0675294,SAN- 2,372,457,420,-665
1,-1,0.0675817,SAN- 2,372,457,421,-664
1,-1,0.0676049,SAN- 2,372,457,422,-663
1,-1,0.0676281,SAN- 2,372,457,423,-662
1,-1,0.0676571,SAN- 2,372,457,424,-661
1,-1,0.0676978,SAN- 2,372,457,425,-660
1,-1,0.067721,SAN- 2,372,457,426,-659
1,-1,0.0677558,SAN- 2,372,457,427,-658
1,-1,0.067779,SAN- 2,372,457,428,-657
1,-1,0.0678429,SAN- 2,372,457,429,-656
1,-1,0.0678545,SAN- 2,372,457,430,-655
1,-1,0.0678777,SAN- 2,372,457,431,-654
1,-1,0.0679068,SAN- 2,372,457,432,-653
1,-1,0.0679648,SAN- 2,372,457,433,-652
1,-1,0.0679822,SAN- 2,372,457,434,-651
1,-1,0.0680054,SAN- 2,372,457,435,-650
1,-1,0.0680287,SAN- 2,372,457,436,-649
1,-1,0.0680635,SAN- 2,372,457,437,-648
1,-1,0.0681157,SAN- 2,372,457,438,-647
1,-1,0.0681332,SAN- 2,372,457,439,-646
1,-1,0.0681564,SAN- 2,372,457,440,-645
1,-1,0.0681796,SAN- 2,372,457,441,-644
1,-1,0.0682376,SAN- 2,372,457,442,-643
1,-1,0.0682609,SAN- 2,372,457,443,-642
1,-1,0.0682783,SAN- 2,372,457,444,-641
1,-1,0.0683015,SAN- 2,372,457,445,-640
1,-1,0.0683537,SAN- 2,372,457,446,-639
1,-1,0.068377,SAN- 2,372,457,447,-638
1,-1,0.0684002,SAN- 2,372,457,448,-637
1,-1,0.068435,SAN- 2,372,457,449,-636
1,-1,0.0684524,SAN- 2,372,457,450,-635
1,-1,0.0684989,SAN- 2,372,457,451,-634
1,-1,0.0685285,SAN- 2,372,457,452,-633
1,-1,0.0685569,SAN- 2,372,457,453,-632
1,-1,0.0685801,SAN- 2,372,457,454,-631
-1,-1,0.0775372,-TIA- 3,253,418,453,-630
-2,-1,0.0775779,-TIA- 3,253,418,451,-629
-2,-1,0.0776011,-TIA- 3,253,418,449,-628
-1,-1,0.0776127,-TIA- 3,253,418,448,-627
-2,-1,0.0776359,-TIA- 3,253,418,446,-626
-2,-1,0.0776649,-TIA- 3,253,418,444,-625
-2,-1,0.0776882,-TIA- 3,253,418,442,-624
-2,-1,0.0777288,-TIA- 3,253,418,440,-623
-2,-2,0.0777674,-TIA- 3,253,418,438,-621
-5,-1,0.0777868,-TIA- 3,253,418,433,-620
-3,-1,0.0778217,-TIA- 3,253,418,430,-619
-3,-1,0.0778449,-TIA- 3,253,418,427,-618
-3,-1,0.0779088,-TIA- 3,253,418,424,-617
-3,-1,0.0779146,-TIA- 3,253,418,421,-616
-2,-1,0.0779494,-TIA- 3,253,418,419,-615
-3,-1,0.077961,-TIA- 3,253,418,416,-614
-3,-1,0.0779842,-TIA- 3,253,418,413,-613
-3,-1,0.078019,-TIA- 3,253,418,410,-612
-3,-1,0.0780523,-TIA- 3,253,418,407,-611
-2,-1,0.0780597,-TIA- 3,253,418,405,-610
-3,-1,0.0780829,-TIA- 3,253,418,402,-609
-3,-1,0.0781061,-TIA- 3,253,418,399,-608
-3,-1,0.078141,-TIA- 3,253,418,396,-607
-3,-1,0.0781642,-TIA- 3,253,418,393,-606
-2,-1,0.0782048,-TIA- 3,253,418,391,-605
-3,-1,0.0782106,-TIA- 3,253,418,388,-604
-3,-1,0.0782338,-TIA- 3,253,418,385,-603
-3,-1,0.0782977,-TIA- 3,253,418,382,-602
-2,-1,0.0783209,-TIA- 3,253,418,380,-601
-3,-1,0.0783398,-TIA- 3,253,418,377,-600
-3,-1,0.0783615,-TIA- 3,253,418,374,-599
-3,-1,0.0783906,-TIA- 3,253,418,371,-598
-1,-1,0.0815311,-TIA- 3,253,418,370,-597
-1,-1,0.0815659,-TIA- 3,253,418,369,-596
-1,-1,0.0816123,-TIA- 3,253,418,368,-595
-1,-1,0.0816298,-TIA- 3,253,418,367,-594
-1,-1,0.081682,-TIA- 3,253,418,366,-593
-1,-1,0.0817068,-TIA- 3,253,418,365,-592
-1,-1,0.0817633,-TIA- 3,253,418,364,-591
-1,-1,0.0817807,-TIA- 3,253,418,363,-590
-1,-1,0.0818387,-TIA- 3,253,418,362,-589
-1,-1,0.081862,-TIA- 3,253,418,361,-588
-1,-1,0.081891,-TIA- 3,253,418,360,-587
-1,-2,0.0819142,-TIA- 3,253,418,359,-585
-1,-2,0.0819258,-TIA- 3,253,418,358,-583
-1,-2,0.081949,-TIA- 3,253,418,357,-581
-2,-2,0.081978,-TIA- 3,253,418,355,-579
-2,-2,0.0820071,-TIA- 3,253,418,353,-577
-2,-2,0.0820361,-TIA- 3,253,418,351,-575
-2,-2,0.0820651,-TIA- 3,253,418,349,-573
-1,-1,0.0820709,-TIA- 3,253,418,348,-572
-2,-2,0.0820941,-TIA- 3,253,418,346,-570
-2,-2,0.0821232,-TIA- 3,253,418,344,-568
-1,-2,0.0821464,-TIA- 3,253,418,343,-566
-1,-2,0.0821812,-TIA- 3,253,418,342,-564
-1,-2,0.0822102,-TIA- 3,253,418,341,-562
-1,-2,0.0822335,-TIA- 3,253,418,340,-560
-1,-2,0.0822451,-TIA- 3,253,418,339,-558
-1,-1,0.0822683,-TIA- 3,253,418,338,-557
-1,-2,0.0822973,-TIA- 3,253,418,337,-555
-1,-2,0.0823322,-TIA- 3,253,418,336,-553
-1,-2,0.0823612,-TIA- 3,253,418,335,-551
-1,-2,0.0823844,-TIA- 3,253,418,334,-549
-1,-2,0.082396,-TIA- 3,253,418,333,-547
-1,-2,0.0824192,-TIA- 3,253,418,332,-545
-1,-2,0.0824599,-TIA- 3,253,418,331,-543
-1,-1,0.0824773,-TIA- 3,253,418,330,-542
-1,-2,0.0824889,-TIA- 3,253,418,329,-540
-1,-2,0.0825179,-TIA- 3,253,418,328,-538
-1,-2,0.0825411,-TIA- 3,253,418,327,-536
-1,-1,0.0825702,-TIA- 3,253,418,326,-535
-1,-1,0.0825934,-TIA- 3,253,418,325,-534
-1,-1,0.0826224,-TIA- 3,253,418,324,-533
-1,-1,0.0826688,-TIA- 3,253,418,323,-532
-1,-1,0.0826921,-TIA- 3,253,418,322,-531
1,1,0.0923341,GO 4,281,493,323,-532
1,1,0.0923574,GO 4,281,493,324,-533
1,2,0.0923806,GO 4,281,493,325,-535
1,2,0.0924154,GO 4,281,493,326,-537
1,2,0.0924386,GO 4,281,493,327,-539
1,2,0.0924677,GO 4,281,493,328,-541
1,3,0.0924851,GO 4,281,493,329,-544
2,3,0.0925083,GO 4,281,493,331,-547
2,3,0.0925431,GO 4,281,493,333,-550
2,4,0.0925663,GO 4,281,493,335,-554
1,3,0.0925954,GO 4,281,493,336,-557
2,4,0.0926128,GO 4,281,493,338,-561
2,4,0.0926534,GO 4,281,493,340,-565
3,4,0.0926592,GO 4,281,493,343,-569
3,3,0.0926941,GO 4,281,493,346,-572
3,4,0.0927173,GO 4,281,493,349,-576
2,4,0.0927517,GO 4,281,493,351,-580
3,4,0.0927579,GO 4,281,493,354,-584
3,3,0.0927811,GO 4,281,493,357,-587
3,4,0.092816,GO 4,281,493,360,-591
2,4,0.092845,GO 4,281,493,362,-595
2,4,0.0928682,GO 4,281,493,364,-599
2,3,0.092903,GO 4,281,493,366,-602
1,4,0.0929088,GO 4,281,493,367,-606
2,4,0.0929321,GO 4,281,493,369,-610
2,4,0.0929669,GO 4,281,493,371,-614
1,3,0.0929959,GO 4,281,493,372,-617
1,3,0.0930191,GO 4,281,493,373,-620
1,3,0.093054,GO 4,281,493,374,-623
1,3,0.0930598,GO 4,281,493,375,-626
1,2,0.093083,GO 4,281,493,376,-628
-1,2,0.0931178,GO 4,281,493,375,-630
-1,1,0.0931468,GO 4,281,493,374,-631
-1,1,0.0931817,GO 4,281,493,373,-632
-1,1,0.0932049,GO 4,281,493,372,-633
-1,1,0.0932165,GO 4,281,493,371,-634
-1,1,0.0932746,GO 4,281,493,370,-635
-1,-1,0.124163,SAN- 6,373,139,369,-634
-1,-1,0.124186,SAN- 6,373,139,368,-633
-1,-1,0.124233,SAN- 6,373,139,367,-632
-1,-1,0.124256,SAN- 6,373,139,366,-631
-1,-1,0.124314,SAN- 6,373,139,365,-630
-1,-1,0.124337,SAN- 6,373,139,364,-629
1,-1,0.124651,SAN- 6,373,139,365,-628
1,-1,0.124665,SAN- 6,373,139,366,-627
1,-1,0.124691,SAN- 6,373,139,367,-626
1,-2,0.124738,SAN- 6,373,139,368,-624
1,-2,0.124761,SAN- 6,373,139,369,-622
1,-2,0.124801,SAN- 6,373,139,370,-620
1,-2,0.124825,SAN- 6,373,139,371,-618
1,-2,0.124842,SAN- 6,373,139,372,-616
1,-2,0.124865,SAN- 6,373,139,373,-614
1,-1,0.124889,SAN- 6,373,139,374,-613
1,-1,0.124947,SAN- 6,373,139,375,-612
1,-1,0.124976,SAN- 6,373,139,376,-611
1,-1,0.124993,SAN- 6,373,139,377,-610
1,-1,0.125022,SAN- 6,373,139,378,-609
1,-1,0.125063,SAN- 6,373,139,379,-608
1,-1,0.125098,SAN- 6,373,139,380,-607
2,-1,0.125129,SAN- 6,373,139,382,-606
1,-1,0.125376,SAN- 6,373,139,383,-605
2,-1,0.125399,SAN- 6,373,139,385,-604
2,-1,0.125423,SAN- 6,373,139,387,-603
2,-1,0.125452,SAN- 6,373,139,389,-602
2,-1,0.125475,SAN- 6,373,139,391,-601
2,-1,0.125498,SAN- 6,373,139,393,-600
2,-1,0.125527,SAN- 6,373,139,395,-599
2,-1,0.125562,SAN- 6,373,139,397,-598
1,-1,0.125568,SAN- 6,373,139,398,-597
2,-1,0.125603,SAN- 6,373,139,400,-596
2,-1,0.125649,SAN- 6,373,139,402,-595
2,-1,0.125678,SAN- 6,373,139,404,-594
2,-1,0.125695,SAN- 6,373,139,406,-593
2,-1,0.125719,SAN- 6,373,139,408,-592
2,-1,0.125759,SAN- 6,373,139,410,-591
1,-1,0.125777,SAN- 6,373,139,411,-590
1,-1,0.1258,SAN- 6,373,139,412,-589
1,-1,0.125835,SAN- 6,373,139,413,-588
1,-1,0.125846,SAN- 6,373,139,414,-587
1,-1,0.125893,SAN- 6,373,139,415,-586
1,-1,0.125928,SAN- 6,373,139,416,-585
1,-1,0.125962,SAN- 6,373,139,417,-584
1,-1,0.125986,SAN- 6,373,139,418,-583
1,-1,0.126026,SAN- 6,373,139,419,-582
1,-1,0.12605,SAN- 6,373,139,420,-581
1,-1,0.126113,SAN- 6,373,139,421,-580
1,-1,0.126131,SAN- 6,373,139,422,-579
1,-1,0.126305,SAN- 6,373,139,423,-578
1,-1,0.126351,SAN- 6,373,139,424,-577
1,-1,0.126375,SAN- 6,373,139,425,-576
1,-1,0.126438,SAN- 6,373,139,426,-575
1,-1,0.126456,SAN- 6,373,139,427,-574
1,-2,0.126479,SAN- 6,373,139,428,-572
1,-2,0.126502,SAN- 6,373,139,429,-570
1,-2,0.126526,SAN- 6,373,139,430,-568
1,-2,0.126555,SAN- 6,373,139,431,-566
1,-2,0.126589,SAN- 6,373,139,432,-564
1,-2,0.126607,SAN- 6,373,139,433,-562
1,-2,0.12663,SAN- 6,373,139,434,-560
1,-1,0.126653,SAN- 6,373,139,435,-559
1,-2,0.126682,SAN- 6,373,139,436,-557
1,-2,0.126711,SAN- 6,373,139,437,-555
1,-2,0.126746,SAN- 6,373,139,438,-553
1,-2,0.126758,SAN- 6,373,139,439,-551
1,-2,0.126787,SAN- 6,373,139,440,-549
1,-2,0.12681,SAN- 6,373,139,441,-547
1,-2,0.126839,SAN- 6,373,139,442,-545
1,-1,0.126862,SAN- 6,373,139,443,-544
1,-2,0.12688,SAN- 6,373,139,444,-542
1,-2,0.126914,SAN- 6,373,139,445,-540
1,-2,0.126938,SAN- 6,373,139,446,-538
1,-2,0.126961,SAN- 6,373,139,447,-536
1,-2,0.12699,SAN- 6,373,139,448,-534
1,-2,0.127019,SAN- 6,373,139,449,-532
1,-1,0.127031,SAN- 6,373,139,450,-531
1,-2,0.127065,SAN- 6,373,139,451,-529
1,-2,0.127089,SAN- 6,373,139,452,-527
1,-2,0.127112,SAN- 6,373,139,453,-525
1,-2,0.127147,SAN- 6,373,139,454,-523
1,-2,0.127168,SAN- 6,373,139,455,-521
1,-2,0.127181,SAN- 6,373,139,456,-519
1,-2,0.127208,SAN- 6,373,139,457,-517
1,-1,0.12724,SAN- 6,373,139,458,-516
1,-2,0.127263,SAN- 6,373,139,459,-514
1,-2,0.127298,SAN- 6,373,139,460,-512
1,-2,0.127327,SAN- 6,373,139,461,-510
1,-3,0.127332,SAN- 6,373,139,462,-507
1,-3,0.127361,SAN- 6,373,139,463,-504
1,-3,0.12739,SAN- 6,373,139,464,-501
1,-2,0.127414,SAN- 6,373,139,465,-499
1,-3,0.127449,SAN- 6,373,139,466,-496
1,-3,0.127478,SAN- 6,373,139,467,-493
1,-3,0.127489,SAN- 6,373,139,468,-490
1,-3,0.127512,SAN- 6,373,139,469,-487
1,-2,0.127536,SAN- 6,373,139,470,-485
1,-3,0.127567,SAN- 6,373,139,471,-482
1,-3,0.127588,SAN- 6,373,139,472,-479
1,-3,0.127623,SAN- 6,373,139,473,-476
1,-3,0.12764,SAN- 6,373,139,474,-473
1,-2,0.127663,SAN- 6,373,139,475,-471
1,-3,0.127695,SAN- 6,373,139,476,-468
1,-3,0.127721,SAN- 6,373,139,477,-465
1,-3,0.127745,SAN- 6,373,139,478,-462
1,-3,0.127774,SAN- 6,373,139,479,-459
1,-3,0.127791,SAN- 6,373,139,480,-456
1,-2,0.127814,SAN- 6,373,139,481,-454
1,-3,0.127849,SAN- 6,373,139,482,-451
1,-3,0.127866,SAN- 6,373,139,483,-448
1,-3,0.127896,SAN- 6,373,139,484,-445
1,-3,0.12793,SAN- 6,373,139,485,-442
1,-2,0.127942,SAN- 6,373,139,486,-440
1,-3,0.127965,SAN- 6,373,139,487,-437
1,-3,0.127994,SAN- 6,373,139,488,-434
1,-3,0.128023,SAN- 6,373,139,489,-431
1,-3,0.128046,SAN- 6,373,139,490,-428
1,-2,0.12807,SAN- 6,373,139,491,-426
1,-3,0.128099,SAN- 6,373,139,492,-423
1,-3,0.128116,SAN- 6,373,139,493,-420
1,-3,0.128145,SAN- 6,373,139,494,-417
1,-3,0.128174,SAN- 6,373,139,495,-414
1,-3,0.128192,SAN- 6,373,139,496,-411
1,-2,0.128232,SAN- 6,373,139,497,-409
1,-3,0.12825,SAN- 6,373,139,498,-406
1,-3,0.128273,SAN- 6,373,139,499,-403
1,-3,0.128296,SAN- 6,373,139,500,-400
1,-3,0.128325,SAN- 6,373,139,501,-397
1,-2,0.128348,SAN- 6,373,139,502,-395
1,-3,0.128389,SAN- 6,373,139,503,-392
1,-3,0.128401,SAN- 6,373,139,504,-389
1,-3,0.128424,SAN- 6,373,139,505,-386
1,-3,0.128447,SAN- 6,373,139,506,-383
1,-2,0.12848,SAN- 6,373,139,507,-381
1,-3,0.128493,SAN- 6,373,139,508,-378
1,-3,0.128517,SAN- 6,373,139,509,-375
1,-3,0.128551,SAN- 6,373,139,510,-372
1,-3,0.128586,SAN- 6,373,139,511,-369
1,-3,0.128598,SAN- 6,373,139,512,-366
1,-2,0.128633,SAN- 6,373,139,513,-364
1,-3,0.128644,SAN- 6,373,139,514,-361
1,-3,0.128668,SAN- 6,373,139,515,-358
1,-3,0.128702,SAN- 6,373,139,516,-355
1,-3,0.128726,SAN- 6,373,139,517,-352
1,-2,0.12876,SAN- 6,373,139,518,-350
1,-3,0.128772,SAN- 6,373,139,519,-347
1,-3,0.128801,SAN- 6,373,139,520,-344
1,-3,0.128824,SAN- 6,373,139,521,-341
1,-3,0.128853,SAN- 6,373,139,522,-338
1,-2,0.128877,SAN- 6,373,139,523,-336
1,-3,0.128911,SAN- 6,373,139,524,-333
1,-3,0.128935,SAN- 6,373,139,525,-330
1,-3,0.128952,SAN- 6,373,139,526,-327
1,-3,0.128975,SAN- 6,373,139,527,-324
1,-3,0.128998,SAN- 6,373,139,528,-321
1,-2,0.129033,SAN- 6,373,139,529,-319
1,-3,0.129057,SAN- 6,373,139,530,-316
1,-3,0.12908,SAN- 6,373,139,531,-313
1,-3,0.129103,SAN- 6,373,139,532,-310
1,-3,0.129126,SAN- 6,373,139,533,-307
1,-2,0.129149,SAN- 6,373,139,534,-305
1,-3,0.129184,SAN- 6,373,139,535,-302
1,-3,0.129207,SAN- 6,373,139,536,-299
1,-3,0.129236,SAN- 6,373,139,537,-296
1,-3,0.129254,SAN- 6,373,139,538,-293
1,-2,0.129277,SAN- 6,373,139,539,-291
1,-3,0.1293,SAN- 6,373,139,540,-288
1,-3,0.129329,SAN- 6,373,139,541,-285
1,-3,0.129358,SAN- 6,373,139,542,-282
1,-3,0.129387,SAN- 6,373,139,543,-279
1,-3,0.129405,SAN- 6,373,139,544,-276
1,-2,0.129428,SAN- 6,373,139,545,-274
1,-3,0.129463,SAN- 6,373,139,546,-271
1,-3,0.12948,SAN- 6,373,139,547,-268
1,-3,0.129509,SAN- 6,373,139,548,-265
1,-3,0.129544,SAN- 6,373,139,549,-262
1,-2,0.129556,SAN- 6,373,139,550,-260
1,-3,0.129585,SAN- 6,373,139,551,-257
1,-3,0.129606,SAN- 6,373,139,552,-254
1,-3,0.129631,SAN- 6,373,139,553,-251
1,-3,0.12966,SAN- 6,373,139,554,-248
1,-2,0.129695,SAN- 6,373,139,555,-246
1,-3,0.129712,SAN- 6,373,139,556,-243
1,-3,0.129736,SAN- 6,373,139,557,-240
1,-3,0.129759,SAN- 6,373,139,558,-237
1,-1,0.129788,SAN- 6,373,139,559,-236
1,-3,0.129811,SAN- 6,373,139,560,-233
1,-3,0.12984,SAN- 6,373,139,561,-230
1,-2,0.129863,SAN- 6,373,139,562,-228
1,-3,0.129887,SAN- 6,373,139,563,-225
1,-3,0.12991,SAN- 6,373,139,564,-222
1,-3,0.129945,SAN- 6,373,139,565,-219
1,-2,0.129968,SAN- 6,373,139,566,-217
1,-2,0.12998,SAN- 6,373,139,567,-215
1,-1,0.130014,SAN- 6,373,139,568,-214
1,-2,0.130038,SAN- 6,373,139,569,-212
1,-2,0.130055,SAN- 6,373,139,570,-210
1,-2,0.13009,SAN- 6,373,139,571,-208
1,-2,0.130119,SAN- 6,373,139,572,-206
1,-2,0.13013,SAN- 6,373,139,573,-204
1,-2,0.130159,SAN- 6,373,139,574,-202
1,-2,0.130183,SAN- 6,373,139,575,-200
1,-1,0.130206,SAN- 6,373,139,576,-199
1,-2,0.130232,SAN- 6,373,139,577,-197
1,-2,0.130264,SAN- 6,373,139,578,-195
1,-2,0.130281,SAN- 6,373,139,579,-193
1,-2,0.130305,SAN- 6,373,139,580,-191
1,-2,0.130339,SAN- 6,373,139,581,-189
1,-2,0.130362,SAN- 6,373,139,582,-187
1,-2,0.130386,SAN- 6,373,139,583,-185
1,-1,0.130426,SAN- 6,373,139,584,-184
1,-2,0.130432,SAN- 6,373,139,585,-182
1,-2,0.130456,SAN- 6,373,139,586,-180
1,-2,0.13049,SAN- 6,373,139,587,-178
1,-2,0.130514,SAN- 6,373,139,588,-176
1,-2,0.130543,SAN- 6,373,139,589,-174
1,-2,0.130566,SAN- 6,373,139,590,-172
1,-2,0.130583,SAN- 6,373,139,591,-170
1,-1,0.130606,SAN- 6,373,139,592,-169
1,-2,0.130641,SAN- 6,373,139,593,-167
1,-2,0.130664,SAN- 6,373,139,594,-165
1,-2,0.130688,SAN- 6,373,139,595,-163
1,-2,0.130711,SAN- 6,373,139,596,-161
1,-2,0.130734,SAN- 6,373,139,597,-159
1,-2,0.130757,SAN- 6,373,139,598,-157
1,-2,0.130786,SAN- 6,373,139,599,-155
1,-1,0.130815,SAN- 6,373,139,600,-154
1,-2,0.130839,SAN- 6,373,139,601,-152
1,-2,0.130873,SAN- 6,373,139,602,-150
1,-2,0.130891,SAN- 6,373,139,603,-148
1,-2,0.130914,SAN- 6,373,139,604,-146
1,-2,0.130937,SAN- 6,373,139,605,-144
1,-2,0.130966,SAN- 6,373,139,606,-142
1,-2,0.13099,SAN- 6,373,139,607,-140
1,-1,0.131019,SAN- 6,373,139,608,-139
1,-2,0.131042,SAN- 6,373,139,609,-137
1,-2,0.131065,SAN- 6,373,139,610,-135
1,-2,0.131088,SAN- 6,373,139,611,-133
1,-2,0.131123,SAN- 6,373,139,612,-131
1,-2,0.131146,SAN- 6,373,139,613,-129
1,-1,0.131175,SAN- 6,373,139,614,-128
1,-1,0.131216,SAN- 6,373,139,615,-127
1,-1,0.131239,SAN- 6,373,139,616,-126
1,-1,0.131303,SAN- 6,373,139,617,-125
1,-1,0.131338,SAN- 6,373,139,618,-124
1,-1,0.131367,SAN- 6,373,139,619,-123
1,-1,0.13139,SAN- 6,373,139,620,-122
1,-1,0.131454,SAN- 6,373,139,621,-121
1,-1,0.131495,SAN- 6,373,139,622,-120
1,-1,0.131518,SAN- 6,373,139,623,-119
1,-1,0.131569,SAN- 6,373,139,624,-118
1,-1,0.131599,SAN- 6,373,139,625,-117
1,-1,0.131651,SAN- 6,373,139,626,-116
1,-1,0.131675,SAN- 6,373,139,627,-115
1,-1,0.131727,SAN- 6,373,139,628,-114
1,-1,0.131744,SAN- 6,373,139,629,-113
1,-1,0.131802,SAN- 6,373,139,630,-112
1,-1,0.131825,SAN- 6,373,139,631,-111
1,-1,0.131872,SAN- 6,373,139,632,-110
1,-1,0.131901,SAN- 6,373,139,633,-109
1,-1,0.131953,SAN- 6,373,139,634,-108
1,-1,0.131976,SAN- 6,373,139,635,-107
1,-1,0.132023,SAN- 6,373,139,636,-106
1,-1,0.132058,SAN- 6,373,139,637,-105
1,-1,0.132098,SAN- 6,373,139,638,-104
1,-1,0.132127,SAN- 6,373,139,639,-103
1,-1,0.132185,SAN- 6,373,139,640,-102
1,-1,0.132198,SAN- 6,373,139,641,-101
1,-1,0.132249,SAN- 6,373,139,642,-100
1,-1,0.132301,SAN- 6,373,139,643,-99
1,-1,0.132336,SAN- 6,373,139,644,-98
1,-1,0.132377,SAN- 6,373,139,645,-97
1,-1,0.1324,SAN- 6,373,139,646,-96
1,-1,0.132458,SAN- 6,373,139,647,-95
1,-1,0.132487,SAN- 6,373,139,648,-94
1,-1,0.132522,SAN- 6,373,139,649,-93
1,-1,0.132545,SAN- 6,373,139,650,-92
1,-1,0.132598,SAN- 6,373,139,651,-91
1,-1,0.132622,SAN- 6,373,139,652,-90
1,-1,0.132673,SAN- 6,373,139,653,-89
1,-1,0.132696,SAN- 6,373,139,654,-88
1,-1,0.132743,SAN- 6,373,139,655,-87
1,-1,0.132778,SAN- 6,373,139,656,-86
1,-1,0.132824,SAN- 6,373,139,657,-85
1,-1,0.132853,SAN- 6,373,139,658,-84
1,-1,0.132894,SAN- 6,373,139,659,-83
1,-1,0.132928,SAN- 6,373,139,660,-82
1,-1,0.132975,SAN- 6,373,139,661,-81
1,-1,0.132998,SAN- 6,373,139,662,-80
1,-1,0.133045,SAN- 6,373,139,663,-79
1,-1,0.133068,SAN- 6,373,139,664,-78
1,-1,0.133126,SAN- 6,373,139,665,-77
1,-1,0.133184,SAN- 6,373,139,666,-76
1,-1,0.133195,SAN- 6,373,139,667,-75
1,-1,0.133259,SAN- 6,373,139,668,-74
1,-1,0.133277,SAN- 6,373,139,669,-73
1,-1,0.133323,SAN- 6,373,139,670,-72
1,-1,0.133352,SAN- 6,373,139,671,-71
1,-1,0.133416,SAN- 6,373,139,672,-70
1,-1,0.133445,SAN- 6,373,139,673,-69
1,-1,0.13348,SAN- 6,373,139,674,-68
1,-1,0.133509,SAN- 6,373,139,675,-67
1,-1,0.13355,SAN- 6,373,139,676,-66
1,-1,0.133596,SAN- 6,373,139,677,-65
1,-1,0.133631,SAN- 6,373,139,678,-64
1,-1,0.13366,SAN- 6,373,139,679,-63
1,-1,0.1337,SAN- 6,373,139,680,-62
1,-1,0.133747,SAN- 6,373,139,681,-61
1,-1,0.133782,SAN- 6,373,139,682,-60
1,-1,0.133811,SAN- 6,373,139,683,-59
1,-1,0.133851,SAN- 6,373,139,684,-58
1,-1,0.13388,SAN- 6,373,139,685,-57
1,-1,0.133933,SAN- 6,373,139,686,-56
1,-1,0.133979,SAN- 6,373,139,687,-55
1,-1,0.13402,SAN- 6,373,139,688,-54
1,-1,0.13406,SAN- 6,373,139,689,-53
1,-1,0.134084,SAN- 6,373,139,690,-52
1,-1,0.134136,SAN- 6,373,139,691,-51
1,-1,0.134165,SAN- 6,373,139,692,-50
1,-1,0.134197,SAN- 6,373,139,693,-49
1,-1,0.134229,SAN- 6,373,139,694,-48
1,-1,0.134287,-TIA- 7,316,104,695,-47
1,-1,0.134327,-TIA- 7,316,104,696,-46
1,-1,0.134356,-TIA- 7,316,104,697,-45
1,-1,0.134391,-TIA- 7,316,104,698,-44
1,-1,0.134432,-TIA- 7,316,104,699,-43
1,-1,0.134444,-TIA- 7,316,104,700,-42
1,-1,0.134496,-TIA- 7,316,104,701,-41
1,-1,0.134519,-TIA- 7,316,104,702,-40
1,-1,0.134577,-TIA- 7,316,104,703,-39
1,-1,0.134623,-TIA- 7,316,104,704,-38
1,-1,0.134651,-TIA- 7,316,104,705,-37
1,-1,0.134705,-TIA- 7,316,104,706,-36
1,-1,0.134728,-TIA- 7,316,104,707,-35
1,-1,0.134774,-TIA- 7,316,104,708,-34
1,-1,0.134809,-TIA- 7,316,104,709,-33
1,-1,0.13485,-TIA- 7,316,104,710,-32
1,-1,0.134882,-TIA- 7,316,104,711,-31
-1,-1,0.13492,-TIA- 7,316,104,710,-30
-1,-2,0.134931,-TIA- 7,316,104,709,-28
-1,-1,0.134954,-TIA- 7,316,104,708,-27
-1,-2,0.134978,-TIA- 7,316,104,707,-25
-1,-2,0.135018,-TIA- 7,316,104,706,-23
-1,-2,0.135041,-TIA- 7,316,104,705,-21
-1,-2,0.135065,-TIA- 7,316,104,704,-19
-1,-2,0.135082,-TIA- 7,316,104,703,-17
-1,-2,0.135105,-TIA- 7,316,104,702,-15
1,-1,0.135129,-TIA- 7,316,104,703,-14
1,-2,0.135163,-TIA- 7,316,104,704,-12
1,-2,0.135175,-TIA- 7,316,104,705,-10
1,-2,0.135216,-TIA- 7,316,104,706,-8
1,-2,0.135233,-TIA- 7,316,104,707,-6
1,-2,0.135256,-TIA- 7,316,104,708,-4
1,-3,0.135285,-TIA- 7,316,104,709,-1
1,-2,0.135314,-TIA- 7,316,104,710,1
-1,-3,0.135332,-TIA- 7,316,104,709,4
-1,-3,0.135372,-TIA- 7,316,104,708,7
-2,-3,0.13539,-TIA- 7,316,104,706,10
-2,-3,0.135407,-TIA- 7,316,104,704,13
-1,-3,0.135436,-TIA- 7,316,104,703,16
-2,-2,0.135465,-TIA- 7,316,104,701,18
-2,-3,0.135483,-TIA- 7,316,104,699,21
-2,-3,0.135506,-TIA- 7,316,104,697,24
-2,-3,0.135535,-TIA- 7,316,104,695,27
-2,-3,0.135564,-TIA- 7,316,104,693,30
-3,-2,0.135587,-TIA- 7,316,104,690,32
-2,-3,0.135616,-TIA- 7,316,104,688,35
-3,-3,0.135634,-TIA- 7,316,104,685,38
-3,-3,0.135663,-TIA- 7,316,104,682,41
-3,-3,0.135692,-TIA- 7,316,104,679,44
-3,-2,0.135715,-TIA- 7,316,104,676,46
-2,-3,0.135739,-TIA- 7,316,104,674,49
-3,-3,0.135767,-TIA- 7,316,104,671,52
-2,-2,0.135784,-TIA- 7,316,104,669,54
-2,-2,0.135814,-TIA- 7,316,104,667,56
-2,-2,0.135843,-TIA- 7,316,104,665,58
-2,-2,0.135866,-TIA- 7,316,104,663,60
-2,-1,0.135889,-TIA- 7,316,104,661,61
-2,-2,0.135924,-TIA- 7,316,104,659,63
-2,-2,0.135935,-TIA- 7,316,104,657,65
-1,-2,0.135964,-TIA- 7,316,104,656,67
-1,-2,0.135982,-TIA- 7,316,104,655,69
-1,-2,0.136017,-TIA- 7,316,104,654,71
-2,-2,0.136046,-TIA- 7,316,104,652,73
-2,-2,0.136069,-TIA- 7,316,104,650,75
-2,-1,0.136086,-TIA- 7,316,104,648,76
-2,-2,0.136115,-TIA- 7,316,104,646,78
-2,-2,0.136133,-TIA- 7,316,104,644,80
-2,-1,0.136168,-TIA- 7,316,104,642,81
-1,-1,0.136197,-TIA- 7,316,104,641,82
-2,-1,0.136231,-TIA- 7,316,104,639,83
-2,-1,0.136237,-TIA- 7,316,104,637,84
-2,-1,0.13626,-TIA- 7,316,104,635,85
-2,-1,0.136284,-TIA- 7,316,104,633,86
-2,-1,0.136313,-TIA- 7,316,104,631,87
-1,-1,0.136464,-TIA- 7,316,104,630,88
-1,-1,0.136533,-TIA- 7,316,104,629,89
-1,-1,0.136545,-TIA- 7,316,104,628,90
-1,-1,0.136568,-TIA- 7,316,104,627,91
-1,-1,0.136591,-TIA- 7,316,104,626,92
-1,-1,0.136645,-TIA- 7,316,104,625,93
-1,-1,0.136673,-TIA- 7,316,104,624,94
-1,-1,0.136696,-TIA- 7,316,104,623,95
-1,-1,0.136719,-TIA- 7,316,104,622,96
-2,-1,0.136754,-TIA- 7,316,104,620,97
-1,-1,0.136771,-TIA- 7,316,104,619,98
-2,-1,0.136806,-TIA- 7,316,104,617,99
-2,-1,0.136847,-TIA- 7,316,104,615,100
-2,-1,0.13687,-TIA- 7,316,104,613,101
-2,-1,0.136899,-TIA- 7,316,104,611,102
-2,-1,0.136928,-TIA- 7,316,104,609,103
-2,-1,0.136951,-TIA- 7,316,104,607,104
-1,-1,0.136969,-TIA- 7,316,104,606,105
-2,-1,0.136998,-TIA- 7,316,104,604,106
-1,-1,0.15371,GO 8,114,146,603,107
-1,-1,0.153728,GO 8,114,146,602,108
-1,-1,0.153792,GO 8,114,146,601,109
-1,-1,0.153821,GO 8,114,146,600,110
-1,-1,0.153861,GO 8,114,146,599,111
-1,-1,0.153879,GO 8,114,146,598,112
-1,-1,0.153942,GO 8,114,146,597,113
-1,1,0.154715,GO 8,114,146,596,112
-1,1,0.154738,GO 8,114,146,595,111
-1,1,0.154759,GO 8,114,146,594,110
-1,1,0.15479,GO 8,114,146,593,109
-1,1,0.154854,GO 8,114,146,592,108
-1,1,0.154865,GO 8,114,146,591,107
-1,1,0.154889,GO 8,114,146,590,106
-1,1,0.154912,GO 8,114,146,589,105
-2,1,0.155254,GO 8,114,146,587,104
-2,1,0.155266,GO 8,114,146,585,103
-2,1,0.155289,GO 8,114,146,583,102
-2,1,0.155318,GO 8,114,146,581,101
-2,1,0.155341,GO 8,114,146,579,100
-1,1,0.155376,GO 8,114,146,578,99
-2,1,0.155405,GO 8,114,146,576,98
-2,1,0.155417,GO 8,114,146,574,97
-3,1,0.155446,GO 8,114,146,571,96
-3,1,0.155469,GO 8,114,146,568,95
-3,1,0.155492,GO 8,114,146,565,94
-2,1,0.155521,GO 8,114,146,563,93
-3,1,0.155558,GO 8,114,146,560,92
-3,1,0.155568,GO 8,114,146,557,91
-3,1,0.155893,GO 8,114,146,554,90
-2,1,0.155928,GO 8,114,146,552,89
-3,1,0.155957,GO 8,114,146,549,88
-3,1,0.155992,GO 8,114,146,546,87
-3,1,0.155997,GO 8,114,146,543,86
-3,1,0.156026,GO 8,114,146,540,85
-2,1,0.156056,GO 8,114,146,538,84
-3,1,0.156079,GO 8,114,146,535,83
-3,1,0.156096,GO 8,114,146,532,82
-3,1,0.156143,GO 8,114,146,529,81
-3,1,0.156148,GO 8,114,146,526,80
-2,1,0.156177,GO 8,114,146,524,79
-3,1,0.156206,GO 8,114,146,521,78
-3,1,0.15623,GO 8,114,146,518,77
-3,1,0.156253,GO 8,114,146,515,76
-2,1,0.156305,GO 8,114,146,513,75
-1,1,0.156328,GO 8,114,146,512,74
-2,1,0.156357,GO 8,114,146,510,73
-3,1,0.156392,GO 8,114,146,507,72
-3,1,0.15641,GO 8,114,146,504,71
-3,1,0.156427,GO 8,114,146,501,70
-3,1,0.15645,GO 8,114,146,498,69
-2,1,0.156473,GO 8,114,146,496,68
-3,1,0.156497,GO 8,114,146,493,67
-3,1,0.156537,GO 8,114,146,490,66
-3,1,0.156549,GO 8,114,146,487,65
-2,1,0.156572,GO 8,114,146,485,64
-2,1,0.15659,GO 8,114,146,483,63
-1,1,0.156624,GO 8,114,146,482,62
-2,1,0.156648,GO 8,114,146,480,61
-2,1,0.156688,GO 8,114,146,478,60
-2,1,0.156711,GO 8,114,146,476,59
-2,1,0.156746,GO 8,114,146,474,58
-2,1,0.156764,GO 8,114,146,472,57
-2,1,0.156793,GO 8,114,146,470,56
-1,1,0.156819,GO 8,114,146,469,55
-2,1,0.156833,GO 8,114,146,467,54
-3,1,0.156851,GO 8,114,146,464,53
-2,1,0.156868,GO 8,114,146,462,52
-2,1,0.156903,GO 8,114,146,460,51
-2,1,0.156926,GO 8,114,146,458,50
-2,1,0.156932,GO 8,114,146,456,49
-1,1,0.156955,GO 8,114,146,455,48
-2,1,0.156973,GO 8,114,146,453,47
-2,1,0.157002,GO 8,114,146,451,46
-2,1,0.157054,GO 8,114,146,449,45
-2,1,0.157066,GO 8,114,146,447,44
-2,1,0.157083,GO 8,114,146,445,43
-2,1,0.157106,GO 8,114,146,443,42
-1,1,0.157124,GO 8,114,146,442,41
-2,1,0.157153,GO 8,114,146,440,40
-2,1,0.157187,GO 8,114,146,438,39
-2,1,0.157193,GO 8,114,146,436,38
-2,1,0.157217,GO 8,114,146,434,37
-2,1,0.157246,GO 8,114,146,432,36
-2,1,0.157263,GO 8,114,146,430,35
-2,1,0.15728,GO 8,114,146,428,34
-1,1,0.157292,GO 8,114,146,427,33
-2,1,0.157321,GO 8,114,146,425,32
-2,1,0.157338,GO 8,114,146,423,31
-2,1,0.157385,GO 8,114,146,421,30
-2,1,0.157408,GO 8,114,146,419,29
-2,1,0.15742,GO 8,114,146,417,28
-2,1,0.157449,GO 8,114,146,415,27
-1,1,0.157472,GO 8,114,146,414,26
-2,1,0.157495,GO 8,114,146,412,25
-2,1,0.157524,GO 8,114,146,410,24
-2,1,0.157542,GO 8,114,146,408,23
-2,1,0.157553,GO 8,114,146,406,22
-2,1,0.157576,GO 8,114,146,404,21
-2,1,0.1576,GO 8,114,146,402,20
-2,1,0.15762,GO 8,114,146,400,19
-1,1,0.157652,GO 8,114,146,399,18
-2,1,0.157681,GO 8,114,146,397,17
-2,1,0.157687,GO 8,114,146,395,16
-2,1,0.157733,GO 8,114,146,393,15
-2,1,0.157756,GO 8,114,146,391,14
-2,1,0.157774,GO 8,114,146,389,13
-2,1,0.157803,GO 8,114,146,387,12
-1,1,0.157809,GO 8,114,146,386,11
-2,1,0.157826,GO 8,114,146,384,10
-2,1,0.157849,GO 8,114,146,382,9
-2,1,0.157872,GO 8,114,146,380,8
-2,1,0.157901,GO 8,114,146,378,7
-2,1,0.157925,GO 8,114,146,376,6
-2,1,0.157936,GO 8,114,146,374,5
-2,1,0.157954,GO 8,114,146,372,4
-1,1,0.157971,GO 8,114,146,371,3
-2,1,0.158006,GO 8,114,146,369,2
-2,1,0.158023,GO 8,114,146,367,1
-2,1,0.158064,GO 8,114,146,365,0
-2,1,0.158076,GO 8,114,146,363,-1
-2,1,0.158105,GO 8,114,146,361,-2
-2,1,0.158128,GO 8,114,146,359,-3
-1,1,0.15814,GO 8,114,146,358,-4
-2,1,0.158174,GO 8,114,146,356,-5
-2,1,0.15818,GO 8,114,146,354,-6
-2,1,0.158198,GO 8,114,146,352,-7
-2,1,0.158221,GO 8,114,146,350,-8
-2,1,0.15825,GO 8,114,146,348,-9
-2,1,0.158261,GO 8,114,146,346,-10
-2,-1,0.158557,GO 8,114,146,344,-9
-1,-1,0.158575,GO 8,114,146,343,-8
-2,-1,0.158604,GO 8,114,146,341,-7
-2,-1,0.158616,GO 8,114,146,339,-6
-2,-1,0.158642,GO 8,114,146,337,-5
-2,-1,0.158662,GO 8,114,146,335,-4
-2,-1,0.158679,GO 8,114,146,333,-3
-2,-1,0.158703,GO 8,114,146,331,-2
-2,-1,0.158726,GO 8,114,146,329,-1
-1,-1,0.158737,GO 8,114,146,328,0
-2,-1,0.158761,GO 8,114,146,326,1
-2,-1,0.158801,GO 8,114,146,324,2
-2,-1,0.158836,GO 8,114,146,322,3
-2,-1,0.158848,GO 8,114,146,320,4
-2,-1,0.158859,GO 8,114,146,318,5
-2,-1,0.158877,GO 8,114,146,316,6
-1,-1,0.158906,GO 8,114,146,315,7
-2,-1,0.158923,GO 8,114,146,313,8
-2,-1,0.158952,GO 8,114,146,311,9
-2,-1,0.15897,GO 8,114,146,309,10
-2,-1,0.158981,GO 8,114,146,307,11
-2,-1,0.159004,GO 8,114,146,305,12
-2,-1,0.159022,GO 8,114,146,303,13
-2,-1,0.159045,GO 8,114,146,301,14
-1,-1,0.159074,GO 8,114,146,300,15
-2,-1,0.159097,GO 8,114,146,298,16
-2,-1,0.159126,GO 8,114,146,296,17
-2,-1,0.159161,GO 8,114,146,294,18
-2,-1,0.159184,GO 8,114,146,292,19
-2,-1,0.159219,GO 8,114,146,290,20
-2,-1,0.159254,GO 8,114,146,288,21
-1,-1,0.15926,GO 8,114,146,287,22
-2,-1,0.159283,GO 8,114,146,285,23
-2,-1,0.159318,GO 8,114,146,283,24
-2,-1,0.159341,GO 8,114,146,281,25
-2,-1,0.159382,GO 8,114,146,279,26
-2,-1,0.159388,GO 8,114,146,277,27
-2,-1,0.159411,GO 8,114,146,275,28
-2,-1,0.15944,GO 8,114,146,273,29
-1,-1,0.159469,GO 8,114,146,272,30
-2,-1,0.159504,GO 8,114,146,270,31
-1,-1,0.159544,GO 8,114,146,269,32
