deltaX,deltaY,WHEN,SYLLABLE,XofButton,YofButton,XofTrace,YofTrace
-1,-1,0.0136591,Yield,0,0,-1,1
-1,-2,0.0136882,Yield,0,0,-2,3
-1,-2,0.0137114,Yield,0,0,-3,5
-1,-2,0.0137462,Yield,0,0,-4,7
-1,-3,0.0137752,Yield,0,0,-5,10
-2,-2,0.0138101,Yield,0,0,-7,12
-1,-2,0.0138449,Yield,0,0,-8,14
-1,2,0.0139029,Yield,0,0,-9,12
-2,2,0.0139436,Yield,0,0,-11,10
-2,4,0.0139784,Yield,0,0,-13,6
-5,2,0.0140074,Yield,0,0,-18,4
-4,5,0.0140423,Yield,0,0,-22,-1
-8,2,0.0140887,Yield,0,0,-30,-3
-3,6,0.0141293,Yield,0,0,-33,-9
-8,3,0.0141635,Yield,0,0,-41,-12
-4,3,0.0141874,Yield,0,0,-45,-15
-3,4,0.0142164,Yield,0,0,-48,-19
-8,2,0.0142454,Yield,0,0,-56,-21
-4,2,0.0142629,Yield,0,0,-60,-23
-3,2,0.0143035,Yield,0,0,-63,-25
-4,2,0.0143267,Yield,0,0,-67,-27
-4,3,0.0143383,Yield,0,0,-71,-30
-4,2,0.0143615,Yield,0,0,-75,-32
-3,3,0.0143848,Yield,0,0,-78,-35
-4,3,0.014408,Yield,0,0,-82,-38
-4,3,0.0144312,Yield,0,0,-86,-41
-4,3,0.0144602,Yield,0,0,-90,-44
-3,2,0.0144718,Yield,0,0,-93,-46
-4,3,0.0145009,Yield,0,0,-97,-49
-4,3,0.0145241,Yield,0,0,-101,-52
-4,3,0.0145473,Yield,0,0,-105,-55
-2,3,0.0145879,Yield,0,0,-107,-58
-3,3,0.0146112,Yield,0,0,-110,-61
-2,2,0.0146228,Yield,0,0,-112,-63
-1,3,0.014646,Yield,0,0,-113,-66
-1,4,0.014675,Yield,0,0,-114,-70
1,3,0.014704,Yield,0,0,-113,-73
2,5,0.0147505,Yield,0,0,-111,-78
4,3,0.0147795,Yield,0,0,-107,-81
1,2,0.0147969,Yield,0,0,-106,-83
3,2,0.0148259,Yield,0,0,-103,-85
2,1,0.0148608,Yield,0,0,-101,-86
2,-1,0.0149014,Yield,0,0,-99,-85
1,-1,0.0149246,Yield,0,0,-98,-84
1,-2,0.0149478,Yield,0,0,-97,-82
-1,-1,0.0149827,Yield,0,0,-98,-81
-2,-2,0.0150117,Yield,0,0,-100,-79
-3,-2,0.0150465,Yield,0,0,-103,-77
-3,-3,0.0150523,Yield,0,0,-106,-74
-2,-3,0.0150756,Yield,0,0,-108,-71
-4,-3,0.0151104,Yield,0,0,-112,-68
-4,-2,0.0151336,Yield,0,0,-116,-66
-4,-3,0.0151626,Yield,0,0,-120,-63
-3,-3,0.0151626,Yield,0,0,-123,-60
-4,-3,0.0151975,Yield,0,0,-127,-57
-4,-3,0.0152207,Yield,0,0,-131,-54
-4,-2,0.0152497,Yield,0,0,-135,-52
-3,-3,0.0152845,Yield,0,0,-138,-49
-1,-3,0.015294,Yield,0,0,-139,-46
-2,-3,0.0153136,Yield,0,0,-141,-43
-1,-3,0.0153484,Yield,0,0,-142,-40
-1,-3,0.0153716,Yield,0,0,-143,-37
-1,-2,0.0154006,Yield,0,0,-144,-35
-1,-3,0.0154355,Yield,0,0,-145,-32
-1,-3,0.0154471,Yield,0,0,-146,-29
-1,-3,0.0154645,Yield,0,0,-147,-26
-2,-3,0.0154993,Yield,0,0,-149,-23
-2,-2,0.01554,Yield,0,0,-151,-21
-3,-3,0.0155574,Yield,0,0,-154,-18
-2,-3,0.0155864,Yield,0,0,-156,-15
-3,-3,0.0156038,Yield,0,0,-159,-12
-4,-3,0.0156183,Yield,0,0,-163,-9
-3,-2,0.0156488,Yield,0,0,-166,-7
-3,-2,0.0156851,Yield,0,0,-169,-5
-2,-2,0.0157141,Yield,0,0,-171,-3
-2,-1,0.0157141,Yield,0,0,-173,-2
-1,-1,0.0157431,Yield,0,0,-174,-1
1,1,0.0157896,Yield,0,0,-173,-2
2,1,0.0158186,Yield,0,0,-171,-3
2,1,0.0158476,Yield,0,0,-169,-4
3,1,0.0158592,Yield,0,0,-166,-5
3,1,0.0158824,Yield,0,0,-163,-6
2,1,0.0159231,Yield,0,0,-161,-7
3,1,0.0159405,Yield,0,0,-158,-8
3,1,0.0160044,Yield,0,0,-155,-9
3,1,0.016016,Yield,0,0,-152,-10
3,-1,0.0160972,Yield,0,0,-149,-9
3,-1,0.016103,Yield,0,0,-146,-8
3,-1,0.0161553,Yield,0,0,-143,-7
2,-2,0.0161611,Yield,0,0,-141,-5
1,-2,0.0161843,Yield,0,0,-140,-3
1,-2,0.0162191,Yield,0,0,-139,-1
-1,-2,0.0162482,Yield,0,0,-140,1
-1,-2,0.0162584,Yield,0,0,-141,3
-2,-2,0.0162888,Yield,0,0,-143,5
-2,-2,0.0163236,Yield,0,0,-145,7
-2,-1,0.0163352,Yield,0,0,-147,8
-2,-2,0.0163701,Yield,0,0,-149,10
-1,-1,0.0164049,Yield,0,0,-150,11
-1,-1,0.0164165,Yield,0,0,-151,12
-1,-1,0.0164455,Yield,0,0,-152,13
1,2,0.0227556,FRAY 1,87,416,-151,11
1,2,0.0227846,FRAY 1,87,416,-150,9
1,2,0.022802,FRAY 1,87,416,-149,7
1,3,0.022831,FRAY 1,87,416,-148,4
1,3,0.0228542,FRAY 1,87,416,-147,1
1,4,0.0228833,FRAY 1,87,416,-146,-3
1,4,0.0229123,FRAY 1,87,416,-145,-7
1,3,0.0229181,FRAY 1,87,416,-144,-10
1,4,0.0229471,FRAY 1,87,416,-143,-14
1,4,0.0229761,FRAY 1,87,416,-142,-18
1,4,0.023011,FRAY 1,87,416,-141,-22
1,3,0.0230168,FRAY 1,87,416,-140,-25
1,4,0.02304,FRAY 1,87,416,-139,-29
1,4,0.0230632,FRAY 1,87,416,-138,-33
1,4,0.0230864,FRAY 1,87,416,-137,-37
1,3,0.0231213,FRAY 1,87,416,-136,-40
2,4,0.0231503,FRAY 1,87,416,-134,-44
1,4,0.0231619,FRAY 1,87,416,-133,-48
2,4,0.0231851,FRAY 1,87,416,-131,-52
3,3,0.0232141,FRAY 1,87,416,-128,-55
3,4,0.023249,FRAY 1,87,416,-125,-59
3,4,0.0232802,FRAY 1,87,416,-122,-63
3,4,0.0232896,FRAY 1,87,416,-119,-67
2,3,0.0233128,FRAY 1,87,416,-117,-70
3,4,0.0233361,FRAY 1,87,416,-114,-74
3,4,0.0233709,FRAY 1,87,416,-111,-78
3,4,0.0233999,FRAY 1,87,416,-108,-82
3,3,0.0234347,FRAY 1,87,416,-105,-85
2,4,0.0234405,FRAY 1,87,416,-103,-89
3,4,0.0234638,FRAY 1,87,416,-100,-93
3,4,0.023487,FRAY 1,87,416,-97,-97
3,3,0.0235218,FRAY 1,87,416,-94,-100
3,4,0.023545,FRAY 1,87,416,-91,-104
2,4,0.0235857,FRAY 1,87,416,-89,-108
3,4,0.0235915,FRAY 1,87,416,-86,-112
3,3,0.0236147,FRAY 1,87,416,-83,-115
3,4,0.0236495,FRAY 1,87,416,-80,-119
3,4,0.0236727,FRAY 1,87,416,-77,-123
2,4,0.0237076,FRAY 1,87,416,-75,-127
3,3,0.0237366,FRAY 1,87,416,-72,-130
3,4,0.0237482,FRAY 1,87,416,-69,-134
3,4,0.0237714,FRAY 1,87,416,-66,-138
3,4,0.0238005,FRAY 1,87,416,-63,-142
3,3,0.0238315,FRAY 1,87,416,-60,-145
2,4,0.0238585,FRAY 1,87,416,-58,-149
3,4,0.0238875,FRAY 1,87,416,-55,-153
3,4,0.0238991,FRAY 1,87,416,-52,-157
3,3,0.0239224,FRAY 1,87,416,-49,-160
3,4,0.0239514,FRAY 1,87,416,-46,-164
2,4,0.0239862,FRAY 1,87,416,-44,-168
3,4,0.0239978,FRAY 1,87,416,-41,-172
3,3,0.0240268,FRAY 1,87,416,-38,-175
3,4,0.0240501,FRAY 1,87,416,-35,-179
3,4,0.0240791,FRAY 1,87,416,-32,-183
2,4,0.0240965,FRAY 1,87,416,-30,-187
3,3,0.024131,FRAY 1,87,416,-27,-190
3,4,0.0241429,FRAY 1,87,416,-24,-194
3,4,0.0241778,FRAY 1,87,416,-21,-198
3,4,0.024201,FRAY 1,87,416,-18,-202
3,3,0.0242242,FRAY 1,87,416,-15,-205
2,4,0.024259,FRAY 1,87,416,-13,-209
3,4,0.0242823,FRAY 1,87,416,-10,-213
3,4,0.0242939,FRAY 1,87,416,-7,-217
3,3,0.0243113,FRAY 1,87,416,-4,-220
3,4,0.0243461,FRAY 1,87,416,-1,-224
2,4,0.024381,FRAY 1,87,416,1,-228
2,4,0.0243926,FRAY 1,87,416,3,-232
2,3,0.0244274,FRAY 1,87,416,5,-235
2,4,0.0244433,FRAY 1,87,416,7,-239
1,4,0.024468,FRAY 1,87,416,8,-243
1,4,0.0244971,FRAY 1,87,416,9,-247
1,3,0.0245203,FRAY 1,87,416,10,-250
1,4,0.0245667,FRAY 1,87,416,11,-254
1,4,0.0245783,FRAY 1,87,416,12,-258
1,4,0.0245957,FRAY 1,87,416,13,-262
1,3,0.024619,FRAY 1,87,416,14,-265
1,4,0.0246422,FRAY 1,87,416,15,-269
1,4,0.0246712,FRAY 1,87,416,16,-273
1,4,0.024706,FRAY 1,87,416,17,-277
1,3,0.0247234,FRAY 1,87,416,18,-280
1,4,0.0247467,FRAY 1,87,416,19,-284
1,3,0.0247757,FRAY 1,87,416,20,-287
1,3,0.0247931,FRAY 1,87,416,21,-290
1,2,0.0248273,FRAY 1,87,416,22,-292
1,1,0.024857,FRAY 1,87,416,23,-293
1,1,0.024886,FRAY 1,87,416,24,-294
1,1,0.0248976,FRAY 1,87,416,25,-295
1,1,0.0249208,FRAY 1,87,416,26,-296
1,1,0.0249789,FRAY 1,87,416,27,-297
1,2,0.0250079,FRAY 1,87,416,28,-299
-1,1,0.0250253,FRAY 1,87,416,27,-300
-1,3,0.0250485,FRAY 1,87,416,26,-303
-1,3,0.0250717,FRAY 1,87,416,25,-306
-1,4,0.0251066,FRAY 1,87,416,24,-310
-1,4,0.0251472,FRAY 1,87,416,23,-314
1,7,0.0251762,FRAY 1,87,416,24,-321
2,4,0.0251995,FRAY 1,87,416,26,-325
1,4,0.0252227,FRAY 1,87,416,27,-329
1,3,0.0252575,FRAY 1,87,416,28,-332
1,4,0.0252865,FRAY 1,87,416,29,-336
1,8,0.0253272,FRAY 1,87,416,30,-344
1,3,0.025362,FRAY 1,87,416,31,-347
1,4,0.0253794,FRAY 1,87,416,32,-351
1,4,0.0254084,FRAY 1,87,416,33,-355
1,4,0.0254375,FRAY 1,87,416,34,-359
-1,3,0.0254491,FRAY 1,87,416,33,-362
-1,4,0.0254781,FRAY 1,87,416,32,-366
-2,4,0.0255071,FRAY 1,87,416,30,-370
-3,4,0.0255478,FRAY 1,87,416,27,-374
-3,3,0.0255594,FRAY 1,87,416,24,-377
-3,4,0.0255768,FRAY 1,87,416,21,-381
-2,4,0.0256,FRAY 1,87,416,19,-385
-3,4,0.0256348,FRAY 1,87,416,16,-389
-3,3,0.025658,FRAY 1,87,416,13,-392
-3,4,0.0256871,FRAY 1,87,416,10,-396
-3,4,0.0257219,FRAY 1,87,416,7,-400
-2,4,0.0257277,FRAY 1,87,416,5,-404
-1,3,0.0257625,FRAY 1,87,416,4,-407
-1,4,0.0257858,FRAY 1,87,416,3,-411
1,4,0.025809,FRAY 1,87,416,4,-415
1,4,0.025838,FRAY 1,87,416,5,-419
1,3,0.0258554,FRAY 1,87,416,6,-422
2,4,0.0258786,FRAY 1,87,416,8,-426
2,4,0.0259019,FRAY 1,87,416,10,-430
2,4,0.0259309,FRAY 1,87,416,12,-434
2,3,0.0259599,FRAY 1,87,416,14,-437
2,4,0.0259947,FRAY 1,87,416,16,-441
2,4,0.0260238,FRAY 1,87,416,18,-445
2,4,0.0260354,FRAY 1,87,416,20,-449
1,3,0.0260586,FRAY 1,87,416,21,-452
1,4,0.0260818,FRAY 1,87,416,22,-456
-1,3,0.0261108,FRAY 1,87,416,21,-459
-1,3,0.0261457,FRAY 1,87,416,20,-462
-2,3,0.0261747,FRAY 1,87,416,18,-465
-2,2,0.0261863,FRAY 1,87,416,16,-467
-2,3,0.0262037,FRAY 1,87,416,14,-470
-2,3,0.0262327,FRAY 1,87,416,12,-473
-2,3,0.0262618,FRAY 1,87,416,10,-476
-1,4,0.026285,FRAY 1,87,416,9,-480
-1,3,0.0263198,FRAY 1,87,416,8,-483
1,4,0.0263372,FRAY 1,87,416,9,-487
1,4,0.0263605,FRAY 1,87,416,10,-491
2,4,0.0263895,FRAY 1,87,416,12,-495
2,4,0.0264359,FRAY 1,87,416,14,-499
2,4,0.0264707,FRAY 1,87,416,16,-503
2,3,0.0264998,FRAY 1,87,416,18,-506
2,4,0.0265114,FRAY 1,87,416,20,-510
2,4,0.0265404,FRAY 1,87,416,22,-514
2,4,0.0265752,FRAY 1,87,416,24,-518
1,3,0.0265868,FRAY 1,87,416,25,-521
2,4,0.0266113,FRAY 1,87,416,27,-525
2,4,0.0266275,FRAY 1,87,416,29,-529
1,4,0.0266507,FRAY 1,87,416,30,-533
1,3,0.026676,FRAY 1,87,416,31,-536
1,4,0.0267088,FRAY 1,87,416,32,-540
-1,4,0.0267378,FRAY 1,87,416,31,-544
-2,3,0.0267668,FRAY 1,87,416,29,-547
-2,2,0.0267784,FRAY 1,87,416,27,-549
-2,3,0.0268016,FRAY 1,87,416,25,-552
-3,3,0.0268307,FRAY 1,87,416,22,-555
-3,3,0.0268597,FRAY 1,87,416,19,-558
-2,3,0.0268945,FRAY 1,87,416,17,-561
-2,2,0.0269003,FRAY 1,87,416,15,-563
-1,1,0.0269351,FRAY 1,87,416,14,-564
-1,2,0.0269584,FRAY 1,87,416,13,-566
1,2,0.0269874,FRAY 1,87,416,14,-568
1,1,0.0270106,FRAY 1,87,416,15,-569
1,1,0.0270454,FRAY 1,87,416,16,-570
1,1,0.0270512,FRAY 1,87,416,17,-571
1,1,0.0271093,FRAY 1,87,416,18,-572
1,1,0.0271325,FRAY 1,87,416,19,-573
1,1,0.0271673,FRAY 1,87,416,20,-574
1,-1,0.0331755,SAN- 2,387,311,21,-573
1,-1,0.0331987,SAN- 2,387,311,22,-572
1,-1,0.0332336,SAN- 2,387,311,23,-571
-1,-2,0.0332568,SAN- 2,387,311,22,-569
-1,-3,0.0332876,SAN- 2,387,311,21,-566
-1,-3,0.0332974,SAN- 2,387,311,20,-563
-1,-3,0.0333206,SAN- 2,387,311,19,-560
-1,-2,0.0333497,SAN- 2,387,311,18,-558
1,-3,0.0333845,SAN- 2,387,311,19,-555
1,-3,0.0334019,SAN- 2,387,311,20,-552
2,-6,0.0334309,SAN- 2,387,311,22,-546
4,-3,0.0334541,SAN- 2,387,311,26,-543
1,-2,0.0334832,SAN- 2,387,311,27,-541
2,-3,0.0335122,SAN- 2,387,311,29,-538
2,-3,0.033547,SAN- 2,387,311,31,-535
2,-6,0.0335843,SAN- 2,387,311,33,-529
4,-2,0.0336051,SAN- 2,387,311,37,-527
3,-3,0.0336283,SAN- 2,387,311,40,-524
2,-3,0.0336573,SAN- 2,387,311,42,-521
3,-3,0.033698,SAN- 2,387,311,45,-518
3,-4,0.0337328,SAN- 2,387,311,48,-514
6,-1,0.0337618,SAN- 2,387,311,54,-513
3,-1,0.0337966,SAN- 2,387,311,57,-512
2,-1,0.0338141,SAN- 2,387,311,59,-511
3,-1,0.0338431,SAN- 2,387,311,62,-510
3,-1,0.0338779,SAN- 2,387,311,65,-509
3,-2,0.0338837,SAN- 2,387,311,68,-507
3,-2,0.0339069,SAN- 2,387,311,71,-505
2,-2,0.0339476,SAN- 2,387,311,73,-503
3,-2,0.033965,SAN- 2,387,311,76,-501
3,-2,0.033994,SAN- 2,387,311,79,-499
3,-1,0.0340114,SAN- 2,387,311,82,-498
3,-2,0.0340346,SAN- 2,387,311,85,-496
2,-2,0.0340593,SAN- 2,387,311,87,-494
3,-2,0.0340985,SAN- 2,387,311,90,-492
3,-2,0.0341159,SAN- 2,387,311,93,-490
3,-1,0.0341473,SAN- 2,387,311,96,-489
3,-1,0.0341624,SAN- 2,387,311,99,-488
2,-1,0.0341856,SAN- 2,387,311,101,-487
3,-1,0.0342089,SAN- 2,387,311,104,-486
3,-1,0.0342436,SAN- 2,387,311,107,-485
3,-1,0.0342727,SAN- 2,387,311,110,-484
3,-1,0.0343017,SAN- 2,387,311,113,-483
2,-1,0.0343423,SAN- 2,387,311,115,-482
3,-1,0.0343655,SAN- 2,387,311,118,-481
3,-1,0.0343946,SAN- 2,387,311,121,-480
3,-1,0.0344294,SAN- 2,387,311,124,-479
3,-1,0.034441,SAN- 2,387,311,127,-478
2,-1,0.0344667,SAN- 2,387,311,129,-477
3,-1,0.0344932,SAN- 2,387,311,132,-476
3,-1,0.0345165,SAN- 2,387,311,135,-475
3,-1,0.0345455,SAN- 2,387,311,138,-474
3,-1,0.0345803,SAN- 2,387,311,141,-473
2,-1,0.0345919,SAN- 2,387,311,143,-472
3,-1,0.034621,SAN- 2,387,311,146,-471
3,-1,0.0346442,SAN- 2,387,311,149,-470
3,-1,0.0346674,SAN- 2,387,311,152,-469
3,-1,0.0346964,SAN- 2,387,311,155,-468
2,-1,0.0347429,SAN- 2,387,311,157,-467
3,-1,0.0347635,SAN- 2,387,311,160,-466
3,-1,0.0347951,SAN- 2,387,311,163,-465
3,-1,0.0348279,SAN- 2,387,311,166,-464
3,-1,0.0348532,SAN- 2,387,311,169,-463
2,-1,0.0348822,SAN- 2,387,311,171,-462
3,-1,0.0348938,SAN- 2,387,311,174,-461
3,-1,0.034917,SAN- 2,387,311,177,-460
3,-1,0.034946,SAN- 2,387,311,180,-459
3,-1,0.0349809,SAN- 2,387,311,183,-458
2,-1,0.0350099,SAN- 2,387,311,185,-457
3,-1,0.0350331,SAN- 2,387,311,188,-456
3,-1,0.0350447,SAN- 2,387,311,191,-455
3,-1,0.0350679,SAN- 2,387,311,194,-454
3,-1,0.0350912,SAN- 2,387,311,197,-453
2,-1,0.035155,SAN- 2,387,311,199,-452
3,-2,0.0351956,SAN- 2,387,311,202,-450
1,1,0.0385974,SAN- 2,387,311,203,-451
1,1,0.038638,SAN- 2,387,311,204,-452
1,-1,0.0426493,-TIA- 3,329,115,205,-451
-2,-1,0.0431485,-TIA- 3,329,115,203,-450
-3,-1,0.0431717,-TIA- 3,329,115,200,-449
-2,-1,0.0431775,-TIA- 3,329,115,198,-448
-3,-1,0.0432065,-TIA- 3,329,115,195,-447
-3,-1,0.0432356,-TIA- 3,329,115,192,-446
-2,-1,0.0432646,-TIA- 3,329,115,190,-445
-1,-2,0.0432994,-TIA- 3,329,115,189,-443
-1,-2,0.0433168,-TIA- 3,329,115,188,-441
-1,-1,0.0433459,-TIA- 3,329,115,187,-440
1,-1,0.0433575,-TIA- 3,329,115,188,-439
1,-1,0.0433865,-TIA- 3,329,115,189,-438
1,-1,0.0434213,-TIA- 3,329,115,190,-437
1,-2,0.0443501,-TIA- 3,329,115,191,-435
-1,-2,0.0443791,-TIA- 3,329,115,190,-433
-1,-1,0.0443907,-TIA- 3,329,115,189,-432
-1,-3,0.044414,-TIA- 3,329,115,188,-429
-2,-3,0.044443,-TIA- 3,329,115,186,-426
-1,-3,0.0444662,-TIA- 3,329,115,185,-423
-3,-3,0.0445127,-TIA- 3,329,115,182,-420
-3,-5,0.0445417,-TIA- 3,329,115,179,-415
-6,-3,0.0445649,-TIA- 3,329,115,173,-412
-3,-3,0.0445939,-TIA- 3,329,115,170,-409
-2,-3,0.0446288,-TIA- 3,329,115,168,-406
-3,-3,0.044652,-TIA- 3,329,115,165,-403
-3,-2,0.0446868,-TIA- 3,329,115,162,-401
-3,-3,0.0446984,-TIA- 3,329,115,159,-398
-3,-3,0.0447158,-TIA- 3,329,115,156,-395
-2,-3,0.0447507,-TIA- 3,329,115,154,-392
-3,-3,0.0447797,-TIA- 3,329,115,151,-389
-2,-2,0.0447855,-TIA- 3,329,115,149,-387
-2,-3,0.0448313,-TIA- 3,329,115,147,-384
-2,-3,0.0448493,-TIA- 3,329,115,145,-381
-2,-3,0.0448668,-TIA- 3,329,115,143,-378
-2,-3,0.04489,-TIA- 3,329,115,141,-375
-1,-2,0.0449306,-TIA- 3,329,115,140,-373
-2,-3,0.0449422,-TIA- 3,329,115,138,-370
-2,-3,0.0449887,-TIA- 3,329,115,136,-367
-2,-3,0.0449945,-TIA- 3,329,115,134,-364
-2,-3,0.0450235,-TIA- 3,329,115,132,-361
-2,-3,0.0450467,-TIA- 3,329,115,130,-358
-2,-2,0.0450757,-TIA- 3,329,115,128,-356
-2,-3,0.0450932,-TIA- 3,329,115,126,-353
-1,-3,0.0451222,-TIA- 3,329,115,125,-350
-2,-3,0.0451502,-TIA- 3,329,115,123,-347
-1,-3,0.0451802,-TIA- 3,329,115,122,-344
-1,-2,0.0451976,-TIA- 3,329,115,121,-342
-1,-3,0.0452383,-TIA- 3,329,115,120,-339
-1,-3,0.0452441,-TIA- 3,329,115,119,-336
-1,-3,0.0452673,-TIA- 3,329,115,118,-333
-1,-3,0.0453021,-TIA- 3,329,115,117,-330
-1,-2,0.0453312,-TIA- 3,329,115,116,-328
-1,-3,0.045366,-TIA- 3,329,115,115,-325
-1,-3,0.0453834,-TIA- 3,329,115,114,-322
-2,-3,0.045395,-TIA- 3,329,115,112,-319
-2,-3,0.0454182,-TIA- 3,329,115,110,-316
-1,-3,0.0454531,-TIA- 3,329,115,109,-313
-2,-2,0.0454763,-TIA- 3,329,115,107,-311
-2,-3,0.0454937,-TIA- 3,329,115,105,-308
-2,-3,0.0455343,-TIA- 3,329,115,103,-305
-2,-3,0.0455517,-TIA- 3,329,115,101,-302
-2,-3,0.045571,-TIA- 3,329,115,99,-299
-1,-2,0.0455982,-TIA- 3,329,115,98,-297
-1,-3,0.0456272,-TIA- 3,329,115,97,-294
-1,-3,0.045662,-TIA- 3,329,115,96,-291
-1,-3,0.0456853,-TIA- 3,329,115,95,-288
-1,-3,0.0456969,-TIA- 3,329,115,94,-285
-1,-2,0.0457317,-TIA- 3,329,115,93,-283
-1,-3,0.0457491,-TIA- 3,329,115,92,-280
-1,-3,0.0457781,-TIA- 3,329,115,91,-277
-1,-3,0.045813,-TIA- 3,329,115,90,-274
-1,-6,0.0458536,-TIA- 3,329,115,89,-268
-1,-2,0.0458768,-TIA- 3,329,115,88,-266
-1,-3,0.0459,-TIA- 3,329,115,87,-263
-1,-3,0.04593,-TIA- 3,329,115,86,-260
1,-3,0.0459639,-TIA- 3,329,115,87,-257
1,-3,0.0459959,-TIA- 3,329,115,88,-254
1,-2,0.0460045,-TIA- 3,329,115,89,-252
1,-3,0.0460336,-TIA- 3,329,115,90,-249
1,-3,0.0460626,-TIA- 3,329,115,91,-246
1,-3,0.0460916,-TIA- 3,329,115,92,-243
1,-3,0.0461234,-TIA- 3,329,115,93,-240
1,-2,0.0461322,-TIA- 3,329,115,94,-238
1,-3,0.0461555,-TIA- 3,329,115,95,-235
1,-3,0.0461787,-TIA- 3,329,115,96,-232
1,-3,0.0462135,-TIA- 3,329,115,97,-229
1,-3,0.0462425,-TIA- 3,329,115,98,-226
1,-3,0.0462774,-TIA- 3,329,115,99,-223
1,-2,0.0462832,-TIA- 3,329,115,100,-221
1,-3,0.046318,-TIA- 3,329,115,101,-218
1,-3,0.0463296,-TIA- 3,329,115,102,-215
1,-3,0.0463644,-TIA- 3,329,115,103,-212
1,-3,0.0463935,-TIA- 3,329,115,104,-209
1,-2,0.0464051,-TIA- 3,329,115,105,-207
1,-3,0.0464341,-TIA- 3,329,115,106,-204
1,-3,0.0464573,-TIA- 3,329,115,107,-201
1,-3,0.0464863,-TIA- 3,329,115,108,-198
1,-3,0.0465154,-TIA- 3,329,115,109,-195
1,-2,0.0465502,-TIA- 3,329,115,110,-193
1,-3,0.046556,-TIA- 3,329,115,111,-190
1,-3,0.0465903,-TIA- 3,329,115,112,-187
1,-3,0.0466141,-TIA- 3,329,115,113,-184
1,-3,0.0466431,-TIA- 3,329,115,114,-181
1,-3,0.0466663,-TIA- 3,329,115,115,-178
1,-2,0.0467011,-TIA- 3,329,115,116,-176
1,-3,0.0467069,-TIA- 3,329,115,117,-173
1,-3,0.0467302,-TIA- 3,329,115,118,-170
1,-3,0.0467592,-TIA- 3,329,115,119,-167
1,-3,0.046794,-TIA- 3,329,115,120,-164
1,-2,0.0468288,-TIA- 3,329,115,121,-162
1,-3,0.0468346,-TIA- 3,329,115,122,-159
1,-3,0.0468579,-TIA- 3,329,115,123,-156
-1,-3,0.0468811,-TIA- 3,329,115,122,-153
-1,-3,0.0469159,-TIA- 3,329,115,121,-150
-1,-2,0.0469449,-TIA- 3,329,115,120,-148
-1,-3,0.0469798,-TIA- 3,329,115,119,-145
-1,-3,0.0469914,-TIA- 3,329,115,118,-142
-1,-3,0.0470094,-TIA- 3,329,115,117,-139
-1,-3,0.0470436,-TIA- 3,329,115,116,-136
-1,-3,0.0470668,-TIA- 3,329,115,115,-133
-1,-2,0.0471017,-TIA- 3,329,115,114,-131
1,-3,0.0471307,-TIA- 3,329,115,115,-128
1,-3,0.0471389,-TIA- 3,329,115,116,-125
1,-3,0.0471655,-TIA- 3,329,115,117,-122
1,-2,0.0471946,-TIA- 3,329,115,118,-120
1,-2,0.0472294,-TIA- 3,329,115,119,-118
1,-1,0.0472526,-TIA- 3,329,115,120,-117
1,-2,0.04727,-TIA- 3,329,115,121,-115
-1,-2,0.0472932,-TIA- 3,329,115,120,-113
-1,-2,0.0473165,-TIA- 3,329,115,119,-111
-2,-2,0.0473455,-TIA- 3,329,115,117,-109
-2,-2,0.0473803,-TIA- 3,329,115,115,-107
-2,-2,0.0473919,-TIA- 3,329,115,113,-105
-1,-1,0.047421,-TIA- 3,329,115,112,-104
-2,-2,0.0474442,-TIA- 3,329,115,110,-102
-1,-1,0.0474674,-TIA- 3,329,115,109,-101
-1,-1,0.0475022,-TIA- 3,329,115,108,-100
-1,-1,0.0475312,-TIA- 3,329,115,107,-99
-1,-1,0.0475429,-TIA- 3,329,115,106,-98
-1,-1,0.0475951,-TIA- 3,329,115,105,-97
-1,-1,0.047659,-TIA- 3,329,115,104,-96
-1,-1,0.0476822,-TIA- 3,329,115,103,-95
-1,-1,0.0477228,-TIA- 3,329,115,102,-94
-1,-1,0.047746,-TIA- 3,329,115,101,-93
-1,-1,0.0478041,-TIA- 3,329,115,100,-92
-1,-1,0.0478389,-TIA- 3,329,115,99,-91
-1,-1,0.0478679,-TIA- 3,329,115,98,-90
-1,-1,0.047897,-TIA- 3,329,115,97,-89
-1,-1,0.0479619,-TIA- 3,329,115,96,-88
-1,-1,0.0479782,-TIA- 3,329,115,95,-87
-1,-1,0.0480259,-TIA- 3,329,115,94,-86
1,-1,0.0482511,-TIA- 3,329,115,95,-85
1,-1,0.0482743,-TIA- 3,329,115,96,-84
1,-1,0.0482975,-TIA- 3,329,115,97,-83
1,-1,0.0483323,-TIA- 3,329,115,98,-82
1,-1,0.0483846,-TIA- 3,329,115,99,-81
1,-1,0.0484194,-TIA- 3,329,115,100,-80
1,-1,0.048431,-TIA- 3,329,115,101,-79
-1,-2,0.0484542,-TIA- 3,329,115,100,-77
-2,-2,0.0484775,-TIA- 3,329,115,98,-75
-2,-2,0.0485065,-TIA- 3,329,115,96,-73
-2,-2,0.0485529,-TIA- 3,329,115,94,-71
-3,-3,0.0485788,-TIA- 3,329,115,91,-68
-3,-1,0.0486168,-TIA- 3,329,115,88,-67
-2,-1,0.0486342,-TIA- 3,329,115,86,-66
-1,1,0.0487677,-TIA- 3,329,115,85,-67
-1,1,0.0487851,-TIA- 3,329,115,84,-68
-1,1,0.0488258,-TIA- 3,329,115,83,-69
-1,1,0.048849,-TIA- 3,329,115,82,-70
-1,-1,0.0523668,GO 4,282,431,81,-69
-1,-1,0.05239,GO 4,282,431,80,-68
-1,-2,0.0524132,GO 4,282,431,79,-66
-1,-2,0.0524437,GO 4,282,431,78,-64
-1,-2,0.0524771,GO 4,282,431,77,-62
-1,-6,0.0525177,GO 4,282,431,76,-56
-5,-2,0.0525526,GO 4,282,431,71,-54
-3,-3,0.05257,GO 4,282,431,68,-51
-4,-3,0.052599,GO 4,282,431,64,-48
-3,-3,0.0526164,GO 4,282,431,61,-45
-4,-3,0.0526629,GO 4,282,431,57,-42
-4,-3,0.0526687,GO 4,282,431,53,-39
-4,-2,0.0526977,GO 4,282,431,49,-37
-3,-3,0.0527267,GO 4,282,431,46,-34
-4,-3,0.0527499,GO 4,282,431,42,-31
-4,-3,0.0527673,GO 4,282,431,38,-28
-4,-3,0.0527906,GO 4,282,431,34,-25
-3,-2,0.0528196,GO 4,282,431,31,-23
-4,-3,0.0528428,GO 4,282,431,27,-20
-4,-3,0.0528834,GO 4,282,431,23,-17
-4,-6,0.0529183,GO 4,282,431,19,-11
-7,-2,0.0529531,GO 4,282,431,12,-9
-4,-3,0.0529705,GO 4,282,431,8,-6
-4,-3,0.0530054,GO 4,282,431,4,-3
-3,-3,0.0530286,GO 4,282,431,1,0
-4,-3,0.053046,GO 4,282,431,-3,3
-4,-3,0.0530692,GO 4,282,431,-7,6
-4,-2,0.0530924,GO 4,282,431,-11,8
-3,-3,0.0531389,GO 4,282,431,-14,11
-4,-3,0.0531563,GO 4,282,431,-18,14
-4,-3,0.0531795,GO 4,282,431,-22,17
-4,-3,0.0531969,GO 4,282,431,-26,20
-3,-2,0.0532201,GO 4,282,431,-29,22
-4,-2,0.0532434,GO 4,282,431,-33,24
-4,-2,0.053284,GO 4,282,431,-37,26
-4,-1,0.0533014,GO 4,282,431,-41,27
-3,1,0.0533537,GO 4,282,431,-44,26
-8,2,0.0533711,GO 4,282,431,-52,24
-4,3,0.0533943,GO 4,282,431,-56,21
-3,2,0.0534291,GO 4,282,431,-59,19
-4,4,0.0534698,GO 4,282,431,-63,15
-4,4,0.0534756,GO 4,282,431,-67,11
-4,4,0.0534988,GO 4,282,431,-71,7
-3,3,0.0535394,GO 4,282,431,-74,4
-3,4,0.0535684,GO 4,282,431,-77,0
-3,4,0.05358,GO 4,282,431,-80,-4
-2,4,0.0535975,GO 4,282,431,-82,-8
-2,3,0.0536323,GO 4,282,431,-84,-11
-1,4,0.0536546,GO 4,282,431,-85,-15
-1,4,0.0536845,GO 4,282,431,-86,-19
1,4,0.0537194,GO 4,282,431,-85,-23
1,7,0.0537542,GO 4,282,431,-84,-30
4,4,0.0537832,GO 4,282,431,-80,-34
3,4,0.0538064,GO 4,282,431,-77,-38
3,3,0.0538355,GO 4,282,431,-74,-41
2,4,0.0538703,GO 4,282,431,-72,-45
3,4,0.0538761,GO 4,282,431,-69,-49
3,4,0.0538993,GO 4,282,431,-66,-53
3,3,0.0539341,GO 4,282,431,-63,-56
3,4,0.0539632,GO 4,282,431,-60,-60
2,4,0.0539806,GO 4,282,431,-58,-64
3,4,0.0540154,GO 4,282,431,-55,-68
3,3,0.054027,GO 4,282,431,-52,-71
3,4,0.0540561,GO 4,282,431,-49,-75
3,4,0.0540851,GO 4,282,431,-46,-79
2,4,0.0541199,GO 4,282,431,-44,-83
2,3,0.0541489,GO 4,282,431,-42,-86
1,4,0.0541663,GO 4,282,431,-41,-90
1,4,0.054178,GO 4,282,431,-40,-94
-1,4,0.0541954,GO 4,282,431,-41,-98
-2,3,0.0542186,GO 4,282,431,-43,-101
-1,4,0.0542534,GO 4,282,431,-44,-105
-2,4,0.0542824,GO 4,282,431,-46,-109
-2,7,0.0543289,GO 4,282,431,-48,-116
-2,4,0.0543463,GO 4,282,431,-50,-120
-2,4,0.0543695,GO 4,282,431,-52,-124
1,4,0.0544102,GO 4,282,431,-51,-128
1,3,0.0544334,GO 4,282,431,-50,-131
1,4,0.0544682,GO 4,282,431,-49,-135
2,4,0.054474,GO 4,282,431,-47,-139
2,4,0.0544972,GO 4,282,431,-45,-143
1,3,0.0545205,GO 4,282,431,-44,-146
2,4,0.0545553,GO 4,282,431,-42,-150
3,4,0.0545901,GO 4,282,431,-39,-154
3,4,0.0546191,GO 4,282,431,-36,-158
3,3,0.0546249,GO 4,282,431,-33,-161
2,4,0.0546482,GO 4,282,431,-31,-165
3,4,0.054683,GO 4,282,431,-28,-169
3,4,0.0547062,GO 4,282,431,-25,-173
3,3,0.0547236,GO 4,282,431,-22,-176
3,4,0.0547701,GO 4,282,431,-19,-180
3,4,0.0547817,GO 4,282,431,-16,-184
2,4,0.0548049,GO 4,282,431,-14,-188
3,3,0.0548339,GO 4,282,431,-11,-191
3,4,0.0548571,GO 4,282,431,-8,-195
3,4,0.054892,GO 4,282,431,-5,-199
3,4,0.054921,GO 4,282,431,-2,-203
1,3,0.0549326,GO 4,282,431,-1,-206
2,4,0.0549558,GO 4,282,431,1,-210
2,4,0.0549849,GO 4,282,431,3,-214
2,4,0.0550197,GO 4,282,431,5,-218
2,3,0.0550255,GO 4,282,431,7,-221
2,4,0.0550487,GO 4,282,431,9,-225
2,4,0.0550835,GO 4,282,431,11,-229
2,4,0.0551068,GO 4,282,431,13,-233
1,3,0.0551416,GO 4,282,431,14,-236
2,4,0.0551706,GO 4,282,431,16,-240
2,4,0.0551822,GO 4,282,431,18,-244
2,4,0.0552054,GO 4,282,431,20,-248
2,3,0.0552345,GO 4,282,431,22,-251
2,4,0.0552577,GO 4,282,431,24,-255
2,4,0.0552809,GO 4,282,431,26,-259
2,4,0.0553215,GO 4,282,431,28,-263
1,3,0.0553332,GO 4,282,431,29,-266
2,4,0.0553564,GO 4,282,431,31,-270
2,4,0.0553796,GO 4,282,431,33,-274
2,4,0.0554086,GO 4,282,431,35,-278
2,3,0.0554434,GO 4,282,431,37,-281
2,4,0.0554667,GO 4,282,431,39,-285
2,8,0.0555073,GO 4,282,431,41,-293
3,3,0.0555421,GO 4,282,431,44,-296
2,4,0.0555654,GO 4,282,431,46,-300
2,4,0.0555944,GO 4,282,431,48,-304
2,4,0.0556176,GO 4,282,431,50,-308
2,3,0.0556524,GO 4,282,431,52,-311
2,4,0.0556582,GO 4,282,431,54,-315
2,4,0.0556815,GO 4,282,431,56,-319
2,4,0.0557163,GO 4,282,431,58,-323
1,3,0.0557395,GO 4,282,431,59,-326
2,4,0.0557685,GO 4,282,431,61,-330
2,4,0.0558034,GO 4,282,431,63,-334
2,4,0.055815,GO 4,282,431,65,-338
2,3,0.0558382,GO 4,282,431,67,-341
2,4,0.0558556,GO 4,282,431,69,-345
2,4,0.0558904,GO 4,282,431,71,-349
1,4,0.0559195,GO 4,282,431,72,-353
1,3,0.0559543,GO 4,282,431,73,-356
1,4,0.0559601,GO 4,282,431,74,-360
1,4,0.0559833,GO 4,282,431,75,-364
1,4,0.0560181,GO 4,282,431,76,-368
1,3,0.0560414,GO 4,282,431,77,-371
1,4,0.0560762,GO 4,282,431,78,-375
1,4,0.0561052,GO 4,282,431,79,-379
1,4,0.0561168,GO 4,282,431,80,-383
1,3,0.05614,GO 4,282,431,81,-386
1,4,0.0561691,GO 4,282,431,82,-390
1,4,0.0562039,GO 4,282,431,83,-394
1,4,0.0562271,GO 4,282,431,84,-398
1,3,0.0562561,GO 4,282,431,85,-401
1,4,0.0562678,GO 4,282,431,86,-405
1,4,0.056291,GO 4,282,431,87,-409
1,4,0.05632,GO 4,282,431,88,-413
1,3,0.0563548,GO 4,282,431,89,-416
1,4,0.056378,GO 4,282,431,90,-420
1,4,0.0564013,GO 4,282,431,91,-424
1,4,0.0564187,GO 4,282,431,92,-428
1,3,0.0564419,GO 4,282,431,93,-431
1,4,0.0564715,GO 4,282,431,94,-435
1,4,0.0565058,GO 4,282,431,95,-439
1,4,0.0565348,GO 4,282,431,96,-443
1,7,0.0565696,GO 4,282,431,97,-450
1,4,0.0565928,GO 4,282,431,98,-454
-1,4,0.0566277,GO 4,282,431,97,-458
-2,3,0.0566509,GO 4,282,431,95,-461
-2,4,0.0566683,GO 4,282,431,93,-465
-2,7,0.0567263,GO 4,282,431,91,-472
-7,2,0.0567554,GO 4,282,431,84,-474
-4,3,0.0567728,GO 4,282,431,80,-477
-3,3,0.0568018,GO 4,282,431,77,-480
-4,3,0.0568192,GO 4,282,431,73,-483
-4,3,0.0568657,GO 4,282,431,69,-486
-4,3,0.0568715,GO 4,282,431,65,-489
-3,2,0.0568992,GO 4,282,431,62,-491
-4,3,0.0569237,GO 4,282,431,58,-494
-4,3,0.0569527,GO 4,282,431,54,-497
-3,3,0.0569876,GO 4,282,431,51,-500
-2,3,0.0569934,GO 4,282,431,49,-503
-1,2,0.0570282,GO 4,282,431,48,-505
1,3,0.0570514,GO 4,282,431,49,-508
2,3,0.0570746,GO 4,282,431,51,-511
2,3,0.0571037,GO 4,282,431,53,-514
2,2,0.057127,GO 4,282,431,55,-516
3,2,0.0571443,GO 4,282,431,58,-518
3,1,0.0571849,GO 4,282,431,61,-519
2,2,0.0572024,GO 4,282,431,63,-521
2,2,0.057243,GO 4,282,431,65,-523
2,1,0.0572546,GO 4,282,431,67,-524
1,1,0.057272,GO 4,282,431,68,-525
-1,-1,0.0627287,FRAY 5,338,307,67,-524
-1,-1,0.0627519,FRAY 5,338,307,66,-523
-1,-2,0.0627751,FRAY 5,338,307,65,-521
-1,-1,0.06281,FRAY 5,338,307,64,-520
-1,-2,0.0628332,FRAY 5,338,307,63,-518
-1,-3,0.0628738,FRAY 5,338,307,62,-515
-1,-3,0.0628796,FRAY 5,338,307,61,-512
-1,-3,0.0629029,FRAY 5,338,307,60,-509
-1,-3,0.0629261,FRAY 5,338,307,59,-506
-1,-2,0.0629609,FRAY 5,338,307,58,-504
-1,-3,0.0629899,FRAY 5,338,307,57,-501
-1,-3,0.0630073,FRAY 5,338,307,56,-498
-1,-3,0.0630306,FRAY 5,338,307,55,-495
-1,-3,0.0630654,FRAY 5,338,307,54,-492
-1,-2,0.0630806,FRAY 5,338,307,53,-490
-1,-3,0.0631118,FRAY 5,338,307,52,-487
-1,-3,0.0631351,FRAY 5,338,307,51,-484
-1,-3,0.0631699,FRAY 5,338,307,50,-481
1,-3,0.0631815,FRAY 5,338,307,51,-478
1,-2,0.0631989,FRAY 5,338,307,52,-476
1,-3,0.0632221,FRAY 5,338,307,53,-473
1,-3,0.063257,FRAY 5,338,307,54,-470
1,-3,0.063286,FRAY 5,338,307,55,-467
2,-3,0.0633208,FRAY 5,338,307,57,-464
2,-3,0.0633324,FRAY 5,338,307,59,-461
2,-2,0.0633556,FRAY 5,338,307,61,-459
2,-3,0.0633884,FRAY 5,338,307,63,-456
1,-3,0.0634137,FRAY 5,338,307,64,-453
2,-3,0.0634427,FRAY 5,338,307,66,-450
2,-3,0.0634776,FRAY 5,338,307,68,-447
2,-2,0.0634834,FRAY 5,338,307,70,-445
2,-3,0.0635066,FRAY 5,338,307,72,-442
2,-3,0.0635414,FRAY 5,338,307,74,-439
2,-3,0.0635704,FRAY 5,338,307,76,-436
2,-3,0.0635937,FRAY 5,338,307,78,-433
1,-2,0.0636169,FRAY 5,338,307,79,-431
2,-3,0.0636401,FRAY 5,338,307,81,-428
2,-3,0.0636575,FRAY 5,338,307,83,-425
3,-3,0.0636865,FRAY 5,338,307,86,-422
3,-3,0.0637214,FRAY 5,338,307,89,-419
3,-5,0.0637562,FRAY 5,338,307,92,-414
5,-3,0.063791,FRAY 5,338,307,97,-411
3,-3,0.0638142,FRAY 5,338,307,100,-408
3,-3,0.0638375,FRAY 5,338,307,103,-405
3,-3,0.0638607,FRAY 5,338,307,106,-402
2,-2,0.0638781,FRAY 5,338,307,108,-400
3,-3,0.0639013,FRAY 5,338,307,111,-397
3,-3,0.0639303,FRAY 5,338,307,114,-394
3,-3,0.0639566,FRAY 5,338,307,117,-391
3,-3,0.0639826,FRAY 5,338,307,120,-388
3,-2,0.0640116,FRAY 5,338,307,123,-386
2,-6,0.0640522,FRAY 5,338,307,125,-380
6,-3,0.0640871,FRAY 5,338,307,131,-377
3,-3,0.0641103,FRAY 5,338,307,134,-374
3,-3,0.0641335,FRAY 5,338,307,137,-371
2,-2,0.0641625,FRAY 5,338,307,139,-369
2,-3,0.0641974,FRAY 5,338,307,141,-366
2,-3,0.0642032,FRAY 5,338,307,143,-363
3,-3,0.064238,FRAY 5,338,307,146,-360
3,-3,0.0642612,FRAY 5,338,307,149,-357
3,-2,0.0642844,FRAY 5,338,307,152,-355
2,-3,0.0643183,FRAY 5,338,307,154,-352
3,-3,0.0643483,FRAY 5,338,307,157,-349
3,-3,0.0643541,FRAY 5,338,307,160,-346
3,-3,0.0643715,FRAY 5,338,307,163,-343
3,-2,0.0644063,FRAY 5,338,307,166,-341
2,-3,0.0644296,FRAY 5,338,307,168,-338
3,-3,0.0644644,FRAY 5,338,307,171,-335
2,-3,0.0644934,FRAY 5,338,307,173,-332
2,-3,0.064505,FRAY 5,338,307,175,-329
2,-3,0.0645283,FRAY 5,338,307,177,-326
2,-2,0.0645573,FRAY 5,338,307,179,-324
2,-3,0.0645805,FRAY 5,338,307,181,-321
2,-3,0.0646037,FRAY 5,338,307,183,-318
2,-3,0.0646385,FRAY 5,338,307,185,-315
1,-3,0.064656,FRAY 5,338,307,186,-312
1,-1,0.0646792,FRAY 5,338,307,187,-311
1,-2,0.0647082,FRAY 5,338,307,188,-309
1,-2,0.064743,FRAY 5,338,307,189,-307
1,-2,0.0647595,FRAY 5,338,307,190,-305
1,-1,0.0647895,FRAY 5,338,307,191,-304
1,-1,0.0648069,FRAY 5,338,307,192,-303
1,-1,0.0648301,FRAY 5,338,307,193,-302
1,-1,0.0648824,FRAY 5,338,307,194,-301
1,-1,0.064923,FRAY 5,338,307,195,-300
1,-1,0.064952,FRAY 5,338,307,196,-299
1,-1,0.0649578,FRAY 5,338,307,197,-298
1,-1,0.064981,FRAY 5,338,307,198,-297
1,-1,0.0650391,FRAY 5,338,307,199,-296
1,-1,0.0650681,FRAY 5,338,307,200,-295
1,-2,0.0651088,FRAY 5,338,307,201,-293
-2,-2,0.065132,FRAY 5,338,307,199,-291
-2,-2,0.0651552,FRAY 5,338,307,197,-289
-3,-2,0.06519,FRAY 5,338,307,194,-287
-4,-3,0.065219,FRAY 5,338,307,190,-284
-3,-3,0.0652365,FRAY 5,338,307,187,-281
-4,-1,0.0652655,FRAY 5,338,307,183,-280
-4,-2,0.0652887,FRAY 5,338,307,179,-278
-4,-2,0.0653119,FRAY 5,338,307,175,-276
-3,-2,0.065341,FRAY 5,338,307,172,-274
-4,-2,0.0653758,FRAY 5,338,307,168,-272
-4,-1,0.0654048,FRAY 5,338,307,164,-271
-4,-1,0.0654164,FRAY 5,338,307,160,-270
-3,-1,0.0654396,FRAY 5,338,307,157,-269
-4,-1,0.0654629,FRAY 5,338,307,153,-268
-1,-1,0.0737001,SAN- 6,280,234,152,-267
-1,-1,0.073735,SAN- 6,280,234,151,-266
-1,-2,0.073764,SAN- 6,280,234,150,-264
-1,-2,0.0737872,SAN- 6,280,234,149,-262
-1,-5,0.0738337,SAN- 6,280,234,148,-257
-1,-3,0.0738627,SAN- 6,280,234,147,-254
-1,-3,0.0738975,SAN- 6,280,234,146,-251
-1,-3,0.0739091,SAN- 6,280,234,145,-248
-1,-3,0.0739439,SAN- 6,280,234,144,-245
-1,-3,0.073973,SAN- 6,280,234,143,-242
-2,-2,0.0739846,SAN- 6,280,234,141,-240
-3,-3,0.0740078,SAN- 6,280,234,138,-237
-3,-3,0.0740368,SAN- 6,280,234,135,-234
-4,-3,0.0740717,SAN- 6,280,234,131,-231
-3,-3,0.0741007,SAN- 6,280,234,128,-228
-4,-2,0.0741239,SAN- 6,280,234,124,-226
-4,-3,0.0741413,SAN- 6,280,234,120,-223
-4,-3,0.0741587,SAN- 6,280,234,116,-220
-2,-3,0.0741878,SAN- 6,280,234,114,-217
-3,-3,0.0742226,SAN- 6,280,234,111,-214
-3,-5,0.0742632,SAN- 6,280,234,108,-209
-6,-3,0.0742922,SAN- 6,280,234,102,-206
-3,-3,0.0743271,SAN- 6,280,234,99,-203
-2,-3,0.0743387,SAN- 6,280,234,97,-200
-3,-3,0.0743735,SAN- 6,280,234,94,-197
-3,-2,0.0744026,SAN- 6,280,234,91,-195
-3,-3,0.0744316,SAN- 6,280,234,88,-192
-2,-3,0.0744374,SAN- 6,280,234,86,-189
-2,-2,0.0744606,SAN- 6,280,234,84,-187
-2,-2,0.0744954,SAN- 6,280,234,82,-185
-1,-2,0.0745244,SAN- 6,280,234,81,-183
-1,-1,0.0745593,SAN- 6,280,234,80,-182
-1,-2,0.0745825,SAN- 6,280,234,79,-180
-1,-2,0.0745883,SAN- 6,280,234,78,-178
-1,-1,0.0746115,SAN- 6,280,234,77,-177
1,-1,0.0746463,SAN- 6,280,234,78,-176
1,-1,0.0746696,SAN- 6,280,234,79,-175
1,-1,0.0746812,SAN- 6,280,234,80,-174
1,-1,0.0747334,SAN- 6,280,234,81,-173
-1,1,0.0750353,SAN- 6,280,234,80,-174
-2,1,0.0750701,SAN- 6,280,234,78,-175
-1,1,0.0750933,SAN- 6,280,234,77,-176
-2,1,0.0751107,SAN- 6,280,234,75,-177
-3,2,0.075163,SAN- 6,280,234,72,-179
-3,2,0.075192,SAN- 6,280,234,69,-181
-3,2,0.075221,SAN- 6,280,234,66,-183
-2,2,0.0752501,SAN- 6,280,234,64,-185
-3,2,0.0752617,SAN- 6,280,234,61,-187
-2,2,0.0752849,SAN- 6,280,234,59,-189
-2,2,0.0753139,SAN- 6,280,234,57,-191
-2,1,0.0753488,SAN- 6,280,234,55,-192
-2,1,0.075401,SAN- 6,280,234,53,-193
-2,1,0.0754126,SAN- 6,280,234,51,-194
-1,1,0.0754358,SAN- 6,280,234,50,-195
-1,-1,0.0841549,-TIA- 7,121,109,49,-194
-1,-1,0.0841781,-TIA- 7,121,109,48,-193
-3,-1,0.0843987,-TIA- 7,121,109,45,-192
-4,-1,0.084422,-TIA- 7,121,109,41,-191
-4,-2,0.0844568,-TIA- 7,121,109,37,-189
-4,-2,0.0844858,-TIA- 7,121,109,33,-187
-4,-2,0.0845148,-TIA- 7,121,109,29,-185
-3,-2,0.0845497,-TIA- 7,121,109,26,-183
-4,-2,0.0845613,-TIA- 7,121,109,22,-181
-4,-3,0.0845903,-TIA- 7,121,109,18,-178
-4,-2,0.0846193,-TIA- 7,121,109,14,-176
-2,-3,0.0846425,-TIA- 7,121,109,12,-173
-3,-3,0.0846658,-TIA- 7,121,109,9,-170
-3,-3,0.0847006,-TIA- 7,121,109,6,-167
-3,-3,0.0847064,-TIA- 7,121,109,3,-164
-3,-5,0.0847644,-TIA- 7,121,109,0,-159
-5,-3,0.0847877,-TIA- 7,121,109,-5,-156
-3,-3,0.0848225,-TIA- 7,121,109,-8,-153
-3,-3,0.0848457,-TIA- 7,121,109,-11,-150
-3,-3,0.0848573,-TIA- 7,121,109,-14,-147
-3,-1,0.084883,-TIA- 7,121,109,-17,-146
-1,-2,0.0849154,-TIA- 7,121,109,-18,-144
-2,-2,0.0849386,-TIA- 7,121,109,-20,-142
-2,-2,0.0849618,-TIA- 7,121,109,-22,-140
-2,-2,0.0850024,-TIA- 7,121,109,-24,-138
-2,-2,0.0850141,-TIA- 7,121,109,-26,-136
-2,-2,0.0850141,-TIA- 7,121,109,-28,-134
-2,-2,0.0850431,-TIA- 7,121,109,-30,-132
-2,-1,0.0850721,-TIA- 7,121,109,-32,-131
-3,-2,0.0850895,-TIA- 7,121,109,-35,-129
-3,-2,0.0851244,-TIA- 7,121,109,-38,-127
-3,-2,0.085136,-TIA- 7,121,109,-41,-125
-3,-3,0.0851592,-TIA- 7,121,109,-44,-122
-3,-3,0.0851882,-TIA- 7,121,109,-47,-119
-2,-3,0.0852279,-TIA- 7,121,109,-49,-116
-3,-2,0.0852521,-TIA- 7,121,109,-52,-114
-3,-3,0.0852753,-TIA- 7,121,109,-55,-111
-3,-3,0.0852927,-TIA- 7,121,109,-58,-108
-3,-3,0.0853159,-TIA- 7,121,109,-61,-105
-2,-3,0.0853391,-TIA- 7,121,109,-63,-102
-3,-2,0.0853682,-TIA- 7,121,109,-66,-100
-3,-3,0.0853914,-TIA- 7,121,109,-69,-97
-3,-6,0.0854436,-TIA- 7,121,109,-72,-91
-5,-3,0.0854727,-TIA- 7,121,109,-77,-88
-3,-2,0.0854901,-TIA- 7,121,109,-80,-86
-3,-3,0.0855191,-TIA- 7,121,109,-83,-83
-3,-2,0.0855539,-TIA- 7,121,109,-86,-81
-3,-2,0.0855713,-TIA- 7,121,109,-89,-79
-2,-2,0.0855946,-TIA- 7,121,109,-91,-77
-3,-2,0.0856236,-TIA- 7,121,109,-94,-75
-3,-2,0.085641,-TIA- 7,121,109,-97,-73
-3,-2,0.0856642,-TIA- 7,121,109,-100,-71
-3,-1,0.0857049,-TIA- 7,121,109,-103,-70
-3,-2,0.0857397,-TIA- 7,121,109,-106,-68
-2,-2,0.0857513,-TIA- 7,121,109,-108,-66
-3,-2,0.0857687,-TIA- 7,121,109,-111,-64
-2,-2,0.0857919,-TIA- 7,121,109,-113,-62
-2,-2,0.0858268,-TIA- 7,121,109,-115,-60
-2,-2,0.0858558,-TIA- 7,121,109,-117,-58
-2,-2,0.085879,-TIA- 7,121,109,-119,-56
-2,-1,0.0858964,-TIA- 7,121,109,-121,-55
-1,-2,0.0859196,-TIA- 7,121,109,-122,-53
-2,-2,0.0859545,-TIA- 7,121,109,-124,-51
-2,-2,0.0859777,-TIA- 7,121,109,-126,-49
-2,-2,0.0860067,-TIA- 7,121,109,-128,-47
-2,-2,0.0860415,-TIA- 7,121,109,-130,-45
-2,-2,0.0860532,-TIA- 7,121,109,-132,-43
-2,-2,0.0860706,-TIA- 7,121,109,-134,-41
-2,-1,0.0861054,-TIA- 7,121,109,-136,-40
-1,-2,0.0861344,-TIA- 7,121,109,-137,-38
-2,-2,0.0861634,-TIA- 7,121,109,-139,-36
-2,-2,0.0861925,-TIA- 7,121,109,-141,-34
-2,-2,0.0862041,-TIA- 7,121,109,-143,-32
-2,-2,0.0862273,-TIA- 7,121,109,-145,-30
-2,-2,0.0862563,-TIA- 7,121,109,-147,-28
-1,-2,0.0862795,-TIA- 7,121,109,-148,-26
-1,-3,0.0863202,-TIA- 7,121,109,-149,-23
-2,-2,0.086355,-TIA- 7,121,109,-151,-21
-2,-2,0.0863782,-TIA- 7,121,109,-153,-19
-1,-2,0.0864015,-TIA- 7,121,109,-154,-17
-1,-2,0.0864421,-TIA- 7,121,109,-155,-15
-1,-2,0.0864479,-TIA- 7,121,109,-156,-13
-1,-2,0.0864711,-TIA- 7,121,109,-157,-11
-1,-1,0.0865059,-TIA- 7,121,109,-158,-10
-1,-2,0.0865408,-TIA- 7,121,109,-159,-8
-1,-2,0.0865582,-TIA- 7,121,109,-160,-6
-2,-2,0.0865872,-TIA- 7,121,109,-162,-4
-2,-2,0.0865988,-TIA- 7,121,109,-164,-2
-2,-2,0.0866278,-TIA- 7,121,109,-166,0
-2,-2,0.0866569,-TIA- 7,121,109,-168,2
-1,-2,0.0866975,-TIA- 7,121,109,-169,4
-2,-1,0.0867207,-TIA- 7,121,109,-171,5
-2,-4,0.0867556,-TIA- 7,121,109,-173,9
-3,-2,0.0867788,-TIA- 7,121,109,-176,11
-1,-2,0.086802,-TIA- 7,121,109,-177,13
-1,-2,0.086831,-TIA- 7,121,109,-178,15
-1,-2,0.0868717,-TIA- 7,121,109,-179,17
-1,-3,0.0869065,-TIA- 7,121,109,-180,20
-2,-1,0.0869471,-TIA- 7,121,109,-182,21
-2,-1,0.0869703,-TIA- 7,121,109,-184,22
-1,-1,0.0869936,-TIA- 7,121,109,-185,23
-1,-1,0.0870226,-TIA- 7,121,109,-186,24
-1,-1,0.0870574,-TIA- 7,121,109,-187,25
-1,-1,0.0870922,-TIA- 7,121,109,-188,26
-1,-1,0.0871213,-TIA- 7,121,109,-189,27
-1,-2,0.0871851,-TIA- 7,121,109,-190,29
-1,1,0.0928657,GO 8,142,496,-191,28
-1,2,0.0929146,GO 8,142,496,-192,26
-1,2,0.0929379,GO 8,142,496,-193,24
-1,3,0.0929611,GO 8,142,496,-194,21
-1,3,0.0929843,GO 8,142,496,-195,18
-1,3,0.0930191,GO 8,142,496,-196,15
-1,3,0.0930424,GO 8,142,496,-197,12
1,4,0.0930723,GO 8,142,496,-196,8
1,4,0.0930772,GO 8,142,496,-195,4
1,4,0.0930946,GO 8,142,496,-194,0
1,3,0.0931294,GO 8,142,496,-193,-3
1,4,0.0931585,GO 8,142,496,-192,-7
1,4,0.0931875,GO 8,142,496,-191,-11
1,4,0.0931991,GO 8,142,496,-190,-15
2,3,0.0932223,GO 8,142,496,-188,-18
2,4,0.0932503,GO 8,142,496,-186,-22
2,4,0.0932804,GO 8,142,496,-184,-26
1,4,0.0932978,GO 8,142,496,-183,-30
2,3,0.0933442,GO 8,142,496,-181,-33
2,4,0.0933558,GO 8,142,496,-179,-37
2,4,0.093379,GO 8,142,496,-177,-41
2,4,0.0934139,GO 8,142,496,-175,-45
2,3,0.0934313,GO 8,142,496,-173,-48
2,4,0.0934661,GO 8,142,496,-171,-52
2,4,0.0934951,GO 8,142,496,-169,-56
1,4,0.0935068,GO 8,142,496,-168,-60
2,3,0.09353,GO 8,142,496,-166,-63
2,4,0.0935706,GO 8,142,496,-164,-67
2,4,0.0935996,GO 8,142,496,-162,-71
2,7,0.0936345,GO 8,142,496,-160,-78
4,4,0.0936635,GO 8,142,496,-156,-82
2,4,0.0936809,GO 8,142,496,-154,-86
1,4,0.0937157,GO 8,142,496,-153,-90
2,3,0.093739,GO 8,142,496,-151,-93
2,4,0.093768,GO 8,142,496,-149,-97
2,4,0.0937796,GO 8,142,496,-147,-101
2,4,0.0938086,GO 8,142,496,-145,-105
2,3,0.0938318,GO 8,142,496,-143,-108
2,4,0.0938667,GO 8,142,496,-141,-112
2,4,0.0938957,GO 8,142,496,-139,-116
1,4,0.0939189,GO 8,142,496,-138,-120
2,3,0.0939305,GO 8,142,496,-136,-123
2,4,0.0939537,GO 8,142,496,-134,-127
2,4,0.0939828,GO 8,142,496,-132,-131
2,4,0.0940118,GO 8,142,496,-130,-135
2,3,0.0940524,GO 8,142,496,-128,-138
1,4,0.094064,GO 8,142,496,-127,-142
1,4,0.0940815,GO 8,142,496,-126,-146
1,4,0.0941047,GO 8,142,496,-125,-150
1,3,0.0941344,GO 8,142,496,-124,-153
1,4,0.0941627,GO 8,142,496,-123,-157
1,4,0.0941976,GO 8,142,496,-122,-161
1,7,0.0942324,GO 8,142,496,-121,-168
1,4,0.0942672,GO 8,142,496,-120,-172
1,4,0.0942788,GO 8,142,496,-119,-176
1,4,0.0943137,GO 8,142,496,-118,-180
1,3,0.0943427,GO 8,142,496,-117,-183
1,8,0.0943833,GO 8,142,496,-116,-191
1,4,0.0944065,GO 8,142,496,-115,-195
-1,3,0.0944298,GO 8,142,496,-116,-198
-1,4,0.0944646,GO 8,142,496,-117,-202
-1,4,0.0944936,GO 8,142,496,-118,-206
-2,4,0.0945284,GO 8,142,496,-120,-210
-2,3,0.09454,GO 8,142,496,-122,-213
-2,4,0.0945578,GO 8,142,496,-124,-217
-3,4,0.0945865,GO 8,142,496,-127,-221
-3,4,0.0946155,GO 8,142,496,-130,-225
-2,3,0.0946503,GO 8,142,496,-132,-228
-3,4,0.0946794,GO 8,142,496,-135,-232
-3,4,0.094691,GO 8,142,496,-138,-236
-4,4,0.0947128,GO 8,142,496,-142,-240
-4,3,0.0947432,GO 8,142,496,-146,-243
-3,4,0.0947664,GO 8,142,496,-149,-247
-4,4,0.0948013,GO 8,142,496,-153,-251
-4,4,0.0948303,GO 8,142,496,-157,-255
-3,3,0.0948419,GO 8,142,496,-160,-258
-2,4,0.0948651,GO 8,142,496,-162,-262
-2,4,0.0948941,GO 8,142,496,-164,-266
-2,4,0.094929,GO 8,142,496,-166,-270
-1,3,0.0949464,GO 8,142,496,-167,-273
-1,4,0.0949754,GO 8,142,496,-168,-277
-1,4,0.0949928,GO 8,142,496,-169,-281
1,4,0.0950161,GO 8,142,496,-168,-285
1,3,0.0950451,GO 8,142,496,-167,-288
1,4,0.0950799,GO 8,142,496,-166,-292
2,4,0.0951031,GO 8,142,496,-164,-296
1,4,0.0951263,GO 8,142,496,-163,-300
2,3,0.0951438,GO 8,142,496,-161,-303
2,4,0.095167,GO 8,142,496,-159,-307
2,4,0.0952018,GO 8,142,496,-157,-311
2,4,0.0952308,GO 8,142,496,-155,-315
2,3,0.0952657,GO 8,142,496,-153,-318
2,4,0.0952798,GO 8,142,496,-151,-322
2,4,0.0952947,GO 8,142,496,-149,-326
1,4,0.0953179,GO 8,142,496,-148,-330
2,3,0.0953411,GO 8,142,496,-146,-333
2,4,0.0953818,GO 8,142,496,-144,-337
2,4,0.095405,GO 8,142,496,-142,-341
2,4,0.0954166,GO 8,142,496,-140,-345
2,3,0.095434,GO 8,142,496,-138,-348
2,4,0.095463,GO 8,142,496,-136,-352
2,4,0.0954863,GO 8,142,496,-134,-356
1,4,0.0955153,GO 8,142,496,-133,-360
2,3,0.0955501,GO 8,142,496,-131,-363
2,4,0.0955559,GO 8,142,496,-129,-367
2,4,0.0955907,GO 8,142,496,-127,-371
2,4,0.0956198,GO 8,142,496,-125,-375
2,3,0.0956372,GO 8,142,496,-123,-378
2,4,0.0956662,GO 8,142,496,-121,-382
2,4,0.095701,GO 8,142,496,-119,-386
1,4,0.0957127,GO 8,142,496,-118,-390
2,3,0.0957301,GO 8,142,496,-116,-393
2,4,0.0957649,GO 8,142,496,-114,-397
2,4,0.0957881,GO 8,142,496,-112,-401
2,4,0.0958113,GO 8,142,496,-110,-405
2,3,0.095852,GO 8,142,496,-108,-408
2,4,0.0958636,GO 8,142,496,-106,-412
1,4,0.0958868,GO 8,142,496,-105,-416
2,4,0.0959158,GO 8,142,496,-103,-420
2,3,0.095939,GO 8,142,496,-101,-423
2,4,0.0959739,GO 8,142,496,-99,-427
2,4,0.0959971,GO 8,142,496,-97,-431
2,4,0.0960145,GO 8,142,496,-95,-435
2,3,0.0960377,GO 8,142,496,-93,-438
2,4,0.0960668,GO 8,142,496,-91,-442
1,4,0.0960958,GO 8,142,496,-90,-446
1,4,0.096119,GO 8,142,496,-89,-450
1,3,0.096148,GO 8,142,496,-88,-453
-1,4,0.0961654,GO 8,142,496,-89,-457
-1,4,0.0961887,GO 8,142,496,-90,-461
-3,4,0.0962235,GO 8,142,496,-93,-465
-3,3,0.0962525,GO 8,142,496,-96,-468
-4,4,0.0962757,GO 8,142,496,-100,-472
-4,4,0.096299,GO 8,142,496,-104,-476
-3,4,0.0963164,GO 8,142,496,-107,-480
-4,3,0.0963396,GO 8,142,496,-111,-483
-4,4,0.0963686,GO 8,142,496,-115,-487
-3,4,0.0963976,GO 8,142,496,-118,-491
-4,4,0.0964267,GO 8,142,496,-122,-495
-4,3,0.096452,GO 8,142,496,-126,-498
-4,4,0.0964673,GO 8,142,496,-130,-502
-3,4,0.0964905,GO 8,142,496,-133,-506
-4,4,0.0965195,GO 8,142,496,-137,-510
-4,3,0.0965486,GO 8,142,496,-141,-513
-4,4,0.0965892,GO 8,142,496,-145,-517
-3,4,0.0966124,GO 8,142,496,-148,-521
-2,4,0.096624,GO 8,142,496,-150,-525
-3,3,0.0966531,GO 8,142,496,-153,-528
-3,4,0.0966705,GO 8,142,496,-156,-532
-3,4,0.0966995,GO 8,142,496,-159,-536
-3,4,0.0967343,GO 8,142,496,-162,-540
-2,3,0.096775,GO 8,142,496,-164,-543
-3,4,0.0967808,GO 8,142,496,-167,-547
-3,4,0.0968098,GO 8,142,496,-170,-551
-4,4,0.0968214,GO 8,142,496,-174,-555
-4,3,0.0968504,GO 8,142,496,-178,-558
-3,3,0.0968678,GO 8,142,496,-181,-561
-4,3,0.0969188,GO 8,142,496,-185,-564
-3,3,0.0969259,GO 8,142,496,-188,-567
-3,3,0.0969491,GO 8,142,496,-191,-570
-2,2,0.0969834,GO 8,142,496,-193,-572
-2,3,0.0970072,GO 8,142,496,-195,-575
-2,3,0.0970188,GO 8,142,496,-197,-578
-2,3,0.0970587,GO 8,142,496,-199,-581
2,3,0.0970594,GO 8,142,496,-197,-584
2,1,0.0970826,GO 8,142,496,-195,-585
3,2,0.0971117,GO 8,142,496,-192,-587
3,2,0.0971465,GO 8,142,496,-189,-589
3,2,0.0971523,GO 8,142,496,-186,-591
2,1,0.0971871,GO 8,142,496,-184,-592
3,1,0.0972103,GO 8,142,496,-181,-593
3,-1,0.0972974,GO 8,142,496,-178,-592
3,-1,0.097309,GO 8,142,496,-175,-591
2,-2,0.0973322,GO 8,142,496,-173,-589
3,-2,0.0973613,GO 8,142,496,-170,-587
3,-2,0.0973961,GO 8,142,496,-167,-585
3,-2,0.0974193,GO 8,142,496,-164,-583
3,-3,0.0974367,GO 8,142,496,-161,-580
1,-3,0.09746,GO 8,142,496,-160,-577
2,-3,0.0974832,GO 8,142,496,-158,-574
2,-3,0.097518,GO 8,142,496,-156,-571
2,-2,0.0975412,GO 8,142,496,-154,-569
2,-6,0.0975877,GO 8,142,496,-152,-563
5,-3,0.0976109,GO 8,142,496,-147,-560
2,-3,0.0976341,GO 8,142,496,-145,-557
3,-2,0.0976689,GO 8,142,496,-142,-555
3,-3,0.097698,GO 8,142,496,-139,-552
3,-3,0.0977328,GO 8,142,496,-136,-549
3,-3,0.0977386,GO 8,142,496,-133,-546
3,-3,0.0977618,GO 8,142,496,-130,-543
2,-3,0.097785,GO 8,142,496,-128,-540
3,-2,0.0978199,GO 8,142,496,-125,-538
3,-3,0.0978489,GO 8,142,496,-122,-535
3,-3,0.0978837,GO 8,142,496,-119,-532
2,-3,0.0978937,GO 8,142,496,-117,-529
1,-3,0.0979127,GO 8,142,496,-116,-526
1,-2,0.0979476,GO 8,142,496,-115,-524
-1,-3,0.0979708,GO 8,142,496,-116,-521
-1,-3,0.0980056,GO 8,142,496,-117,-518
-3,-3,0.0980288,GO 8,142,496,-120,-515
-3,-2,0.0980463,GO 8,142,496,-123,-513
-4,-1,0.0980695,GO 8,142,496,-127,-512
-3,-1,0.0980985,GO 8,142,496,-130,-511
-3,1,0.0981972,GO 8,142,496,-133,-512
-4,1,0.0982204,GO 8,142,496,-137,-513
-4,1,0.0982494,GO 8,142,496,-141,-514
-4,2,0.0982843,GO 8,142,496,-145,-516
-3,2,0.0982959,GO 8,142,496,-148,-518
-3,2,0.0983133,GO 8,142,496,-151,-520
-3,2,0.0983481,GO 8,142,496,-154,-522
-2,1,0.0983713,GO 8,142,496,-156,-523
-2,1,0.0984043,GO 8,142,496,-158,-524
-1,-1,0.0988009,GO 8,142,496,-159,-523
-2,-1,0.0988357,GO 8,142,496,-161,-522
-1,-1,0.0988648,GO 8,142,496,-162,-521
-2,-1,0.0988764,GO 8,142,496,-164,-520
-2,-1,0.0988996,GO 8,142,496,-166,-519
