deltaX,deltaY,WHEN,SYLLABLE,XofButton,YofButton,XofTrace,YofTrace
0,-1,0.0168287,Yield,0,0,0,1
0,-1,0.0168519,Yield,0,0,0,2
0,-2,0.0168867,Yield,0,0,0,4
1,-5,0.0169273,Yield,0,0,1,9
3,-3,0.0169564,Yield,0,0,4,12
2,-2,0.0169912,Yield,0,0,6,14
1,-3,0.0170202,Yield,0,0,7,17
2,-5,0.0170609,Yield,0,0,9,22
5,-2,0.0170957,Yield,0,0,14,24
2,-2,0.0171247,Yield,0,0,16,26
2,-2,0.0171328,Yield,0,0,18,28
1,-1,0.0171654,Yield,0,0,19,29
1,-2,0.0171886,Yield,0,0,20,31
1,-1,0.017206,Yield,0,0,21,32
-1,-1,0.0172292,Yield,0,0,20,33
-2,-1,0.0172524,Yield,0,0,18,34
-3,-1,0.0173569,Yield,0,0,15,35
-5,-1,0.0173917,Yield,0,0,10,36
-3,-1,0.0174324,Yield,0,0,7,37
-3,-1,0.0174614,Yield,0,0,4,38
-2,-1,0.0174904,Yield,0,0,2,39
1,1,0.0175659,Yield,0,0,3,38
2,1,0.0175659,Yield,0,0,5,37
2,1,0.0176181,Yield,0,0,7,36
2,1,0.0176298,Yield,0,0,9,35
3,1,0.017653,Yield,0,0,12,34
3,1,0.0176762,Yield,0,0,15,33
3,1,0.0177168,Yield,0,0,18,32
3,1,0.0177517,Yield,0,0,21,31
2,1,0.0177691,Yield,0,0,23,30
-1,-1,0.0178794,Yield,0,0,22,31
-3,-1,0.0178852,Yield,0,0,19,32
-3,-1,0.01792,Yield,0,0,16,33
-3,-1,0.017949,Yield,0,0,13,34
-4,-1,0.0179839,Yield,0,0,9,35
-4,-2,0.0180129,Yield,0,0,5,37
-7,-1,0.0180303,Yield,0,0,-2,38
-4,-1,0.0180593,Yield,0,0,-6,39
-4,-1,0.0180941,Yield,0,0,-10,40
-4,1,0.0184947,Yield,0,0,-14,39
-4,1,0.0185121,Yield,0,0,-18,38
-3,1,0.0185411,Yield,0,0,-21,37
-4,1,0.0185733,Yield,0,0,-25,36
-4,1,0.018605,Yield,0,0,-29,35
-4,1,0.0186166,Yield,0,0,-33,34
-3,1,0.0186456,Yield,0,0,-36,33
-4,1,0.0186688,Yield,0,0,-40,32
-4,1,0.0187095,Yield,0,0,-44,31
-4,2,0.0187443,Yield,0,0,-48,29
-7,1,0.0187733,Yield,0,0,-55,28
-4,1,0.018814,Yield,0,0,-59,27
-3,1,0.0188488,Yield,0,0,-62,26
-4,1,0.0188778,Yield,0,0,-66,25
-4,1,0.0189649,Yield,0,0,-70,24
-4,1,0.0189997,Yield,0,0,-74,23
-4,1,0.0190055,Yield,0,0,-78,22
-3,2,0.0190404,Yield,0,0,-81,20
-3,2,0.0190636,Yield,0,0,-84,18
-3,2,0.0190868,Yield,0,0,-87,16
-2,2,0.0191216,Yield,0,0,-89,14
-1,1,0.0191507,Yield,0,0,-90,13
-1,3,0.0191623,Yield,0,0,-91,10
-1,3,0.0191913,Yield,0,0,-92,7
1,3,0.0192145,Yield,0,0,-91,4
1,3,0.019248,Yield,0,0,-90,1
1,2,0.0192726,Yield,0,0,-89,-1
1,1,0.0193016,Yield,0,0,-88,-2
1,2,0.0193132,Yield,0,0,-87,-4
1,2,0.0193364,Yield,0,0,-86,-6
1,1,0.0193654,Yield,0,0,-85,-7
1,1,0.0194003,Yield,0,0,-84,-8
-1,1,0.0194409,Yield,0,0,-85,-9
-1,1,0.0194699,Yield,0,0,-86,-10
-1,1,0.0195048,Yield,0,0,-87,-11
-1,1,0.0195338,Yield,0,0,-88,-12
-1,1,0.0315907,FRAY 1,348,103,-89,-13
2,2,0.031614,FRAY 1,348,103,-87,-15
1,2,0.0316372,FRAY 1,348,103,-86,-17
3,2,0.0316546,FRAY 1,348,103,-83,-19
3,3,0.0316952,FRAY 1,348,103,-80,-22
3,3,0.0317185,FRAY 1,348,103,-77,-25
3,3,0.0317359,FRAY 1,348,103,-74,-28
3,4,0.0317591,FRAY 1,348,103,-71,-32
2,3,0.0317881,FRAY 1,348,103,-69,-35
3,4,0.0318288,FRAY 1,348,103,-66,-39
3,4,0.0318288,FRAY 1,348,103,-63,-43
3,4,0.0318578,FRAY 1,348,103,-60,-47
3,3,0.0318868,FRAY 1,348,103,-57,-50
2,4,0.03191,FRAY 1,348,103,-55,-54
3,4,0.0319449,FRAY 1,348,103,-52,-58
3,4,0.0319739,FRAY 1,348,103,-49,-62
3,3,0.0319855,FRAY 1,348,103,-46,-65
3,4,0.0320087,FRAY 1,348,103,-43,-69
2,4,0.0320377,FRAY 1,348,103,-41,-73
3,4,0.0320551,FRAY 1,348,103,-38,-77
3,3,0.0320784,FRAY 1,348,103,-35,-80
3,4,0.032119,FRAY 1,348,103,-32,-84
3,3,0.0321248,FRAY 1,348,103,-29,-87
3,3,0.0321536,FRAY 1,348,103,-26,-90
1,2,0.0321829,FRAY 1,348,103,-25,-92
1,1,0.0322177,FRAY 1,348,103,-24,-93
1,1,0.0322525,FRAY 1,348,103,-23,-94
3,1,0.0324325,FRAY 1,348,103,-20,-95
2,1,0.0324557,FRAY 1,348,103,-18,-96
3,1,0.0324789,FRAY 1,348,103,-15,-97
3,1,0.0325254,FRAY 1,348,103,-12,-98
3,4,0.0325602,FRAY 1,348,103,-9,-102
5,2,0.0325834,FRAY 1,348,103,-4,-104
3,2,0.0326182,FRAY 1,348,103,-1,-106
3,2,0.0326531,FRAY 1,348,103,2,-108
3,1,0.0326531,FRAY 1,348,103,5,-109
3,2,0.0327053,FRAY 1,348,103,8,-111
2,2,0.0327111,FRAY 1,348,103,10,-113
3,2,0.0327343,FRAY 1,348,103,13,-115
3,2,0.0327692,FRAY 1,348,103,16,-117
3,2,0.032804,FRAY 1,348,103,19,-119
3,2,0.0328214,FRAY 1,348,103,22,-121
3,2,0.0328498,FRAY 1,348,103,25,-123
2,1,0.0328621,FRAY 1,348,103,27,-124
3,2,0.0328853,FRAY 1,348,103,30,-126
3,2,0.0329201,FRAY 1,348,103,33,-128
3,2,0.0329491,FRAY 1,348,103,36,-130
3,1,0.0329607,FRAY 1,348,103,39,-131
2,1,0.0329839,FRAY 1,348,103,41,-132
3,1,0.0330188,FRAY 1,348,103,44,-133
3,1,0.033042,FRAY 1,348,103,47,-134
3,1,0.0330652,FRAY 1,348,103,50,-135
3,1,0.0330942,FRAY 1,348,103,53,-136
2,1,0.0331117,FRAY 1,348,103,55,-137
3,1,0.0331349,FRAY 1,348,103,58,-138
3,1,0.0331697,FRAY 1,348,103,61,-139
3,1,0.0332103,FRAY 1,348,103,64,-140
3,1,0.0332394,FRAY 1,348,103,67,-141
2,1,0.0332568,FRAY 1,348,103,69,-142
3,1,0.03328,FRAY 1,348,103,72,-143
3,1,0.0332974,FRAY 1,348,103,75,-144
3,1,0.0333264,FRAY 1,348,103,78,-145
3,1,0.0333497,FRAY 1,348,103,81,-146
2,1,0.0333903,FRAY 1,348,103,83,-147
3,1,0.0359909,FRAY 1,348,103,86,-148
2,1,0.0360141,FRAY 1,348,103,88,-149
3,1,0.036049,FRAY 1,348,103,91,-150
3,1,0.0360722,FRAY 1,348,103,94,-151
3,1,0.0365018,FRAY 1,348,103,97,-152
2,1,0.0365482,FRAY 1,348,103,99,-153
3,1,0.0365772,FRAY 1,348,103,102,-154
3,1,0.0366005,FRAY 1,348,103,105,-155
3,1,0.0366295,FRAY 1,348,103,108,-156
3,1,0.0366527,FRAY 1,348,103,111,-157
3,1,0.0366701,FRAY 1,348,103,114,-158
2,1,0.0366991,FRAY 1,348,103,116,-159
3,1,0.0369139,FRAY 1,348,103,119,-160
2,1,0.0369546,FRAY 1,348,103,121,-161
3,1,0.0369662,FRAY 1,348,103,124,-162
3,1,0.0369894,FRAY 1,348,103,127,-163
3,2,0.0370184,FRAY 1,348,103,130,-165
3,2,0.0370416,FRAY 1,348,103,133,-167
2,1,0.0370649,FRAY 1,348,103,135,-168
2,2,0.0370939,FRAY 1,348,103,137,-170
2,2,0.0370997,FRAY 1,348,103,139,-172
2,2,0.0371229,FRAY 1,348,103,141,-174
1,1,0.0371577,FRAY 1,348,103,142,-175
1,1,0.037181,FRAY 1,348,103,143,-176
1,1,0.037239,FRAY 1,348,103,144,-177
1,1,0.0372506,FRAY 1,348,103,145,-178
1,1,0.0467882,SAN- 2,310,468,146,-179
1,1,0.0468114,SAN- 2,310,468,147,-180
1,3,0.0468463,SAN- 2,310,468,148,-183
1,3,0.0468579,SAN- 2,310,468,149,-186
2,3,0.0468985,SAN- 2,310,468,151,-189
1,3,0.0469043,SAN- 2,310,468,152,-192
2,4,0.0469275,SAN- 2,310,468,154,-196
2,4,0.0469507,SAN- 2,310,468,156,-200
1,4,0.046974,SAN- 2,310,468,157,-204
1,3,0.0470146,SAN- 2,310,468,158,-207
1,4,0.0470378,SAN- 2,310,468,159,-211
1,4,0.0470552,SAN- 2,310,468,160,-215
-1,4,0.0470785,SAN- 2,310,468,159,-219
-2,3,0.0471017,SAN- 2,310,468,157,-222
-2,4,0.0471365,SAN- 2,310,468,155,-226
-2,4,0.0471655,SAN- 2,310,468,153,-230
-3,4,0.0471946,SAN- 2,310,468,150,-234
-3,3,0.047212,SAN- 2,310,468,147,-237
-3,4,0.0472294,SAN- 2,310,468,144,-241
-3,4,0.0472468,SAN- 2,310,468,141,-245
-2,4,0.0472874,SAN- 2,310,468,139,-249
-3,3,0.0473107,SAN- 2,310,468,136,-252
-2,4,0.0473513,SAN- 2,310,468,134,-256
-2,4,0.0473629,SAN- 2,310,468,132,-260
-2,4,0.0473861,SAN- 2,310,468,130,-264
-2,3,0.0474151,SAN- 2,310,468,128,-267
-2,4,0.0474326,SAN- 2,310,468,126,-271
-1,4,0.0474616,SAN- 2,310,468,125,-275
-2,4,0.0474732,SAN- 2,310,468,123,-279
-2,3,0.0475138,SAN- 2,310,468,121,-282
-2,4,0.0475371,SAN- 2,310,468,119,-286
-2,4,0.0475603,SAN- 2,310,468,117,-290
-2,4,0.0475835,SAN- 2,310,468,115,-294
-2,3,0.0476183,SAN- 2,310,468,113,-297
-2,4,0.0476299,SAN- 2,310,468,111,-301
-1,4,0.0476648,SAN- 2,310,468,110,-305
-2,4,0.047688,SAN- 2,310,468,108,-309
-2,3,0.047717,SAN- 2,310,468,106,-312
-2,4,0.0477344,SAN- 2,310,468,104,-316
-2,4,0.0477693,SAN- 2,310,468,102,-320
-2,4,0.0477809,SAN- 2,310,468,100,-324
-2,3,0.0478099,SAN- 2,310,468,98,-327
-1,4,0.0478389,SAN- 2,310,468,97,-331
-2,4,0.0478621,SAN- 2,310,468,95,-335
-2,4,0.0478854,SAN- 2,310,468,93,-339
-2,3,0.0479202,SAN- 2,310,468,91,-342
-2,4,0.047926,SAN- 2,310,468,89,-346
-2,4,0.0479608,SAN- 2,310,468,87,-350
-2,4,0.047984,SAN- 2,310,468,85,-354
-2,3,0.0480131,SAN- 2,310,468,83,-357
-2,4,0.0480479,SAN- 2,310,468,81,-361
-3,8,0.0480769,SAN- 2,310,468,78,-369
-6,3,0.0481117,SAN- 2,310,468,72,-372
-3,4,0.0481408,SAN- 2,310,468,69,-376
-2,4,0.0481582,SAN- 2,310,468,67,-380
-3,4,0.0481988,SAN- 2,310,468,64,-384
-3,3,0.0482162,SAN- 2,310,468,61,-387
-3,4,0.0482395,SAN- 2,310,468,58,-391
-3,4,0.0482627,SAN- 2,310,468,55,-395
-2,4,0.0482859,SAN- 2,310,468,53,-399
-1,3,0.0483149,SAN- 2,310,468,52,-402
-2,4,0.0483439,SAN- 2,310,468,50,-406
-2,4,0.0483672,SAN- 2,310,468,48,-410
-2,4,0.0483904,SAN- 2,310,468,46,-414
-1,3,0.0484136,SAN- 2,310,468,45,-417
-1,4,0.0484484,SAN- 2,310,468,44,-421
-2,4,0.0484717,SAN- 2,310,468,42,-425
-2,4,0.0484949,SAN- 2,310,468,40,-429
-2,3,0.0485123,SAN- 2,310,468,38,-432
-1,4,0.0485471,SAN- 2,310,468,37,-436
-2,4,0.0485656,SAN- 2,310,468,35,-440
-2,4,0.0485994,SAN- 2,310,468,33,-444
-2,3,0.0486168,SAN- 2,310,468,31,-447
-2,4,0.0486458,SAN- 2,310,468,29,-451
-1,4,0.048669,SAN- 2,310,468,28,-455
-1,4,0.048698,SAN- 2,310,468,27,-459
-1,3,0.0487202,SAN- 2,310,468,26,-462
1,4,0.0487445,SAN- 2,310,468,27,-466
1,4,0.0487845,SAN- 2,310,468,28,-470
1,4,0.0488083,SAN- 2,310,468,29,-474
1,3,0.0488204,SAN- 2,310,468,30,-477
1,4,0.0488548,SAN- 2,310,468,31,-481
1,4,0.0488606,SAN- 2,310,468,32,-485
1,4,0.0488954,SAN- 2,310,468,33,-489
1,4,0.0489244,SAN- 2,310,468,34,-493
1,4,0.0489419,SAN- 2,310,468,35,-497
1,3,0.0489651,SAN- 2,310,468,36,-500
1,4,0.0489999,SAN- 2,310,468,37,-504
1,4,0.0490231,SAN- 2,310,468,38,-508
1,4,0.0490463,SAN- 2,310,468,39,-512
1,3,0.0490812,SAN- 2,310,468,40,-515
1,4,0.049087,SAN- 2,310,468,41,-519
1,4,0.0491276,SAN- 2,310,468,42,-523
1,4,0.0491508,SAN- 2,310,468,43,-527
1,3,0.0491683,SAN- 2,310,468,44,-530
1,4,0.0491973,SAN- 2,310,468,45,-534
-1,4,0.0492321,SAN- 2,310,468,44,-538
-1,4,0.0492455,SAN- 2,310,468,43,-542
-1,3,0.0492785,SAN- 2,310,468,42,-545
-1,4,0.049296,SAN- 2,310,468,41,-549
-1,4,0.0493192,SAN- 2,310,468,40,-553
-1,4,0.0493515,SAN- 2,310,468,39,-557
-1,3,0.0493772,SAN- 2,310,468,38,-560
-1,4,0.0493946,SAN- 2,310,468,37,-564
-1,4,0.0494237,SAN- 2,310,468,36,-568
-1,4,0.0494527,SAN- 2,310,468,35,-572
-1,3,0.0494701,SAN- 2,310,468,34,-575
1,4,0.0495034,SAN- 2,310,468,35,-579
2,4,0.0495282,SAN- 2,310,468,37,-583
1,4,0.0495514,SAN- 2,310,468,38,-587
2,3,0.0495688,SAN- 2,310,468,40,-590
2,4,0.0496094,SAN- 2,310,468,42,-594
3,4,0.0496327,SAN- 2,310,468,45,-598
3,4,0.0496559,SAN- 2,310,468,48,-602
3,3,0.0496791,SAN- 2,310,468,51,-605
2,4,0.0497023,SAN- 2,310,468,53,-609
3,4,0.0497255,SAN- 2,310,468,56,-613
3,4,0.0497488,SAN- 2,310,468,59,-617
3,3,0.0497836,SAN- 2,310,468,62,-620
3,4,0.0498068,SAN- 2,310,468,65,-624
2,4,0.04983,SAN- 2,310,468,67,-628
3,4,0.0498649,SAN- 2,310,468,70,-632
3,3,0.0498707,SAN- 2,310,468,73,-635
3,4,0.0498939,SAN- 2,310,468,76,-639
3,4,0.0499345,SAN- 2,310,468,79,-643
3,4,0.0499693,SAN- 2,310,468,82,-647
2,3,0.0499926,SAN- 2,310,468,84,-650
3,4,0.05001,SAN- 2,310,468,87,-654
3,4,0.0500274,SAN- 2,310,468,90,-658
3,4,0.0500564,SAN- 2,310,468,93,-662
3,3,0.0500796,SAN- 2,310,468,96,-665
2,4,0.0501145,SAN- 2,310,468,98,-669
2,4,0.0501435,SAN- 2,310,468,100,-673
2,4,0.0501783,SAN- 2,310,468,102,-677
2,4,0.0501841,SAN- 2,310,468,104,-681
1,4,0.0502073,SAN- 2,310,468,105,-685
1,3,0.0502306,SAN- 2,310,468,106,-688
1,3,0.0502654,SAN- 2,310,468,107,-691
1,3,0.0502944,SAN- 2,310,468,108,-694
1,3,0.0503118,SAN- 2,310,468,109,-697
-1,3,0.0503351,SAN- 2,310,468,108,-700
-1,1,0.0503525,SAN- 2,310,468,107,-701
-1,2,0.0503815,SAN- 2,310,468,106,-703
-1,2,0.0504163,SAN- 2,310,468,105,-705
-1,1,0.0504395,SAN- 2,310,468,104,-706
-1,1,0.0504802,SAN- 2,310,468,103,-707
-1,1,0.0505118,SAN- 2,310,468,102,-708
-1,1,0.0505382,SAN- 2,310,468,101,-709
1,-1,0.0507124,SAN- 2,310,468,102,-708
1,-1,0.050753,SAN- 2,310,468,103,-707
1,-1,0.0507762,SAN- 2,310,468,104,-706
1,-1,0.050782,SAN- 2,310,468,105,-705
1,-2,0.0508169,SAN- 2,310,468,106,-703
1,-2,0.0508401,SAN- 2,310,468,107,-701
1,-2,0.0508633,SAN- 2,310,468,108,-699
1,-3,0.0508981,SAN- 2,310,468,109,-696
1,-3,0.0509272,SAN- 2,310,468,110,-693
-1,-3,0.0509388,SAN- 2,310,468,109,-690
-1,-2,0.0509678,SAN- 2,310,468,108,-688
-1,-3,0.050991,SAN- 2,310,468,107,-685
-1,-2,0.05102,SAN- 2,310,468,106,-683
-1,-2,0.0510375,SAN- 2,310,468,105,-681
-1,-2,0.0510781,SAN- 2,310,468,104,-679
1,-2,0.0510955,SAN- 2,310,468,105,-677
1,-2,0.0511187,SAN- 2,310,468,106,-675
1,-1,0.051171,SAN- 2,310,468,107,-674
2,-1,0.0511942,SAN- 2,310,468,109,-673
-1,1,0.0617187,-TIA- 3,341,349,108,-674
-1,1,0.0617361,-TIA- 3,341,349,107,-675
1,1,0.0617593,-TIA- 3,341,349,108,-676
1,2,0.0617941,-TIA- 3,341,349,109,-678
1,1,0.0618173,-TIA- 3,341,349,110,-679
1,1,0.061858,-TIA- 3,341,349,111,-680
1,1,0.0618638,-TIA- 3,341,349,112,-681
-1,-3,0.0620147,-TIA- 3,341,349,111,-678
-5,-2,0.0620425,-TIA- 3,341,349,106,-676
-3,-3,0.0620727,-TIA- 3,341,349,103,-673
-4,-3,0.062096,-TIA- 3,341,349,99,-670
-3,-3,0.0621192,-TIA- 3,341,349,96,-667
-4,-2,0.0621366,-TIA- 3,341,349,92,-665
-4,-3,0.0621701,-TIA- 3,341,349,88,-662
-3,-3,0.0621946,-TIA- 3,341,349,85,-659
-3,-3,0.0622237,-TIA- 3,341,349,82,-656
-1,-3,0.0622469,-TIA- 3,341,349,81,-653
-1,-2,0.0622701,-TIA- 3,341,349,80,-651
-1,-3,0.0622875,-TIA- 3,341,349,79,-648
1,-3,0.0623224,-TIA- 3,341,349,80,-645
1,-2,0.0623514,-TIA- 3,341,349,81,-643
2,-2,0.0623746,-TIA- 3,341,349,83,-641
2,-2,0.0623978,-TIA- 3,341,349,85,-639
3,-2,0.0624152,-TIA- 3,341,349,88,-637
3,-1,0.0624385,-TIA- 3,341,349,91,-636
3,-2,0.0624733,-TIA- 3,341,349,94,-634
2,-2,0.0624965,-TIA- 3,341,349,96,-632
3,-2,0.0625313,-TIA- 3,341,349,99,-630
3,-2,0.0625604,-TIA- 3,341,349,102,-628
3,-2,0.062572,-TIA- 3,341,349,105,-626
3,-2,0.062601,-TIA- 3,341,349,108,-624
3,-3,0.0626126,-TIA- 3,341,349,111,-621
1,-2,0.0626416,-TIA- 3,341,349,112,-619
2,-3,0.0626765,-TIA- 3,341,349,114,-616
2,-3,0.0626881,-TIA- 3,341,349,116,-613
1,-3,0.0627113,-TIA- 3,341,349,117,-610
1,-3,0.0627403,-TIA- 3,341,349,118,-607
1,-2,0.0627635,-TIA- 3,341,349,119,-605
-1,-3,0.0627926,-TIA- 3,341,349,118,-602
-1,-3,0.0628274,-TIA- 3,341,349,117,-599
-1,-3,0.0628506,-TIA- 3,341,349,116,-596
-1,-3,0.062868,-TIA- 3,341,349,115,-593
-1,-2,0.0628912,-TIA- 3,341,349,114,-591
-1,-3,0.0629203,-TIA- 3,341,349,113,-588
1,-3,0.0629435,-TIA- 3,341,349,114,-585
1,-3,0.0629783,-TIA- 3,341,349,115,-582
1,-2,0.0630073,-TIA- 3,341,349,116,-580
2,-2,0.063019,-TIA- 3,341,349,118,-578
2,-2,0.0630422,-TIA- 3,341,349,120,-576
2,-1,0.063077,-TIA- 3,341,349,122,-575
2,-2,0.063106,-TIA- 3,341,349,124,-573
1,-2,0.0631293,-TIA- 3,341,349,125,-571
2,-2,0.0631641,-TIA- 3,341,349,127,-569
2,-2,0.0631757,-TIA- 3,341,349,129,-567
2,-2,0.0631931,-TIA- 3,341,349,131,-565
2,-2,0.0632279,-TIA- 3,341,349,133,-563
2,-2,0.063257,-TIA- 3,341,349,135,-561
2,-1,0.0632918,-TIA- 3,341,349,137,-560
2,-2,0.063315,-TIA- 3,341,349,139,-558
1,-2,0.0633266,-TIA- 3,341,349,140,-556
1,-3,0.063344,-TIA- 3,341,349,141,-553
1,-3,0.0633717,-TIA- 3,341,349,142,-550
1,-3,0.0633963,-TIA- 3,341,349,143,-547
1,-2,0.0634369,-TIA- 3,341,349,144,-545
1,-3,0.0634485,-TIA- 3,341,349,145,-542
1,-3,0.0634776,-TIA- 3,341,349,146,-539
1,-3,0.0635008,-TIA- 3,341,349,147,-536
-1,-3,0.063524,-TIA- 3,341,349,146,-533
-1,-2,0.063553,-TIA- 3,341,349,145,-531
-1,-3,0.0635878,-TIA- 3,341,349,144,-528
-1,-3,0.0636169,-TIA- 3,341,349,143,-525
-1,-3,0.0636285,-TIA- 3,341,349,142,-522
-1,-3,0.0636517,-TIA- 3,341,349,141,-519
-1,-3,0.0636749,-TIA- 3,341,349,140,-516
-1,-2,0.0637098,-TIA- 3,341,349,139,-514
-1,-3,0.0637214,-TIA- 3,341,349,138,-511
1,-3,0.0637446,-TIA- 3,341,349,139,-508
1,-3,0.0637794,-TIA- 3,341,349,140,-505
1,-3,0.0638026,-TIA- 3,341,349,141,-502
1,-2,0.0638259,-TIA- 3,341,349,142,-500
1,-3,0.0638607,-TIA- 3,341,349,143,-497
1,-2,0.0638897,-TIA- 3,341,349,144,-495
1,-2,0.0639012,-TIA- 3,341,349,145,-493
1,-2,0.0639303,-TIA- 3,341,349,146,-491
1,-2,0.0639536,-TIA- 3,341,349,147,-489
1,-2,0.0639768,-TIA- 3,341,349,148,-487
1,-1,0.0640116,-TIA- 3,341,349,149,-486
1,-2,0.0640406,-TIA- 3,341,349,150,-484
1,-2,0.0640522,-TIA- 3,341,349,151,-482
1,-2,0.0640755,-TIA- 3,341,349,152,-480
1,-2,0.0641045,-TIA- 3,341,349,153,-478
1,-2,0.0641294,-TIA- 3,341,349,154,-476
1,-2,0.0641625,-TIA- 3,341,349,155,-474
1,-2,0.0641858,-TIA- 3,341,349,156,-472
1,-1,0.0642264,-TIA- 3,341,349,157,-471
1,-1,0.0780771,GO 4,56,353,158,-470
1,-2,0.0781235,GO 4,56,353,159,-468
1,-2,0.0781539,GO 4,56,353,160,-466
1,-1,0.0781816,GO 4,56,353,161,-465
1,-2,0.0782048,GO 4,56,353,162,-463
1,-2,0.078228,GO 4,56,353,163,-461
1,-2,0.0782512,GO 4,56,353,164,-459
1,-2,0.0782745,GO 4,56,353,165,-457
1,-2,0.0782977,GO 4,56,353,166,-455
1,-2,0.0783383,GO 4,56,353,167,-453
1,-2,0.0783673,GO 4,56,353,168,-451
1,-1,0.0783848,GO 4,56,353,169,-450
2,-2,0.0784196,GO 4,56,353,171,-448
1,-1,0.0784312,GO 4,56,353,172,-447
1,-1,0.0784486,GO 4,56,353,173,-446
-1,1,0.0792671,GO 4,56,353,172,-447
-2,1,0.0792845,GO 4,56,353,170,-448
-2,1,0.0793136,GO 4,56,353,168,-449
-3,1,0.079331,GO 4,56,353,165,-450
-4,1,0.0793542,GO 4,56,353,161,-451
-4,1,0.0793774,GO 4,56,353,157,-452
-4,2,0.0794122,GO 4,56,353,153,-454
-3,2,0.0794529,GO 4,56,353,150,-456
-4,4,0.0794819,GO 4,56,353,146,-460
-8,2,0.0795051,GO 4,56,353,138,-462
-3,2,0.0795341,GO 4,56,353,135,-464
-4,2,0.0795632,GO 4,56,353,131,-466
-4,1,0.0795864,GO 4,56,353,127,-467
-4,2,0.079627,GO 4,56,353,123,-469
-3,2,0.0796386,GO 4,56,353,120,-471
-4,2,0.0796619,GO 4,56,353,116,-473
-4,1,0.0796851,GO 4,56,353,112,-474
-4,1,0.0797141,GO 4,56,353,108,-475
-3,1,0.0797489,GO 4,56,353,105,-476
-4,1,0.079778,GO 4,56,353,101,-477
-4,1,0.0797896,GO 4,56,353,97,-478
-4,1,0.0798186,GO 4,56,353,93,-479
-3,1,0.079836,GO 4,56,353,90,-480
-4,1,0.0798708,GO 4,56,353,86,-481
-4,1,0.0798999,GO 4,56,353,82,-482
-3,1,0.0799347,GO 4,56,353,79,-483
-4,2,0.0799405,GO 4,56,353,75,-485
-4,2,0.0799637,GO 4,56,353,71,-487
-4,2,0.0799985,GO 4,56,353,67,-489
-3,2,0.0800218,GO 4,56,353,64,-491
-4,2,0.0800392,GO 4,56,353,60,-493
-4,2,0.0800743,GO 4,56,353,56,-495
-4,2,0.0800914,GO 4,56,353,52,-497
-3,1,0.0801146,GO 4,56,353,49,-498
-4,2,0.0801495,GO 4,56,353,45,-500
-4,2,0.0801727,GO 4,56,353,41,-502
-4,2,0.0802075,GO 4,56,353,37,-504
-3,2,0.0802307,GO 4,56,353,34,-506
-4,2,0.0802424,GO 4,56,353,30,-508
-4,2,0.0802714,GO 4,56,353,26,-510
-4,2,0.0803004,GO 4,56,353,22,-512
-3,1,0.0803178,GO 4,56,353,19,-513
-4,2,0.0803468,GO 4,56,353,15,-515
-4,2,0.0803643,GO 4,56,353,11,-517
-4,1,0.0803991,GO 4,56,353,7,-518
-3,1,0.0804223,GO 4,56,353,4,-519
-4,1,0.0804513,GO 4,56,353,0,-520
-4,1,0.0804862,GO 4,56,353,-4,-521
-4,1,0.0805036,GO 4,56,353,-8,-522
-4,1,0.0808229,GO 4,56,353,-12,-523
-3,1,0.0808519,GO 4,56,353,-15,-524
-4,1,0.0808751,GO 4,56,353,-19,-525
-4,1,0.0809041,GO 4,56,353,-23,-526
-4,1,0.0809332,GO 4,56,353,-27,-527
-4,-1,0.081177,GO 4,56,353,-31,-526
-4,-1,0.0812008,GO 4,56,353,-35,-525
-4,-1,0.0812292,GO 4,56,353,-39,-524
-3,-1,0.0815775,GO 4,56,353,-42,-523
-3,-1,0.0816007,GO 4,56,353,-45,-522
-2,-1,0.0816356,GO 4,56,353,-47,-521
-3,-1,0.081653,GO 4,56,353,-50,-520
-3,-1,0.0816994,GO 4,56,353,-53,-519
-3,-1,0.0817052,GO 4,56,353,-56,-518
-3,-1,0.0817342,GO 4,56,353,-59,-517
-2,-1,0.0817575,GO 4,56,353,-61,-516
-3,-1,0.0817807,GO 4,56,353,-64,-515
-4,-1,0.0818097,GO 4,56,353,-68,-514
-4,-1,0.0818445,GO 4,56,353,-72,-513
-3,-1,0.0818678,GO 4,56,353,-75,-512
-4,-1,0.0819084,GO 4,56,353,-79,-511
-4,-1,0.0819316,GO 4,56,353,-83,-510
-3,-1,0.0819606,GO 4,56,353,-86,-509
-4,-1,0.081978,GO 4,56,353,-90,-508
-3,-1,0.0820293,GO 4,56,353,-93,-507
-3,-1,0.0820361,GO 4,56,353,-96,-506
-3,-1,0.0820651,GO 4,56,353,-99,-505
-2,-1,0.0820825,GO 4,56,353,-101,-504
-3,-1,0.0821174,GO 4,56,353,-104,-503
-3,-1,0.082129,GO 4,56,353,-107,-502
-3,-1,0.082158,GO 4,56,353,-110,-501
-3,-1,0.082187,GO 4,56,353,-113,-500
-3,-1,0.0822102,GO 4,56,353,-116,-499
-2,-1,0.0822335,GO 4,56,353,-118,-498
-3,-1,0.0822683,GO 4,56,353,-121,-497
-3,-1,0.0823089,GO 4,56,353,-124,-496
-3,-1,0.082338,GO 4,56,353,-127,-495
-2,-2,0.0823612,GO 4,56,353,-129,-493
-3,-2,0.0823844,GO 4,56,353,-132,-491
-3,-2,0.0824134,GO 4,56,353,-135,-489
-3,-2,0.0824366,GO 4,56,353,-138,-487
-3,-2,0.0824599,GO 4,56,353,-141,-485
-3,-2,0.0824947,GO 4,56,353,-144,-483
-4,-1,0.0825179,GO 4,56,353,-148,-482
-4,-2,0.0825469,GO 4,56,353,-152,-480
-4,-2,0.0825702,GO 4,56,353,-156,-478
-3,-2,0.0825876,GO 4,56,353,-159,-476
-4,-2,0.0826108,GO 4,56,353,-163,-474
-4,-2,0.082634,GO 4,56,353,-167,-472
-4,-2,0.0826688,GO 4,56,353,-171,-470
-3,-2,0.0826892,GO 4,56,353,-174,-468
-4,-1,0.0827327,GO 4,56,353,-178,-467
-3,-2,0.0827385,GO 4,56,353,-181,-465
-3,-2,0.0827617,GO 4,56,353,-184,-463
-3,-2,0.0827849,GO 4,56,353,-187,-461
-2,-2,0.0828198,GO 4,56,353,-189,-459
-3,-2,0.082843,GO 4,56,353,-192,-457
-3,-2,0.0828662,GO 4,56,353,-195,-455
-2,-2,0.0828894,GO 4,56,353,-197,-453
-2,-1,0.0829127,GO 4,56,353,-199,-452
-2,-2,0.0829417,GO 4,56,353,-201,-450
-1,-2,0.0829649,GO 4,56,353,-202,-448
-2,-2,0.0829939,GO 4,56,353,-204,-446
-2,-2,0.0830288,GO 4,56,353,-206,-444
-3,-1,0.0830462,GO 4,56,353,-209,-443
-1,1,0.0831449,GO 4,56,353,-210,-444
-1,-1,0.0928983,FRAY 5,192,345,-211,-443
1,-2,0.0929495,FRAY 5,192,345,-210,-441
2,-2,0.0929727,FRAY 5,192,345,-208,-439
2,-2,0.0929959,FRAY 5,192,345,-206,-437
2,-2,0.0930307,FRAY 5,192,345,-204,-435
2,-1,0.093054,FRAY 5,192,345,-202,-434
2,-1,0.093083,FRAY 5,192,345,-200,-433
2,1,0.0934313,FRAY 5,192,345,-198,-434
2,1,0.0934545,FRAY 5,192,345,-196,-435
2,1,0.0934835,FRAY 5,192,345,-194,-436
3,2,0.0935184,FRAY 5,192,345,-191,-438
2,2,0.0935474,FRAY 5,192,345,-189,-440
3,2,0.093559,FRAY 5,192,345,-186,-442
3,2,0.0935822,FRAY 5,192,345,-183,-444
3,1,0.0936054,FRAY 5,192,345,-180,-445
2,1,0.0936345,FRAY 5,192,345,-178,-446
1,1,0.0936751,FRAY 5,192,345,-177,-447
-1,1,0.0939073,FRAY 5,192,345,-178,-448
1,1,0.0939654,FRAY 5,192,345,-177,-449
1,1,0.0939712,FRAY 5,192,345,-176,-450
1,2,0.0940002,FRAY 5,192,345,-175,-452
2,2,0.0940292,FRAY 5,192,345,-173,-454
2,2,0.0940582,FRAY 5,192,345,-171,-456
2,2,0.0940756,FRAY 5,192,345,-169,-458
1,3,0.0941105,FRAY 5,192,345,-168,-461
2,3,0.0941279,FRAY 5,192,345,-166,-464
2,3,0.0941511,FRAY 5,192,345,-164,-467
3,3,0.0941801,FRAY 5,192,345,-161,-470
3,2,0.0942034,FRAY 5,192,345,-158,-472
3,3,0.0942382,FRAY 5,192,345,-155,-475
2,3,0.0942614,FRAY 5,192,345,-153,-478
3,3,0.0942788,FRAY 5,192,345,-150,-481
3,3,0.094302,FRAY 5,192,345,-147,-484
3,3,0.0943253,FRAY 5,192,345,-144,-487
3,2,0.0943543,FRAY 5,192,345,-141,-489
2,2,0.0943891,FRAY 5,192,345,-139,-491
3,2,0.0944123,FRAY 5,192,345,-136,-493
3,2,0.0944239,FRAY 5,192,345,-133,-495
3,2,0.094453,FRAY 5,192,345,-130,-497
3,3,0.0944762,FRAY 5,192,345,-127,-500
3,2,0.0945052,FRAY 5,192,345,-124,-502
2,3,0.09454,FRAY 5,192,345,-122,-505
3,3,0.0945633,FRAY 5,192,345,-119,-508
3,3,0.0945807,FRAY 5,192,345,-116,-511
3,3,0.0946039,FRAY 5,192,345,-113,-514
3,3,0.0946271,FRAY 5,192,345,-110,-517
2,2,0.0946561,FRAY 5,192,345,-108,-519
3,3,0.094691,FRAY 5,192,345,-105,-522
3,3,0.09472,FRAY 5,192,345,-102,-525
3,3,0.0947316,FRAY 5,192,345,-99,-528
3,3,0.0947548,FRAY 5,192,345,-96,-531
2,2,0.094778,FRAY 5,192,345,-94,-533
3,3,0.0948071,FRAY 5,192,345,-91,-536
3,3,0.0948361,FRAY 5,192,345,-88,-539
3,3,0.0948593,FRAY 5,192,345,-85,-542
3,3,0.0948825,FRAY 5,192,345,-82,-545
2,2,0.0949058,FRAY 5,192,345,-80,-547
3,2,0.094929,FRAY 5,192,345,-77,-549
3,2,0.0949522,FRAY 5,192,345,-74,-551
3,2,0.094987,FRAY 5,192,345,-71,-553
3,2,0.0950102,FRAY 5,192,345,-68,-555
3,2,0.0950335,FRAY 5,192,345,-65,-557
2,2,0.0950567,FRAY 5,192,345,-63,-559
3,2,0.0950799,FRAY 5,192,345,-60,-561
3,1,0.0951089,FRAY 5,192,345,-57,-562
3,2,0.095138,FRAY 5,192,345,-54,-564
3,2,0.0951713,FRAY 5,192,345,-51,-566
2,2,0.0952018,FRAY 5,192,345,-49,-568
3,2,0.0952131,FRAY 5,192,345,-46,-570
3,2,0.0952424,FRAY 5,192,345,-43,-572
3,2,0.0952599,FRAY 5,192,345,-40,-574
3,2,0.0952831,FRAY 5,192,345,-37,-576
2,1,0.0953237,FRAY 5,192,345,-35,-577
3,2,0.0953527,FRAY 5,192,345,-32,-579
3,2,0.0953644,FRAY 5,192,345,-29,-581
3,1,0.0953876,FRAY 5,192,345,-26,-582
3,1,0.0954108,FRAY 5,192,345,-23,-583
3,2,0.0954514,FRAY 5,192,345,-20,-585
1,-1,0.0955849,FRAY 5,192,345,-19,-584
2,-1,0.0956024,FRAY 5,192,345,-17,-583
2,-1,0.095643,FRAY 5,192,345,-15,-582
2,-2,0.0956604,FRAY 5,192,345,-13,-580
2,-2,0.0956836,FRAY 5,192,345,-11,-578
2,-1,0.0957127,FRAY 5,192,345,-9,-577
1,-3,0.0957359,FRAY 5,192,345,-8,-574
1,-3,0.0957707,FRAY 5,192,345,-7,-571
1,-3,0.0957765,FRAY 5,192,345,-6,-568
1,-3,0.0958113,FRAY 5,192,345,-5,-565
1,-3,0.0958346,FRAY 5,192,345,-4,-562
1,-2,0.0958636,FRAY 5,192,345,-3,-560
1,-3,0.0958984,FRAY 5,192,345,-2,-557
1,-3,0.09591,FRAY 5,192,345,-1,-554
1,-3,0.0959332,FRAY 5,192,345,0,-551
1,-3,0.0959681,FRAY 5,192,345,1,-548
1,-2,0.0959913,FRAY 5,192,345,2,-546
1,-3,0.0960145,FRAY 5,192,345,3,-543
1,-3,0.0960377,FRAY 5,192,345,4,-540
1,-3,0.096061,FRAY 5,192,345,5,-537
1,-3,0.0960842,FRAY 5,192,345,6,-534
-1,-2,0.0961074,FRAY 5,192,345,5,-532
-1,-3,0.0961422,FRAY 5,192,345,4,-529
-1,-3,0.0961654,FRAY 5,192,345,3,-526
-1,-3,0.0961945,FRAY 5,192,345,2,-523
-1,-3,0.0962119,FRAY 5,192,345,1,-520
-1,-3,0.0962351,FRAY 5,192,345,0,-517
-1,-2,0.0962596,FRAY 5,192,345,-1,-515
-1,-3,0.0962932,FRAY 5,192,345,-2,-512
-1,-3,0.0963164,FRAY 5,192,345,-3,-509
-1,-3,0.0963512,FRAY 5,192,345,-4,-506
-1,-3,0.0963628,FRAY 5,192,345,-5,-503
1,-2,0.0963898,FRAY 5,192,345,-4,-501
1,-3,0.0964151,FRAY 5,192,345,-3,-498
1,-3,0.0964441,FRAY 5,192,345,-2,-495
2,-3,0.0964673,FRAY 5,192,345,0,-492
1,-3,0.0965021,FRAY 5,192,345,1,-489
2,-2,0.0965195,FRAY 5,192,345,3,-487
2,-3,0.0965428,FRAY 5,192,345,5,-484
2,-3,0.096566,FRAY 5,192,345,7,-481
2,-3,0.0966008,FRAY 5,192,345,9,-478
2,-3,0.0966194,FRAY 5,192,345,11,-475
3,-3,0.0966531,FRAY 5,192,345,14,-472
2,-2,0.0966705,FRAY 5,192,345,16,-470
3,-3,0.0966937,FRAY 5,192,345,19,-467
3,-3,0.0967169,FRAY 5,192,345,22,-464
3,-3,0.0967517,FRAY 5,192,345,25,-461
3,-3,0.0967808,FRAY 5,192,345,28,-458
2,-2,0.096804,FRAY 5,192,345,30,-456
3,-3,0.0968214,FRAY 5,192,345,33,-453
3,-3,0.0968446,FRAY 5,192,345,36,-450
3,-3,0.0968678,FRAY 5,192,345,39,-447
3,-3,0.0969027,FRAY 5,192,345,42,-444
2,-2,0.0969317,FRAY 5,192,345,44,-442
3,-3,0.0969491,FRAY 5,192,345,47,-439
3,-3,0.0969723,FRAY 5,192,345,50,-436
3,-3,0.0969898,FRAY 5,192,345,53,-433
3,-3,0.097013,FRAY 5,192,345,56,-430
3,-3,0.0970362,FRAY 5,192,345,59,-427
2,-2,0.0970703,FRAY 5,192,345,61,-425
3,-3,0.0971059,FRAY 5,192,345,64,-422
3,-3,0.0971175,FRAY 5,192,345,67,-419
3,-3,0.0971407,FRAY 5,192,345,70,-416
3,-3,0.0971639,FRAY 5,192,345,73,-413
2,-2,0.0971871,FRAY 5,192,345,75,-411
3,-2,0.097222,FRAY 5,192,345,78,-409
3,-2,0.0972394,FRAY 5,192,345,81,-407
3,-2,0.0972684,FRAY 5,192,345,84,-405
2,-2,0.0972916,FRAY 5,192,345,86,-403
2,-2,0.0973148,FRAY 5,192,345,88,-401
1,-2,0.097338,FRAY 5,192,345,89,-399
2,-2,0.0973729,FRAY 5,192,345,91,-397
2,-1,0.0973845,FRAY 5,192,345,93,-396
2,-2,0.0974367,FRAY 5,192,345,95,-394
1,-1,0.0974425,FRAY 5,192,345,96,-393
1,-1,0.0974658,FRAY 5,192,345,97,-392
1,-1,0.097489,FRAY 5,192,345,98,-391
1,1,0.0975935,FRAY 5,192,345,99,-392
-1,1,0.0976167,FRAY 5,192,345,98,-393
-1,1,0.0976747,FRAY 5,192,345,97,-394
-2,1,0.0976922,FRAY 5,192,345,95,-395
-2,1,0.0977154,FRAY 5,192,345,93,-396
-2,1,0.0977444,FRAY 5,192,345,91,-397
-2,2,0.0977734,FRAY 5,192,345,89,-399
-1,2,0.0977966,FRAY 5,192,345,88,-401
-2,2,0.0978257,FRAY 5,192,345,86,-403
-2,2,0.0978431,FRAY 5,192,345,84,-405
-2,2,0.0978663,FRAY 5,192,345,82,-407
-2,1,0.0978895,FRAY 5,192,345,80,-408
-2,2,0.0979244,FRAY 5,192,345,78,-410
-2,2,0.0979534,FRAY 5,192,345,76,-412
-2,1,0.0979766,FRAY 5,192,345,74,-413
-1,1,0.097994,FRAY 5,192,345,73,-414
-2,1,0.0980172,FRAY 5,192,345,71,-415
-1,1,0.0980405,FRAY 5,192,345,70,-416
-1,1,0.0980753,FRAY 5,192,345,69,-417
1,1,0.107044,SAN- 6,121,478,70,-418
2,1,0.107067,SAN- 6,121,478,72,-419
2,1,0.10709,SAN- 6,121,478,74,-420
1,1,0.107125,SAN- 6,121,478,75,-421
2,1,0.107137,SAN- 6,121,478,77,-422
1,1,0.107195,SAN- 6,121,478,78,-423
1,1,0.107218,SAN- 6,121,478,79,-424
-2,1,0.107241,SAN- 6,121,478,77,-425
-3,2,0.107276,SAN- 6,121,478,74,-427
-3,2,0.107294,SAN- 6,121,478,71,-429
-4,2,0.107317,SAN- 6,121,478,67,-431
-3,1,0.10734,SAN- 6,121,478,64,-432
-4,2,0.107381,SAN- 6,121,478,60,-434
-4,1,0.107403,SAN- 6,121,478,56,-435
-4,1,0.107421,SAN- 6,121,478,52,-436
-3,1,0.107445,SAN- 6,121,478,49,-437
-4,1,0.107468,SAN- 6,121,478,45,-438
-4,2,0.107491,SAN- 6,121,478,41,-440
-4,2,0.107526,SAN- 6,121,478,37,-442
-3,2,0.107555,SAN- 6,121,478,34,-444
-4,2,0.107578,SAN- 6,121,478,30,-446
-4,1,0.107595,SAN- 6,121,478,26,-447
-4,3,0.107619,SAN- 6,121,478,22,-450
-3,3,0.107642,SAN- 6,121,478,19,-453
-4,3,0.107677,SAN- 6,121,478,15,-456
-4,3,0.1077,SAN- 6,121,478,11,-459
-4,3,0.107741,SAN- 6,121,478,7,-462
-3,4,0.107746,SAN- 6,121,478,4,-466
-4,4,0.10777,SAN- 6,121,478,0,-470
-4,4,0.107799,SAN- 6,121,478,-4,-474
-4,3,0.107822,SAN- 6,121,478,-8,-477
-3,4,0.107851,SAN- 6,121,478,-11,-481
-4,4,0.107876,SAN- 6,121,478,-15,-485
-4,4,0.107903,SAN- 6,121,478,-19,-489
-4,3,0.107926,SAN- 6,121,478,-23,-492
-3,4,0.10795,SAN- 6,121,478,-26,-496
-4,4,0.107973,SAN- 6,121,478,-30,-500
-4,4,0.108004,SAN- 6,121,478,-34,-504
-4,3,0.108031,SAN- 6,121,478,-38,-507
-3,4,0.108054,SAN- 6,121,478,-41,-511
-4,4,0.108077,SAN- 6,121,478,-45,-515
-4,4,0.1081,SAN- 6,121,478,-49,-519
-4,3,0.108124,SAN- 6,121,478,-53,-522
-3,4,0.108159,SAN- 6,121,478,-56,-526
-4,4,0.108188,SAN- 6,121,478,-60,-530
-4,4,0.108205,SAN- 6,121,478,-64,-534
-4,3,0.108228,SAN- 6,121,478,-68,-537
-3,4,0.108251,SAN- 6,121,478,-71,-541
-4,4,0.108292,SAN- 6,121,478,-75,-545
-4,4,0.108309,SAN- 6,121,478,-79,-549
-4,3,0.108339,SAN- 6,121,478,-83,-552
-2,4,0.108356,SAN- 6,121,478,-85,-556
-3,4,0.108379,SAN- 6,121,478,-88,-560
-3,4,0.108402,SAN- 6,121,478,-91,-564
-3,3,0.108443,SAN- 6,121,478,-94,-567
-3,8,0.108478,SAN- 6,121,478,-97,-575
-5,4,0.108507,SAN- 6,121,478,-102,-579
-3,3,0.108536,SAN- 6,121,478,-105,-582
-3,4,0.108559,SAN- 6,121,478,-108,-586
-3,4,0.108588,SAN- 6,121,478,-111,-590
-2,4,0.108623,SAN- 6,121,478,-113,-594
-3,3,0.108629,SAN- 6,121,478,-116,-597
-4,4,0.108658,SAN- 6,121,478,-120,-601
-4,4,0.108687,SAN- 6,121,478,-124,-605
-3,4,0.108704,SAN- 6,121,478,-127,-609
-2,3,0.108733,SAN- 6,121,478,-129,-612
-2,4,0.108768,SAN- 6,121,478,-131,-616
-2,4,0.108774,SAN- 6,121,478,-133,-620
-2,4,0.108797,SAN- 6,121,478,-135,-624
1,3,0.108832,SAN- 6,121,478,-134,-627
1,4,0.108855,SAN- 6,121,478,-133,-631
2,4,0.108884,SAN- 6,121,478,-131,-635
1,4,0.108907,SAN- 6,121,478,-130,-639
3,3,0.108931,SAN- 6,121,478,-127,-642
3,4,0.108948,SAN- 6,121,478,-124,-646
3,4,0.108983,SAN- 6,121,478,-121,-650
3,4,0.109006,SAN- 6,121,478,-118,-654
3,3,0.109029,SAN- 6,121,478,-115,-657
2,4,0.109053,SAN- 6,121,478,-113,-661
3,4,0.109082,SAN- 6,121,478,-110,-665
3,4,0.109104,SAN- 6,121,478,-107,-669
3,3,0.109128,SAN- 6,121,478,-104,-672
3,4,0.109157,SAN- 6,121,478,-101,-676
2,4,0.10918,SAN- 6,121,478,-99,-680
3,4,0.109205,SAN- 6,121,478,-96,-684
3,3,0.109232,SAN- 6,121,478,-93,-687
3,2,0.109256,SAN- 6,121,478,-90,-689
3,3,0.109279,SAN- 6,121,478,-87,-692
2,2,0.109308,SAN- 6,121,478,-85,-694
3,1,0.109331,SAN- 6,121,478,-82,-695
3,1,0.109366,SAN- 6,121,478,-79,-696
3,-1,0.109407,SAN- 6,121,478,-76,-695
2,-1,0.10943,SAN- 6,121,478,-74,-694
2,-2,0.109459,SAN- 6,121,478,-72,-692
2,-2,0.109482,SAN- 6,121,478,-70,-690
2,-2,0.109517,SAN- 6,121,478,-68,-688
1,-2,0.109534,SAN- 6,121,478,-67,-686
1,-3,0.109558,SAN- 6,121,478,-66,-683
1,-3,0.109581,SAN- 6,121,478,-65,-680
2,-3,0.10961,SAN- 6,121,478,-63,-677
2,-3,0.109645,SAN- 6,121,478,-61,-674
2,-2,0.109668,SAN- 6,121,478,-59,-672
2,-3,0.109685,SAN- 6,121,478,-57,-669
3,-3,0.109708,SAN- 6,121,478,-54,-666
3,-3,0.109732,SAN- 6,121,478,-51,-663
3,-3,0.109767,SAN- 6,121,478,-48,-660
3,-3,0.109796,SAN- 6,121,478,-45,-657
2,-2,0.10983,SAN- 6,121,478,-43,-655
3,-3,0.109836,SAN- 6,121,478,-40,-652
3,-3,0.109859,SAN- 6,121,478,-37,-649
3,-3,0.109883,SAN- 6,121,478,-34,-646
3,-3,0.109911,SAN- 6,121,478,-31,-643
2,-2,0.109923,SAN- 6,121,478,-29,-641
3,-3,0.109958,SAN- 6,121,478,-26,-638
3,-2,0.109981,SAN- 6,121,478,-23,-636
3,-2,0.110005,SAN- 6,121,478,-20,-634
3,-2,0.110028,SAN- 6,121,478,-17,-632
3,-2,0.110063,SAN- 6,121,478,-14,-630
2,-2,0.110074,SAN- 6,121,478,-12,-628
3,-2,0.110109,SAN- 6,121,478,-9,-626
3,-3,0.110132,SAN- 6,121,478,-6,-623
3,-3,0.110155,SAN- 6,121,478,-3,-620
3,-3,0.11019,SAN- 6,121,478,0,-617
1,-3,0.110214,SAN- 6,121,478,1,-614
1,-2,0.110231,SAN- 6,121,478,2,-612
1,-3,0.110254,SAN- 6,121,478,3,-609
-1,-3,0.110283,SAN- 6,121,478,2,-606
-1,-3,0.110306,SAN- 6,121,478,1,-603
-2,-3,0.110341,SAN- 6,121,478,-1,-600
-3,-3,0.110373,SAN- 6,121,478,-4,-597
-3,-2,0.110382,SAN- 6,121,478,-7,-595
-3,-3,0.110405,SAN- 6,121,478,-10,-592
-2,-3,0.110434,SAN- 6,121,478,-12,-589
-1,-3,0.110463,SAN- 6,121,478,-13,-586
-1,-3,0.110492,SAN- 6,121,478,-14,-583
-1,-2,0.110527,SAN- 6,121,478,-15,-581
-1,-2,0.110533,SAN- 6,121,478,-16,-579
1,-2,0.110556,SAN- 6,121,478,-15,-577
1,-2,0.110579,SAN- 6,121,478,-14,-575
1,-1,0.110614,SAN- 6,121,478,-13,-574
1,-1,0.110637,SAN- 6,121,478,-12,-573
1,-1,0.123193,-TIA- 7,114,400,-11,-572
1,-2,0.12324,-TIA- 7,114,400,-10,-570
1,-2,0.123263,-TIA- 7,114,400,-9,-568
1,-3,0.123298,-TIA- 7,114,400,-8,-565
1,-2,0.123327,-TIA- 7,114,400,-7,-563
1,-3,0.123362,-TIA- 7,114,400,-6,-560
1,-3,0.123385,-TIA- 7,114,400,-5,-557
1,-3,0.123391,-TIA- 7,114,400,-4,-554
1,-3,0.123414,-TIA- 7,114,400,-3,-551
1,-2,0.123437,-TIA- 7,114,400,-2,-549
1,-3,0.123472,-TIA- 7,114,400,-1,-546
1,-3,0.123513,-TIA- 7,114,400,0,-543
1,-3,0.123519,-TIA- 7,114,400,1,-540
1,-3,0.123548,-TIA- 7,114,400,2,-537
1,-3,0.123565,-TIA- 7,114,400,3,-534
1,-2,0.123594,-TIA- 7,114,400,4,-532
1,-3,0.123623,-TIA- 7,114,400,5,-529
1,-3,0.12364,-TIA- 7,114,400,6,-526
1,-3,0.123669,-TIA- 7,114,400,7,-523
1,-3,0.123699,-TIA- 7,114,400,8,-520
1,-2,0.123722,-TIA- 7,114,400,9,-518
1,-3,0.123745,-TIA- 7,114,400,10,-515
1,-3,0.123774,-TIA- 7,114,400,11,-512
1,-3,0.123791,-TIA- 7,114,400,12,-509
1,-3,0.123815,-TIA- 7,114,400,13,-506
1,-2,0.123844,-TIA- 7,114,400,14,-504
1,-3,0.123867,-TIA- 7,114,400,15,-501
1,-3,0.12389,-TIA- 7,114,400,16,-498
-1,-3,0.123919,-TIA- 7,114,400,15,-495
-1,-3,0.123937,-TIA- 7,114,400,14,-492
-2,-3,0.12396,-TIA- 7,114,400,12,-489
-2,-2,0.123995,-TIA- 7,114,400,10,-487
-1,-3,0.124018,-TIA- 7,114,400,9,-484
-2,-3,0.124041,-TIA- 7,114,400,7,-481
-2,-3,0.124082,-TIA- 7,114,400,5,-478
-2,-3,0.124087,-TIA- 7,114,400,3,-475
-2,-2,0.124111,-TIA- 7,114,400,1,-473
-2,-3,0.124145,-TIA- 7,114,400,-1,-470
-1,-3,0.124169,-TIA- 7,114,400,-2,-467
-1,-3,0.124198,-TIA- 7,114,400,-3,-464
-1,-3,0.124223,-TIA- 7,114,400,-4,-461
-1,-2,0.124238,-TIA- 7,114,400,-5,-459
-1,-3,0.124256,-TIA- 7,114,400,-6,-456
-1,-3,0.124279,-TIA- 7,114,400,-7,-453
-1,-3,0.124314,-TIA- 7,114,400,-8,-450
-1,-3,0.124343,-TIA- 7,114,400,-9,-447
1,-3,0.124378,-TIA- 7,114,400,-8,-444
1,-2,0.124383,-TIA- 7,114,400,-7,-442
1,-3,0.124407,-TIA- 7,114,400,-6,-439
1,-3,0.124432,-TIA- 7,114,400,-5,-436
1,-3,0.124465,-TIA- 7,114,400,-4,-433
1,-3,0.1245,-TIA- 7,114,400,-3,-430
1,-2,0.124529,-TIA- 7,114,400,-2,-428
1,-3,0.12454,-TIA- 7,114,400,-1,-425
1,-2,0.124558,-TIA- 7,114,400,0,-423
1,-2,0.124587,-TIA- 7,114,400,1,-421
1,-2,0.124616,-TIA- 7,114,400,2,-419
1,-1,0.124639,-TIA- 7,114,400,3,-418
-1,1,0.137102,GO 8,138,383,2,-419
-1,1,0.13713,GO 8,138,383,1,-420
-1,1,0.137154,GO 8,138,383,0,-421
-2,1,0.137218,GO 8,138,383,-2,-422
-2,1,0.137247,GO 8,138,383,-4,-423
-1,1,0.137265,GO 8,138,383,-5,-424
-1,1,0.137282,GO 8,138,383,-6,-425
-1,1,0.13766,GO 8,138,383,-7,-426
-1,1,0.137706,GO 8,138,383,-8,-427
1,1,0.137735,GO 8,138,383,-7,-428
1,1,0.137787,GO 8,138,383,-6,-429
1,1,0.13781,GO 8,138,383,-5,-430
