dX,dY,WHEN,SYLLABLE,X,Y,cX,cY
-2,-2,0.0113139,Yield,0,0,-2,2
-5,-1,0.0113429,Yield,0,0,-7,3
-3,-1,0.0113778,Yield,0,0,-10,4
-8,-1,0.0114068,Yield,0,0,-18,5
-3,-1,0.0114416,Yield,0,0,-21,6
-4,-1,0.0114795,Yield,0,0,-25,7
-4,-2,0.0115055,Yield,0,0,-29,9
-2,2,0.0116796,Yield,0,0,-31,7
-3,1,0.0117087,Yield,0,0,-34,6
-2,1,0.0117435,Yield,0,0,-36,5
-2,1,0.0117733,Yield,0,0,-38,4
-3,1,0.0118073,Yield,0,0,-41,3
-6,1,0.0118422,Yield,0,0,-47,2
-3,1,0.011877,Yield,0,0,-50,1
-4,-1,0.0119931,Yield,0,0,-54,2
-4,-1,0.0120105,Yield,0,0,-58,3
-4,-1,0.0120395,Yield,0,0,-62,4
-4,-1,0.0121034,Yield,0,0,-66,5
-4,-1,0.0121092,Yield,0,0,-70,6
-3,-1,0.0121324,Yield,0,0,-73,7
-1,-1,0.0126491,Yield,0,0,-74,8
-1,-1,0.0126665,Yield,0,0,-75,9
-1,-1,0.0127013,Yield,0,0,-76,10
-1,-1,0.0127536,Yield,0,0,-77,11
-1,-1,0.012771,Yield,0,0,-78,12
-1,-1,0.0128,Yield,0,0,-79,13
1,-1,0.0256035,FRAY 1,351,229,-78,14
1,-1,0.0256348,FRAY 1,351,229,-77,15
2,-2,0.0257045,FRAY 1,351,229,-75,17
4,-1,0.0257393,FRAY 1,351,229,-71,18
2,-1,0.0257741,FRAY 1,351,229,-69,19
3,-2,0.025809,FRAY 1,351,229,-66,21
3,1,0.0259541,FRAY 1,351,229,-63,20
3,2,0.0259889,FRAY 1,351,229,-60,18
6,1,0.026018,FRAY 1,351,229,-54,17
2,3,0.0260586,FRAY 1,351,229,-52,14
6,2,0.0260926,FRAY 1,351,229,-46,12
3,2,0.0261224,FRAY 1,351,229,-43,10
3,3,0.0261573,FRAY 1,351,229,-40,7
2,6,0.0261863,FRAY 1,351,229,-38,1
6,2,0.0262211,FRAY 1,351,229,-32,-1
3,3,0.0262502,FRAY 1,351,229,-29,-4
3,8,0.0262908,FRAY 1,351,229,-26,-12
5,3,0.0263256,FRAY 1,351,229,-21,-15
3,8,0.0263546,FRAY 1,351,229,-18,-23
6,4,0.0263895,FRAY 1,351,229,-12,-27
3,3,0.0264185,FRAY 1,351,229,-9,-30
2,4,0.0264591,FRAY 1,351,229,-7,-34
3,8,0.0264824,FRAY 1,351,229,-4,-42
6,3,0.0265056,FRAY 1,351,229,2,-45
3,4,0.0265404,FRAY 1,351,229,5,-49
2,4,0.0265752,FRAY 1,351,229,7,-53
3,4,0.0265868,FRAY 1,351,229,10,-57
3,3,0.0266159,FRAY 1,351,229,13,-60
3,4,0.0266217,FRAY 1,351,229,16,-64
3,4,0.0266449,FRAY 1,351,229,19,-68
2,4,0.0266681,FRAY 1,351,229,21,-72
3,3,0.0267029,FRAY 1,351,229,24,-75
3,4,0.0267262,FRAY 1,351,229,27,-79
3,4,0.0267552,FRAY 1,351,229,30,-83
3,4,0.0267726,FRAY 1,351,229,33,-87
3,3,0.0267958,FRAY 1,351,229,36,-90
2,4,0.0268249,FRAY 1,351,229,38,-94
3,3,0.0268539,FRAY 1,351,229,41,-97
3,3,0.0268846,FRAY 1,351,229,44,-100
3,2,0.0269177,FRAY 1,351,229,47,-102
3,2,0.0269293,FRAY 1,351,229,50,-104
2,1,0.0269479,FRAY 1,351,229,52,-105
2,1,0.0269758,FRAY 1,351,229,54,-106
2,1,0.0270048,FRAY 1,351,229,56,-107
2,1,0.0270396,FRAY 1,351,229,58,-108
2,2,0.0270803,FRAY 1,351,229,60,-110
4,1,0.0270981,FRAY 1,351,229,64,-111
2,1,0.0271267,FRAY 1,351,229,66,-112
2,1,0.0271557,FRAY 1,351,229,68,-113
1,1,0.0271906,FRAY 1,351,229,69,-114
1,1,0.0272312,FRAY 1,351,229,70,-115
1,1,0.0274791,FRAY 1,351,229,71,-116
1,1,0.0275273,FRAY 1,351,229,72,-117
1,1,0.0275563,FRAY 1,351,229,73,-118
1,2,0.0276085,FRAY 1,351,229,74,-120
2,2,0.0276317,FRAY 1,351,229,76,-122
2,2,0.027655,FRAY 1,351,229,78,-124
2,2,0.0276782,FRAY 1,351,229,80,-126
2,2,0.027713,FRAY 1,351,229,82,-128
3,2,0.027742,FRAY 1,351,229,85,-130
2,1,0.0277769,FRAY 1,351,229,87,-131
3,2,0.0277827,FRAY 1,351,229,90,-133
3,3,0.0278059,FRAY 1,351,229,93,-136
3,3,0.0278233,FRAY 1,351,229,96,-139
3,3,0.0278465,FRAY 1,351,229,99,-142
3,3,0.0278872,FRAY 1,351,229,102,-145
2,2,0.0279046,FRAY 1,351,229,104,-147
3,3,0.0279394,FRAY 1,351,229,107,-150
3,3,0.0279478,FRAY 1,351,229,110,-153
3,3,0.0279684,FRAY 1,351,229,113,-156
3,3,0.0279917,FRAY 1,351,229,116,-159
2,2,0.0280265,FRAY 1,351,229,118,-161
3,3,0.0280555,FRAY 1,351,229,121,-164
3,3,0.0280903,FRAY 1,351,229,124,-167
3,3,0.0280961,FRAY 1,351,229,127,-170
3,3,0.0281194,FRAY 1,351,229,130,-173
2,2,0.0281449,FRAY 1,351,229,132,-175
3,3,0.0281774,FRAY 1,351,229,135,-178
3,3,0.0282097,FRAY 1,351,229,138,-181
3,3,0.0282413,FRAY 1,351,229,141,-184
3,3,0.0282471,FRAY 1,351,229,144,-187
3,3,0.0282749,FRAY 1,351,229,147,-190
2,2,0.0283167,FRAY 1,351,229,149,-192
3,3,0.0283283,FRAY 1,351,229,152,-195
3,3,0.0283632,FRAY 1,351,229,155,-198
3,3,0.0283922,FRAY 1,351,229,158,-201
3,3,0.0284038,FRAY 1,351,229,161,-204
2,2,0.028427,FRAY 1,351,229,163,-206
3,3,0.0284561,FRAY 1,351,229,166,-209
3,3,0.0284909,FRAY 1,351,229,169,-212
3,3,0.0284967,FRAY 1,351,229,172,-215
3,3,0.0285303,FRAY 1,351,229,175,-218
2,2,0.0285605,FRAY 1,351,229,177,-220
3,3,0.028578,FRAY 1,351,229,180,-223
3,3,0.028607,FRAY 1,351,229,183,-226
3,3,0.0286418,FRAY 1,351,229,186,-229
3,3,0.0286481,FRAY 1,351,229,189,-232
2,3,0.0286824,FRAY 1,351,229,191,-235
3,2,0.0287057,FRAY 1,351,229,194,-237
3,3,0.0287289,FRAY 1,351,229,197,-240
3,3,0.0287521,FRAY 1,351,229,200,-243
3,3,0.0287753,FRAY 1,351,229,203,-246
3,3,0.0287869,FRAY 1,351,229,206,-249
2,2,0.0288102,FRAY 1,351,229,208,-251
3,3,0.0288392,FRAY 1,351,229,211,-254
3,3,0.0288624,FRAY 1,351,229,214,-257
3,3,0.0288856,FRAY 1,351,229,217,-260
3,3,0.0289321,FRAY 1,351,229,220,-263
2,2,0.0289379,FRAY 1,351,229,222,-265
3,3,0.0289611,FRAY 1,351,229,225,-268
3,3,0.0289959,FRAY 1,351,229,228,-271
3,3,0.0290191,FRAY 1,351,229,231,-274
3,3,0.0290424,FRAY 1,351,229,234,-277
2,3,0.0290714,FRAY 1,351,229,236,-280
3,2,0.0290888,FRAY 1,351,229,239,-282
3,3,0.029112,FRAY 1,351,229,242,-285
3,3,0.0291468,FRAY 1,351,229,245,-288
3,3,0.0291701,FRAY 1,351,229,248,-291
3,3,0.0291933,FRAY 1,351,229,251,-294
2,2,0.0292223,FRAY 1,351,229,253,-296
3,3,0.0292397,FRAY 1,351,229,256,-299
3,3,0.0292629,FRAY 1,351,229,259,-302
3,2,0.0292896,FRAY 1,351,229,262,-304
3,2,0.029321,FRAY 1,351,229,265,-306
2,2,0.0293515,FRAY 1,351,229,267,-308
3,2,0.029379,FRAY 1,351,229,270,-310
3,1,0.0293907,FRAY 1,351,229,273,-311
3,1,0.029419,FRAY 1,351,229,276,-312
3,1,0.0294429,FRAY 1,351,229,279,-313
2,1,0.0294719,FRAY 1,351,229,281,-314
3,1,0.0295068,FRAY 1,351,229,284,-315
3,1,0.0295358,FRAY 1,351,229,287,-316
3,1,0.0295416,FRAY 1,351,229,290,-317
3,1,0.0295764,FRAY 1,351,229,293,-318
3,1,0.0296112,FRAY 1,351,229,296,-319
2,1,0.0296171,FRAY 1,351,229,298,-320
3,1,0.0296461,FRAY 1,351,229,301,-321
3,1,0.0296635,FRAY 1,351,229,304,-322
3,1,0.0296867,FRAY 1,351,229,307,-323
2,-1,0.0298667,FRAY 1,351,229,309,-322
3,-1,0.0298957,FRAY 1,351,229,312,-321
3,-1,0.0299131,FRAY 1,351,229,315,-320
3,-2,0.0299363,FRAY 1,351,229,318,-318
3,-2,0.0299654,FRAY 1,351,229,321,-316
2,-2,0.0299886,FRAY 1,351,229,323,-314
3,-2,0.0300176,FRAY 1,351,229,326,-312
3,-2,0.0300466,FRAY 1,351,229,329,-310
3,-3,0.0300873,FRAY 1,351,229,332,-307
6,-2,0.0301047,FRAY 1,351,229,338,-305
2,-2,0.0301279,FRAY 1,351,229,340,-303
3,-1,0.0301511,FRAY 1,351,229,343,-302
3,-1,0.0301859,FRAY 1,351,229,346,-301
3,-1,0.030215,FRAY 1,351,229,349,-300
3,1,0.0302672,FRAY 1,351,229,352,-301
3,1,0.0302904,FRAY 1,351,229,355,-302
3,1,0.0303253,FRAY 1,351,229,358,-303
3,1,0.0303543,FRAY 1,351,229,361,-304
2,1,0.0303659,FRAY 1,351,229,363,-305
1,1,0.0303891,FRAY 1,351,229,364,-306
1,-1,0.0392533,SAN- 2,378,116,365,-305
1,-1,0.0392707,SAN- 2,378,116,366,-304
1,-2,0.039294,SAN- 2,378,116,367,-302
1,-2,0.0393172,SAN- 2,378,116,368,-300
1,-2,0.039352,SAN- 2,378,116,369,-298
1,-2,0.0393694,SAN- 2,378,116,370,-296
1,-2,0.0394043,SAN- 2,378,116,371,-294
1,-2,0.0394275,SAN- 2,378,116,372,-292
1,-1,0.0394449,SAN- 2,378,116,373,-291
1,-2,0.0394681,SAN- 2,378,116,374,-289
1,-2,0.0394913,SAN- 2,378,116,375,-287
1,-2,0.0395262,SAN- 2,378,116,376,-285
-1,-2,0.0395378,SAN- 2,378,116,375,-283
-1,-3,0.0395784,SAN- 2,378,116,374,-280
-2,-3,0.0395958,SAN- 2,378,116,372,-277
-1,-2,0.039619,SAN- 2,378,116,371,-275
-3,-3,0.0396423,SAN- 2,378,116,368,-272
-3,-3,0.0396771,SAN- 2,378,116,365,-269
-3,-3,0.0397061,SAN- 2,378,116,362,-266
-3,-3,0.0397351,SAN- 2,378,116,359,-263
-2,-2,0.0397642,SAN- 2,378,116,357,-261
-3,-3,0.0397816,SAN- 2,378,116,354,-258
-2,-3,0.0398106,SAN- 2,378,116,352,-255
-2,-3,0.0398222,SAN- 2,378,116,350,-252
-1,-3,0.0398454,SAN- 2,378,116,349,-249
-1,-3,0.0398745,SAN- 2,378,116,348,-246
-1,-2,0.0398977,SAN- 2,378,116,347,-244
-1,-3,0.0399325,SAN- 2,378,116,346,-241
1,-3,0.0399499,SAN- 2,378,116,347,-238
1,-3,0.0399557,SAN- 2,378,116,348,-235
1,-3,0.0399848,SAN- 2,378,116,349,-232
1,-2,0.0400138,SAN- 2,378,116,350,-230
2,-3,0.0400486,SAN- 2,378,116,352,-227
2,-3,0.0400602,SAN- 2,378,116,354,-224
1,-3,0.0400893,SAN- 2,378,116,355,-221
3,-3,0.04011,SAN- 2,378,116,358,-218
3,-2,0.0401357,SAN- 2,378,116,361,-216
3,-3,0.0401589,SAN- 2,378,116,364,-213
3,-2,0.0401995,SAN- 2,378,116,367,-211
2,-2,0.0402286,SAN- 2,378,116,369,-209
3,-2,0.0402402,SAN- 2,378,116,372,-207
3,-1,0.0402634,SAN- 2,378,116,375,-206
2,-1,0.0402866,SAN- 2,378,116,377,-205
2,-1,0.0403098,SAN- 2,378,116,379,-204
2,-1,0.0403447,SAN- 2,378,116,381,-203
2,-1,0.0403853,SAN- 2,378,116,383,-202
1,-2,0.0404143,SAN- 2,378,116,384,-200
1,-2,0.0404376,SAN- 2,378,116,385,-198
-1,-2,0.0404724,SAN- 2,378,116,384,-196
-1,-3,0.0404956,SAN- 2,378,116,383,-193
-2,-2,0.0405362,SAN- 2,378,116,381,-191
-1,-3,0.040542,SAN- 2,378,116,380,-188
-2,-3,0.0405537,SAN- 2,378,116,378,-185
-3,-3,0.0405827,SAN- 2,378,116,375,-182
-3,-3,0.0406117,SAN- 2,378,116,372,-179
-2,-3,0.0406349,SAN- 2,378,116,370,-176
-2,-2,0.0406523,SAN- 2,378,116,368,-174
-2,-3,0.040686,SAN- 2,378,116,366,-171
-1,-3,0.0407104,SAN- 2,378,116,365,-168
-1,-3,0.0407452,SAN- 2,378,116,364,-165
-1,-3,0.0407742,SAN- 2,378,116,363,-162
-1,-2,0.0407827,SAN- 2,378,116,362,-160
-1,-3,0.0407975,SAN- 2,378,116,361,-157
-1,-3,0.0408323,SAN- 2,378,116,360,-154
-1,-3,0.0408439,SAN- 2,378,116,359,-151
-1,-3,0.0408671,SAN- 2,378,116,358,-148
-1,-2,0.0408903,SAN- 2,378,116,357,-146
-1,-3,0.0409172,SAN- 2,378,116,356,-143
-1,-3,0.040931,SAN- 2,378,116,355,-140
-1,-3,0.0409542,SAN- 2,378,116,354,-137
-1,-3,0.040989,SAN- 2,378,116,353,-134
-1,-3,0.0410122,SAN- 2,378,116,352,-131
1,-2,0.0410471,SAN- 2,378,116,353,-129
1,-3,0.0410761,SAN- 2,378,116,354,-126
2,-3,0.0410877,SAN- 2,378,116,356,-123
2,-3,0.0411096,SAN- 2,378,116,358,-120
2,-3,0.04114,SAN- 2,378,116,360,-117
3,-2,0.0411632,SAN- 2,378,116,363,-115
2,-3,0.041198,SAN- 2,378,116,365,-112
3,-2,0.041227,SAN- 2,378,116,368,-110
3,-2,0.0412386,SAN- 2,378,116,371,-108
3,-2,0.0412735,SAN- 2,378,116,374,-106
3,-2,0.0413024,SAN- 2,378,116,377,-104
2,-2,0.0413141,SAN- 2,378,116,379,-102
3,-1,0.0413489,SAN- 2,378,116,382,-101
3,-2,0.041378,SAN- 2,378,116,385,-99
3,-2,0.0413896,SAN- 2,378,116,388,-97
3,-2,0.0414128,SAN- 2,378,116,391,-95
3,-2,0.0414418,SAN- 2,378,116,394,-93
3,-1,0.0414697,SAN- 2,378,116,397,-92
2,-2,0.0414999,SAN- 2,378,116,399,-90
3,-2,0.0415173,SAN- 2,378,116,402,-88
3,-2,0.0415405,SAN- 2,378,116,405,-86
3,-2,0.0415637,SAN- 2,378,116,408,-84
3,-2,0.0415985,SAN- 2,378,116,411,-82
2,-2,0.0416392,SAN- 2,378,116,413,-80
3,-1,0.0416624,SAN- 2,378,116,416,-79
3,-1,0.0416682,SAN- 2,378,116,419,-78
2,1,0.0417495,SAN- 2,378,116,421,-79
1,1,0.0417785,SAN- 2,378,116,422,-80
2,2,0.0418133,SAN- 2,378,116,424,-82
1,2,0.0418191,SAN- 2,378,116,425,-84
1,2,0.041854,SAN- 2,378,116,426,-86
1,2,0.041883,SAN- 2,378,116,427,-88
1,1,0.0419004,SAN- 2,378,116,428,-89
1,1,0.0553622,-TIA- 3,255,185,429,-90
-1,2,0.0554028,-TIA- 3,255,185,428,-92
-1,2,0.055426,-TIA- 3,255,185,427,-94
-2,3,0.0554609,-TIA- 3,255,185,425,-97
-2,3,0.055491,-TIA- 3,255,185,423,-100
-2,3,0.0555189,-TIA- 3,255,185,421,-103
-3,8,0.0555421,-TIA- 3,255,185,418,-111
-8,4,0.0555654,-TIA- 3,255,185,410,-115
-3,3,0.0555828,-TIA- 3,255,185,407,-118
-4,4,0.0556176,-TIA- 3,255,185,403,-122
-4,4,0.0556408,-TIA- 3,255,185,399,-126
-4,4,0.0556524,-TIA- 3,255,185,395,-130
-3,3,0.0556756,-TIA- 3,255,185,392,-133
-4,4,0.0557047,-TIA- 3,255,185,388,-137
-4,4,0.0557279,-TIA- 3,255,185,384,-141
-4,4,0.0557511,-TIA- 3,255,185,380,-145
-3,3,0.0557743,-TIA- 3,255,185,377,-148
-4,4,0.0557917,-TIA- 3,255,185,373,-152
-4,4,0.055815,-TIA- 3,255,185,369,-156
-4,4,0.055844,-TIA- 3,255,185,365,-160
-3,3,0.055873,-TIA- 3,255,185,362,-163
-4,4,0.0558904,-TIA- 3,255,185,358,-167
-4,4,0.0559137,-TIA- 3,255,185,354,-171
-4,4,0.0559369,-TIA- 3,255,185,350,-175
-3,3,0.0559543,-TIA- 3,255,185,347,-178
-4,4,0.0559717,-TIA- 3,255,185,343,-182
-4,4,0.0560007,-TIA- 3,255,185,339,-186
-4,4,0.0560356,-TIA- 3,255,185,335,-190
-3,7,0.0560673,-TIA- 3,255,185,332,-197
-8,4,0.056082,-TIA- 3,255,185,324,-201
-4,4,0.0561052,-TIA- 3,255,185,320,-205
-3,3,0.05614,-TIA- 3,255,185,317,-208
-4,3,0.0561807,-TIA- 3,255,185,313,-211
-3,3,0.0561865,-TIA- 3,255,185,310,-214
-3,2,0.0562155,-TIA- 3,255,185,307,-216
-3,2,0.0562329,-TIA- 3,255,185,304,-218
-2,1,0.056262,-TIA- 3,255,185,302,-219
-3,-1,0.05632,-TIA- 3,255,185,299,-218
-2,-1,0.0563548,-TIA- 3,255,185,297,-217
-3,-1,0.0563664,-TIA- 3,255,185,294,-216
-3,-1,0.0563848,-TIA- 3,255,185,291,-215
-3,-1,0.0564071,-TIA- 3,255,185,288,-214
-3,-1,0.0564129,-TIA- 3,255,185,285,-213
-3,-1,0.0564477,-TIA- 3,255,185,282,-212
-2,-1,0.0564767,-TIA- 3,255,185,280,-211
-3,-1,0.0564825,-TIA- 3,255,185,277,-210
-2,-1,0.0565127,-TIA- 3,255,185,275,-209
-2,-1,0.0565464,-TIA- 3,255,185,273,-208
-2,-1,0.0565522,-TIA- 3,255,185,271,-207
-1,-1,0.0568773,-TIA- 3,255,185,270,-206
-1,-1,0.0568947,-TIA- 3,255,185,269,-205
-2,-1,0.0569353,-TIA- 3,255,185,267,-204
-2,-1,0.0569527,-TIA- 3,255,185,265,-203
-2,-1,0.0569644,-TIA- 3,255,185,263,-202
-1,-1,0.0569702,-TIA- 3,255,185,262,-201
-1,-2,0.057005,-TIA- 3,255,185,261,-199
-1,-2,0.057034,-TIA- 3,255,185,260,-197
-1,-2,0.0570688,-TIA- 3,255,185,259,-195
-1,-2,0.0570746,-TIA- 3,255,185,258,-193
-1,-2,0.0570921,-TIA- 3,255,185,257,-191
-1,-1,0.0571153,-TIA- 3,255,185,256,-190
-1,-1,0.0571559,-TIA- 3,255,185,255,-189
1,-1,0.0571675,-TIA- 3,255,185,256,-188
1,-1,0.0571907,-TIA- 3,255,185,257,-187
1,-1,0.0572082,-TIA- 3,255,185,258,-186
1,-1,0.0572546,-TIA- 3,255,185,259,-185
1,-1,0.0572894,-TIA- 3,255,185,260,-184
1,-1,0.0573185,-TIA- 3,255,185,261,-183
1,-2,0.0573417,-TIA- 3,255,185,262,-181
1,-2,0.0573649,-TIA- 3,255,185,263,-179
1,-2,0.0573881,-TIA- 3,255,185,264,-177
-1,-2,0.0573939,-TIA- 3,255,185,263,-175
-1,-2,0.0574113,-TIA- 3,255,185,262,-173
-1,-1,0.0574404,-TIA- 3,255,185,261,-172
-1,-2,0.0574636,-TIA- 3,255,185,260,-170
-1,-2,0.0574868,-TIA- 3,255,185,259,-168
-1,-2,0.0575158,-TIA- 3,255,185,258,-166
-1,-2,0.057539,-TIA- 3,255,185,257,-164
-1,-1,0.0575507,-TIA- 3,255,185,256,-163
1,-1,0.070252,GO 4,147,138,257,-162
1,-1,0.070281,GO 4,147,138,258,-161
1,-2,0.0703216,GO 4,147,138,259,-159
1,-1,0.0703855,GO 4,147,138,260,-158
1,-1,0.0704029,GO 4,147,138,261,-157
1,-1,0.0704319,GO 4,147,138,262,-156
-1,-1,0.0708034,GO 4,147,138,261,-155
-1,-2,0.0708325,GO 4,147,138,260,-153
-1,-2,0.0708499,GO 4,147,138,259,-151
-2,-3,0.0708905,GO 4,147,138,257,-148
-2,-2,0.0709079,GO 4,147,138,255,-146
-2,-3,0.0709486,GO 4,147,138,253,-143
-2,-3,0.0709544,GO 4,147,138,251,-140
-1,-3,0.0709776,GO 4,147,138,250,-137
-2,-3,0.0710182,GO 4,147,138,248,-134
-2,-3,0.0710356,GO 4,147,138,246,-131
-1,-2,0.0710531,GO 4,147,138,245,-129
-1,-2,0.0710821,GO 4,147,138,244,-127
-1,-2,0.0711053,GO 4,147,138,243,-125
1,-1,0.0711285,GO 4,147,138,244,-124
1,-1,0.0711692,GO 4,147,138,245,-123
-4,1,0.0723418,GO 4,147,138,241,-124
-4,1,0.0723534,GO 4,147,138,237,-125
-3,1,0.072365,GO 4,147,138,234,-126
-4,1,0.0723998,GO 4,147,138,230,-127
-4,1,0.0724288,GO 4,147,138,226,-128
-4,1,0.0724463,GO 4,147,138,222,-129
-3,1,0.0724811,GO 4,147,138,219,-130
-4,1,0.0724985,GO 4,147,138,215,-131
-4,1,0.0725159,GO 4,147,138,211,-132
-4,1,0.0725507,GO 4,147,138,207,-133
-3,1,0.072574,GO 4,147,138,204,-134
-4,-1,0.0727249,GO 4,147,138,200,-133
-4,-1,0.0727655,GO 4,147,138,196,-132
-3,-1,0.0727829,GO 4,147,138,193,-131
-4,-1,0.0727946,GO 4,147,138,189,-130
-3,-1,0.0728352,GO 4,147,138,186,-129
-3,-1,0.0728468,GO 4,147,138,183,-128
-3,-1,0.0728758,GO 4,147,138,180,-127
-1,-1,0.0730155,GO 4,147,138,179,-126
-1,-1,0.07305,GO 4,147,138,178,-125
-2,-1,0.0730906,GO 4,147,138,176,-124
-1,-1,0.073108,GO 4,147,138,175,-123
-2,-1,0.0731487,GO 4,147,138,173,-122
-3,-2,0.0731603,GO 4,147,138,170,-120
-3,-2,0.0731951,GO 4,147,138,167,-118
-3,-2,0.0732009,GO 4,147,138,164,-116
-3,-2,0.0732357,GO 4,147,138,161,-114
-4,-2,0.0732648,GO 4,147,138,157,-112
-4,-2,0.0732938,GO 4,147,138,153,-110
-3,-1,0.0733054,GO 4,147,138,150,-109
-3,-2,0.073346,GO 4,147,138,147,-107
-2,-2,0.0733518,GO 4,147,138,145,-105
-3,-2,0.0733809,GO 4,147,138,142,-103
-2,-2,0.0734157,GO 4,147,138,140,-101
-2,-2,0.0734447,GO 4,147,138,138,-99
-2,-2,0.0734679,GO 4,147,138,136,-97
-2,-2,0.0734912,GO 4,147,138,134,-95
-2,-1,0.0735086,GO 4,147,138,132,-94
-1,-2,0.0735318,GO 4,147,138,131,-92
-2,-2,0.0735608,GO 4,147,138,129,-90
-2,-2,0.0735956,GO 4,147,138,127,-88
-3,-2,0.0736189,GO 4,147,138,124,-86
-3,-4,0.0736595,GO 4,147,138,121,-82
-5,-2,0.0736827,GO 4,147,138,116,-80
-3,-1,0.0737117,GO 4,147,138,113,-79
-2,-2,0.0737408,GO 4,147,138,111,-77
-2,-2,0.0737814,GO 4,147,138,109,-75
-2,-4,0.0738104,GO 4,147,138,107,-71
-4,-2,0.0738337,GO 4,147,138,103,-69
-2,-2,0.0738569,GO 4,147,138,101,-67
-1,-2,0.0738975,GO 4,147,138,100,-65
-2,-1,0.0739323,GO 4,147,138,98,-64
-2,-4,0.0739614,GO 4,147,138,96,-60
-4,-2,0.0739962,GO 4,147,138,92,-58
-1,-2,0.0740115,GO 4,147,138,91,-56
-1,-2,0.0740426,GO 4,147,138,90,-54
-1,-2,0.0740775,GO 4,147,138,89,-52
-1,-1,0.0741065,GO 4,147,138,88,-51
1,-1,0.0741181,GO 4,147,138,89,-50
1,-1,0.0741413,GO 4,147,138,90,-49
1,-1,0.074182,GO 4,147,138,91,-48
1,-1,0.0741936,GO 4,147,138,92,-47
1,-1,0.0742168,GO 4,147,138,93,-46
1,-1,0.0746347,GO 4,147,138,94,-45
1,-1,0.074658,GO 4,147,138,95,-44
1,-1,0.074716,GO 4,147,138,96,-43
1,-1,0.0747392,GO 4,147,138,97,-42
1,-1,0.0747727,GO 4,147,138,98,-41
1,1,0.0749888,GO 4,147,138,99,-42
1,1,0.0750353,GO 4,147,138,100,-43
1,1,0.0750585,GO 4,147,138,101,-44
1,1,0.0750991,GO 4,147,138,102,-45
1,2,0.0751107,GO 4,147,138,103,-47
2,2,0.0751332,GO 4,147,138,105,-49
2,1,0.075163,GO 4,147,138,107,-50
2,2,0.0751978,GO 4,147,138,109,-52
3,2,0.0752268,GO 4,147,138,112,-54
3,2,0.0752559,GO 4,147,138,115,-56
2,1,0.0752617,GO 4,147,138,117,-57
2,1,0.0752849,GO 4,147,138,119,-58
2,1,0.0753081,GO 4,147,138,121,-59
2,-1,0.0844684,FRAY 5,46,198,123,-58
2,-1,0.0844742,FRAY 5,46,198,125,-57
-1,-1,0.0845032,FRAY 5,46,198,124,-56
-1,-2,0.084538,FRAY 5,46,198,123,-54
-1,-1,0.0845555,FRAY 5,46,198,122,-53
-1,-1,0.0845845,FRAY 5,46,198,121,-52
-1,-1,0.0851702,FRAY 5,46,198,120,-51
-1,-1,0.085194,FRAY 5,46,198,119,-50
-1,-2,0.0852405,FRAY 5,46,198,118,-48
1,-2,0.0852463,FRAY 5,46,198,119,-46
1,-3,0.0852811,FRAY 5,46,198,120,-43
1,-3,0.0853101,FRAY 5,46,198,121,-40
1,-3,0.0853217,FRAY 5,46,198,122,-37
1,-1,0.0853449,FRAY 5,46,198,123,-36
1,-2,0.085374,FRAY 5,46,198,124,-34
1,-2,0.0853972,FRAY 5,46,198,125,-32
1,-2,0.0854378,FRAY 5,46,198,126,-30
-1,-2,0.0854668,FRAY 5,46,198,125,-28
-1,-1,0.0854727,FRAY 5,46,198,124,-27
-2,-1,0.0854959,FRAY 5,46,198,122,-26
-2,-1,0.0855307,FRAY 5,46,198,120,-25
-2,-1,0.0855597,FRAY 5,46,198,118,-24
-1,1,0.0856236,FRAY 5,46,198,117,-25
-1,1,0.085641,FRAY 5,46,198,116,-26
-1,2,0.0856758,FRAY 5,46,198,115,-28
-1,1,0.0857049,FRAY 5,46,198,114,-29
-1,3,0.0857345,FRAY 5,46,198,113,-32
-1,6,0.0857687,FRAY 5,46,198,112,-38
-1,3,0.0858093,FRAY 5,46,198,111,-41
-1,2,0.0858389,FRAY 5,46,198,110,-43
-1,3,0.0858558,FRAY 5,46,198,109,-46
-1,3,0.0858906,FRAY 5,46,198,108,-49
-1,3,0.0859022,FRAY 5,46,198,107,-52
-1,3,0.0859196,FRAY 5,46,198,106,-55
-1,2,0.0859429,FRAY 5,46,198,105,-57
-1,6,0.0859719,FRAY 5,46,198,104,-63
-1,6,0.0860299,FRAY 5,46,198,103,-69
-1,3,0.0860415,FRAY 5,46,198,102,-72
1,2,0.0860822,FRAY 5,46,198,103,-74
1,4,0.0860996,FRAY 5,46,198,104,-78
1,4,0.0861054,FRAY 5,46,198,105,-82
1,4,0.086117,FRAY 5,46,198,106,-86
1,3,0.0861344,FRAY 5,46,198,107,-89
1,4,0.0861693,FRAY 5,46,198,108,-93
1,4,0.0861809,FRAY 5,46,198,109,-97
1,7,0.0862041,FRAY 5,46,198,110,-104
-1,4,0.0862389,FRAY 5,46,198,109,-108
-1,4,0.0862563,FRAY 5,46,198,108,-112
-1,4,0.0862846,FRAY 5,46,198,107,-116
-1,2,0.0863028,FRAY 5,46,198,106,-118
-1,3,0.0863174,FRAY 5,46,198,105,-121
-2,3,0.0863434,FRAY 5,46,198,103,-124
-2,3,0.0863724,FRAY 5,46,198,101,-127
-2,3,0.0864073,FRAY 5,46,198,99,-130
-2,2,0.0864305,FRAY 5,46,198,97,-132
-2,7,0.0864653,FRAY 5,46,198,95,-139
-4,4,0.0864849,FRAY 5,46,198,91,-143
-3,4,0.0865059,FRAY 5,46,198,88,-147
-3,3,0.0865292,FRAY 5,46,198,85,-150
-3,8,0.086564,FRAY 5,46,198,82,-158
-7,4,0.086593,FRAY 5,46,198,75,-162
-4,3,0.0866046,FRAY 5,46,198,71,-165
-4,4,0.0866453,FRAY 5,46,198,67,-169
-3,4,0.0866685,FRAY 5,46,198,64,-173
-4,6,0.0867033,FRAY 5,46,198,60,-179
-8,3,0.0867323,FRAY 5,46,198,52,-182
-3,3,0.0867439,FRAY 5,46,198,49,-185
-4,3,0.0867556,FRAY 5,46,198,45,-188
-4,3,0.0867962,FRAY 5,46,198,41,-191
-4,1,0.0868078,FRAY 5,46,198,37,-192
-3,2,0.0868136,FRAY 5,46,198,34,-194
-4,2,0.0868252,FRAY 5,46,198,30,-196
-4,2,0.0868484,FRAY 5,46,198,26,-198
-4,1,0.0868891,FRAY 5,46,198,22,-199
-3,1,0.0869181,FRAY 5,46,198,19,-200
-4,1,0.0869188,FRAY 5,46,198,15,-201
-3,-1,0.08704,FRAY 5,46,198,12,-200
-3,-2,0.0870574,FRAY 5,46,198,9,-198
-4,-1,0.0870864,FRAY 5,46,198,5,-197
-2,-1,0.0870922,FRAY 5,46,198,3,-196
-2,-1,0.0871155,FRAY 5,46,198,1,-195
-2,-2,0.0871387,FRAY 5,46,198,-1,-193
-2,-1,0.0871503,FRAY 5,46,198,-3,-192
-2,-2,0.0871677,FRAY 5,46,198,-5,-190
-2,-2,0.0871909,FRAY 5,46,198,-7,-188
-2,-2,0.0872083,FRAY 5,46,198,-9,-186
-2,-2,0.0872316,FRAY 5,46,198,-11,-184
-3,-3,0.0872548,FRAY 5,46,198,-14,-181
-2,-5,0.0872954,FRAY 5,46,198,-16,-176
-6,-3,0.0873128,FRAY 5,46,198,-22,-173
-3,-3,0.0873477,FRAY 5,46,198,-25,-170
-3,-3,0.0873825,FRAY 5,46,198,-28,-167
-2,-3,0.0873999,FRAY 5,46,198,-30,-164
-3,-2,0.0874115,FRAY 5,46,198,-33,-162
-3,-3,0.0874463,FRAY 5,46,198,-36,-159
-3,-3,0.0874522,FRAY 5,46,198,-39,-156
-3,-3,0.0874812,FRAY 5,46,198,-42,-153
-3,-3,0.087487,FRAY 5,46,198,-45,-150
-2,-2,0.0875276,FRAY 5,46,198,-47,-148
-2,-3,0.0875276,FRAY 5,46,198,-49,-145
-2,-3,0.0875508,FRAY 5,46,198,-51,-142
-1,-5,0.0875799,FRAY 5,46,198,-52,-137
-1,-2,0.0876205,FRAY 5,46,198,-53,-135
-1,-1,0.0876437,FRAY 5,46,198,-54,-134
-1,-2,0.0876611,FRAY 5,46,198,-55,-132
-1,-2,0.0876902,FRAY 5,46,198,-56,-130
-1,-2,0.087725,FRAY 5,46,198,-57,-128
-1,-2,0.0877308,FRAY 5,46,198,-58,-126
-1,-2,0.0877598,FRAY 5,46,198,-59,-124
-1,-2,0.0877946,FRAY 5,46,198,-60,-122
-1,-2,0.0878121,FRAY 5,46,198,-61,-120
-1,-1,0.0878411,FRAY 5,46,198,-62,-119
-1,-4,0.0878817,FRAY 5,46,198,-63,-115
-1,-2,0.0879049,FRAY 5,46,198,-64,-113
-1,-2,0.0879456,FRAY 5,46,198,-65,-111
1,-2,0.0879566,FRAY 5,46,198,-64,-109
2,-2,0.0879862,FRAY 5,46,198,-62,-107
2,-2,0.088021,FRAY 5,46,198,-60,-105
2,-1,0.0880268,FRAY 5,46,198,-58,-104
3,-1,0.0880501,FRAY 5,46,198,-55,-103
2,-1,0.0880849,FRAY 5,46,198,-53,-102
3,-1,0.0881139,FRAY 5,46,198,-50,-101
3,-1,0.0881371,FRAY 5,46,198,-47,-100
3,-1,0.088172,FRAY 5,46,198,-44,-99
3,-1,0.0881778,FRAY 5,46,198,-41,-98
2,-1,0.088201,FRAY 5,46,198,-39,-97
3,-1,0.0882358,FRAY 5,46,198,-36,-96
3,-1,0.0882649,FRAY 5,46,198,-33,-95
3,-1,0.0882823,FRAY 5,46,198,-30,-94
3,-1,0.0883229,FRAY 5,46,198,-27,-93
3,-1,0.0883287,FRAY 5,46,198,-24,-92
2,-1,0.0883577,FRAY 5,46,198,-22,-91
3,-1,0.0883868,FRAY 5,46,198,-19,-90
3,-1,0.0884216,FRAY 5,46,198,-16,-89
3,-1,0.0884738,FRAY 5,46,198,-13,-88
2,-1,0.0884854,FRAY 5,46,198,-11,-87
3,-1,0.0885087,FRAY 5,46,198,-8,-86
2,-1,0.0885319,FRAY 5,46,198,-6,-85
2,1,0.0886015,FRAY 5,46,198,-4,-86
1,1,0.0886248,FRAY 5,46,198,-3,-87
1,2,0.0886538,FRAY 5,46,198,-2,-89
1,1,0.088677,FRAY 5,46,198,-1,-90
1,1,0.0886944,FRAY 5,46,198,0,-91
1,1,0.0887234,FRAY 5,46,198,1,-92
1,1,0.100655,SAN- 6,210,388,2,-93
-1,2,0.100699,SAN- 6,210,388,1,-95
-1,3,0.100728,SAN- 6,210,388,0,-98
-1,3,0.100763,SAN- 6,210,388,-1,-101
-1,5,0.100792,SAN- 6,210,388,-2,-106
-2,2,0.100827,SAN- 6,210,388,-4,-108
-1,1,0.10085,SAN- 6,210,388,-5,-109
-1,1,0.100885,SAN- 6,210,388,-6,-110
-1,1,0.100897,SAN- 6,210,388,-7,-111
-2,-1,0.101338,SAN- 6,210,388,-9,-110
2,2,0.101471,SAN- 6,210,388,-7,-112
1,3,0.101494,SAN- 6,210,388,-6,-115
2,3,0.101529,SAN- 6,210,388,-4,-118
3,3,0.101552,SAN- 6,210,388,-1,-121
3,3,0.101581,SAN- 6,210,388,2,-124
3,4,0.101616,SAN- 6,210,388,5,-128
3,4,0.101622,SAN- 6,210,388,8,-132
2,4,0.101645,SAN- 6,210,388,10,-136
3,3,0.101669,SAN- 6,210,388,13,-139
2,3,0.101703,SAN- 6,210,388,15,-142
2,3,0.101732,SAN- 6,210,388,17,-145
3,3,0.101767,SAN- 6,210,388,20,-148
3,2,0.101779,SAN- 6,210,388,23,-150
2,2,0.101796,SAN- 6,210,388,25,-152
3,2,0.101831,SAN- 6,210,388,28,-154
3,1,0.101854,SAN- 6,210,388,31,-155
3,2,0.101889,SAN- 6,210,388,34,-157
3,2,0.101918,SAN- 6,210,388,37,-159
2,2,0.101924,SAN- 6,210,388,39,-161
3,2,0.101959,SAN- 6,210,388,42,-163
3,2,0.101982,SAN- 6,210,388,45,-165
3,2,0.102017,SAN- 6,210,388,48,-167
3,2,0.102023,SAN- 6,210,388,51,-169
3,1,0.102046,SAN- 6,210,388,54,-170
1,2,0.102081,SAN- 6,210,388,55,-172
2,2,0.102104,SAN- 6,210,388,57,-174
2,2,0.102133,SAN- 6,210,388,59,-176
1,2,0.102156,SAN- 6,210,388,60,-178
1,2,0.102185,SAN- 6,210,388,61,-180
1,2,0.102197,SAN- 6,210,388,62,-182
1,2,0.102232,SAN- 6,210,388,63,-184
-1,3,0.102249,SAN- 6,210,388,62,-187
-1,3,0.102272,SAN- 6,210,388,61,-190
-1,3,0.102313,SAN- 6,210,388,60,-193
-1,3,0.102319,SAN- 6,210,388,59,-196
-1,3,0.102342,SAN- 6,210,388,58,-199
1,3,0.102377,SAN- 6,210,388,59,-202
1,4,0.102406,SAN- 6,210,388,60,-206
2,4,0.102423,SAN- 6,210,388,62,-210
2,4,0.102458,SAN- 6,210,388,64,-214
3,2,0.10247,SAN- 6,210,388,67,-216
3,3,0.102493,SAN- 6,210,388,70,-219
2,3,0.102528,SAN- 6,210,388,72,-222
3,3,0.102563,SAN- 6,210,388,75,-225
3,3,0.102592,SAN- 6,210,388,78,-228
3,2,0.102609,SAN- 6,210,388,81,-230
3,3,0.102626,SAN- 6,210,388,84,-233
2,3,0.10265,SAN- 6,210,388,86,-236
3,4,0.102673,SAN- 6,210,388,89,-240
3,4,0.102713,SAN- 6,210,388,92,-244
3,3,0.102742,SAN- 6,210,388,95,-247
3,4,0.10276,SAN- 6,210,388,98,-251
2,4,0.102777,SAN- 6,210,388,100,-255
3,4,0.102801,SAN- 6,210,388,103,-259
3,3,0.102824,SAN- 6,210,388,106,-262
3,4,0.102859,SAN- 6,210,388,109,-266
3,4,0.102888,SAN- 6,210,388,112,-270
2,4,0.102911,SAN- 6,210,388,114,-274
3,3,0.102922,SAN- 6,210,388,117,-277
3,4,0.102946,SAN- 6,210,388,120,-281
3,4,0.102969,SAN- 6,210,388,123,-285
3,4,0.103004,SAN- 6,210,388,126,-289
3,3,0.103033,SAN- 6,210,388,129,-292
2,8,0.103073,SAN- 6,210,388,131,-300
6,4,0.103097,SAN- 6,210,388,137,-304
3,3,0.10312,SAN- 6,210,388,140,-307
3,4,0.103155,SAN- 6,210,388,143,-311
2,4,0.103184,SAN- 6,210,388,145,-315
3,4,0.103219,SAN- 6,210,388,148,-319
3,3,0.103242,SAN- 6,210,388,151,-322
3,4,0.103253,SAN- 6,210,388,154,-326
3,4,0.103277,SAN- 6,210,388,157,-330
2,4,0.103294,SAN- 6,210,388,159,-334
3,3,0.10334,SAN- 6,210,388,162,-337
3,4,0.103369,SAN- 6,210,388,165,-341
3,3,0.103393,SAN- 6,210,388,168,-344
3,3,0.103404,SAN- 6,210,388,171,-347
3,2,0.103427,SAN- 6,210,388,174,-349
2,3,0.103451,SAN- 6,210,388,176,-352
3,3,0.10348,SAN- 6,210,388,179,-355
3,2,0.103497,SAN- 6,210,388,182,-357
3,2,0.103544,SAN- 6,210,388,185,-359
3,2,0.103555,SAN- 6,210,388,188,-361
2,1,0.103578,SAN- 6,210,388,190,-362
3,1,0.103602,SAN- 6,210,388,193,-363
2,1,0.103636,SAN- 6,210,388,195,-364
2,1,0.1037,SAN- 6,210,388,197,-365
2,1,0.103706,SAN- 6,210,388,199,-366
2,1,0.103729,SAN- 6,210,388,201,-367
1,1,0.103747,SAN- 6,210,388,202,-368
2,1,0.103782,SAN- 6,210,388,204,-369
2,2,0.103811,SAN- 6,210,388,206,-371
2,2,0.103816,SAN- 6,210,388,208,-373
2,2,0.103851,SAN- 6,210,388,210,-375
2,2,0.10388,SAN- 6,210,388,212,-377
2,2,0.103898,SAN- 6,210,388,214,-379
2,1,0.103933,SAN- 6,210,388,216,-380
1,2,0.10395,SAN- 6,210,388,217,-382
2,2,0.103973,SAN- 6,210,388,219,-384
2,2,0.104002,SAN- 6,210,388,221,-386
2,2,0.104025,SAN- 6,210,388,223,-388
2,2,0.10406,SAN- 6,210,388,225,-390
2,2,0.104083,SAN- 6,210,388,227,-392
2,2,0.104107,SAN- 6,210,388,229,-394
2,1,0.104124,SAN- 6,210,388,231,-395
1,1,0.104153,SAN- 6,210,388,232,-396
2,1,0.104176,SAN- 6,210,388,234,-397
2,1,0.104211,SAN- 6,210,388,236,-398
2,1,0.104234,SAN- 6,210,388,238,-399
1,1,0.104258,SAN- 6,210,388,239,-400
1,1,0.104275,SAN- 6,210,388,240,-401
2,1,0.104432,SAN- 6,210,388,242,-402
2,1,0.104455,SAN- 6,210,388,244,-403
2,1,0.104472,SAN- 6,210,388,246,-404
2,1,0.10449,SAN- 6,210,388,248,-405
-1,-1,0.114968,-TIA- 7,9,304,247,-404
-1,-2,0.114997,-TIA- 7,9,304,246,-402
-1,-2,0.11502,-TIA- 7,9,304,245,-400
-1,-3,0.115061,-TIA- 7,9,304,244,-397
-2,-3,0.11509,-TIA- 7,9,304,242,-394
-3,-2,0.115107,-TIA- 7,9,304,239,-392
-2,-3,0.11513,-TIA- 7,9,304,237,-389
-4,-3,0.115136,-TIA- 7,9,304,233,-386
-4,-3,0.115159,-TIA- 7,9,304,229,-383
-4,-3,0.115188,-TIA- 7,9,304,225,-380
-3,-2,0.115217,-TIA- 7,9,304,222,-378
-4,-3,0.115246,-TIA- 7,9,304,218,-375
-4,-3,0.115275,-TIA- 7,9,304,214,-372
-4,-3,0.115287,-TIA- 7,9,304,210,-369
-3,-3,0.11531,-TIA- 7,9,304,207,-366
-4,-2,0.115339,-TIA- 7,9,304,203,-364
-4,-3,0.115357,-TIA- 7,9,304,199,-361
-3,-2,0.115397,-TIA- 7,9,304,196,-359
-2,-2,0.115426,-TIA- 7,9,304,194,-357
-2,-2,0.115438,-TIA- 7,9,304,192,-355
-2,-1,0.115461,-TIA- 7,9,304,190,-354
-2,-1,0.11549,-TIA- 7,9,304,188,-353
-1,-1,0.115531,-TIA- 7,9,304,187,-352
-2,-1,0.115578,-TIA- 7,9,304,185,-351
-1,-1,0.115589,-TIA- 7,9,304,184,-350
-2,-1,0.115612,-TIA- 7,9,304,182,-349
-2,-2,0.115641,-TIA- 7,9,304,180,-347
-3,-2,0.115676,-TIA- 7,9,304,177,-345
-3,-2,0.115705,-TIA- 7,9,304,174,-343
-3,-2,0.115722,-TIA- 7,9,304,171,-341
-2,-2,0.11574,-TIA- 7,9,304,169,-339
-3,-1,0.115763,-TIA- 7,9,304,166,-338
-3,-1,0.115786,-TIA- 7,9,304,163,-337
-2,-1,0.115827,-TIA- 7,9,304,161,-336
-2,-1,0.11585,-TIA- 7,9,304,159,-335
-4,1,0.116454,-TIA- 7,9,304,155,-336
-4,1,0.116471,-TIA- 7,9,304,151,-337
-4,1,0.116489,-TIA- 7,9,304,147,-338
-4,2,0.116553,-TIA- 7,9,304,143,-340
-4,2,0.116582,-TIA- 7,9,304,139,-342
-4,2,0.116593,-TIA- 7,9,304,135,-344
-3,2,0.116616,-TIA- 7,9,304,132,-346
-4,2,0.11664,-TIA- 7,9,304,128,-348
-4,2,0.116663,-TIA- 7,9,304,124,-350
-4,1,0.116703,-TIA- 7,9,304,120,-351
-2,1,0.116733,-TIA- 7,9,304,118,-352
-3,1,0.116744,-TIA- 7,9,304,115,-353
-3,1,0.116791,-TIA- 7,9,304,112,-354
-2,1,0.116814,-TIA- 7,9,304,110,-355
-2,-1,0.117005,-TIA- 7,9,304,108,-354
-2,-1,0.117017,-TIA- 7,9,304,106,-353
-2,-1,0.117075,-TIA- 7,9,304,104,-352
-3,-1,0.117104,-TIA- 7,9,304,101,-351
-3,-1,0.117127,-TIA- 7,9,304,98,-350
-3,-1,0.117162,-TIA- 7,9,304,95,-349
-3,-1,0.117168,-TIA- 7,9,304,92,-348
-2,-1,0.117191,-TIA- 7,9,304,90,-347
-3,-1,0.117226,-TIA- 7,9,304,87,-346
-3,-1,0.117255,-TIA- 7,9,304,84,-345
-3,-1,0.117278,-TIA- 7,9,304,81,-344
-3,-2,0.117319,-TIA- 7,9,304,78,-342
-5,-1,0.117354,-TIA- 7,9,304,73,-341
-3,-1,0.117377,-TIA- 7,9,304,70,-340
-3,-1,0.1174,-TIA- 7,9,304,67,-339
-3,-1,0.117435,-TIA- 7,9,304,64,-338
-2,-2,0.117464,-TIA- 7,9,304,62,-336
-3,-2,0.11747,-TIA- 7,9,304,59,-334
-3,-2,0.117505,-TIA- 7,9,304,56,-332
-3,-2,0.117528,-TIA- 7,9,304,53,-330
-3,-2,0.117557,-TIA- 7,9,304,50,-328
-3,-2,0.11758,-TIA- 7,9,304,47,-326
-2,-2,0.117615,-TIA- 7,9,304,45,-324
-3,-1,0.117621,-TIA- 7,9,304,42,-323
-3,-2,0.117644,-TIA- 7,9,304,39,-321
-3,-2,0.117685,-TIA- 7,9,304,36,-319
-2,-2,0.117702,-TIA- 7,9,304,34,-317
-2,-2,0.117731,-TIA- 7,9,304,32,-315
-1,-1,0.117766,-TIA- 7,9,304,31,-314
-2,-1,0.117772,-TIA- 7,9,304,29,-313
-2,-1,0.117795,-TIA- 7,9,304,27,-312
-2,-1,0.11783,-TIA- 7,9,304,25,-311
-2,-1,0.117853,-TIA- 7,9,304,23,-310
-2,-2,0.117882,-TIA- 7,9,304,21,-308
-2,-1,0.117917,-TIA- 7,9,304,19,-307
-2,-2,0.117923,-TIA- 7,9,304,17,-305
-1,-2,0.117952,-TIA- 7,9,304,16,-303
-2,-2,0.117981,-TIA- 7,9,304,14,-301
-2,-2,0.118004,-TIA- 7,9,304,12,-299
-2,-2,0.118038,-TIA- 7,9,304,10,-297
-2,-2,0.118068,-TIA- 7,9,304,8,-295
-2,-2,0.118073,-TIA- 7,9,304,6,-293
-2,-1,0.118102,-TIA- 7,9,304,4,-292
-2,-2,0.118132,-TIA- 7,9,304,2,-290
-1,-2,0.118166,-TIA- 7,9,304,1,-288
-1,-1,0.11819,-TIA- 7,9,304,0,-287
-1,-1,0.118219,-TIA- 7,9,304,-1,-286
-1,-1,0.11823,-TIA- 7,9,304,-2,-285
-1,-1,0.118282,-TIA- 7,9,304,-3,-284
-1,-1,0.118317,-TIA- 7,9,304,-4,-283
-1,-1,0.118346,-TIA- 7,9,304,-5,-282
-1,-1,0.118375,-TIA- 7,9,304,-6,-281
-1,-1,0.118404,-TIA- 7,9,304,-7,-280
-1,-1,0.118428,-TIA- 7,9,304,-8,-279
-1,-1,0.118462,-TIA- 7,9,304,-9,-278
-1,-1,0.118491,-TIA- 7,9,304,-10,-277
-1,-1,0.118526,-TIA- 7,9,304,-11,-276
-1,-1,0.118555,-TIA- 7,9,304,-12,-275
-1,-1,0.11859,-TIA- 7,9,304,-13,-274
-1,-1,0.118631,-TIA- 7,9,304,-14,-273
-1,-1,0.118654,-TIA- 7,9,304,-15,-272
-1,-1,0.118683,-TIA- 7,9,304,-16,-271
-1,-1,0.118837,-TIA- 7,9,304,-17,-270
-1,-1,0.118886,-TIA- 7,9,304,-18,-269
-1,-1,0.118915,-TIA- 7,9,304,-19,-268
-2,-1,0.11895,-TIA- 7,9,304,-21,-267
-2,-1,0.118956,-TIA- 7,9,304,-23,-266
-1,-2,0.118985,-TIA- 7,9,304,-24,-264
-3,-2,0.119008,-TIA- 7,9,304,-27,-262
-3,-2,0.119049,-TIA- 7,9,304,-30,-260
-3,-2,0.11906,-TIA- 7,9,304,-33,-258
-3,-1,0.119095,-TIA- 7,9,304,-36,-257
-3,-2,0.119101,-TIA- 7,9,304,-39,-255
-2,-2,0.119124,-TIA- 7,9,304,-41,-253
-3,-1,0.119159,-TIA- 7,9,304,-44,-252
-3,-1,0.119188,-TIA- 7,9,304,-47,-251
-3,-1,0.119217,-TIA- 7,9,304,-50,-250
-3,-1,0.119246,-TIA- 7,9,304,-53,-249
-2,-1,0.119258,-TIA- 7,9,304,-55,-248
1,-1,0.129782,GO 8,190,221,-54,-247
1,-1,0.129817,GO 8,190,221,-53,-246
1,-1,0.129852,GO 8,190,221,-52,-245
3,-1,0.129887,GO 8,190,221,-49,-244
1,-1,0.12991,GO 8,190,221,-48,-243
2,-1,0.129945,GO 8,190,221,-46,-242
2,-1,0.129968,GO 8,190,221,-44,-241
2,-1,0.129997,GO 8,190,221,-42,-240
1,1,0.130305,GO 8,190,221,-41,-241
1,1,0.130351,GO 8,190,221,-40,-242
1,1,0.130386,GO 8,190,221,-39,-243
1,1,0.130409,GO 8,190,221,-38,-244
2,1,0.130438,GO 8,190,221,-36,-245
2,1,0.130456,GO 8,190,221,-34,-246
2,1,0.130479,GO 8,190,221,-32,-247
2,1,0.130502,GO 8,190,221,-30,-248
1,1,0.130537,GO 8,190,221,-29,-249
2,1,0.13056,GO 8,190,221,-27,-250
2,1,0.130577,GO 8,190,221,-25,-251
2,1,0.130601,GO 8,190,221,-23,-252
2,1,0.130653,GO 8,190,221,-21,-253
2,1,0.130676,GO 8,190,221,-19,-254
2,1,0.130705,GO 8,190,221,-17,-255
1,1,0.130717,GO 8,190,221,-16,-256
2,1,0.130746,GO 8,190,221,-14,-257
2,1,0.130775,GO 8,190,221,-12,-258
2,1,0.130798,GO 8,190,221,-10,-259
2,1,0.130827,GO 8,190,221,-8,-260
2,1,0.13085,GO 8,190,221,-6,-261
2,1,0.130862,GO 8,190,221,-4,-262
2,1,0.130897,GO 8,190,221,-2,-263
1,1,0.130914,GO 8,190,221,-1,-264
2,1,0.130949,GO 8,190,221,1,-265
2,1,0.130972,GO 8,190,221,3,-266
2,1,0.131001,GO 8,190,221,5,-267
2,1,0.131036,GO 8,190,221,7,-268
2,1,0.131065,GO 8,190,221,9,-269
2,1,0.1311,GO 8,190,221,11,-270
3,1,0.131123,GO 8,190,221,14,-271
3,1,0.131158,GO 8,190,221,17,-272
3,1,0.13117,GO 8,190,221,20,-273
3,1,0.131199,GO 8,190,221,23,-274
3,1,0.131222,GO 8,190,221,26,-275
1,1,0.131257,GO 8,190,221,27,-276
2,1,0.131274,GO 8,190,221,29,-277
2,1,0.131309,GO 8,190,221,31,-278
2,1,0.131326,GO 8,190,221,33,-279
2,1,0.131349,GO 8,190,221,35,-280
2,1,0.131373,GO 8,190,221,37,-281
2,1,0.131396,GO 8,190,221,39,-282
1,-1,0.132079,GO 8,190,221,40,-281
2,-1,0.13211,GO 8,190,221,42,-280
2,-1,0.132133,GO 8,190,221,44,-279
2,-1,0.132156,GO 8,190,221,46,-278
2,-1,0.132191,GO 8,190,221,48,-277
2,-1,0.13222,GO 8,190,221,50,-276
2,-1,0.132232,GO 8,190,221,52,-275
2,-2,0.132261,GO 8,190,221,54,-273
1,-2,0.132278,GO 8,190,221,55,-271
2,-2,0.132313,GO 8,190,221,57,-269
2,-2,0.132342,GO 8,190,221,59,-267
2,-1,0.132377,GO 8,190,221,61,-266
2,-1,0.132383,GO 8,190,221,63,-265
2,-1,0.132412,GO 8,190,221,65,-264
2,-1,0.132447,GO 8,190,221,67,-263
2,-2,0.132464,GO 8,190,221,69,-261
1,-2,0.132493,GO 8,190,221,70,-259
2,-2,0.132505,GO 8,190,221,72,-257
2,-2,0.13254,GO 8,190,221,74,-255
2,-2,0.132569,GO 8,190,221,76,-253
1,-1,0.132592,GO 8,190,221,77,-252
1,-2,0.132621,GO 8,190,221,78,-250
1,-2,0.13265,GO 8,190,221,79,-248
1,-2,0.132661,GO 8,190,221,80,-246
1,-2,0.132685,GO 8,190,221,81,-244
1,-2,0.132719,GO 8,190,221,82,-242
1,-2,0.132743,GO 8,190,221,83,-240
1,-2,0.132778,GO 8,190,221,84,-238
1,-1,0.132795,GO 8,190,221,85,-237
2,-2,0.132807,GO 8,190,221,87,-235
2,-2,0.132824,GO 8,190,221,89,-233
2,-2,0.132853,GO 8,190,221,91,-231
2,-2,0.132888,GO 8,190,221,93,-229
2,-2,0.132923,GO 8,190,221,95,-227
2,-2,0.132934,GO 8,190,221,97,-225
2,-2,0.132952,GO 8,190,221,99,-223
1,-1,0.132981,GO 8,190,221,100,-222
2,-2,0.133016,GO 8,190,221,102,-220
2,-2,0.133039,GO 8,190,221,104,-218
2,-2,0.133074,GO 8,190,221,106,-216
2,-2,0.133085,GO 8,190,221,108,-214
2,-2,0.133114,GO 8,190,221,110,-212
2,-2,0.133137,GO 8,190,221,112,-210
2,-2,0.133149,GO 8,190,221,114,-208
1,-1,0.133184,GO 8,190,221,115,-207
2,-1,0.13323,GO 8,190,221,117,-206
2,-1,0.133248,GO 8,190,221,119,-205
2,-1,0.133277,GO 8,190,221,121,-204
2,-1,0.133303,GO 8,190,221,123,-203
2,-1,0.133335,GO 8,190,221,125,-202
1,-1,0.133358,GO 8,190,221,126,-201
1,-1,0.133381,GO 8,190,221,127,-200
1,-1,0.133399,GO 8,190,221,128,-199
1,-1,0.133451,GO 8,190,221,129,-198
1,-1,0.133492,GO 8,190,221,130,-197
1,-1,0.133509,GO 8,190,221,131,-196
1,-1,0.133532,GO 8,190,221,132,-195
1,-1,0.133573,GO 8,190,221,133,-194
1,-1,0.133596,GO 8,190,221,134,-193
1,-1,0.133637,GO 8,190,221,135,-192
1,-1,0.133642,GO 8,190,221,136,-191
1,-1,0.1337,GO 8,190,221,137,-190
1,-1,0.133724,GO 8,190,221,138,-189
1,-1,0.133747,GO 8,190,221,139,-188
1,-1,0.133782,GO 8,190,221,140,-187
1,-1,0.13382,GO 8,190,221,141,-186
1,-1,0.13384,GO 8,190,221,142,-185
1,-1,0.133869,GO 8,190,221,143,-184
1,-1,0.133892,GO 8,190,221,144,-183
1,-1,0.133923,GO 8,190,221,145,-182
1,-1,0.133973,GO 8,190,221,146,-181
1,-1,0.133991,GO 8,190,221,147,-180
1,-1,0.13402,GO 8,190,221,148,-179
1,-1,0.134055,GO 8,190,221,149,-178
1,-1,0.134095,GO 8,190,221,150,-177
1,-1,0.134118,GO 8,190,221,151,-176
1,-1,0.134147,GO 8,190,221,152,-175
1,-1,0.134171,GO 8,190,221,153,-174
1,-1,0.134206,GO 8,190,221,154,-173
1,-1,0.134246,GO 8,190,221,155,-172
1,-1,0.134269,GO 8,190,221,156,-171
1,-1,0.134293,GO 8,190,221,157,-170
1,-1,0.134316,GO 8,190,221,158,-169
1,-1,0.134362,GO 8,190,221,159,-168
1,-1,0.134391,GO 8,190,221,160,-167
1,-1,0.134403,GO 8,190,221,161,-166
1,-1,0.134438,GO 8,190,221,162,-165
1,-1,0.13449,GO 8,190,221,163,-164
1,-1,0.134507,GO 8,190,221,164,-163
1,-1,0.134531,GO 8,190,221,165,-162
1,-1,0.134554,GO 8,190,221,166,-161
1,-1,0.134571,GO 8,190,221,167,-160
1,-1,0.134641,GO 8,190,221,168,-159
1,-1,0.134658,GO 8,190,221,169,-158
1,-1,0.134676,GO 8,190,221,170,-157
1,-1,0.134705,GO 8,190,221,171,-156
1,-1,0.134763,GO 8,190,221,172,-155
1,-1,0.134798,GO 8,190,221,173,-154
1,-1,0.134809,GO 8,190,221,174,-153
1,-1,0.134821,GO 8,190,221,175,-152
1,-1,0.134885,GO 8,190,221,176,-151
1,-1,0.13492,GO 8,190,221,177,-150
1,-1,0.134943,GO 8,190,221,178,-149
1,-1,0.13496,GO 8,190,221,179,-148
1,-1,0.134995,GO 8,190,221,180,-147
1,-1,0.135024,GO 8,190,221,181,-146
1,-1,0.135036,GO 8,190,221,182,-145
1,-1,0.135094,GO 8,190,221,183,-144
1,-1,0.1351,GO 8,190,221,184,-143
1,-1,0.13514,GO 8,190,221,185,-142
1,-1,0.135181,GO 8,190,221,186,-141
1,-1,0.135192,GO 8,190,221,187,-140
1,-1,0.135227,GO 8,190,221,188,-139
1,-1,0.135268,GO 8,190,221,189,-138
1,-1,0.135297,GO 8,190,221,190,-137
1,-1,0.135326,GO 8,190,221,191,-136
1,-1,0.135332,GO 8,190,221,192,-135
1,-1,0.135355,GO 8,190,221,193,-134
1,-1,0.135425,GO 8,190,221,194,-133
1,-1,0.135448,GO 8,190,221,195,-132
1,-1,0.135459,GO 8,190,221,196,-131
1,-1,0.135477,GO 8,190,221,197,-130
1,-1,0.135517,GO 8,190,221,198,-129
1,-1,0.135541,GO 8,190,221,199,-128
1,-1,0.135564,GO 8,190,221,200,-127
1,-1,0.135581,GO 8,190,221,201,-126
1,-1,0.135628,GO 8,190,221,202,-125
1,-1,0.135657,GO 8,190,221,203,-124
1,-1,0.135709,GO 8,190,221,204,-123
1,-1,0.135721,GO 8,190,221,205,-122
1,-1,0.135773,GO 8,190,221,206,-121
1,-1,0.135802,GO 8,190,221,207,-120
1,-2,0.135866,GO 8,190,221,208,-118
1,-1,0.135906,GO 8,190,221,209,-117
1,-1,0.13593,GO 8,190,221,210,-116
1,-1,0.135988,GO 8,190,221,211,-115
1,-1,0.136017,GO 8,190,221,212,-114
1,-1,0.13604,GO 8,190,221,213,-113
1,-1,0.136046,GO 8,190,221,214,-112
1,-1,0.136081,GO 8,190,221,215,-111
1,-1,0.136115,GO 8,190,221,216,-110
1,-1,0.136133,GO 8,190,221,217,-109
1,-1,0.136179,GO 8,190,221,218,-108
1,-1,0.136202,GO 8,190,221,219,-107
1,-1,0.136237,GO 8,190,221,220,-106
1,-1,0.136284,GO 8,190,221,221,-105
1,-1,0.136539,GO 8,190,221,222,-104
1,-1,0.136603,GO 8,190,221,223,-103
1,-1,0.136609,GO 8,190,221,224,-102
1,-1,0.13662,GO 8,190,221,225,-101
1,-1,0.136638,GO 8,190,221,226,-100
1,-1,0.136673,GO 8,190,221,227,-99
1,-1,0.136702,GO 8,190,221,228,-98
1,-1,0.136713,GO 8,190,221,229,-97
1,-1,0.136737,GO 8,190,221,230,-96
1,-1,0.136766,GO 8,190,221,231,-95
1,-1,0.136812,GO 8,190,221,232,-94
1,-1,0.136829,GO 8,190,221,233,-93
1,-1,0.136853,GO 8,190,221,234,-92
1,-1,0.136882,GO 8,190,221,235,-91
1,-1,0.136916,GO 8,190,221,236,-90
2,-1,0.136928,GO 8,190,221,238,-89
2,-1,0.136957,GO 8,190,221,240,-88
1,-1,0.13698,GO 8,190,221,241,-87
1,-1,0.137033,GO 8,190,221,242,-86
1,-1,0.137033,GO 8,190,221,243,-85
1,-1,0.137038,GO 8,190,221,244,-84
1,-1,0.137079,GO 8,190,221,245,-83
1,-1,0.137143,GO 8,190,221,246,-82
1,-1,0.137149,GO 8,190,221,247,-81
1,-1,0.137166,GO 8,190,221,248,-80
1,-1,0.137195,GO 8,190,221,249,-79
1,-1,0.137213,GO 8,190,221,250,-78
1,-1,0.137253,GO 8,190,221,251,-77
1,-1,0.137271,GO 8,190,221,252,-76
1,-1,0.137276,GO 8,190,221,253,-75
1,-1,0.137288,GO 8,190,221,254,-74
1,-1,0.137311,GO 8,190,221,255,-73
1,-1,0.137329,GO 8,190,221,256,-72
1,-2,0.137352,GO 8,190,221,257,-70
2,-1,0.137375,GO 8,190,221,259,-69
1,-1,0.13741,GO 8,190,221,260,-68
1,-1,0.137421,GO 8,190,221,261,-67
1,-1,0.137445,GO 8,190,221,262,-66
1,-1,0.137456,GO 8,190,221,263,-65
1,-1,0.137497,GO 8,190,221,264,-64
1,-1,0.13752,GO 8,190,221,265,-63
1,-1,0.137532,GO 8,190,221,266,-62
1,-1,0.137543,GO 8,190,221,267,-61
1,-1,0.137561,GO 8,190,221,268,-60
1,-1,0.137578,GO 8,190,221,269,-59
1,-1,0.137596,GO 8,190,221,270,-58
1,-1,0.137607,GO 8,190,221,271,-57
1,-1,0.137642,GO 8,190,221,272,-56
1,-1,0.13766,GO 8,190,221,273,-55
1,-1,0.137677,GO 8,190,221,274,-54
1,-1,0.137694,GO 8,190,221,275,-53
1,-1,0.137694,GO 8,190,221,276,-52
1,-1,0.137718,GO 8,190,221,277,-51
1,1,0.138693,GO 8,190,221,278,-52
1,1,0.138751,GO 8,190,221,279,-53
1,1,0.13878,GO 8,190,221,280,-54
1,1,0.138803,GO 8,190,221,281,-55
1,2,0.138826,GO 8,190,221,282,-57
1,2,0.138838,GO 8,190,221,283,-59
1,2,0.138879,GO 8,190,221,284,-61
1,2,0.138896,GO 8,190,221,285,-63
1,1,0.138937,GO 8,190,221,286,-64
1,1,0.138983,GO 8,190,221,287,-65
1,1,0.138995,GO 8,190,221,288,-66
1,1,0.139012,GO 8,190,221,289,-67
