deltaX,deltaY,WHEN,SYLLABLE,XofButton,YofButton,XofTrace,YofTrace
-4,-1,0.0297729,Yield,0,0,-4,1
-7,-1,0.0298028,Yield,0,0,-11,2
-4,-1,0.0298318,Yield,0,0,-15,3
-4,-1,0.0298573,Yield,0,0,-19,4
-3,-1,0.0298841,Yield,0,0,-22,5
-4,-1,0.0299073,Yield,0,0,-26,6
-4,-1,0.0299305,Yield,0,0,-30,7
-4,-1,0.0299421,Yield,0,0,-34,8
-3,-1,0.029977,Yield,0,0,-37,9
-1,-1,0.0408555,FRAY 1,87,416,-38,10
-2,-1,0.0408787,FRAY 1,87,416,-40,11
-2,-2,0.0409194,FRAY 1,87,416,-42,13
-3,-3,0.0409542,FRAY 1,87,416,-45,16
-5,-2,0.0409658,FRAY 1,87,416,-50,18
-3,-2,0.040992,FRAY 1,87,416,-53,20
-3,-1,0.0410239,FRAY 1,87,416,-56,21
-3,-1,0.0410529,FRAY 1,87,416,-59,22
-3,1,0.0410935,FRAY 1,87,416,-62,21
-3,2,0.0411167,FRAY 1,87,416,-65,19
-1,2,0.04114,FRAY 1,87,416,-66,17
-1,3,0.0411748,FRAY 1,87,416,-67,14
1,2,0.041198,FRAY 1,87,416,-66,12
1,4,0.0412326,FRAY 1,87,416,-65,8
1,4,0.0412386,FRAY 1,87,416,-64,4
2,4,0.0412725,FRAY 1,87,416,-62,0
2,3,0.0412936,FRAY 1,87,416,-60,-3
2,4,0.0413182,FRAY 1,87,416,-58,-7
2,4,0.0413547,FRAY 1,87,416,-56,-11
2,4,0.0413663,FRAY 1,87,416,-54,-15
3,3,0.0413896,FRAY 1,87,416,-51,-18
2,4,0.0414128,FRAY 1,87,416,-49,-22
3,4,0.0414476,FRAY 1,87,416,-46,-26
3,4,0.0414883,FRAY 1,87,416,-43,-30
3,7,0.0415231,FRAY 1,87,416,-40,-37
5,4,0.0415521,FRAY 1,87,416,-35,-41
3,3,0.0415637,FRAY 1,87,416,-32,-44
3,3,0.0415985,FRAY 1,87,416,-29,-47
2,1,0.0416276,FRAY 1,87,416,-27,-48
1,2,0.0416624,FRAY 1,87,416,-26,-50
1,2,0.0416682,FRAY 1,87,416,-25,-52
-1,2,0.0416914,FRAY 1,87,416,-26,-54
-2,3,0.0417263,FRAY 1,87,416,-28,-57
-3,3,0.0417495,FRAY 1,87,416,-31,-60
-3,2,0.0417669,FRAY 1,87,416,-34,-62
-3,4,0.0417901,FRAY 1,87,416,-37,-66
-4,4,0.0418249,FRAY 1,87,416,-41,-70
-4,4,0.0418598,FRAY 1,87,416,-45,-74
-4,3,0.041883,FRAY 1,87,416,-49,-77
-3,7,0.0419178,FRAY 1,87,416,-52,-84
-5,2,0.0419585,FRAY 1,87,416,-57,-86
-1,1,0.0419817,FRAY 1,87,416,-58,-87
-1,-1,0.0420281,FRAY 1,87,416,-59,-86
1,-2,0.0420455,FRAY 1,87,416,-58,-84
1,-1,0.0420688,FRAY 1,87,416,-57,-83
1,-2,0.0421036,FRAY 1,87,416,-56,-81
1,-3,0.0421326,FRAY 1,87,416,-55,-78
1,-3,0.0421616,FRAY 1,87,416,-54,-75
1,-6,0.0421907,FRAY 1,87,416,-53,-69
2,-2,0.0422139,FRAY 1,87,416,-51,-67
1,-2,0.0422452,FRAY 1,87,416,-50,-65
1,-1,0.0422719,FRAY 1,87,416,-49,-64
1,-1,0.0423126,FRAY 1,87,416,-48,-63
1,1,0.0426474,FRAY 1,87,416,-47,-64
1,1,0.0426841,FRAY 1,87,416,-46,-65
1,2,0.0427015,FRAY 1,87,416,-45,-67
1,1,0.0427189,FRAY 1,87,416,-44,-68
1,3,0.0427247,FRAY 1,87,416,-43,-71
1,3,0.0427595,FRAY 1,87,416,-42,-74
1,3,0.0428002,FRAY 1,87,416,-41,-77
1,6,0.0428234,FRAY 1,87,416,-40,-83
2,7,0.042864,FRAY 1,87,416,-38,-90
4,4,0.0428873,FRAY 1,87,416,-34,-94
1,4,0.0429279,FRAY 1,87,416,-33,-98
3,3,0.0429453,FRAY 1,87,416,-30,-101
3,4,0.0429743,FRAY 1,87,416,-27,-105
3,4,0.0429917,FRAY 1,87,416,-24,-109
3,3,0.043015,FRAY 1,87,416,-21,-112
3,2,0.0430382,FRAY 1,87,416,-18,-114
2,4,0.0430846,FRAY 1,87,416,-16,-118
3,4,0.0431137,FRAY 1,87,416,-13,-122
3,4,0.0431369,FRAY 1,87,416,-10,-126
3,3,0.0431427,FRAY 1,87,416,-7,-129
3,4,0.0431659,FRAY 1,87,416,-4,-133
2,4,0.0431891,FRAY 1,87,416,-2,-137
3,4,0.0432239,FRAY 1,87,416,1,-141
3,3,0.0432646,FRAY 1,87,416,4,-144
3,8,0.0432936,FRAY 1,87,416,7,-152
5,4,0.0433284,FRAY 1,87,416,12,-156
3,3,0.0433459,FRAY 1,87,416,15,-159
3,4,0.0433865,FRAY 1,87,416,18,-163
3,4,0.0434097,FRAY 1,87,416,21,-167
3,4,0.043446,FRAY 1,87,416,24,-171
3,3,0.0434561,FRAY 1,87,416,27,-174
2,4,0.0434736,FRAY 1,87,416,29,-178
3,4,0.0434968,FRAY 1,87,416,32,-182
3,4,0.0435258,FRAY 1,87,416,35,-186
3,3,0.0435606,FRAY 1,87,416,38,-189
3,4,0.0435664,FRAY 1,87,416,41,-193
2,4,0.0436013,FRAY 1,87,416,43,-197
3,4,0.0436245,FRAY 1,87,416,46,-201
3,3,0.0436535,FRAY 1,87,416,49,-204
3,4,0.0436825,FRAY 1,87,416,52,-208
3,4,0.0437,FRAY 1,87,416,55,-212
2,4,0.0437232,FRAY 1,87,416,57,-216
3,3,0.0437522,FRAY 1,87,416,60,-219
3,4,0.0437754,FRAY 1,87,416,63,-223
3,4,0.0438102,FRAY 1,87,416,66,-227
3,4,0.0438393,FRAY 1,87,416,69,-231
3,3,0.0438509,FRAY 1,87,416,72,-234
2,4,0.0438741,FRAY 1,87,416,74,-238
3,4,0.0439031,FRAY 1,87,416,77,-242
3,4,0.0439263,FRAY 1,87,416,80,-246
3,3,0.0439612,FRAY 1,87,416,83,-249
3,4,0.0439902,FRAY 1,87,416,86,-253
2,4,0.0440018,FRAY 1,87,416,88,-257
3,4,0.044025,FRAY 1,87,416,91,-261
3,3,0.0440483,FRAY 1,87,416,94,-264
2,4,0.0440773,FRAY 1,87,416,96,-268
2,4,0.0441121,FRAY 1,87,416,98,-272
1,4,0.0441411,FRAY 1,87,416,99,-276
1,3,0.0441527,FRAY 1,87,416,100,-279
1,4,0.044176,FRAY 1,87,416,101,-283
1,4,0.0442108,FRAY 1,87,416,102,-287
2,4,0.0442166,FRAY 1,87,416,104,-291
2,3,0.0442398,FRAY 1,87,416,106,-294
2,4,0.0442805,FRAY 1,87,416,108,-298
2,4,0.0442921,FRAY 1,87,416,110,-302
3,4,0.0443153,FRAY 1,87,416,113,-306
3,3,0.0443443,FRAY 1,87,416,116,-309
2,4,0.0443791,FRAY 1,87,416,118,-313
3,4,0.0443966,FRAY 1,87,416,121,-317
3,4,0.0444256,FRAY 1,87,416,124,-321
3,3,0.044443,FRAY 1,87,416,127,-324
3,4,0.0444662,FRAY 1,87,416,130,-328
2,4,0.044501,FRAY 1,87,416,132,-332
3,4,0.0445301,FRAY 1,87,416,135,-336
2,3,0.0445533,FRAY 1,87,416,137,-339
2,4,0.0445765,FRAY 1,87,416,139,-343
1,4,0.0445939,FRAY 1,87,416,140,-347
1,4,0.0446171,FRAY 1,87,416,141,-351
1,3,0.044652,FRAY 1,87,416,142,-354
-1,4,0.0446752,FRAY 1,87,416,141,-358
-1,4,0.0447068,FRAY 1,87,416,140,-362
-1,4,0.0447332,FRAY 1,87,416,139,-366
-1,3,0.0447507,FRAY 1,87,416,138,-369
-1,4,0.0447735,FRAY 1,87,416,137,-373
-1,4,0.0448029,FRAY 1,87,416,136,-377
1,4,0.0448261,FRAY 1,87,416,137,-381
1,3,0.044861,FRAY 1,87,416,138,-384
1,4,0.04489,FRAY 1,87,416,139,-388
2,4,0.0449016,FRAY 1,87,416,141,-392
2,4,0.0449306,FRAY 1,87,416,143,-396
2,3,0.044948,FRAY 1,87,416,145,-399
2,4,0.0449829,FRAY 1,87,416,147,-403
1,4,0.0450119,FRAY 1,87,416,148,-407
1,4,0.0450235,FRAY 1,87,416,149,-411
1,3,0.0450525,FRAY 1,87,416,150,-414
1,4,0.0450815,FRAY 1,87,416,151,-418
-1,3,0.0451222,FRAY 1,87,416,150,-421
-2,6,0.0451512,FRAY 1,87,416,148,-427
-5,2,0.0451802,FRAY 1,87,416,143,-429
-4,2,0.0452093,FRAY 1,87,416,139,-431
-4,3,0.0452325,FRAY 1,87,416,135,-434
-3,3,0.0452615,FRAY 1,87,416,132,-437
-4,3,0.0452905,FRAY 1,87,416,128,-440
-4,3,0.0453079,FRAY 1,87,416,124,-443
-4,2,0.0453254,FRAY 1,87,416,120,-445
-3,3,0.0453544,FRAY 1,87,416,117,-448
-4,3,0.0453776,FRAY 1,87,416,113,-451
-3,3,0.0454124,FRAY 1,87,416,110,-454
-3,3,0.0454356,FRAY 1,87,416,107,-457
-3,2,0.0454647,FRAY 1,87,416,104,-459
-2,2,0.0454763,FRAY 1,87,416,102,-461
-2,3,0.0454995,FRAY 1,87,416,100,-464
-2,3,0.0455343,FRAY 1,87,416,98,-467
-2,3,0.0455634,FRAY 1,87,416,96,-470
-2,2,0.0455866,FRAY 1,87,416,94,-472
-1,3,0.0456214,FRAY 1,87,416,93,-475
-2,3,0.0456272,FRAY 1,87,416,91,-478
-2,3,0.0456504,FRAY 1,87,416,89,-481
-1,3,0.0456911,FRAY 1,87,416,88,-484
-1,2,0.0457143,FRAY 1,87,416,87,-486
-1,3,0.0457491,FRAY 1,87,416,86,-489
-1,3,0.0457723,FRAY 1,87,416,85,-492
-1,3,0.0457839,FRAY 1,87,416,84,-495
-1,3,0.0458014,FRAY 1,87,416,83,-498
-1,2,0.0458288,FRAY 1,87,416,82,-500
-1,3,0.0458594,FRAY 1,87,416,81,-503
-1,3,0.0458912,FRAY 1,87,416,80,-506
-1,6,0.0459349,FRAY 1,87,416,79,-512
-2,3,0.0459465,FRAY 1,87,416,77,-515
-1,2,0.0459697,FRAY 1,87,416,76,-517
-1,3,0.0460045,FRAY 1,87,416,75,-520
-1,3,0.0460394,FRAY 1,87,416,74,-523
-1,6,0.0460742,FRAY 1,87,416,73,-529
-1,2,0.046109,FRAY 1,87,416,72,-531
-1,3,0.0461264,FRAY 1,87,416,71,-534
-1,3,0.0461555,FRAY 1,87,416,70,-537
-1,3,0.0461787,FRAY 1,87,416,69,-540
-1,3,0.0462193,FRAY 1,87,416,68,-543
-1,2,0.0462251,FRAY 1,87,416,67,-545
-1,3,0.0462541,FRAY 1,87,416,66,-548
-1,3,0.0462774,FRAY 1,87,416,65,-551
-1,3,0.0463064,FRAY 1,87,416,64,-554
-1,3,0.0463412,FRAY 1,87,416,63,-557
-1,3,0.0463702,FRAY 1,87,416,62,-560
-1,2,0.0463819,FRAY 1,87,416,61,-562
-1,3,0.0464109,FRAY 1,87,416,60,-565
-1,3,0.0464341,FRAY 1,87,416,59,-568
-1,3,0.0464605,FRAY 1,87,416,58,-571
-1,3,0.0464922,FRAY 1,87,416,57,-574
-1,2,0.0465154,FRAY 1,87,416,56,-576
-1,2,0.046538,FRAY 1,87,416,55,-578
-1,2,0.046556,FRAY 1,87,416,54,-580
-1,2,0.046585,FRAY 1,87,416,53,-582
-1,2,0.0466141,FRAY 1,87,416,52,-584
-1,2,0.0466431,FRAY 1,87,416,51,-586
-1,2,0.0466779,FRAY 1,87,416,50,-588
-1,1,0.0466837,FRAY 1,87,416,49,-589
-1,1,0.0467069,FRAY 1,87,416,48,-590
-1,1,0.0467418,FRAY 1,87,416,47,-591
-1,1,0.0467708,FRAY 1,87,416,46,-592
-1,1,0.0467766,FRAY 1,87,416,45,-593
-1,-1,0.0578177,SAN- 2,387,311,44,-592
-1,-2,0.0578873,SAN- 2,387,311,43,-590
1,-2,0.057899,SAN- 2,387,311,44,-588
1,-2,0.0579222,SAN- 2,387,311,45,-586
1,-1,0.0579628,SAN- 2,387,311,46,-585
2,-2,0.0579744,SAN- 2,387,311,48,-583
2,-3,0.057986,SAN- 2,387,311,50,-580
2,-3,0.0580209,SAN- 2,387,311,52,-577
2,-3,0.0580325,SAN- 2,387,311,54,-574
3,-3,0.0580441,SAN- 2,387,311,57,-571
3,-2,0.0580789,SAN- 2,387,311,60,-569
3,-3,0.0580963,SAN- 2,387,311,63,-566
3,-3,0.058137,SAN- 2,387,311,66,-563
3,-3,0.0581428,SAN- 2,387,311,69,-560
2,-3,0.0581544,SAN- 2,387,311,71,-557
3,-2,0.0581718,SAN- 2,387,311,74,-555
2,-3,0.0582124,SAN- 2,387,311,76,-552
2,-3,0.0582415,SAN- 2,387,311,78,-549
2,-3,0.0582473,SAN- 2,387,311,80,-546
2,-5,0.0582995,SAN- 2,387,311,82,-541
5,-3,0.0583111,SAN- 2,387,311,87,-538
3,-3,0.0583401,SAN- 2,387,311,90,-535
3,-3,0.0583692,SAN- 2,387,311,93,-532
3,-3,0.058375,SAN- 2,387,311,96,-529
2,-5,0.0583982,SAN- 2,387,311,98,-524
6,-3,0.058433,SAN- 2,387,311,104,-521
3,-3,0.0584504,SAN- 2,387,311,107,-518
3,-3,0.0584795,SAN- 2,387,311,110,-515
3,-3,0.0584911,SAN- 2,387,311,113,-512
2,-2,0.0585027,SAN- 2,387,311,115,-510
3,-3,0.0585259,SAN- 2,387,311,118,-507
3,-3,0.0585549,SAN- 2,387,311,121,-504
3,-2,0.0585665,SAN- 2,387,311,124,-502
3,-2,0.0585898,SAN- 2,387,311,127,-500
2,-2,0.0586072,SAN- 2,387,311,129,-498
3,-2,0.0586304,SAN- 2,387,311,132,-496
3,-3,0.0587059,SAN- 2,387,311,135,-493
6,-25,0.0590309,SAN- 2,387,311,141,-468
36,-3,0.05906,SAN- 2,387,311,177,-465
6,-2,0.0590948,SAN- 2,387,311,183,-463
3,-2,0.0591064,SAN- 2,387,311,186,-461
2,-2,0.0591412,SAN- 2,387,311,188,-459
3,-2,0.0591706,SAN- 2,387,311,191,-457
3,-2,0.0592051,SAN- 2,387,311,194,-455
3,-2,0.0592225,SAN- 2,387,311,197,-453
3,-2,0.0592399,SAN- 2,387,311,200,-451
3,-1,0.0592573,SAN- 2,387,311,203,-450
2,-2,0.0592922,SAN- 2,387,311,205,-448
3,-2,0.059327,SAN- 2,387,311,208,-446
3,-2,0.0593502,SAN- 2,387,311,211,-444
3,-2,0.0593792,SAN- 2,387,311,214,-442
3,-2,0.0593908,SAN- 2,387,311,217,-440
2,-2,0.0594141,SAN- 2,387,311,219,-438
3,-2,0.0594431,SAN- 2,387,311,222,-436
3,-1,0.0594779,SAN- 2,387,311,225,-435
3,-2,0.0595069,SAN- 2,387,311,228,-433
3,-2,0.0595244,SAN- 2,387,311,231,-431
2,-2,0.0595418,SAN- 2,387,311,233,-429
3,-1,0.059565,SAN- 2,387,311,236,-428
3,-1,0.0595882,SAN- 2,387,311,239,-427
3,-1,0.0596219,SAN- 2,387,311,242,-426
3,-1,0.0596579,SAN- 2,387,311,245,-425
2,-2,0.0596927,SAN- 2,387,311,247,-423
6,-1,0.0597275,SAN- 2,387,311,253,-422
3,-1,0.0597391,SAN- 2,387,311,256,-421
3,-1,0.059803,SAN- 2,387,311,259,-420
2,-1,0.0599017,SAN- 2,387,311,261,-419
12,1,0.0599249,SAN- 2,387,311,273,-420
2,1,0.0599423,SAN- 2,387,311,275,-421
3,3,0.0599946,SAN- 2,387,311,278,-424
6,2,0.0600178,SAN- 2,387,311,284,-426
3,2,0.0600526,SAN- 2,387,311,287,-428
2,2,0.0600758,SAN- 2,387,311,289,-430
3,3,0.0600932,SAN- 2,387,311,292,-433
3,3,0.0601397,SAN- 2,387,311,295,-436
3,2,0.0601499,SAN- 2,387,311,298,-438
3,3,0.0601745,SAN- 2,387,311,301,-441
3,3,0.0602035,SAN- 2,387,311,304,-444
2,3,0.0602384,SAN- 2,387,311,306,-447
3,3,0.0602442,SAN- 2,387,311,309,-450
3,3,0.0602674,SAN- 2,387,311,312,-453
3,4,0.0603022,SAN- 2,387,311,315,-457
3,4,0.0603254,SAN- 2,387,311,318,-461
2,4,0.0603545,SAN- 2,387,311,320,-465
2,3,0.0603893,SAN- 2,387,311,322,-468
2,4,0.0603951,SAN- 2,387,311,324,-472
-1,4,0.0604299,SAN- 2,387,311,323,-476
-2,4,0.0604532,SAN- 2,387,311,321,-480
-2,3,0.0604764,SAN- 2,387,311,319,-483
-4,4,0.0604996,SAN- 2,387,311,315,-487
-4,4,0.0605228,SAN- 2,387,311,311,-491
-4,4,0.060546,SAN- 2,387,311,307,-495
-3,3,0.0605751,SAN- 2,387,311,304,-498
-4,4,0.0606041,SAN- 2,387,311,300,-502
-4,4,0.0606273,SAN- 2,387,311,296,-506
-3,4,0.0606505,SAN- 2,387,311,293,-510
-2,3,0.0606912,SAN- 2,387,311,291,-513
-1,4,0.0607028,SAN- 2,387,311,290,-517
-1,4,0.060726,SAN- 2,387,311,289,-521
-1,4,0.060755,SAN- 2,387,311,288,-525
1,3,0.0607898,SAN- 2,387,311,289,-528
1,4,0.0608073,SAN- 2,387,311,290,-532
1,4,0.0608421,SAN- 2,387,311,291,-536
2,4,0.0608537,SAN- 2,387,311,293,-540
2,2,0.0608653,SAN- 2,387,311,295,-542
2,3,0.0608905,SAN- 2,387,311,297,-545
2,3,0.0609292,SAN- 2,387,311,299,-548
1,2,0.060957,SAN- 2,387,311,300,-550
1,2,0.0609814,SAN- 2,387,311,301,-552
1,1,0.060993,SAN- 2,387,311,302,-553
1,1,0.0610337,SAN- 2,387,311,303,-554
1,1,0.0611149,SAN- 2,387,311,304,-555
-1,1,0.0611614,SAN- 2,387,311,303,-556
-1,1,0.0611904,SAN- 2,387,311,302,-557
-2,1,0.0612194,SAN- 2,387,311,300,-558
-2,1,0.0612368,SAN- 2,387,311,298,-559
-2,2,0.0612891,SAN- 2,387,311,296,-561
-5,2,0.0613297,SAN- 2,387,311,291,-563
-3,1,0.0613587,SAN- 2,387,311,288,-564
-3,2,0.061382,SAN- 2,387,311,285,-566
-3,2,0.0613878,SAN- 2,387,311,282,-568
-3,2,0.0614168,SAN- 2,387,311,279,-570
-3,2,0.0614458,SAN- 2,387,311,276,-572
-2,2,0.061469,SAN- 2,387,311,274,-574
-3,2,0.0615097,SAN- 2,387,311,271,-576
-3,3,0.0615387,SAN- 2,387,311,268,-579
-7,2,0.0615909,SAN- 2,387,311,261,-581
-4,1,0.0615967,SAN- 2,387,311,257,-582
-4,1,0.06162,SAN- 2,387,311,253,-583
-4,1,0.0616606,SAN- 2,387,311,249,-584
-3,1,0.061678,SAN- 2,387,311,246,-585
-4,1,0.0616954,SAN- 2,387,311,242,-586
-1,-1,0.0711808,-TIA- 3,15,133,241,-585
-1,-1,0.0711866,-TIA- 3,15,133,240,-584
-2,-1,0.0712214,-TIA- 3,15,133,238,-583
-3,-1,0.0712737,-TIA- 3,15,133,235,-582
-3,-1,0.0713085,-TIA- 3,15,133,232,-581
-2,-1,0.0713317,-TIA- 3,15,133,230,-580
-3,-1,0.0713433,-TIA- 3,15,133,227,-579
-3,-1,0.0713723,-TIA- 3,15,133,224,-578
-3,-1,0.0713956,-TIA- 3,15,133,221,-577
-3,-2,0.0714304,-TIA- 3,15,133,218,-575
-3,-2,0.0714594,-TIA- 3,15,133,215,-573
-4,-5,0.0714942,-TIA- 3,15,133,211,-568
-8,-3,0.0715233,-TIA- 3,15,133,203,-565
-3,-3,0.0715581,-TIA- 3,15,133,200,-562
-4,-3,0.0715755,-TIA- 3,15,133,196,-559
-4,-3,0.0716045,-TIA- 3,15,133,192,-556
-4,-5,0.0716452,-TIA- 3,15,133,188,-551
-7,-3,0.0716742,-TIA- 3,15,133,181,-548
-4,-3,0.071709,-TIA- 3,15,133,177,-545
-4,-3,0.0717264,-TIA- 3,15,133,173,-542
-3,-3,0.0717486,-TIA- 3,15,133,170,-539
-4,-2,0.0717787,-TIA- 3,15,133,166,-537
-4,-3,0.0717845,-TIA- 3,15,133,162,-534
-4,-3,0.0718135,-TIA- 3,15,133,158,-531
-3,-3,0.0718309,-TIA- 3,15,133,155,-528
-4,-3,0.07186,-TIA- 3,15,133,151,-525
-4,-2,0.0718832,-TIA- 3,15,133,147,-523
-4,-3,0.0719238,-TIA- 3,15,133,143,-520
-3,-3,0.0719354,-TIA- 3,15,133,140,-517
-4,-3,0.0719586,-TIA- 3,15,133,136,-514
-4,-3,0.0719819,-TIA- 3,15,133,132,-511
-4,-3,0.0720118,-TIA- 3,15,133,128,-508
-3,-2,0.0720341,-TIA- 3,15,133,125,-506
-4,-3,0.0720747,-TIA- 3,15,133,121,-503
-4,-6,0.0721096,-TIA- 3,15,133,117,-497
-7,-3,0.0721328,-TIA- 3,15,133,110,-494
-4,-2,0.0721676,-TIA- 3,15,133,106,-492
-4,-3,0.0721908,-TIA- 3,15,133,102,-489
-4,-3,0.0722199,-TIA- 3,15,133,98,-486
-3,-3,0.0722373,-TIA- 3,15,133,95,-483
-4,-3,0.0722605,-TIA- 3,15,133,91,-480
-4,-2,0.0722837,-TIA- 3,15,133,87,-478
-4,-3,0.0723244,-TIA- 3,15,133,83,-475
-3,-3,0.0723418,-TIA- 3,15,133,80,-472
-4,-3,0.0723708,-TIA- 3,15,133,76,-469
-4,-3,0.0723882,-TIA- 3,15,133,72,-466
-4,-3,0.0724114,-TIA- 3,15,133,68,-463
-3,-2,0.0724346,-TIA- 3,15,133,65,-461
-4,-3,0.0724695,-TIA- 3,15,133,61,-458
-4,-3,0.0724927,-TIA- 3,15,133,57,-455
-4,-3,0.0725229,-TIA- 3,15,133,53,-452
-3,-3,0.0725391,-TIA- 3,15,133,50,-449
-4,-2,0.0725624,-TIA- 3,15,133,46,-447
-4,-3,0.0725914,-TIA- 3,15,133,42,-444
-4,-3,0.0726436,-TIA- 3,15,133,38,-441
-3,-3,0.0726552,-TIA- 3,15,133,35,-438
-4,-3,0.0726785,-TIA- 3,15,133,31,-435
-4,-2,0.0726959,-TIA- 3,15,133,27,-433
-4,-3,0.0727249,-TIA- 3,15,133,23,-430
-3,-3,0.0727423,-TIA- 3,15,133,20,-427
-4,-3,0.0727713,-TIA- 3,15,133,16,-424
-4,-3,0.0728062,-TIA- 3,15,133,12,-421
-4,-5,0.0728468,-TIA- 3,15,133,8,-416
-7,-3,0.07287,-TIA- 3,15,133,1,-413
-4,-3,0.0728932,-TIA- 3,15,133,-3,-410
-4,-3,0.0729281,-TIA- 3,15,133,-7,-407
-3,-3,0.0729571,-TIA- 3,15,133,-10,-404
-4,-2,0.0729629,-TIA- 3,15,133,-14,-402
-4,-3,0.0729977,-TIA- 3,15,133,-18,-399
-4,-3,0.0730268,-TIA- 3,15,133,-22,-396
-3,-3,0.0730442,-TIA- 3,15,133,-25,-393
-4,-3,0.073079,-TIA- 3,15,133,-29,-390
-4,-2,0.073108,-TIA- 3,15,133,-33,-388
-4,-3,0.0731196,-TIA- 3,15,133,-37,-385
-3,-3,0.0731487,-TIA- 3,15,133,-40,-382
-4,-3,0.0731719,-TIA- 3,15,133,-44,-379
-4,-3,0.0731951,-TIA- 3,15,133,-48,-376
-4,-3,0.0732241,-TIA- 3,15,133,-52,-373
-3,-2,0.0732415,-TIA- 3,15,133,-55,-371
-4,-3,0.0732597,-TIA- 3,15,133,-59,-368
-4,-3,0.0732912,-TIA- 3,15,133,-63,-365
-4,-3,0.073317,-TIA- 3,15,133,-67,-362
-3,-3,0.073346,-TIA- 3,15,133,-70,-359
-4,-2,0.0733693,-TIA- 3,15,133,-74,-357
-4,-3,0.0734041,-TIA- 3,15,133,-78,-354
-4,-3,0.0734157,-TIA- 3,15,133,-82,-351
-3,-3,0.0734331,-TIA- 3,15,133,-85,-348
-4,-3,0.0734679,-TIA- 3,15,133,-89,-345
-4,-2,0.073497,-TIA- 3,15,133,-93,-343
-4,-3,0.0735318,-TIA- 3,15,133,-97,-340
-3,-6,0.0735608,-TIA- 3,15,133,-100,-334
-8,-3,0.073584,-TIA- 3,15,133,-108,-331
-4,-2,0.0736189,-TIA- 3,15,133,-112,-329
-3,-1,0.0736537,-TIA- 3,15,133,-115,-328
-4,-1,0.0736769,-TIA- 3,15,133,-119,-327
-4,-1,0.0737176,-TIA- 3,15,133,-123,-326
-7,1,0.0737408,-TIA- 3,15,133,-130,-327
-4,1,0.073764,-TIA- 3,15,133,-134,-328
-4,1,0.073793,-TIA- 3,15,133,-138,-329
-4,2,0.0738278,-TIA- 3,15,133,-142,-331
-3,2,0.0738569,-TIA- 3,15,133,-145,-333
-4,2,0.0738627,-TIA- 3,15,133,-149,-335
-4,2,0.0739033,-TIA- 3,15,133,-153,-337
-4,2,0.0739207,-TIA- 3,15,133,-157,-339
-3,2,0.0739556,-TIA- 3,15,133,-160,-341
-4,2,0.0739788,-TIA- 3,15,133,-164,-343
-4,1,0.07401,-TIA- 3,15,133,-168,-344
-4,2,0.0740194,-TIA- 3,15,133,-172,-346
-3,2,0.0740426,-TIA- 3,15,133,-175,-348
-4,2,0.0740717,-TIA- 3,15,133,-179,-350
-4,2,0.0741007,-TIA- 3,15,133,-183,-352
-4,2,0.0741239,-TIA- 3,15,133,-187,-354
-3,2,0.0741355,-TIA- 3,15,133,-190,-356
-4,2,0.0741587,-TIA- 3,15,133,-194,-358
-4,1,0.074182,-TIA- 3,15,133,-198,-359
-3,2,0.0742168,-TIA- 3,15,133,-201,-361
-2,2,0.0742632,-TIA- 3,15,133,-203,-363
-3,4,0.0742864,-TIA- 3,15,133,-206,-367
-6,1,0.0743097,-TIA- 3,15,133,-212,-368
-3,1,0.0743387,-TIA- 3,15,133,-215,-369
-3,1,0.0743735,-TIA- 3,15,133,-218,-370
-4,2,0.0744083,-TIA- 3,15,133,-222,-372
-8,1,0.0744374,-TIA- 3,15,133,-230,-373
-3,2,0.0744432,-TIA- 3,15,133,-233,-375
-4,2,0.0744606,-TIA- 3,15,133,-237,-377
-4,2,0.0744896,-TIA- 3,15,133,-241,-379
-4,2,0.074507,-TIA- 3,15,133,-245,-381
-3,3,0.0745302,-TIA- 3,15,133,-248,-384
-4,3,0.0745651,-TIA- 3,15,133,-252,-387
-4,2,0.0745883,-TIA- 3,15,133,-256,-389
-4,3,0.0746289,-TIA- 3,15,133,-260,-392
-3,3,0.0746405,-TIA- 3,15,133,-263,-395
-4,3,0.074658,-TIA- 3,15,133,-267,-398
-4,3,0.0746812,-TIA- 3,15,133,-271,-401
-4,2,0.074716,-TIA- 3,15,133,-275,-403
-2,1,0.0747508,-TIA- 3,15,133,-277,-404
-3,1,0.0747799,-TIA- 3,15,133,-280,-405
-2,1,0.0747973,-TIA- 3,15,133,-282,-406
-1,-1,0.0749308,-TIA- 3,15,133,-283,-405
-1,-1,0.0749656,-TIA- 3,15,133,-284,-404
-1,-2,0.0749888,-TIA- 3,15,133,-285,-402
1,-2,0.0750179,-TIA- 3,15,133,-284,-400
1,-2,0.0750527,-TIA- 3,15,133,-283,-398
1,-2,0.0750817,-TIA- 3,15,133,-282,-396
2,-2,0.0750933,-TIA- 3,15,133,-280,-394
2,-3,0.0751166,-TIA- 3,15,133,-278,-391
3,-3,0.0751398,-TIA- 3,15,133,-275,-388
2,-3,0.0751688,-TIA- 3,15,133,-273,-385
3,-3,0.0752036,-TIA- 3,15,133,-270,-382
3,-2,0.0752362,-TIA- 3,15,133,-267,-380
3,-3,0.0752443,-TIA- 3,15,133,-264,-377
3,-2,0.0752559,-TIA- 3,15,133,-261,-375
2,-2,0.0752849,-TIA- 3,15,133,-259,-373
3,-2,0.0753197,-TIA- 3,15,133,-256,-371
3,-2,0.0753429,-TIA- 3,15,133,-253,-369
3,-2,0.0753725,-TIA- 3,15,133,-250,-367
3,-1,0.0753836,-TIA- 3,15,133,-247,-366
2,-2,0.0754068,-TIA- 3,15,133,-245,-364
2,-2,0.0754358,-TIA- 3,15,133,-243,-362
1,-1,0.0754707,-TIA- 3,15,133,-242,-361
1,-1,0.0754881,-TIA- 3,15,133,-241,-360
1,1,0.0762601,-TIA- 3,15,133,-240,-361
2,1,0.0762834,-TIA- 3,15,133,-238,-362
2,1,0.0763182,-TIA- 3,15,133,-236,-363
2,2,0.0763588,-TIA- 3,15,133,-234,-365
3,2,0.0763878,-TIA- 3,15,133,-231,-367
2,1,0.0764111,-TIA- 3,15,133,-229,-368
2,2,0.0764352,-TIA- 3,15,133,-227,-370
2,2,0.0764691,-TIA- 3,15,133,-225,-372
2,2,0.0765039,-TIA- 3,15,133,-223,-374
2,1,0.0765098,-TIA- 3,15,133,-221,-375
2,1,0.076533,-TIA- 3,15,133,-219,-376
2,1,0.0765736,-TIA- 3,15,133,-217,-377
2,1,0.0769916,-TIA- 3,15,133,-215,-378
1,1,0.0770206,-TIA- 3,15,133,-214,-379
2,1,0.0770528,-TIA- 3,15,133,-212,-380
1,-1,0.0870458,GO 4,331,221,-211,-379
1,-1,0.0870516,GO 4,331,221,-210,-378
1,-2,0.0870748,GO 4,331,221,-209,-376
1,-1,0.0871097,GO 4,331,221,-208,-375
1,-2,0.0871271,GO 4,331,221,-207,-373
2,-2,0.0871619,GO 4,331,221,-205,-371
1,-1,0.0871851,GO 4,331,221,-204,-370
2,-1,0.0872025,GO 4,331,221,-202,-369
2,-1,0.0872258,GO 4,331,221,-200,-368
1,-1,0.0875799,GO 4,331,221,-199,-367
1,-1,0.0876144,GO 4,331,221,-198,-366
1,-1,0.0876611,GO 4,331,221,-197,-365
1,-1,0.0876844,GO 4,331,221,-196,-364
-1,1,0.0879969,GO 4,331,221,-197,-365
1,1,0.0880443,GO 4,331,221,-196,-366
2,1,0.0880733,GO 4,331,221,-194,-367
2,1,0.0880849,GO 4,331,221,-192,-368
2,2,0.0881081,GO 4,331,221,-190,-370
2,2,0.0881429,GO 4,331,221,-188,-372
3,2,0.0881662,GO 4,331,221,-185,-374
3,2,0.0881952,GO 4,331,221,-182,-376
3,2,0.0882126,GO 4,331,221,-179,-378
3,1,0.0882358,GO 4,331,221,-176,-379
2,2,0.088259,GO 4,331,221,-174,-381
3,3,0.0882939,GO 4,331,221,-171,-384
3,3,0.0883287,GO 4,331,221,-168,-387
2,3,0.0883519,GO 4,331,221,-166,-390
2,3,0.0883693,GO 4,331,221,-164,-393
2,2,0.0883916,GO 4,331,221,-162,-395
2,4,0.0884216,GO 4,331,221,-160,-399
1,4,0.0884448,GO 4,331,221,-159,-403
2,4,0.0884796,GO 4,331,221,-157,-407
2,3,0.0885087,GO 4,331,221,-155,-410
2,4,0.0885203,GO 4,331,221,-153,-414
2,4,0.0885435,GO 4,331,221,-151,-418
2,4,0.0885667,GO 4,331,221,-149,-422
2,3,0.0885957,GO 4,331,221,-147,-425
2,4,0.0886306,GO 4,331,221,-145,-429
1,4,0.0886364,GO 4,331,221,-144,-433
2,3,0.0886712,GO 4,331,221,-142,-436
2,3,0.0887002,GO 4,331,221,-140,-439
2,2,0.0887234,GO 4,331,221,-138,-441
2,5,0.0887641,GO 4,331,221,-136,-446
2,2,0.0887877,GO 4,331,221,-134,-448
1,2,0.0888221,GO 4,331,221,-133,-450
1,2,0.0888454,GO 4,331,221,-132,-452
1,1,0.0888802,GO 4,331,221,-131,-453
1,1,0.0889092,GO 4,331,221,-130,-454
2,1,0.0889436,GO 4,331,221,-128,-455
3,2,0.0889731,GO 4,331,221,-125,-457
3,2,0.0889963,GO 4,331,221,-122,-459
3,2,0.0890311,GO 4,331,221,-119,-461
2,2,0.0890485,GO 4,331,221,-117,-463
3,2,0.0890571,GO 4,331,221,-114,-465
3,2,0.0890834,GO 4,331,221,-111,-467
3,2,0.0891124,GO 4,331,221,-108,-469
2,1,0.0891762,GO 4,331,221,-106,-470
3,1,0.0891878,GO 4,331,221,-103,-471
3,1,0.0892111,GO 4,331,221,-100,-472
3,1,0.0892343,GO 4,331,221,-97,-473
3,1,0.0892633,GO 4,331,221,-94,-474
3,1,0.0892981,GO 4,331,221,-91,-475
2,1,0.089333,GO 4,331,221,-89,-476
3,1,0.0893446,GO 4,331,221,-86,-477
3,1,0.089362,GO 4,331,221,-83,-478
3,1,0.0893794,GO 4,331,221,-80,-479
3,1,0.0894259,GO 4,331,221,-77,-480
3,-1,0.0897625,GO 4,331,221,-74,-479
3,-1,0.0897916,GO 4,331,221,-71,-478
3,-1,0.0898148,GO 4,331,221,-68,-477
2,-1,0.0898496,GO 4,331,221,-66,-476
3,-1,0.0898786,GO 4,331,221,-63,-475
3,-1,0.0898902,GO 4,331,221,-60,-474
3,-1,0.0899135,GO 4,331,221,-57,-473
3,-1,0.0899541,GO 4,331,221,-54,-472
2,-2,0.0899858,GO 4,331,221,-52,-470
3,-1,0.0900005,GO 4,331,221,-49,-469
3,-2,0.0900354,GO 4,331,221,-46,-467
3,-2,0.0900412,GO 4,331,221,-43,-465
3,-2,0.0900644,GO 4,331,221,-40,-463
3,-2,0.0900992,GO 4,331,221,-37,-461
2,-2,0.0901399,GO 4,331,221,-35,-459
3,-2,0.0901631,GO 4,331,221,-32,-457
3,-2,0.0901863,GO 4,331,221,-29,-455
3,-1,0.0901921,GO 4,331,221,-26,-454
3,-2,0.0902153,GO 4,331,221,-23,-452
2,-2,0.0902502,GO 4,331,221,-21,-450
3,-1,0.0902792,GO 4,331,221,-18,-449
3,-1,0.090314,GO 4,331,221,-15,-448
3,-1,0.0903198,GO 4,331,221,-12,-447
3,-1,0.090343,GO 4,331,221,-9,-446
2,-1,0.0903663,GO 4,331,221,-7,-445
3,-1,0.0904011,GO 4,331,221,-4,-444
3,-1,0.0904359,GO 4,331,221,-1,-443
3,-1,0.0904649,GO 4,331,221,2,-442
3,-2,0.0904998,GO 4,331,221,5,-440
5,-1,0.090523,GO 4,331,221,10,-439
3,-1,0.0905694,GO 4,331,221,13,-438
3,-1,0.0906159,GO 4,331,221,16,-437
3,-1,0.0906275,GO 4,331,221,19,-436
2,-1,0.0906507,GO 4,331,221,21,-435
3,-1,0.0906739,GO 4,331,221,24,-434
3,-1,0.0907029,GO 4,331,221,27,-433
3,-1,0.0907378,GO 4,331,221,30,-432
3,-1,0.090761,GO 4,331,221,33,-431
2,-1,0.0907784,GO 4,331,221,35,-430
3,-1,0.0908016,GO 4,331,221,38,-429
3,-1,0.0908339,GO 4,331,221,41,-428
3,-1,0.0908597,GO 4,331,221,44,-427
3,-1,0.0908713,GO 4,331,221,47,-426
2,-1,0.0908887,GO 4,331,221,49,-425
3,-1,0.0909235,GO 4,331,221,52,-424
3,-1,0.0909758,GO 4,331,221,55,-423
3,-1,0.0910106,GO 4,331,221,58,-422
3,-1,0.0910259,GO 4,331,221,61,-421
2,-1,0.0910396,GO 4,331,221,63,-420
3,-1,0.0910919,GO 4,331,221,66,-419
3,-1,0.0910977,GO 4,331,221,69,-418
3,-1,0.0911209,GO 4,331,221,72,-417
3,-1,0.0911441,GO 4,331,221,75,-416
2,-1,0.0911848,GO 4,331,221,77,-415
3,-1,0.0912022,GO 4,331,221,80,-414
3,-1,0.0912196,GO 4,331,221,83,-413
3,-1,0.0912486,GO 4,331,221,86,-412
3,-1,0.0912718,GO 4,331,221,89,-411
2,1,0.0922355,GO 4,331,221,91,-412
3,1,0.0922529,GO 4,331,221,94,-413
3,1,0.0922819,GO 4,331,221,97,-414
3,1,0.0923051,GO 4,331,221,100,-415
3,1,0.0923393,GO 4,331,221,103,-416
3,1,0.0923458,GO 4,331,221,106,-417
2,1,0.0923806,GO 4,331,221,108,-418
3,1,0.0924012,GO 4,331,221,111,-419
3,1,0.0924328,GO 4,331,221,114,-420
3,1,0.0924663,GO 4,331,221,117,-421
3,1,0.0924909,GO 4,331,221,120,-422
2,1,0.0924967,GO 4,331,221,122,-423
3,1,0.0925315,GO 4,331,221,125,-424
3,2,0.0925547,GO 4,331,221,128,-426
3,2,0.0925838,GO 4,331,221,131,-428
3,2,0.0926186,GO 4,331,221,134,-430
2,4,0.0926476,GO 4,331,221,136,-434
6,2,0.0926708,GO 4,331,221,142,-436
3,2,0.0927057,GO 4,331,221,145,-438
3,1,0.0927289,GO 4,331,221,148,-439
2,2,0.0927695,GO 4,331,221,150,-441
3,4,0.0927985,GO 4,331,221,153,-445
6,2,0.0928272,GO 4,331,221,159,-447
3,2,0.0928566,GO 4,331,221,162,-449
3,2,0.0928914,GO 4,331,221,165,-451
2,2,0.0929146,GO 4,331,221,167,-453
3,1,0.0929437,GO 4,331,221,170,-454
3,2,0.0929553,GO 4,331,221,173,-456
3,2,0.0929843,GO 4,331,221,176,-458
3,2,0.0930075,GO 4,331,221,179,-460
2,2,0.0930424,GO 4,331,221,181,-462
3,2,0.0930656,GO 4,331,221,184,-464
3,2,0.0931004,GO 4,331,221,187,-466
3,2,0.0931062,GO 4,331,221,190,-468
3,1,0.0931352,GO 4,331,221,193,-469
2,2,0.0931643,GO 4,331,221,195,-471
3,2,0.0931933,GO 4,331,221,198,-473
3,2,0.0932165,GO 4,331,221,201,-475
3,2,0.0932513,GO 4,331,221,204,-477
3,2,0.0932571,GO 4,331,221,207,-479
3,2,0.0932804,GO 4,331,221,210,-481
2,2,0.093321,GO 4,331,221,212,-483
3,1,0.0933384,GO 4,331,221,215,-484
3,2,0.0933674,GO 4,331,221,218,-486
3,2,0.0934023,GO 4,331,221,221,-488
3,2,0.0934081,GO 4,331,221,224,-490
2,2,0.0934313,GO 4,331,221,226,-492
3,2,0.0934777,GO 4,331,221,229,-494
3,2,0.0934951,GO 4,331,221,232,-496
3,2,0.0935242,GO 4,331,221,235,-498
3,1,0.0935358,GO 4,331,221,238,-499
2,2,0.093559,GO 4,331,221,240,-501
3,2,0.093588,GO 4,331,221,243,-503
3,2,0.0936171,GO 4,331,221,246,-505
3,2,0.0936519,GO 4,331,221,249,-507
3,2,0.0936809,GO 4,331,221,252,-509
2,2,0.0936867,GO 4,331,221,254,-511
3,2,0.0937157,GO 4,331,221,257,-513
3,1,0.093739,GO 4,331,221,260,-514
3,2,0.093768,GO 4,331,221,263,-516
2,2,0.0938028,GO 4,331,221,265,-518
2,2,0.0938086,GO 4,331,221,267,-520
2,2,0.0938434,GO 4,331,221,269,-522
1,2,0.0938725,GO 4,331,221,270,-524
2,2,0.0938899,GO 4,331,221,272,-526
2,2,0.0939189,GO 4,331,221,274,-528
2,1,0.0939363,GO 4,331,221,276,-529
2,2,0.0939595,GO 4,331,221,278,-531
2,4,0.0940159,GO 4,331,221,280,-535
4,1,0.0940408,GO 4,331,221,284,-536
1,1,0.094064,GO 4,331,221,285,-537
2,1,0.0940931,GO 4,331,221,287,-538
1,-1,0.0941685,GO 4,331,221,288,-537
-2,-1,0.0941976,GO 4,331,221,286,-536
-2,-2,0.094215,GO 4,331,221,284,-534
-3,-2,0.094244,GO 4,331,221,281,-532
-2,-1,0.0942788,GO 4,331,221,279,-531
-4,-2,0.0942846,GO 4,331,221,275,-529
-4,-2,0.0943137,GO 4,331,221,271,-527
-4,-2,0.0943311,GO 4,331,221,267,-525
-3,-2,0.0943601,GO 4,331,221,264,-523
-4,-2,0.0943891,GO 4,331,221,260,-521
-4,-1,0.0944065,GO 4,331,221,256,-520
-4,-1,0.0944298,GO 4,331,221,252,-519
-3,-1,0.0944646,GO 4,331,221,249,-518
-2,-1,0.094749,GO 4,331,221,247,-517
-2,-1,0.0947839,GO 4,331,221,245,-516
-2,-2,0.0948535,GO 4,331,221,243,-514
-4,-1,0.0948883,GO 4,331,221,239,-513
-2,-1,0.0949058,GO 4,331,221,237,-512
-2,-1,0.0949348,GO 4,331,221,235,-511
-2,-1,0.0949638,GO 4,331,221,233,-510
-2,-1,0.0949986,GO 4,331,221,231,-509
-1,-1,0.0950044,GO 4,331,221,230,-508
-2,-1,0.0950277,GO 4,331,221,228,-507
-2,-1,0.0950567,GO 4,331,221,226,-506
-1,1,0.100937,FRAY 5,207,484,225,-507
-1,1,0.100984,FRAY 5,207,484,224,-508
-1,1,0.101007,FRAY 5,207,484,223,-509
-1,2,0.101047,FRAY 5,207,484,222,-511
-1,3,0.101059,FRAY 5,207,484,221,-514
-1,3,0.101082,FRAY 5,207,484,220,-517
-2,4,0.101111,FRAY 5,207,484,218,-521
-2,3,0.101135,FRAY 5,207,484,216,-524
-3,4,0.101175,FRAY 5,207,484,213,-528
-2,4,0.101198,FRAY 5,207,484,211,-532
-4,4,0.10121,FRAY 5,207,484,207,-536
-4,3,0.101233,FRAY 5,207,484,203,-539
-4,4,0.101262,FRAY 5,207,484,199,-543
-3,4,0.101285,FRAY 5,207,484,196,-547
-4,4,0.101326,FRAY 5,207,484,192,-551
-3,3,0.101349,FRAY 5,207,484,189,-554
-3,4,0.101361,FRAY 5,207,484,186,-558
-2,4,0.101384,FRAY 5,207,484,184,-562
-2,4,0.101419,FRAY 5,207,484,182,-566
-2,3,0.101454,FRAY 5,207,484,180,-569
-1,4,0.101454,FRAY 5,207,484,179,-573
-1,3,0.1015,FRAY 5,207,484,178,-576
1,3,0.101506,FRAY 5,207,484,179,-579
2,3,0.101529,FRAY 5,207,484,181,-582
2,2,0.101564,FRAY 5,207,484,183,-584
2,3,0.101593,FRAY 5,207,484,185,-587
3,3,0.101605,FRAY 5,207,484,188,-590
3,3,0.101651,FRAY 5,207,484,191,-593
3,3,0.101663,FRAY 5,207,484,194,-596
3,2,0.101686,FRAY 5,207,484,197,-598
2,3,0.101715,FRAY 5,207,484,199,-601
3,3,0.101744,FRAY 5,207,484,202,-604
3,3,0.101756,FRAY 5,207,484,205,-607
3,3,0.101779,FRAY 5,207,484,208,-610
2,2,0.10181,FRAY 5,207,484,210,-612
1,3,0.101843,FRAY 5,207,484,211,-615
1,3,0.101883,FRAY 5,207,484,212,-618
-2,3,0.101901,FRAY 5,207,484,210,-621
-3,3,0.101907,FRAY 5,207,484,207,-624
-3,3,0.10193,FRAY 5,207,484,204,-627
-4,2,0.101962,FRAY 5,207,484,200,-629
-3,3,0.101994,FRAY 5,207,484,197,-632
-4,3,0.102028,FRAY 5,207,484,193,-635
-4,3,0.102034,FRAY 5,207,484,189,-638
-4,3,0.102058,FRAY 5,207,484,185,-641
-3,1,0.102081,FRAY 5,207,484,182,-642
-4,2,0.102116,FRAY 5,207,484,178,-644
-4,2,0.102145,FRAY 5,207,484,174,-646
-4,2,0.102179,FRAY 5,207,484,170,-648
-3,1,0.102203,FRAY 5,207,484,167,-649
-3,3,0.102214,FRAY 5,207,484,164,-652
-2,3,0.102237,FRAY 5,207,484,162,-655
-3,3,0.102261,FRAY 5,207,484,159,-658
-2,2,0.10229,FRAY 5,207,484,157,-660
-2,3,0.10233,FRAY 5,207,484,155,-663
-2,6,0.102365,FRAY 5,207,484,153,-669
-2,3,0.102388,FRAY 5,207,484,151,-672
-1,2,0.102417,FRAY 5,207,484,150,-674
-1,3,0.102441,FRAY 5,207,484,149,-677
-1,3,0.102481,FRAY 5,207,484,148,-680
1,3,0.102504,FRAY 5,207,484,149,-683
1,3,0.102516,FRAY 5,207,484,150,-686
1,2,0.102545,FRAY 5,207,484,151,-688
1,3,0.102563,FRAY 5,207,484,152,-691
1,3,0.102597,FRAY 5,207,484,153,-694
1,4,0.102621,FRAY 5,207,484,154,-698
1,4,0.10265,FRAY 5,207,484,155,-702
-1,3,0.102661,FRAY 5,207,484,154,-705
-2,4,0.10269,FRAY 5,207,484,152,-709
-3,4,0.102719,FRAY 5,207,484,149,-713
-3,4,0.102742,FRAY 5,207,484,146,-717
-4,3,0.102766,FRAY 5,207,484,142,-720
-4,4,0.102801,FRAY 5,207,484,138,-724
-4,4,0.102806,FRAY 5,207,484,134,-728
-3,4,0.102841,FRAY 5,207,484,131,-732
-4,3,0.10287,FRAY 5,207,484,127,-735
-4,4,0.102905,FRAY 5,207,484,123,-739
-4,4,0.102928,FRAY 5,207,484,119,-743
-3,4,0.102934,FRAY 5,207,484,116,-747
-4,3,0.102957,FRAY 5,207,484,112,-750
-4,4,0.10298,FRAY 5,207,484,108,-754
-4,4,0.103015,FRAY 5,207,484,104,-758
-3,4,0.103044,FRAY 5,207,484,101,-762
-4,3,0.103056,FRAY 5,207,484,97,-765
-4,4,0.103102,FRAY 5,207,484,93,-769
-4,4,0.103108,FRAY 5,207,484,89,-773
-3,4,0.103143,FRAY 5,207,484,86,-777
-4,3,0.103166,FRAY 5,207,484,82,-780
-4,4,0.103195,FRAY 5,207,484,78,-784
-4,4,0.103207,FRAY 5,207,484,74,-788
-3,3,0.103236,FRAY 5,207,484,71,-791
-2,2,0.103264,FRAY 5,207,484,69,-793
-2,3,0.103286,FRAY 5,207,484,67,-796
-2,3,0.103317,FRAY 5,207,484,65,-799
-1,3,0.103352,FRAY 5,207,484,64,-802
-1,2,0.103358,FRAY 5,207,484,63,-804
-1,2,0.103381,FRAY 5,207,484,62,-806
-1,1,0.103416,FRAY 5,207,484,61,-807
-1,2,0.103445,FRAY 5,207,484,60,-809
-1,2,0.103468,FRAY 5,207,484,59,-811
-1,2,0.103503,FRAY 5,207,484,58,-813
-1,2,0.103509,FRAY 5,207,484,57,-815
-1,2,0.103532,FRAY 5,207,484,56,-817
-1,2,0.103567,FRAY 5,207,484,55,-819
-1,2,0.103596,FRAY 5,207,484,54,-821
-1,1,0.103631,FRAY 5,207,484,53,-822
-1,2,0.103654,FRAY 5,207,484,52,-824
-1,2,0.10366,FRAY 5,207,484,51,-826
-1,2,0.103683,FRAY 5,207,484,50,-828
-1,2,0.103718,FRAY 5,207,484,49,-830
-1,2,0.103747,FRAY 5,207,484,48,-832
-1,1,0.103782,FRAY 5,207,484,47,-833
-1,1,0.103787,FRAY 5,207,484,46,-834
-1,1,0.10435,FRAY 5,207,484,45,-835
-1,1,0.104391,FRAY 5,207,484,44,-836
-1,1,0.104414,FRAY 5,207,484,43,-837
-1,1,0.104455,FRAY 5,207,484,42,-838
-1,2,0.104501,FRAY 5,207,484,41,-840
-1,2,0.104519,FRAY 5,207,484,40,-842
-1,2,0.104542,FRAY 5,207,484,39,-844
-1,2,0.104559,FRAY 5,207,484,38,-846
-1,1,0.104594,FRAY 5,207,484,37,-847
-1,2,0.104629,FRAY 5,207,484,36,-849
-1,2,0.104652,FRAY 5,207,484,35,-851
-1,2,0.104686,FRAY 5,207,484,34,-853
-1,2,0.104699,FRAY 5,207,484,33,-855
-1,2,0.104716,FRAY 5,207,484,32,-857
-1,2,0.104751,FRAY 5,207,484,31,-859
-1,2,0.10478,FRAY 5,207,484,30,-861
-1,1,0.104815,FRAY 5,207,484,29,-862
-1,2,0.104838,FRAY 5,207,484,28,-864
-1,2,0.104844,FRAY 5,207,484,27,-866
-1,2,0.104867,FRAY 5,207,484,26,-868
-1,2,0.10489,FRAY 5,207,484,25,-870
-1,2,0.104931,FRAY 5,207,484,24,-872
-1,2,0.104966,FRAY 5,207,484,23,-874
-1,1,0.104972,FRAY 5,207,484,22,-875
-1,2,0.105006,FRAY 5,207,484,21,-877
-1,2,0.10503,FRAY 5,207,484,20,-879
-1,2,0.105053,FRAY 5,207,484,19,-881
-1,2,0.105076,FRAY 5,207,484,18,-883
-1,2,0.10511,FRAY 5,207,484,17,-885
-1,2,0.105123,FRAY 5,207,484,16,-887
-1,2,0.105148,FRAY 5,207,484,15,-889
-1,1,0.105181,FRAY 5,207,484,14,-890
-1,2,0.105204,FRAY 5,207,484,13,-892
-1,2,0.105227,FRAY 5,207,484,12,-894
-1,2,0.10525,FRAY 5,207,484,11,-896
-1,2,0.105279,FRAY 5,207,484,10,-898
-1,2,0.105302,FRAY 5,207,484,9,-900
-1,2,0.105332,FRAY 5,207,484,8,-902
-1,1,0.105366,FRAY 5,207,484,7,-903
-1,2,0.10539,FRAY 5,207,484,6,-905
-1,2,0.105401,FRAY 5,207,484,5,-907
-1,2,0.10543,FRAY 5,207,484,4,-909
-1,2,0.105453,FRAY 5,207,484,3,-911
-1,2,0.105482,FRAY 5,207,484,2,-913
-1,2,0.105517,FRAY 5,207,484,1,-915
-1,3,0.105546,FRAY 5,207,484,0,-918
-1,2,0.105575,FRAY 5,207,484,-1,-920
-1,2,0.105604,FRAY 5,207,484,-2,-922
-1,2,0.105628,FRAY 5,207,484,-3,-924
-1,2,0.105662,FRAY 5,207,484,-4,-926
-1,4,0.105703,FRAY 5,207,484,-5,-930
-1,1,0.105732,FRAY 5,207,484,-6,-931
-1,2,0.105755,FRAY 5,207,484,-7,-933
-1,2,0.105779,FRAY 5,207,484,-8,-935
-1,2,0.105813,FRAY 5,207,484,-9,-937
-1,2,0.105842,FRAY 5,207,484,-10,-939
-1,2,0.105854,FRAY 5,207,484,-11,-941
-1,2,0.105889,FRAY 5,207,484,-12,-943
-1,2,0.105918,FRAY 5,207,484,-13,-945
-1,1,0.105935,FRAY 5,207,484,-14,-946
-1,2,0.105964,FRAY 5,207,484,-15,-948
-2,2,0.105987,FRAY 5,207,484,-17,-950
-2,2,0.106005,FRAY 5,207,484,-19,-952
-2,2,0.106028,FRAY 5,207,484,-21,-954
-2,2,0.106063,FRAY 5,207,484,-23,-956
-2,2,0.106092,FRAY 5,207,484,-25,-958
-2,2,0.106115,FRAY 5,207,484,-27,-960
-3,1,0.106138,FRAY 5,207,484,-30,-961
-2,2,0.106156,FRAY 5,207,484,-32,-963
-2,2,0.106179,FRAY 5,207,484,-34,-965
-2,1,0.106214,FRAY 5,207,484,-36,-966
-2,1,0.106255,FRAY 5,207,484,-38,-967
-1,1,0.106278,FRAY 5,207,484,-39,-968
-1,1,0.106289,FRAY 5,207,484,-40,-969
-1,-1,0.116686,SAN- 6,134,342,-41,-968
-1,-1,0.116715,SAN- 6,134,342,-42,-967
-2,-1,0.11675,SAN- 6,134,342,-44,-966
-2,-1,0.116773,SAN- 6,134,342,-46,-965
-2,-1,0.116802,SAN- 6,134,342,-48,-964
-2,-1,0.116814,SAN- 6,134,342,-50,-963
-2,-1,0.116837,SAN- 6,134,342,-52,-962
-3,-2,0.116866,SAN- 6,134,342,-55,-960
-3,-2,0.116901,SAN- 6,134,342,-58,-958
-3,-2,0.116935,SAN- 6,134,342,-61,-956
-3,-2,0.116965,SAN- 6,134,342,-64,-954
-2,-3,0.116976,SAN- 6,134,342,-66,-951
-3,-3,0.117,SAN- 6,134,342,-69,-948
-3,-2,0.117023,SAN- 6,134,342,-72,-946
-3,-3,0.117046,SAN- 6,134,342,-75,-943
-3,-3,0.117087,SAN- 6,134,342,-78,-940
-2,-6,0.117116,SAN- 6,134,342,-80,-934
-3,-2,0.11715,SAN- 6,134,342,-83,-932
-2,-3,0.117174,SAN- 6,134,342,-85,-929
-2,-3,0.117203,SAN- 6,134,342,-87,-926
-2,-3,0.117238,SAN- 6,134,342,-89,-923
-2,-3,0.117249,SAN- 6,134,342,-91,-920
-1,-3,0.117267,SAN- 6,134,342,-92,-917
-1,-2,0.117301,SAN- 6,134,342,-93,-915
-1,-3,0.11733,SAN- 6,134,342,-94,-912
-1,-3,0.117359,SAN- 6,134,342,-95,-909
-1,-3,0.117383,SAN- 6,134,342,-96,-906
-1,-3,0.1174,SAN- 6,134,342,-97,-903
-1,-2,0.117423,SAN- 6,134,342,-98,-901
-1,-3,0.117452,SAN- 6,134,342,-99,-898
-1,-3,0.117487,SAN- 6,134,342,-100,-895
-1,-3,0.117522,SAN- 6,134,342,-101,-892
-1,-5,0.117551,SAN- 6,134,342,-102,-887
-3,-3,0.117586,SAN- 6,134,342,-105,-884
-3,-3,0.117603,SAN- 6,134,342,-108,-881
-3,-3,0.117638,SAN- 6,134,342,-111,-878
-4,-3,0.11765,SAN- 6,134,342,-115,-875
-3,-3,0.117667,SAN- 6,134,342,-118,-872
-4,-2,0.117696,SAN- 6,134,342,-122,-870
-4,-3,0.117731,SAN- 6,134,342,-126,-867
-4,-3,0.117754,SAN- 6,134,342,-130,-864
-3,-3,0.117772,SAN- 6,134,342,-133,-861
-4,-3,0.117789,SAN- 6,134,342,-137,-858
-4,-2,0.117812,SAN- 6,134,342,-141,-856
-4,-3,0.117841,SAN- 6,134,342,-145,-853
-3,-3,0.117864,SAN- 6,134,342,-148,-850
-3,-3,0.117894,SAN- 6,134,342,-151,-847
-3,-3,0.117928,SAN- 6,134,342,-154,-844
-2,-2,0.11794,SAN- 6,134,342,-156,-842
-1,-3,0.117963,SAN- 6,134,342,-157,-839
-1,-3,0.117986,SAN- 6,134,342,-158,-836
-1,-3,0.118021,SAN- 6,134,342,-159,-833
-1,-3,0.118062,SAN- 6,134,342,-160,-830
-1,-5,0.118091,SAN- 6,134,342,-161,-825
2,-3,0.118124,SAN- 6,134,342,-159,-822
1,-3,0.118137,SAN- 6,134,342,-158,-819
1,-3,0.118172,SAN- 6,134,342,-157,-816
1,-3,0.118201,SAN- 6,134,342,-156,-813
2,-2,0.118236,SAN- 6,134,342,-154,-811
2,-3,0.118242,SAN- 6,134,342,-152,-808
1,-3,0.118265,SAN- 6,134,342,-151,-805
1,-3,0.118288,SAN- 6,134,342,-150,-802
1,-3,0.118323,SAN- 6,134,342,-149,-799
1,-2,0.118352,SAN- 6,134,342,-148,-797
1,-3,0.118387,SAN- 6,134,342,-147,-794
1,-3,0.118399,SAN- 6,134,342,-146,-791
-1,-3,0.118422,SAN- 6,134,342,-147,-788
-2,-3,0.118443,SAN- 6,134,342,-149,-785
-2,-3,0.118474,SAN- 6,134,342,-151,-782
-2,-2,0.118497,SAN- 6,134,342,-153,-780
-1,-3,0.118538,SAN- 6,134,342,-154,-777
-1,-3,0.118549,SAN- 6,134,342,-155,-774
-1,-3,0.118573,SAN- 6,134,342,-156,-771
-1,-3,0.118602,SAN- 6,134,342,-157,-768
1,-2,0.118625,SAN- 6,134,342,-156,-766
1,-3,0.11866,SAN- 6,134,342,-155,-763
1,-3,0.118677,SAN- 6,134,342,-154,-760
2,-3,0.1187,SAN- 6,134,342,-152,-757
2,-3,0.118724,SAN- 6,134,342,-150,-754
2,-2,0.118753,SAN- 6,134,342,-148,-752
1,-3,0.118787,SAN- 6,134,342,-147,-749
2,-3,0.118811,SAN- 6,134,342,-145,-746
2,-3,0.118844,SAN- 6,134,342,-143,-743
2,-3,0.118851,SAN- 6,134,342,-141,-740
2,-3,0.118875,SAN- 6,134,342,-139,-737
2,-2,0.118904,SAN- 6,134,342,-137,-735
2,-3,0.118933,SAN- 6,134,342,-135,-732
2,-3,0.118956,SAN- 6,134,342,-133,-729
2,-3,0.118979,SAN- 6,134,342,-131,-726
1,-3,0.118996,SAN- 6,134,342,-130,-723
1,-2,0.11902,SAN- 6,134,342,-129,-721
1,-3,0.119043,SAN- 6,134,342,-128,-718
1,-3,0.119084,SAN- 6,134,342,-127,-715
1,-4,0.119113,SAN- 6,134,342,-126,-711
-2,-1,0.119147,SAN- 6,134,342,-128,-710
-1,-1,0.133056,-TIA- 7,9,200,-129,-709
-1,-1,0.133079,-TIA- 7,9,200,-130,-708
-1,-2,0.133103,-TIA- 7,9,200,-131,-706
-1,-1,0.133126,-TIA- 7,9,200,-132,-705
-1,-2,0.133166,-TIA- 7,9,200,-133,-703
-1,-2,0.13319,-TIA- 7,9,200,-134,-701
-1,-2,0.133207,-TIA- 7,9,200,-135,-699
-1,-2,0.13323,-TIA- 7,9,200,-136,-697
-2,-2,0.133265,-TIA- 7,9,200,-138,-695
-2,-2,0.133286,-TIA- 7,9,200,-140,-693
-2,-2,0.133312,-TIA- 7,9,200,-142,-691
-3,-1,0.133335,-TIA- 7,9,200,-145,-690
-3,-2,0.133352,-TIA- 7,9,200,-148,-688
-2,-2,0.133381,-TIA- 7,9,200,-150,-686
-3,-2,0.133404,-TIA- 7,9,200,-153,-684
-3,-3,0.133445,-TIA- 7,9,200,-156,-681
-3,-3,0.133468,-TIA- 7,9,200,-159,-678
-3,-2,0.133492,-TIA- 7,9,200,-162,-676
-2,-3,0.133503,-TIA- 7,9,200,-164,-673
-2,-3,0.133526,-TIA- 7,9,200,-166,-670
-2,-3,0.133555,-TIA- 7,9,200,-168,-667
-1,-3,0.133596,-TIA- 7,9,200,-169,-664
-1,-3,0.133613,-TIA- 7,9,200,-170,-661
-1,-2,0.133648,-TIA- 7,9,200,-171,-659
-1,-3,0.133654,-TIA- 7,9,200,-172,-656
-1,-3,0.133677,-TIA- 7,9,200,-173,-653
-1,-3,0.133712,-TIA- 7,9,200,-174,-650
-1,-3,0.133741,-TIA- 7,9,200,-175,-647
-1,-2,0.133764,-TIA- 7,9,200,-176,-645
-1,-3,0.133799,-TIA- 7,9,200,-177,-642
-1,-3,0.133805,-TIA- 7,9,200,-178,-639
-1,-3,0.133828,-TIA- 7,9,200,-179,-636
-1,-2,0.133863,-TIA- 7,9,200,-180,-634
-1,-2,0.133892,-TIA- 7,9,200,-181,-632
1,-1,0.133927,-TIA- 7,9,200,-180,-631
1,-2,0.133956,-TIA- 7,9,200,-179,-629
2,-1,0.133979,-TIA- 7,9,200,-177,-628
-2,-1,0.134132,-TIA- 7,9,200,-179,-627
-3,-1,0.134159,-TIA- 7,9,200,-182,-626
-2,-1,0.134194,-TIA- 7,9,200,-184,-625
-3,-2,0.134229,-TIA- 7,9,200,-187,-623
-4,-1,0.134252,-TIA- 7,9,200,-191,-622
-4,-2,0.13426,-TIA- 7,9,200,-195,-620
-3,-2,0.134293,-TIA- 7,9,200,-198,-618
-4,-3,0.134327,-TIA- 7,9,200,-202,-615
-4,-3,0.134342,-TIA- 7,9,200,-206,-612
-4,-3,0.134374,-TIA- 7,9,200,-210,-609
-3,-2,0.134391,-TIA- 7,9,200,-213,-607
-4,-3,0.134415,-TIA- 7,9,200,-217,-604
-4,-3,0.134438,-TIA- 7,9,200,-221,-601
-4,-3,0.134478,-TIA- 7,9,200,-225,-598
-3,-3,0.134502,-TIA- 7,9,200,-228,-595
-4,-3,0.134525,-TIA- 7,9,200,-232,-592
-4,-2,0.134535,-TIA- 7,9,200,-236,-590
-4,-3,0.134554,-TIA- 7,9,200,-240,-587
-3,-3,0.134578,-TIA- 7,9,200,-243,-584
-4,-3,0.134618,-TIA- 7,9,200,-247,-581
-4,-5,0.134653,-TIA- 7,9,200,-251,-576
-7,-3,0.134687,-TIA- 7,9,200,-258,-573
-4,-3,0.134716,-TIA- 7,9,200,-262,-570
-4,-3,0.134728,-TIA- 7,9,200,-266,-567
-3,-2,0.134763,-TIA- 7,9,200,-269,-565
-2,-2,0.134798,-TIA- 7,9,200,-271,-563
-3,-1,0.134809,-TIA- 7,9,200,-274,-562
-3,-2,0.134838,-TIA- 7,9,200,-277,-560
-3,-2,0.134873,-TIA- 7,9,200,-280,-558
-3,-2,0.134885,-TIA- 7,9,200,-283,-556
-3,-2,0.13492,-TIA- 7,9,200,-286,-554
-2,-2,0.134949,-TIA- 7,9,200,-288,-552
-3,-2,0.134954,-TIA- 7,9,200,-291,-550
-3,-2,0.134978,-TIA- 7,9,200,-294,-548
-3,-1,0.135012,-TIA- 7,9,200,-297,-547
-3,-2,0.135036,-TIA- 7,9,200,-300,-545
-2,-2,0.13507,-TIA- 7,9,200,-302,-543
-3,-2,0.1351,-TIA- 7,9,200,-305,-541
-3,-2,0.135111,-TIA- 7,9,200,-308,-539
-3,-2,0.135134,-TIA- 7,9,200,-311,-537
-2,-2,0.135163,-TIA- 7,9,200,-313,-535
-2,-2,0.135192,-TIA- 7,9,200,-315,-533
-1,-1,0.135221,-TIA- 7,9,200,-316,-532
-2,-2,0.13525,-TIA- 7,9,200,-318,-530
-2,-2,0.135262,-TIA- 7,9,200,-320,-528
-2,-2,0.135285,-TIA- 7,9,200,-322,-526
-2,-2,0.135314,-TIA- 7,9,200,-324,-524
-2,-2,0.135349,-TIA- 7,9,200,-326,-522
-2,-2,0.135378,-TIA- 7,9,200,-328,-520
-2,-2,0.135401,-TIA- 7,9,200,-330,-518
-1,-2,0.135413,-TIA- 7,9,200,-331,-516
-2,-3,0.135429,-TIA- 7,9,200,-333,-513
-2,-3,0.135459,-TIA- 7,9,200,-335,-510
-2,-3,0.135494,-TIA- 7,9,200,-337,-507
-2,-3,0.135529,-TIA- 7,9,200,-339,-504
-2,-2,0.135546,-TIA- 7,9,200,-341,-502
-2,-3,0.135564,-TIA- 7,9,200,-343,-499
-2,-3,0.135581,-TIA- 7,9,200,-345,-496
-1,-3,0.135616,-TIA- 7,9,200,-346,-493
-2,-3,0.135645,-TIA- 7,9,200,-348,-490
-2,-3,0.135674,-TIA- 7,9,200,-350,-487
-1,-2,0.135709,-TIA- 7,9,200,-351,-485
-1,-2,0.135715,-TIA- 7,9,200,-352,-483
-1,-1,0.135744,-TIA- 7,9,200,-353,-482
-1,-1,0.135773,-TIA- 7,9,200,-354,-481
-1,1,0.147695,GO 8,396,426,-355,-482
-1,2,0.147743,GO 8,396,426,-356,-484
1,2,0.147772,GO 8,396,426,-355,-486
2,3,0.147796,GO 8,396,426,-353,-489
2,5,0.147847,GO 8,396,426,-351,-494
5,3,0.147876,GO 8,396,426,-346,-497
3,4,0.1479,GO 8,396,426,-343,-501
3,4,0.147934,GO 8,396,426,-340,-505
3,3,0.147952,GO 8,396,426,-337,-508
2,4,0.147998,GO 8,396,426,-335,-512
3,4,0.148004,GO 8,396,426,-332,-516
3,3,0.148029,GO 8,396,426,-329,-519
3,2,0.148056,GO 8,396,426,-326,-521
3,3,0.148085,GO 8,396,426,-323,-524
3,3,0.148103,GO 8,396,426,-320,-527
2,5,0.148149,GO 8,396,426,-318,-532
6,2,0.148172,GO 8,396,426,-312,-534
3,2,0.148219,GO 8,396,426,-309,-536
3,1,0.148254,GO 8,396,426,-306,-537
2,4,0.148277,GO 8,396,426,-304,-541
6,2,0.1483,GO 8,396,426,-298,-543
3,2,0.148323,GO 8,396,426,-295,-545
3,2,0.14837,GO 8,396,426,-292,-547
2,3,0.148405,GO 8,396,426,-290,-550
3,2,0.148416,GO 8,396,426,-287,-552
3,3,0.148422,GO 8,396,426,-284,-555
3,3,0.148451,GO 8,396,426,-281,-558
3,3,0.14848,GO 8,396,426,-278,-561
3,3,0.148509,GO 8,396,426,-275,-564
2,2,0.148532,GO 8,396,426,-273,-566
3,3,0.148567,GO 8,396,426,-270,-569
3,3,0.148573,GO 8,396,426,-267,-572
3,3,0.148608,GO 8,396,426,-264,-575
3,3,0.148631,GO 8,396,426,-261,-578
2,3,0.148666,GO 8,396,426,-259,-581
3,2,0.148695,GO 8,396,426,-256,-583
3,8,0.148724,GO 8,396,426,-253,-591
6,4,0.148759,GO 8,396,426,-247,-595
2,3,0.148782,GO 8,396,426,-245,-598
3,4,0.148811,GO 8,396,426,-242,-602
3,3,0.148846,GO 8,396,426,-239,-605
3,3,0.148852,GO 8,396,426,-236,-608
3,3,0.148879,GO 8,396,426,-233,-611
2,2,0.14891,GO 8,396,426,-231,-613
3,3,0.148944,GO 8,396,426,-228,-616
3,3,0.148968,GO 8,396,426,-225,-619
3,3,0.148997,GO 8,396,426,-222,-622
3,3,0.149014,GO 8,396,426,-219,-625
3,2,0.149031,GO 8,396,426,-216,-627
2,3,0.14906,GO 8,396,426,-214,-630
3,3,0.149095,GO 8,396,426,-211,-633
3,3,0.14913,GO 8,396,426,-208,-636
3,3,0.149142,GO 8,396,426,-205,-639
3,2,0.149148,GO 8,396,426,-202,-641
2,3,0.149171,GO 8,396,426,-200,-644
3,3,0.149206,GO 8,396,426,-197,-647
3,3,0.14924,GO 8,396,426,-194,-650
3,3,0.149269,GO 8,396,426,-191,-653
3,5,0.149304,GO 8,396,426,-188,-658
5,4,0.149327,GO 8,396,426,-183,-662
3,4,0.149351,GO 8,396,426,-180,-666
3,4,0.14938,GO 8,396,426,-177,-670
3,3,0.149403,GO 8,396,426,-174,-673
3,8,0.149455,GO 8,396,426,-171,-681
5,4,0.149484,GO 8,396,426,-166,-685
3,3,0.149507,GO 8,396,426,-163,-688
3,4,0.149537,GO 8,396,426,-160,-692
3,4,0.149566,GO 8,396,426,-157,-696
2,4,0.149606,GO 8,396,426,-155,-700
3,3,0.149612,GO 8,396,426,-152,-703
3,3,0.149635,GO 8,396,426,-149,-706
3,3,0.149658,GO 8,396,426,-146,-709
3,3,0.149685,GO 8,396,426,-143,-712
2,2,0.149703,GO 8,396,426,-141,-714
3,2,0.149734,GO 8,396,426,-138,-716
3,1,0.149792,GO 8,396,426,-135,-717
3,-1,0.149838,GO 8,396,426,-132,-716
3,-1,0.149879,GO 8,396,426,-129,-715
3,-1,0.149908,GO 8,396,426,-126,-714
3,-1,0.149931,GO 8,396,426,-123,-713
3,-1,0.149966,GO 8,396,426,-120,-712
2,-1,0.149989,GO 8,396,426,-118,-711
3,-1,0.150018,GO 8,396,426,-115,-710
3,-1,0.150036,GO 8,396,426,-112,-709
3,-1,0.150059,GO 8,396,426,-109,-708
3,-1,0.150082,GO 8,396,426,-106,-707
2,-1,0.150117,GO 8,396,426,-104,-706
3,-1,0.150146,GO 8,396,426,-101,-705
3,-1,0.150163,GO 8,396,426,-98,-704
3,-1,0.150187,GO 8,396,426,-95,-703
3,-1,0.150204,GO 8,396,426,-92,-702
2,-1,0.150239,GO 8,396,426,-90,-701
3,1,0.150465,GO 8,396,426,-87,-702
3,1,0.150489,GO 8,396,426,-84,-703
3,1,0.150668,GO 8,396,426,-81,-704
3,1,0.150698,GO 8,396,426,-78,-705
3,1,0.150732,GO 8,396,426,-75,-706
3,1,0.15075,GO 8,396,426,-72,-707
3,1,0.150761,GO 8,396,426,-69,-708
2,1,0.150808,GO 8,396,426,-67,-709
3,1,0.150825,GO 8,396,426,-64,-710
3,1,0.150854,GO 8,396,426,-61,-711
3,1,0.15086,GO 8,396,426,-58,-712
3,1,0.150889,GO 8,396,426,-55,-713
2,1,0.150918,GO 8,396,426,-53,-714
3,1,0.150947,GO 8,396,426,-50,-715
3,1,0.15097,GO 8,396,426,-47,-716
3,1,0.151011,GO 8,396,426,-44,-717
2,1,0.15104,GO 8,396,426,-42,-718
3,1,0.151069,GO 8,396,426,-39,-719
3,1,0.151098,GO 8,396,426,-36,-720
3,1,0.151139,GO 8,396,426,-33,-721
3,1,0.15115,GO 8,396,426,-30,-722
2,1,0.151168,GO 8,396,426,-28,-723
3,1,0.151197,GO 8,396,426,-25,-724
3,1,0.15122,GO 8,396,426,-22,-725
3,1,0.151249,GO 8,396,426,-19,-726
3,1,0.151284,GO 8,396,426,-16,-727
3,1,0.151301,GO 8,396,426,-13,-728
2,1,0.151313,GO 8,396,426,-11,-729
3,1,0.151348,GO 8,396,426,-8,-730
3,1,0.151371,GO 8,396,426,-5,-731
3,1,0.151435,GO 8,396,426,-2,-732
2,1,0.151452,GO 8,396,426,0,-733
3,1,0.15147,GO 8,396,426,3,-734
3,1,0.151499,GO 8,396,426,6,-735
3,1,0.151522,GO 8,396,426,9,-736
3,1,0.151545,GO 8,396,426,12,-737
2,1,0.151586,GO 8,396,426,14,-738
3,1,0.151603,GO 8,396,426,17,-739
3,1,0.15162,GO 8,396,426,20,-740
3,1,0.15165,GO 8,396,426,23,-741
3,1,0.151684,GO 8,396,426,26,-742
3,1,0.151708,GO 8,396,426,29,-743
2,1,0.151737,GO 8,396,426,31,-744
3,1,0.151754,GO 8,396,426,34,-745
3,1,0.151777,GO 8,396,426,37,-746
3,1,0.151835,GO 8,396,426,40,-747
2,1,0.15187,GO 8,396,426,42,-748
3,1,0.151893,GO 8,396,426,45,-749
3,1,0.151905,GO 8,396,426,48,-750
3,1,0.151922,GO 8,396,426,51,-751
3,1,0.151946,GO 8,396,426,54,-752
2,1,0.151975,GO 8,396,426,56,-753
3,1,0.152004,GO 8,396,426,59,-754
3,1,0.152044,GO 8,396,426,62,-755
3,1,0.15205,GO 8,396,426,65,-756
3,1,0.152062,GO 8,396,426,68,-757
3,1,0.152097,GO 8,396,426,71,-758
2,1,0.15212,GO 8,396,426,73,-759
3,1,0.152149,GO 8,396,426,76,-760
3,1,0.152195,GO 8,396,426,79,-761
3,1,0.152224,GO 8,396,426,82,-762
2,1,0.152247,GO 8,396,426,84,-763
3,1,0.152271,GO 8,396,426,87,-764
3,1,0.152305,GO 8,396,426,90,-765
3,1,0.152311,GO 8,396,426,93,-766
3,1,0.152346,GO 8,396,426,96,-767
2,1,0.152369,GO 8,396,426,98,-768
3,1,0.152398,GO 8,396,426,101,-769
3,1,0.152424,GO 8,396,426,104,-770
3,1,0.152456,GO 8,396,426,107,-771
3,1,0.152462,GO 8,396,426,110,-772
2,1,0.152509,GO 8,396,426,112,-773
3,1,0.15252,GO 8,396,426,115,-774
3,1,0.152543,GO 8,396,426,118,-775
3,1,0.152578,GO 8,396,426,121,-776
3,2,0.152607,GO 8,396,426,124,-778
3,2,0.152618,GO 8,396,426,127,-780
2,2,0.152642,GO 8,396,426,129,-782
3,2,0.152683,GO 8,396,426,132,-784
3,2,0.152706,GO 8,396,426,135,-786
3,2,0.152729,GO 8,396,426,138,-788
3,2,0.152758,GO 8,396,426,141,-790
2,1,0.152776,GO 8,396,426,143,-791
3,2,0.152793,GO 8,396,426,146,-793
3,2,0.152822,GO 8,396,426,149,-795
3,2,0.152857,GO 8,396,426,152,-797
3,2,0.152886,GO 8,396,426,155,-799
2,2,0.152914,GO 8,396,426,157,-801
3,2,0.152927,GO 8,396,426,160,-803
3,2,0.152944,GO 8,396,426,163,-805
3,1,0.152979,GO 8,396,426,166,-806
3,2,0.153008,GO 8,396,426,169,-808
3,2,0.153043,GO 8,396,426,172,-810
2,2,0.153072,GO 8,396,426,174,-812
6,1,0.153107,GO 8,396,426,180,-813
3,-1,0.153228,GO 8,396,426,183,-812
3,-1,0.153252,GO 8,396,426,186,-811
3,-1,0.153281,GO 8,396,426,189,-810
2,-1,0.153304,GO 8,396,426,191,-809
3,-1,0.153339,GO 8,396,426,194,-808
3,-1,0.153345,GO 8,396,426,197,-807
2,1,0.153432,GO 8,396,426,199,-808
2,1,0.153443,GO 8,396,426,201,-809
1,2,0.15349,GO 8,396,426,202,-811
2,2,0.153496,GO 8,396,426,204,-813
2,2,0.153519,GO 8,396,426,206,-815
1,3,0.153548,GO 8,396,426,207,-818
1,3,0.153583,GO 8,396,426,208,-821
1,2,0.153617,GO 8,396,426,209,-823
1,6,0.153646,GO 8,396,426,210,-829
1,3,0.153681,GO 8,396,426,211,-832
1,3,0.153704,GO 8,396,426,212,-835
1,2,0.153739,GO 8,396,426,213,-837
1,3,0.153751,GO 8,396,426,214,-840
1,2,0.153768,GO 8,396,426,215,-842
1,2,0.153809,GO 8,396,426,216,-844
1,2,0.153832,GO 8,396,426,217,-846
1,1,0.153867,GO 8,396,426,218,-847
1,1,0.153908,GO 8,396,426,219,-848
1,-7,0.158227,GO 8,396,426,220,-841
-1,-15,0.158255,GO 8,396,426,219,-826
-5,-8,0.158261,GO 8,396,426,214,-818
-2,-14,0.158285,GO 8,396,426,212,-804
-7,-6,0.158314,GO 8,396,426,205,-798
-4,-4,0.158319,GO 8,396,426,201,-794
-4,-4,0.158325,GO 8,396,426,197,-790
-4,-3,0.158348,GO 8,396,426,193,-787
-2,-1,0.15836,GO 8,396,426,191,-786
-3,-1,0.158383,GO 8,396,426,188,-785
-3,-8,0.158598,GO 8,396,426,185,-777
1,-20,0.158621,GO 8,396,426,186,-757
-5,-19,0.158645,GO 8,396,426,181,-738
-17,-15,0.158679,GO 8,396,426,164,-723
-24,-6,0.158697,GO 8,396,426,140,-717
-12,-5,0.158708,GO 8,396,426,128,-712
-11,-3,0.15872,GO 8,396,426,117,-709
-9,-2,0.158755,GO 8,396,426,108,-707
-6,-8,0.158952,GO 8,396,426,102,-699
-2,-7,0.158958,GO 8,396,426,100,-692
-3,-8,0.158975,GO 8,396,426,97,-684
-3,-7,0.158993,GO 8,396,426,94,-677
-4,-14,0.159016,GO 8,396,426,90,-663
-9,-10,0.159045,GO 8,396,426,81,-653
-10,-4,0.159057,GO 8,396,426,71,-649
-4,-4,0.15908,GO 8,396,426,67,-645
-7,-2,0.159312,GO 8,396,426,60,-643
-1,-2,0.159335,GO 8,396,426,59,-641
-2,-1,0.159347,GO 8,396,426,57,-640
